# Calibration file of tamex_id 0 @ channel 1
# fine_T bin		 Calibration value
0.125		0
0.25		0
0.375		0
0.5		0
0.625		0
0.75		0
0.875		0
1		0
1.125		0
1.25		0
1.375		0
1.5		0
1.625		0
1.75		0
1.875		0
2		0
2.125		0
2.25		0
2.375		0
2.5		0
2.625		0
2.75		0
2.875		0
3		0
3.125		0
3.25		0
3.375		0
3.5		0
3.625		0
3.75		0
3.875		0
4		0
4.125		0
4.25		0
4.375		0
4.5		0
4.625		0
4.75		0
4.875		0
5		0
5.125		0
5.25		0
5.375		0
5.5		0
5.625		0
5.75		0
5.875		0
6		0
6.125		0
6.25		0
6.375		0
6.5		0
6.625		0
6.75		0
6.875		0
7		0
7.125		0
7.25		0
7.375		0
7.5		0
7.625		0
7.75		0
7.875		0
8		0
8.125		0
8.25		0
8.375		0
8.5		0
8.625		0
8.75		0
8.875		0
9		0
9.125		0
9.25		0
9.375		0
9.5		0
9.625		0
9.75		0
9.875		0
10		0
10.125		0
10.25		0
10.375		0
10.5		0
10.625		0
10.75		0
10.875		0
11		0
11.125		0
11.25		0
11.375		0
11.5		0
11.625		0
11.75		0
11.875		0
12		0
12.125		0
12.25		0
12.375		0
12.5		0
12.625		0
12.75		0
12.875		0
13		0
13.125		0
13.25		0
13.375		0
13.5		0
13.625		0
13.75		0
13.875		0
14		0
14.125		0
14.25		0
14.375		0
14.5		0
14.625		0
14.75		0
14.875		0
15		0
15.125		0
15.25		0
15.375		0
15.5		0
15.625		0
15.75		0
15.875		0
16		0
16.125		0
16.25		0
16.375		0
16.5		0
16.625		0
16.75		0
16.875		0
17		0
17.125		0
17.25		0
17.375		0
17.5		0
17.625		0
17.75		0
17.875		0
18		0
18.125		0
18.25		0
18.375		0
18.5		0
18.625		0
18.75		0
18.875		0
19		0
19.125		0
19.25		0
19.375		0
19.5		0
19.625		0
19.75		0
19.875		0
20		0
20.125		0
20.25		0
20.375		0
20.5		0
20.625		0
20.75		0
20.875		0
21		0
21.125		0
21.25		0
21.375		0
21.5		0
21.625		0
21.75		0
21.875		0
22		0
22.125		0
22.25		0
22.375		0
22.5		0
22.625		0
22.75		0
22.875		0
23		0
23.125		0
23.25		0
23.375		0
23.5		0
23.625		0
23.75		0
23.875		0
24		0
24.125		0
24.25		0
24.375		0
24.5		0
24.625		0
24.75		0
24.875		0
25		0
25.125		0
25.25		0
25.375		0
25.5		0
25.625		0
25.75		0
25.875		0
26		0
26.125		0
26.25		0
26.375		0
26.5		0
26.625		0
26.75		0
26.875		0
27		0
27.125		0
27.25		0
27.375		0
27.5		0
27.625		0
27.75		0
27.875		0
28		0
28.125		0
28.25		0
28.375		0
28.5		0
28.625		0
28.75		0
28.875		0
29		0
29.125		0
29.25		0
29.375		0
29.5		0
29.625		0
29.75		0
29.875		0
30		0
30.125		0
30.25		0
30.375		0
30.5		0
30.625		0
30.75		0
30.875		0
31		0
31.125		0
31.25		0
31.375		0
31.5		0
31.625		0
31.75		0
31.875		0
32		0
32.125		0
32.25		0
32.375		0
32.5		0
32.625		0
32.75		0
32.875		0
33		0
33.125		0
33.25		0
33.375		0
33.5		0
33.625		0
33.75		0
33.875		0
34		0
34.125		0
34.25		0
34.375		0
34.5		0
34.625		0
34.75		0
34.875		0
35		0
35.125		0
35.25		0
35.375		0
35.5		0
35.625		0
35.75		0
35.875		0
36		0
36.125		0
36.25		0
36.375		0
36.5		0
36.625		0
36.75		0
36.875		0
37		0
37.125		0
37.25		0
37.375		0
37.5		0
37.625		0
37.75		0
37.875		0
38		0
38.125		0
38.25		0
38.375		0
38.5		0
38.625		0
38.75		0
38.875		0
39		0
39.125		0
39.25		0
39.375		0
39.5		0
39.625		0
39.75		0
39.875		0
40		0
40.125		0
40.25		0
40.375		0
40.5		0
40.625		0
40.75		0
40.875		0
41		0
41.125		0
41.25		0
41.375		0
41.5		0
41.625		0
41.75		0
41.875		0
42		0
42.125		0
42.25		0
42.375		0
42.5		0
42.625		0
42.75		0
42.875		0
43		0
43.125		0
43.25		0
43.375		0
43.5		0
43.625		0
43.75		0
43.875		0
44		0
44.125		0
44.25		0
44.375		0
44.5		0
44.625		0
44.75		0
44.875		0
45		0
45.125		0
45.25		0
45.375		0
45.5		0
45.625		0
45.75		0
45.875		0
46		0
46.125		0
46.25		0
46.375		0
46.5		0
46.625		0
46.75		0
46.875		0
47		0
47.125		0
47.25		0
47.375		0
47.5		0
47.625		0
47.75		0
47.875		0
48		0
48.125		0
48.25		0
48.375		0
48.5		0
48.625		0
48.75		0
48.875		0
49		0
49.125		0
49.25		0
49.375		0
49.5		0
49.625		0
49.75		0
49.875		0
50		0
50.125		0
50.25		0
50.375		0
50.5		0
50.625		0
50.75		0
50.875		0
51		0
51.125		0
51.25		0
51.375		0
51.5		0
51.625		0
51.75		0
51.875		0
52		0
52.125		0
52.25		0
52.375		0
52.5		0
52.625		0
52.75		0
52.875		0
53		0
53.125		0
53.25		0
53.375		0
53.5		0
53.625		0
53.75		0
53.875		0
54		0
54.125		0
54.25		0
54.375		0
54.5		0
54.625		0
54.75		0
54.875		0
55		0
55.125		0
55.25		0
55.375		0
55.5		0
55.625		0
55.75		0
55.875		0
56		0
56.125		0
56.25		0
56.375		0
56.5		0
56.625		0
56.75		0
56.875		0
57		0
57.125		0
57.25		0
57.375		0
57.5		0
57.625		0
57.75		0
57.875		0
58		0
58.125		0
58.25		0
58.375		0
58.5		0
58.625		0
58.75		0
58.875		0
59		0
59.125		0
59.25		0
59.375		0
59.5		0
59.625		0
59.75		0
59.875		0
60		0
60.125		0
60.25		0
60.375		0
60.5		0
60.625		0
60.75		0
60.875		0
61		0
61.125		0
61.25		0
61.375		0
61.5		0
61.625		0
61.75		0
61.875		0
62		0
62.125		0
62.25		0
62.375		0
62.5		0
62.625		0
62.75		0
62.875		0
63		0
63.125		0
63.25		0
63.375		0
63.5		0
63.625		0
63.75		0
63.875		0
64		0
64.125		0
64.25		0
64.375		0
64.5		0
64.625		0
64.75		0
64.875		0
65		0
65.125		0
65.25		0
65.375		0
65.5		0
65.625		0
65.75		0
65.875		0
66		0
66.125		0
66.25		0
66.375		0
66.5		0
66.625		0
66.75		0
66.875		0
67		0
67.125		0
67.25		0
67.375		0
67.5		0
67.625		0
67.75		0
67.875		0
68		0
68.125		0
68.25		0
68.375		0
68.5		0
68.625		0
68.75		0
68.875		0
69		0
69.125		0
69.25		0
69.375		0
69.5		0
69.625		0
69.75		0
69.875		0
70		0
70.125		0
70.25		0
70.375		0
70.5		0
70.625		0
70.75		0
70.875		0
71		0
71.125		0
71.25		0
71.375		0
71.5		0
71.625		0
71.75		0
71.875		0
72		0
72.125		0
72.25		0
72.375		0
72.5		0
72.625		0
72.75		0
72.875		0
73		0
73.125		0
73.25		0
73.375		0
73.5		0
73.625		0
73.75		0
73.875		0
74		0
74.125		0
74.25		0
74.375		0
74.5		0
74.625		0
74.75		0
74.875		0
75		0
75.125		0
75.25		0
75.375		0
75.5		0
75.625		0
75.75		0
75.875		0
76		0
76.125		0
76.25		0
76.375		0
76.5		0
76.625		0
76.75		0
76.875		0
77		0
77.125		0
77.25		0
77.375		0
77.5		0
77.625		0
77.75		0
77.875		0
78		0
78.125		0
78.25		0
78.375		0
78.5		0
78.625		0
78.75		0
78.875		0
79		0
79.125		0
79.25		0
79.375		0
79.5		0
79.625		0
79.75		0
79.875		0
80		0
80.125		0.0495901
80.25		0.0495901
80.375		0.0495901
80.5		0.0495901
80.625		0.0495901
80.75		0.0495901
80.875		0.0495901
81		0.0495901
81.125		0.0495901
81.25		0.0495901
81.375		0.0495901
81.5		0.0495901
81.625		0.0495901
81.75		0.0495901
81.875		0.0495901
82		0.0495901
82.125		0.0495901
82.25		0.0495901
82.375		0.0495901
82.5		0.0495901
82.625		0.0495901
82.75		0.0495901
82.875		0.0495901
83		0.0495901
83.125		0.0495901
83.25		0.0495901
83.375		0.0495901
83.5		0.0495901
83.625		0.0495901
83.75		0.0495901
83.875		0.0495901
84		0.0495901
84.125		0.0495901
84.25		0.0495901
84.375		0.0495901
84.5		0.0495901
84.625		0.0495901
84.75		0.0495901
84.875		0.0495901
85		0.0495901
85.125		0.0638093
85.25		0.0638093
85.375		0.0638093
85.5		0.0638093
85.625		0.0638093
85.75		0.0638093
85.875		0.0638093
86		0.0638093
86.125		0.0638093
86.25		0.0638093
86.375		0.0638093
86.5		0.0638093
86.625		0.0638093
86.75		0.0638093
86.875		0.0638093
87		0.0638093
87.125		0.0638093
87.25		0.0638093
87.375		0.0638093
87.5		0.0638093
87.625		0.0638093
87.75		0.0638093
87.875		0.0638093
88		0.0638093
88.125		0.0638093
88.25		0.0638093
88.375		0.0638093
88.5		0.0638093
88.625		0.0638093
88.75		0.0638093
88.875		0.0638093
89		0.0638093
89.125		0.0638093
89.25		0.0638093
89.375		0.0638093
89.5		0.0638093
89.625		0.0638093
89.75		0.0638093
89.875		0.0638093
90		0.0638093
90.125		0.0672503
90.25		0.0672503
90.375		0.0672503
90.5		0.0672503
90.625		0.0672503
90.75		0.0672503
90.875		0.0672503
91		0.0672503
91.125		0.0672503
91.25		0.0672503
91.375		0.0672503
91.5		0.0672503
91.625		0.0672503
91.75		0.0672503
91.875		0.0672503
92		0.0672503
92.125		0.0672503
92.25		0.0672503
92.375		0.0672503
92.5		0.0672503
92.625		0.0672503
92.75		0.0672503
92.875		0.0672503
93		0.0672503
93.125		0.0672503
93.25		0.0672503
93.375		0.0672503
93.5		0.0672503
93.625		0.0672503
93.75		0.0672503
93.875		0.0672503
94		0.0672503
94.125		0.0672503
94.25		0.0672503
94.375		0.0672503
94.5		0.0672503
94.625		0.0672503
94.75		0.0672503
94.875		0.0672503
95		0.0672503
95.125		0.0800526
95.25		0.0800526
95.375		0.0800526
95.5		0.0800526
95.625		0.0800526
95.75		0.0800526
95.875		0.0800526
96		0.0800526
96.125		0.0800526
96.25		0.0800526
96.375		0.0800526
96.5		0.0800526
96.625		0.0800526
96.75		0.0800526
96.875		0.0800526
97		0.0800526
97.125		0.0800526
97.25		0.0800526
97.375		0.0800526
97.5		0.0800526
97.625		0.0800526
97.75		0.0800526
97.875		0.0800526
98		0.0800526
98.125		0.0800526
98.25		0.0800526
98.375		0.0800526
98.5		0.0800526
98.625		0.0800526
98.75		0.0800526
98.875		0.0800526
99		0.0800526
99.125		0.0800526
99.25		0.0800526
99.375		0.0800526
99.5		0.0800526
99.625		0.0800526
99.75		0.0800526
99.875		0.0800526
100		0.0800526
100.125		0.104746
100.25		0.104746
100.375		0.104746
100.5		0.104746
100.625		0.104746
100.75		0.104746
100.875		0.104746
101		0.104746
101.125		0.104746
101.25		0.104746
101.375		0.104746
101.5		0.104746
101.625		0.104746
101.75		0.104746
101.875		0.104746
102		0.104746
102.125		0.104746
102.25		0.104746
102.375		0.104746
102.5		0.104746
102.625		0.104746
102.75		0.104746
102.875		0.104746
103		0.104746
103.125		0.104746
103.25		0.104746
103.375		0.104746
103.5		0.104746
103.625		0.104746
103.75		0.104746
103.875		0.104746
104		0.104746
104.125		0.104746
104.25		0.104746
104.375		0.104746
104.5		0.104746
104.625		0.104746
104.75		0.104746
104.875		0.104746
105		0.104746
105.125		0.119371
105.25		0.119371
105.375		0.119371
105.5		0.119371
105.625		0.119371
105.75		0.119371
105.875		0.119371
106		0.119371
106.125		0.119371
106.25		0.119371
106.375		0.119371
106.5		0.119371
106.625		0.119371
106.75		0.119371
106.875		0.119371
107		0.119371
107.125		0.119371
107.25		0.119371
107.375		0.119371
107.5		0.119371
107.625		0.119371
107.75		0.119371
107.875		0.119371
108		0.119371
108.125		0.119371
108.25		0.119371
108.375		0.119371
108.5		0.119371
108.625		0.119371
108.75		0.119371
108.875		0.119371
109		0.119371
109.125		0.119371
109.25		0.119371
109.375		0.119371
109.5		0.119371
109.625		0.119371
109.75		0.119371
109.875		0.119371
110		0.119371
110.125		0.121243
110.25		0.121243
110.375		0.121243
110.5		0.121243
110.625		0.121243
110.75		0.121243
110.875		0.121243
111		0.121243
111.125		0.121243
111.25		0.121243
111.375		0.121243
111.5		0.121243
111.625		0.121243
111.75		0.121243
111.875		0.121243
112		0.121243
112.125		0.121243
112.25		0.121243
112.375		0.121243
112.5		0.121243
112.625		0.121243
112.75		0.121243
112.875		0.121243
113		0.121243
113.125		0.121243
113.25		0.121243
113.375		0.121243
113.5		0.121243
113.625		0.121243
113.75		0.121243
113.875		0.121243
114		0.121243
114.125		0.121243
114.25		0.121243
114.375		0.121243
114.5		0.121243
114.625		0.121243
114.75		0.121243
114.875		0.121243
115		0.121243
115.125		0.133843
115.25		0.133843
115.375		0.133843
115.5		0.133843
115.625		0.133843
115.75		0.133843
115.875		0.133843
116		0.133843
116.125		0.133843
116.25		0.133843
116.375		0.133843
116.5		0.133843
116.625		0.133843
116.75		0.133843
116.875		0.133843
117		0.133843
117.125		0.133843
117.25		0.133843
117.375		0.133843
117.5		0.133843
117.625		0.133843
117.75		0.133843
117.875		0.133843
118		0.133843
118.125		0.133843
118.25		0.133843
118.375		0.133843
118.5		0.133843
118.625		0.133843
118.75		0.133843
118.875		0.133843
119		0.133843
119.125		0.133843
119.25		0.133843
119.375		0.133843
119.5		0.133843
119.625		0.133843
119.75		0.133843
119.875		0.133843
120		0.133843
120.125		0.153679
120.25		0.153679
120.375		0.153679
120.5		0.153679
120.625		0.153679
120.75		0.153679
120.875		0.153679
121		0.153679
121.125		0.153679
121.25		0.153679
121.375		0.153679
121.5		0.153679
121.625		0.153679
121.75		0.153679
121.875		0.153679
122		0.153679
122.125		0.153679
122.25		0.153679
122.375		0.153679
122.5		0.153679
122.625		0.153679
122.75		0.153679
122.875		0.153679
123		0.153679
123.125		0.153679
123.25		0.153679
123.375		0.153679
123.5		0.153679
123.625		0.153679
123.75		0.153679
123.875		0.153679
124		0.153679
124.125		0.153679
124.25		0.153679
124.375		0.153679
124.5		0.153679
124.625		0.153679
124.75		0.153679
124.875		0.153679
125		0.153679
125.125		0.156512
125.25		0.156512
125.375		0.156512
125.5		0.156512
125.625		0.156512
125.75		0.156512
125.875		0.156512
126		0.156512
126.125		0.156512
126.25		0.156512
126.375		0.156512
126.5		0.156512
126.625		0.156512
126.75		0.156512
126.875		0.156512
127		0.156512
127.125		0.156512
127.25		0.156512
127.375		0.156512
127.5		0.156512
127.625		0.156512
127.75		0.156512
127.875		0.156512
128		0.156512
128.125		0.156512
128.25		0.156512
128.375		0.156512
128.5		0.156512
128.625		0.156512
128.75		0.156512
128.875		0.156512
129		0.156512
129.125		0.156512
129.25		0.156512
129.375		0.156512
129.5		0.156512
129.625		0.156512
129.75		0.156512
129.875		0.156512
130		0.156512
130.125		0.15884
130.25		0.15884
130.375		0.15884
130.5		0.15884
130.625		0.15884
130.75		0.15884
130.875		0.15884
131		0.15884
131.125		0.15884
131.25		0.15884
131.375		0.15884
131.5		0.15884
131.625		0.15884
131.75		0.15884
131.875		0.15884
132		0.15884
132.125		0.15884
132.25		0.15884
132.375		0.15884
132.5		0.15884
132.625		0.15884
132.75		0.15884
132.875		0.15884
133		0.15884
133.125		0.15884
133.25		0.15884
133.375		0.15884
133.5		0.15884
133.625		0.15884
133.75		0.15884
133.875		0.15884
134		0.15884
134.125		0.15884
134.25		0.15884
134.375		0.15884
134.5		0.15884
134.625		0.15884
134.75		0.15884
134.875		0.15884
135		0.15884
135.125		0.179233
135.25		0.179233
135.375		0.179233
135.5		0.179233
135.625		0.179233
135.75		0.179233
135.875		0.179233
136		0.179233
136.125		0.179233
136.25		0.179233
136.375		0.179233
136.5		0.179233
136.625		0.179233
136.75		0.179233
136.875		0.179233
137		0.179233
137.125		0.179233
137.25		0.179233
137.375		0.179233
137.5		0.179233
137.625		0.179233
137.75		0.179233
137.875		0.179233
138		0.179233
138.125		0.179233
138.25		0.179233
138.375		0.179233
138.5		0.179233
138.625		0.179233
138.75		0.179233
138.875		0.179233
139		0.179233
139.125		0.179233
139.25		0.179233
139.375		0.179233
139.5		0.179233
139.625		0.179233
139.75		0.179233
139.875		0.179233
140		0.179233
140.125		0.193756
140.25		0.193756
140.375		0.193756
140.5		0.193756
140.625		0.193756
140.75		0.193756
140.875		0.193756
141		0.193756
141.125		0.193756
141.25		0.193756
141.375		0.193756
141.5		0.193756
141.625		0.193756
141.75		0.193756
141.875		0.193756
142		0.193756
142.125		0.193756
142.25		0.193756
142.375		0.193756
142.5		0.193756
142.625		0.193756
142.75		0.193756
142.875		0.193756
143		0.193756
143.125		0.193756
143.25		0.193756
143.375		0.193756
143.5		0.193756
143.625		0.193756
143.75		0.193756
143.875		0.193756
144		0.193756
144.125		0.193756
144.25		0.193756
144.375		0.193756
144.5		0.193756
144.625		0.193756
144.75		0.193756
144.875		0.193756
145		0.193756
145.125		0.201548
145.25		0.201548
145.375		0.201548
145.5		0.201548
145.625		0.201548
145.75		0.201548
145.875		0.201548
146		0.201548
146.125		0.201548
146.25		0.201548
146.375		0.201548
146.5		0.201548
146.625		0.201548
146.75		0.201548
146.875		0.201548
147		0.201548
147.125		0.201548
147.25		0.201548
147.375		0.201548
147.5		0.201548
147.625		0.201548
147.75		0.201548
147.875		0.201548
148		0.201548
148.125		0.201548
148.25		0.201548
148.375		0.201548
148.5		0.201548
148.625		0.201548
148.75		0.201548
148.875		0.201548
149		0.201548
149.125		0.201548
149.25		0.201548
149.375		0.201548
149.5		0.201548
149.625		0.201548
149.75		0.201548
149.875		0.201548
150		0.201548
150.125		0.202712
150.25		0.202712
150.375		0.202712
150.5		0.202712
150.625		0.202712
150.75		0.202712
150.875		0.202712
151		0.202712
151.125		0.202712
151.25		0.202712
151.375		0.202712
151.5		0.202712
151.625		0.202712
151.75		0.202712
151.875		0.202712
152		0.202712
152.125		0.202712
152.25		0.202712
152.375		0.202712
152.5		0.202712
152.625		0.202712
152.75		0.202712
152.875		0.202712
153		0.202712
153.125		0.202712
153.25		0.202712
153.375		0.202712
153.5		0.202712
153.625		0.202712
153.75		0.202712
153.875		0.202712
154		0.202712
154.125		0.202712
154.25		0.202712
154.375		0.202712
154.5		0.202712
154.625		0.202712
154.75		0.202712
154.875		0.202712
155		0.202712
155.125		0.228115
155.25		0.228115
155.375		0.228115
155.5		0.228115
155.625		0.228115
155.75		0.228115
155.875		0.228115
156		0.228115
156.125		0.228115
156.25		0.228115
156.375		0.228115
156.5		0.228115
156.625		0.228115
156.75		0.228115
156.875		0.228115
157		0.228115
157.125		0.228115
157.25		0.228115
157.375		0.228115
157.5		0.228115
157.625		0.228115
157.75		0.228115
157.875		0.228115
158		0.228115
158.125		0.228115
158.25		0.228115
158.375		0.228115
158.5		0.228115
158.625		0.228115
158.75		0.228115
158.875		0.228115
159		0.228115
159.125		0.228115
159.25		0.228115
159.375		0.228115
159.5		0.228115
159.625		0.228115
159.75		0.228115
159.875		0.228115
160		0.228115
160.125		0.234693
160.25		0.234693
160.375		0.234693
160.5		0.234693
160.625		0.234693
160.75		0.234693
160.875		0.234693
161		0.234693
161.125		0.234693
161.25		0.234693
161.375		0.234693
161.5		0.234693
161.625		0.234693
161.75		0.234693
161.875		0.234693
162		0.234693
162.125		0.234693
162.25		0.234693
162.375		0.234693
162.5		0.234693
162.625		0.234693
162.75		0.234693
162.875		0.234693
163		0.234693
163.125		0.234693
163.25		0.234693
163.375		0.234693
163.5		0.234693
163.625		0.234693
163.75		0.234693
163.875		0.234693
164		0.234693
164.125		0.234693
164.25		0.234693
164.375		0.234693
164.5		0.234693
164.625		0.234693
164.75		0.234693
164.875		0.234693
165		0.234693
165.125		0.24871
165.25		0.24871
165.375		0.24871
165.5		0.24871
165.625		0.24871
165.75		0.24871
165.875		0.24871
166		0.24871
166.125		0.24871
166.25		0.24871
166.375		0.24871
166.5		0.24871
166.625		0.24871
166.75		0.24871
166.875		0.24871
167		0.24871
167.125		0.24871
167.25		0.24871
167.375		0.24871
167.5		0.24871
167.625		0.24871
167.75		0.24871
167.875		0.24871
168		0.24871
168.125		0.24871
168.25		0.24871
168.375		0.24871
168.5		0.24871
168.625		0.24871
168.75		0.24871
168.875		0.24871
169		0.24871
169.125		0.24871
169.25		0.24871
169.375		0.24871
169.5		0.24871
169.625		0.24871
169.75		0.24871
169.875		0.24871
170		0.24871
170.125		0.250582
170.25		0.250582
170.375		0.250582
170.5		0.250582
170.625		0.250582
170.75		0.250582
170.875		0.250582
171		0.250582
171.125		0.250582
171.25		0.250582
171.375		0.250582
171.5		0.250582
171.625		0.250582
171.75		0.250582
171.875		0.250582
172		0.250582
172.125		0.250582
172.25		0.250582
172.375		0.250582
172.5		0.250582
172.625		0.250582
172.75		0.250582
172.875		0.250582
173		0.250582
173.125		0.250582
173.25		0.250582
173.375		0.250582
173.5		0.250582
173.625		0.250582
173.75		0.250582
173.875		0.250582
174		0.250582
174.125		0.250582
174.25		0.250582
174.375		0.250582
174.5		0.250582
174.625		0.250582
174.75		0.250582
174.875		0.250582
175		0.250582
175.125		0.258982
175.25		0.258982
175.375		0.258982
175.5		0.258982
175.625		0.258982
175.75		0.258982
175.875		0.258982
176		0.258982
176.125		0.258982
176.25		0.258982
176.375		0.258982
176.5		0.258982
176.625		0.258982
176.75		0.258982
176.875		0.258982
177		0.258982
177.125		0.258982
177.25		0.258982
177.375		0.258982
177.5		0.258982
177.625		0.258982
177.75		0.258982
177.875		0.258982
178		0.258982
178.125		0.258982
178.25		0.258982
178.375		0.258982
178.5		0.258982
178.625		0.258982
178.75		0.258982
178.875		0.258982
179		0.258982
179.125		0.258982
179.25		0.258982
179.375		0.258982
179.5		0.258982
179.625		0.258982
179.75		0.258982
179.875		0.258982
180		0.258982
180.125		0.280488
180.25		0.280488
180.375		0.280488
180.5		0.280488
180.625		0.280488
180.75		0.280488
180.875		0.280488
181		0.280488
181.125		0.280488
181.25		0.280488
181.375		0.280488
181.5		0.280488
181.625		0.280488
181.75		0.280488
181.875		0.280488
182		0.280488
182.125		0.280488
182.25		0.280488
182.375		0.280488
182.5		0.280488
182.625		0.280488
182.75		0.280488
182.875		0.280488
183		0.280488
183.125		0.280488
183.25		0.280488
183.375		0.280488
183.5		0.280488
183.625		0.280488
183.75		0.280488
183.875		0.280488
184		0.280488
184.125		0.280488
184.25		0.280488
184.375		0.280488
184.5		0.280488
184.625		0.280488
184.75		0.280488
184.875		0.280488
185		0.280488
185.125		0.293594
185.25		0.293594
185.375		0.293594
185.5		0.293594
185.625		0.293594
185.75		0.293594
185.875		0.293594
186		0.293594
186.125		0.293594
186.25		0.293594
186.375		0.293594
186.5		0.293594
186.625		0.293594
186.75		0.293594
186.875		0.293594
187		0.293594
187.125		0.293594
187.25		0.293594
187.375		0.293594
187.5		0.293594
187.625		0.293594
187.75		0.293594
187.875		0.293594
188		0.293594
188.125		0.293594
188.25		0.293594
188.375		0.293594
188.5		0.293594
188.625		0.293594
188.75		0.293594
188.875		0.293594
189		0.293594
189.125		0.293594
189.25		0.293594
189.375		0.293594
189.5		0.293594
189.625		0.293594
189.75		0.293594
189.875		0.293594
190		0.293594
190.125		0.297946
190.25		0.297946
190.375		0.297946
190.5		0.297946
190.625		0.297946
190.75		0.297946
190.875		0.297946
191		0.297946
191.125		0.297946
191.25		0.297946
191.375		0.297946
191.5		0.297946
191.625		0.297946
191.75		0.297946
191.875		0.297946
192		0.297946
192.125		0.297946
192.25		0.297946
192.375		0.297946
192.5		0.297946
192.625		0.297946
192.75		0.297946
192.875		0.297946
193		0.297946
193.125		0.297946
193.25		0.297946
193.375		0.297946
193.5		0.297946
193.625		0.297946
193.75		0.297946
193.875		0.297946
194		0.297946
194.125		0.297946
194.25		0.297946
194.375		0.297946
194.5		0.297946
194.625		0.297946
194.75		0.297946
194.875		0.297946
195		0.297946
195.125		0.313076
195.25		0.313076
195.375		0.313076
195.5		0.313076
195.625		0.313076
195.75		0.313076
195.875		0.313076
196		0.313076
196.125		0.313076
196.25		0.313076
196.375		0.313076
196.5		0.313076
196.625		0.313076
196.75		0.313076
196.875		0.313076
197		0.313076
197.125		0.313076
197.25		0.313076
197.375		0.313076
197.5		0.313076
197.625		0.313076
197.75		0.313076
197.875		0.313076
198		0.313076
198.125		0.313076
198.25		0.313076
198.375		0.313076
198.5		0.313076
198.625		0.313076
198.75		0.313076
198.875		0.313076
199		0.313076
199.125		0.313076
199.25		0.313076
199.375		0.313076
199.5		0.313076
199.625		0.313076
199.75		0.313076
199.875		0.313076
200		0.313076
200.125		0.333013
200.25		0.333013
200.375		0.333013
200.5		0.333013
200.625		0.333013
200.75		0.333013
200.875		0.333013
201		0.333013
201.125		0.333013
201.25		0.333013
201.375		0.333013
201.5		0.333013
201.625		0.333013
201.75		0.333013
201.875		0.333013
202		0.333013
202.125		0.333013
202.25		0.333013
202.375		0.333013
202.5		0.333013
202.625		0.333013
202.75		0.333013
202.875		0.333013
203		0.333013
203.125		0.333013
203.25		0.333013
203.375		0.333013
203.5		0.333013
203.625		0.333013
203.75		0.333013
203.875		0.333013
204		0.333013
204.125		0.333013
204.25		0.333013
204.375		0.333013
204.5		0.333013
204.625		0.333013
204.75		0.333013
204.875		0.333013
205		0.333013
205.125		0.335341
205.25		0.335341
205.375		0.335341
205.5		0.335341
205.625		0.335341
205.75		0.335341
205.875		0.335341
206		0.335341
206.125		0.335341
206.25		0.335341
206.375		0.335341
206.5		0.335341
206.625		0.335341
206.75		0.335341
206.875		0.335341
207		0.335341
207.125		0.335341
207.25		0.335341
207.375		0.335341
207.5		0.335341
207.625		0.335341
207.75		0.335341
207.875		0.335341
208		0.335341
208.125		0.335341
208.25		0.335341
208.375		0.335341
208.5		0.335341
208.625		0.335341
208.75		0.335341
208.875		0.335341
209		0.335341
209.125		0.335341
209.25		0.335341
209.375		0.335341
209.5		0.335341
209.625		0.335341
209.75		0.335341
209.875		0.335341
210		0.335341
210.125		0.337466
210.25		0.337466
210.375		0.337466
210.5		0.337466
210.625		0.337466
210.75		0.337466
210.875		0.337466
211		0.337466
211.125		0.337466
211.25		0.337466
211.375		0.337466
211.5		0.337466
211.625		0.337466
211.75		0.337466
211.875		0.337466
212		0.337466
212.125		0.337466
212.25		0.337466
212.375		0.337466
212.5		0.337466
212.625		0.337466
212.75		0.337466
212.875		0.337466
213		0.337466
213.125		0.337466
213.25		0.337466
213.375		0.337466
213.5		0.337466
213.625		0.337466
213.75		0.337466
213.875		0.337466
214		0.337466
214.125		0.337466
214.25		0.337466
214.375		0.337466
214.5		0.337466
214.625		0.337466
214.75		0.337466
214.875		0.337466
215		0.337466
215.125		0.344145
215.25		0.344145
215.375		0.344145
215.5		0.344145
215.625		0.344145
215.75		0.344145
215.875		0.344145
216		0.344145
216.125		0.344145
216.25		0.344145
216.375		0.344145
216.5		0.344145
216.625		0.344145
216.75		0.344145
216.875		0.344145
217		0.344145
217.125		0.344145
217.25		0.344145
217.375		0.344145
217.5		0.344145
217.625		0.344145
217.75		0.344145
217.875		0.344145
218		0.344145
218.125		0.344145
218.25		0.344145
218.375		0.344145
218.5		0.344145
218.625		0.344145
218.75		0.344145
218.875		0.344145
219		0.344145
219.125		0.344145
219.25		0.344145
219.375		0.344145
219.5		0.344145
219.625		0.344145
219.75		0.344145
219.875		0.344145
220		0.344145
220.125		0.37147
220.25		0.37147
220.375		0.37147
220.5		0.37147
220.625		0.37147
220.75		0.37147
220.875		0.37147
221		0.37147
221.125		0.37147
221.25		0.37147
221.375		0.37147
221.5		0.37147
221.625		0.37147
221.75		0.37147
221.875		0.37147
222		0.37147
222.125		0.37147
222.25		0.37147
222.375		0.37147
222.5		0.37147
222.625		0.37147
222.75		0.37147
222.875		0.37147
223		0.37147
223.125		0.37147
223.25		0.37147
223.375		0.37147
223.5		0.37147
223.625		0.37147
223.75		0.37147
223.875		0.37147
224		0.37147
224.125		0.37147
224.25		0.37147
224.375		0.37147
224.5		0.37147
224.625		0.37147
224.75		0.37147
224.875		0.37147
225		0.37147
225.125		0.388169
225.25		0.388169
225.375		0.388169
225.5		0.388169
225.625		0.388169
225.75		0.388169
225.875		0.388169
226		0.388169
226.125		0.388169
226.25		0.388169
226.375		0.388169
226.5		0.388169
226.625		0.388169
226.75		0.388169
226.875		0.388169
227		0.388169
227.125		0.388169
227.25		0.388169
227.375		0.388169
227.5		0.388169
227.625		0.388169
227.75		0.388169
227.875		0.388169
228		0.388169
228.125		0.388169
228.25		0.388169
228.375		0.388169
228.5		0.388169
228.625		0.388169
228.75		0.388169
228.875		0.388169
229		0.388169
229.125		0.388169
229.25		0.388169
229.375		0.388169
229.5		0.388169
229.625		0.388169
229.75		0.388169
229.875		0.388169
230		0.388169
230.125		0.398745
230.25		0.398745
230.375		0.398745
230.5		0.398745
230.625		0.398745
230.75		0.398745
230.875		0.398745
231		0.398745
231.125		0.398745
231.25		0.398745
231.375		0.398745
231.5		0.398745
231.625		0.398745
231.75		0.398745
231.875		0.398745
232		0.398745
232.125		0.398745
232.25		0.398745
232.375		0.398745
232.5		0.398745
232.625		0.398745
232.75		0.398745
232.875		0.398745
233		0.398745
233.125		0.398745
233.25		0.398745
233.375		0.398745
233.5		0.398745
233.625		0.398745
233.75		0.398745
233.875		0.398745
234		0.398745
234.125		0.398745
234.25		0.398745
234.375		0.398745
234.5		0.398745
234.625		0.398745
234.75		0.398745
234.875		0.398745
235		0.398745
235.125		0.399808
235.25		0.399808
235.375		0.399808
235.5		0.399808
235.625		0.399808
235.75		0.399808
235.875		0.399808
236		0.399808
236.125		0.399808
236.25		0.399808
236.375		0.399808
236.5		0.399808
236.625		0.399808
236.75		0.399808
236.875		0.399808
237		0.399808
237.125		0.399808
237.25		0.399808
237.375		0.399808
237.5		0.399808
237.625		0.399808
237.75		0.399808
237.875		0.399808
238		0.399808
238.125		0.399808
238.25		0.399808
238.375		0.399808
238.5		0.399808
238.625		0.399808
238.75		0.399808
238.875		0.399808
239		0.399808
239.125		0.399808
239.25		0.399808
239.375		0.399808
239.5		0.399808
239.625		0.399808
239.75		0.399808
239.875		0.399808
240		0.399808
240.125		0.409928
240.25		0.409928
240.375		0.409928
240.5		0.409928
240.625		0.409928
240.75		0.409928
240.875		0.409928
241		0.409928
241.125		0.409928
241.25		0.409928
241.375		0.409928
241.5		0.409928
241.625		0.409928
241.75		0.409928
241.875		0.409928
242		0.409928
242.125		0.409928
242.25		0.409928
242.375		0.409928
242.5		0.409928
242.625		0.409928
242.75		0.409928
242.875		0.409928
243		0.409928
243.125		0.409928
243.25		0.409928
243.375		0.409928
243.5		0.409928
243.625		0.409928
243.75		0.409928
243.875		0.409928
244		0.409928
244.125		0.409928
244.25		0.409928
244.375		0.409928
244.5		0.409928
244.625		0.409928
244.75		0.409928
244.875		0.409928
245		0.409928
245.125		0.422073
245.25		0.422073
245.375		0.422073
245.5		0.422073
245.625		0.422073
245.75		0.422073
245.875		0.422073
246		0.422073
246.125		0.422073
246.25		0.422073
246.375		0.422073
246.5		0.422073
246.625		0.422073
246.75		0.422073
246.875		0.422073
247		0.422073
247.125		0.422073
247.25		0.422073
247.375		0.422073
247.5		0.422073
247.625		0.422073
247.75		0.422073
247.875		0.422073
248		0.422073
248.125		0.422073
248.25		0.422073
248.375		0.422073
248.5		0.422073
248.625		0.422073
248.75		0.422073
248.875		0.422073
249		0.422073
249.125		0.422073
249.25		0.422073
249.375		0.422073
249.5		0.422073
249.625		0.422073
249.75		0.422073
249.875		0.422073
250		0.422073
250.125		0.423641
250.25		0.423641
250.375		0.423641
250.5		0.423641
250.625		0.423641
250.75		0.423641
250.875		0.423641
251		0.423641
251.125		0.423641
251.25		0.423641
251.375		0.423641
251.5		0.423641
251.625		0.423641
251.75		0.423641
251.875		0.423641
252		0.423641
252.125		0.423641
252.25		0.423641
252.375		0.423641
252.5		0.423641
252.625		0.423641
252.75		0.423641
252.875		0.423641
253		0.423641
253.125		0.423641
253.25		0.423641
253.375		0.423641
253.5		0.423641
253.625		0.423641
253.75		0.423641
253.875		0.423641
254		0.423641
254.125		0.423641
254.25		0.423641
254.375		0.423641
254.5		0.423641
254.625		0.423641
254.75		0.423641
254.875		0.423641
255		0.423641
255.125		0.443326
255.25		0.443326
255.375		0.443326
255.5		0.443326
255.625		0.443326
255.75		0.443326
255.875		0.443326
256		0.443326
256.125		0.443326
256.25		0.443326
256.375		0.443326
256.5		0.443326
256.625		0.443326
256.75		0.443326
256.875		0.443326
257		0.443326
257.125		0.443326
257.25		0.443326
257.375		0.443326
257.5		0.443326
257.625		0.443326
257.75		0.443326
257.875		0.443326
258		0.443326
258.125		0.443326
258.25		0.443326
258.375		0.443326
258.5		0.443326
258.625		0.443326
258.75		0.443326
258.875		0.443326
259		0.443326
259.125		0.443326
259.25		0.443326
259.375		0.443326
259.5		0.443326
259.625		0.443326
259.75		0.443326
259.875		0.443326
260		0.443326
260.125		0.444641
260.25		0.444641
260.375		0.444641
260.5		0.444641
260.625		0.444641
260.75		0.444641
260.875		0.444641
261		0.444641
261.125		0.444641
261.25		0.444641
261.375		0.444641
261.5		0.444641
261.625		0.444641
261.75		0.444641
261.875		0.444641
262		0.444641
262.125		0.444641
262.25		0.444641
262.375		0.444641
262.5		0.444641
262.625		0.444641
262.75		0.444641
262.875		0.444641
263		0.444641
263.125		0.444641
263.25		0.444641
263.375		0.444641
263.5		0.444641
263.625		0.444641
263.75		0.444641
263.875		0.444641
264		0.444641
264.125		0.444641
264.25		0.444641
264.375		0.444641
264.5		0.444641
264.625		0.444641
264.75		0.444641
264.875		0.444641
265		0.444641
265.125		0.4748
265.25		0.4748
265.375		0.4748
265.5		0.4748
265.625		0.4748
265.75		0.4748
265.875		0.4748
266		0.4748
266.125		0.4748
266.25		0.4748
266.375		0.4748
266.5		0.4748
266.625		0.4748
266.75		0.4748
266.875		0.4748
267		0.4748
267.125		0.4748
267.25		0.4748
267.375		0.4748
267.5		0.4748
267.625		0.4748
267.75		0.4748
267.875		0.4748
268		0.4748
268.125		0.4748
268.25		0.4748
268.375		0.4748
268.5		0.4748
268.625		0.4748
268.75		0.4748
268.875		0.4748
269		0.4748
269.125		0.4748
269.25		0.4748
269.375		0.4748
269.5		0.4748
269.625		0.4748
269.75		0.4748
269.875		0.4748
270		0.4748
270.125		0.482036
270.25		0.482036
270.375		0.482036
270.5		0.482036
270.625		0.482036
270.75		0.482036
270.875		0.482036
271		0.482036
271.125		0.482036
271.25		0.482036
271.375		0.482036
271.5		0.482036
271.625		0.482036
271.75		0.482036
271.875		0.482036
272		0.482036
272.125		0.482036
272.25		0.482036
272.375		0.482036
272.5		0.482036
272.625		0.482036
272.75		0.482036
272.875		0.482036
273		0.482036
273.125		0.482036
273.25		0.482036
273.375		0.482036
273.5		0.482036
273.625		0.482036
273.75		0.482036
273.875		0.482036
274		0.482036
274.125		0.482036
274.25		0.482036
274.375		0.482036
274.5		0.482036
274.625		0.482036
274.75		0.482036
274.875		0.482036
275		0.482036
275.125		0.483807
275.25		0.483807
275.375		0.483807
275.5		0.483807
275.625		0.483807
275.75		0.483807
275.875		0.483807
276		0.483807
276.125		0.483807
276.25		0.483807
276.375		0.483807
276.5		0.483807
276.625		0.483807
276.75		0.483807
276.875		0.483807
277		0.483807
277.125		0.483807
277.25		0.483807
277.375		0.483807
277.5		0.483807
277.625		0.483807
277.75		0.483807
277.875		0.483807
278		0.483807
278.125		0.483807
278.25		0.483807
278.375		0.483807
278.5		0.483807
278.625		0.483807
278.75		0.483807
278.875		0.483807
279		0.483807
279.125		0.483807
279.25		0.483807
279.375		0.483807
279.5		0.483807
279.625		0.483807
279.75		0.483807
279.875		0.483807
280		0.483807
280.125		0.486692
280.25		0.486692
280.375		0.486692
280.5		0.486692
280.625		0.486692
280.75		0.486692
280.875		0.486692
281		0.486692
281.125		0.486692
281.25		0.486692
281.375		0.486692
281.5		0.486692
281.625		0.486692
281.75		0.486692
281.875		0.486692
282		0.486692
282.125		0.486692
282.25		0.486692
282.375		0.486692
282.5		0.486692
282.625		0.486692
282.75		0.486692
282.875		0.486692
283		0.486692
283.125		0.486692
283.25		0.486692
283.375		0.486692
283.5		0.486692
283.625		0.486692
283.75		0.486692
283.875		0.486692
284		0.486692
284.125		0.486692
284.25		0.486692
284.375		0.486692
284.5		0.486692
284.625		0.486692
284.75		0.486692
284.875		0.486692
285		0.486692
285.125		0.50339
285.25		0.50339
285.375		0.50339
285.5		0.50339
285.625		0.50339
285.75		0.50339
285.875		0.50339
286		0.50339
286.125		0.50339
286.25		0.50339
286.375		0.50339
286.5		0.50339
286.625		0.50339
286.75		0.50339
286.875		0.50339
287		0.50339
287.125		0.50339
287.25		0.50339
287.375		0.50339
287.5		0.50339
287.625		0.50339
287.75		0.50339
287.875		0.50339
288		0.50339
288.125		0.50339
288.25		0.50339
288.375		0.50339
288.5		0.50339
288.625		0.50339
288.75		0.50339
288.875		0.50339
289		0.50339
289.125		0.50339
289.25		0.50339
289.375		0.50339
289.5		0.50339
289.625		0.50339
289.75		0.50339
289.875		0.50339
290		0.50339
290.125		0.540988
290.25		0.540988
290.375		0.540988
290.5		0.540988
290.625		0.540988
290.75		0.540988
290.875		0.540988
291		0.540988
291.125		0.540988
291.25		0.540988
291.375		0.540988
291.5		0.540988
291.625		0.540988
291.75		0.540988
291.875		0.540988
292		0.540988
292.125		0.540988
292.25		0.540988
292.375		0.540988
292.5		0.540988
292.625		0.540988
292.75		0.540988
292.875		0.540988
293		0.540988
293.125		0.540988
293.25		0.540988
293.375		0.540988
293.5		0.540988
293.625		0.540988
293.75		0.540988
293.875		0.540988
294		0.540988
294.125		0.540988
294.25		0.540988
294.375		0.540988
294.5		0.540988
294.625		0.540988
294.75		0.540988
294.875		0.540988
295		0.540988
295.125		0.542152
295.25		0.542152
295.375		0.542152
295.5		0.542152
295.625		0.542152
295.75		0.542152
295.875		0.542152
296		0.542152
296.125		0.542152
296.25		0.542152
296.375		0.542152
296.5		0.542152
296.625		0.542152
296.75		0.542152
296.875		0.542152
297		0.542152
297.125		0.542152
297.25		0.542152
297.375		0.542152
297.5		0.542152
297.625		0.542152
297.75		0.542152
297.875		0.542152
298		0.542152
298.125		0.542152
298.25		0.542152
298.375		0.542152
298.5		0.542152
298.625		0.542152
298.75		0.542152
298.875		0.542152
299		0.542152
299.125		0.542152
299.25		0.542152
299.375		0.542152
299.5		0.542152
299.625		0.542152
299.75		0.542152
299.875		0.542152
300		0.542152
300.125		0.545643
300.25		0.545643
300.375		0.545643
300.5		0.545643
300.625		0.545643
300.75		0.545643
300.875		0.545643
301		0.545643
301.125		0.545643
301.25		0.545643
301.375		0.545643
301.5		0.545643
301.625		0.545643
301.75		0.545643
301.875		0.545643
302		0.545643
302.125		0.545643
302.25		0.545643
302.375		0.545643
302.5		0.545643
302.625		0.545643
302.75		0.545643
302.875		0.545643
303		0.545643
303.125		0.545643
303.25		0.545643
303.375		0.545643
303.5		0.545643
303.625		0.545643
303.75		0.545643
303.875		0.545643
304		0.545643
304.125		0.545643
304.25		0.545643
304.375		0.545643
304.5		0.545643
304.625		0.545643
304.75		0.545643
304.875		0.545643
305		0.545643
305.125		0.547768
305.25		0.547768
305.375		0.547768
305.5		0.547768
305.625		0.547768
305.75		0.547768
305.875		0.547768
306		0.547768
306.125		0.547768
306.25		0.547768
306.375		0.547768
306.5		0.547768
306.625		0.547768
306.75		0.547768
306.875		0.547768
307		0.547768
307.125		0.547768
307.25		0.547768
307.375		0.547768
307.5		0.547768
307.625		0.547768
307.75		0.547768
307.875		0.547768
308		0.547768
308.125		0.547768
308.25		0.547768
308.375		0.547768
308.5		0.547768
308.625		0.547768
308.75		0.547768
308.875		0.547768
309		0.547768
309.125		0.547768
309.25		0.547768
309.375		0.547768
309.5		0.547768
309.625		0.547768
309.75		0.547768
309.875		0.547768
310		0.547768
310.125		0.576409
310.25		0.576409
310.375		0.576409
310.5		0.576409
310.625		0.576409
310.75		0.576409
310.875		0.576409
311		0.576409
311.125		0.576409
311.25		0.576409
311.375		0.576409
311.5		0.576409
311.625		0.576409
311.75		0.576409
311.875		0.576409
312		0.576409
312.125		0.576409
312.25		0.576409
312.375		0.576409
312.5		0.576409
312.625		0.576409
312.75		0.576409
312.875		0.576409
313		0.576409
313.125		0.576409
313.25		0.576409
313.375		0.576409
313.5		0.576409
313.625		0.576409
313.75		0.576409
313.875		0.576409
314		0.576409
314.125		0.576409
314.25		0.576409
314.375		0.576409
314.5		0.576409
314.625		0.576409
314.75		0.576409
314.875		0.576409
315		0.576409
315.125		0.585315
315.25		0.585315
315.375		0.585315
315.5		0.585315
315.625		0.585315
315.75		0.585315
315.875		0.585315
316		0.585315
316.125		0.585315
316.25		0.585315
316.375		0.585315
316.5		0.585315
316.625		0.585315
316.75		0.585315
316.875		0.585315
317		0.585315
317.125		0.585315
317.25		0.585315
317.375		0.585315
317.5		0.585315
317.625		0.585315
317.75		0.585315
317.875		0.585315
318		0.585315
318.125		0.585315
318.25		0.585315
318.375		0.585315
318.5		0.585315
318.625		0.585315
318.75		0.585315
318.875		0.585315
319		0.585315
319.125		0.585315
319.25		0.585315
319.375		0.585315
319.5		0.585315
319.625		0.585315
319.75		0.585315
319.875		0.585315
320		0.585315
320.125		0.602419
320.25		0.602419
320.375		0.602419
320.5		0.602419
320.625		0.602419
320.75		0.602419
320.875		0.602419
321		0.602419
321.125		0.602419
321.25		0.602419
321.375		0.602419
321.5		0.602419
321.625		0.602419
321.75		0.602419
321.875		0.602419
322		0.602419
322.125		0.602419
322.25		0.602419
322.375		0.602419
322.5		0.602419
322.625		0.602419
322.75		0.602419
322.875		0.602419
323		0.602419
323.125		0.602419
323.25		0.602419
323.375		0.602419
323.5		0.602419
323.625		0.602419
323.75		0.602419
323.875		0.602419
324		0.602419
324.125		0.602419
324.25		0.602419
324.375		0.602419
324.5		0.602419
324.625		0.602419
324.75		0.602419
324.875		0.602419
325		0.602419
325.125		0.610768
325.25		0.610768
325.375		0.610768
325.5		0.610768
325.625		0.610768
325.75		0.610768
325.875		0.610768
326		0.610768
326.125		0.610768
326.25		0.610768
326.375		0.610768
326.5		0.610768
326.625		0.610768
326.75		0.610768
326.875		0.610768
327		0.610768
327.125		0.610768
327.25		0.610768
327.375		0.610768
327.5		0.610768
327.625		0.610768
327.75		0.610768
327.875		0.610768
328		0.610768
328.125		0.610768
328.25		0.610768
328.375		0.610768
328.5		0.610768
328.625		0.610768
328.75		0.610768
328.875		0.610768
329		0.610768
329.125		0.610768
329.25		0.610768
329.375		0.610768
329.5		0.610768
329.625		0.610768
329.75		0.610768
329.875		0.610768
330		0.610768
330.125		0.632881
330.25		0.632881
330.375		0.632881
330.5		0.632881
330.625		0.632881
330.75		0.632881
330.875		0.632881
331		0.632881
331.125		0.632881
331.25		0.632881
331.375		0.632881
331.5		0.632881
331.625		0.632881
331.75		0.632881
331.875		0.632881
332		0.632881
332.125		0.632881
332.25		0.632881
332.375		0.632881
332.5		0.632881
332.625		0.632881
332.75		0.632881
332.875		0.632881
333		0.632881
333.125		0.632881
333.25		0.632881
333.375		0.632881
333.5		0.632881
333.625		0.632881
333.75		0.632881
333.875		0.632881
334		0.632881
334.125		0.632881
334.25		0.632881
334.375		0.632881
334.5		0.632881
334.625		0.632881
334.75		0.632881
334.875		0.632881
335		0.632881
335.125		0.635462
335.25		0.635462
335.375		0.635462
335.5		0.635462
335.625		0.635462
335.75		0.635462
335.875		0.635462
336		0.635462
336.125		0.635462
336.25		0.635462
336.375		0.635462
336.5		0.635462
336.625		0.635462
336.75		0.635462
336.875		0.635462
337		0.635462
337.125		0.635462
337.25		0.635462
337.375		0.635462
337.5		0.635462
337.625		0.635462
337.75		0.635462
337.875		0.635462
338		0.635462
338.125		0.635462
338.25		0.635462
338.375		0.635462
338.5		0.635462
338.625		0.635462
338.75		0.635462
338.875		0.635462
339		0.635462
339.125		0.635462
339.25		0.635462
339.375		0.635462
339.5		0.635462
339.625		0.635462
339.75		0.635462
339.875		0.635462
340		0.635462
340.125		0.636879
340.25		0.636879
340.375		0.636879
340.5		0.636879
340.625		0.636879
340.75		0.636879
340.875		0.636879
341		0.636879
341.125		0.636879
341.25		0.636879
341.375		0.636879
341.5		0.636879
341.625		0.636879
341.75		0.636879
341.875		0.636879
342		0.636879
342.125		0.636879
342.25		0.636879
342.375		0.636879
342.5		0.636879
342.625		0.636879
342.75		0.636879
342.875		0.636879
343		0.636879
343.125		0.636879
343.25		0.636879
343.375		0.636879
343.5		0.636879
343.625		0.636879
343.75		0.636879
343.875		0.636879
344		0.636879
344.125		0.636879
344.25		0.636879
344.375		0.636879
344.5		0.636879
344.625		0.636879
344.75		0.636879
344.875		0.636879
345		0.636879
345.125		0.646038
345.25		0.646038
345.375		0.646038
345.5		0.646038
345.625		0.646038
345.75		0.646038
345.875		0.646038
346		0.646038
346.125		0.646038
346.25		0.646038
346.375		0.646038
346.5		0.646038
346.625		0.646038
346.75		0.646038
346.875		0.646038
347		0.646038
347.125		0.646038
347.25		0.646038
347.375		0.646038
347.5		0.646038
347.625		0.646038
347.75		0.646038
347.875		0.646038
348		0.646038
348.125		0.646038
348.25		0.646038
348.375		0.646038
348.5		0.646038
348.625		0.646038
348.75		0.646038
348.875		0.646038
349		0.646038
349.125		0.646038
349.25		0.646038
349.375		0.646038
349.5		0.646038
349.625		0.646038
349.75		0.646038
349.875		0.646038
350		0.646038
350.125		0.680194
350.25		0.680194
350.375		0.680194
350.5		0.680194
350.625		0.680194
350.75		0.680194
350.875		0.680194
351		0.680194
351.125		0.680194
351.25		0.680194
351.375		0.680194
351.5		0.680194
351.625		0.680194
351.75		0.680194
351.875		0.680194
352		0.680194
352.125		0.680194
352.25		0.680194
352.375		0.680194
352.5		0.680194
352.625		0.680194
352.75		0.680194
352.875		0.680194
353		0.680194
353.125		0.680194
353.25		0.680194
353.375		0.680194
353.5		0.680194
353.625		0.680194
353.75		0.680194
353.875		0.680194
354		0.680194
354.125		0.680194
354.25		0.680194
354.375		0.680194
354.5		0.680194
354.625		0.680194
354.75		0.680194
354.875		0.680194
355		0.680194
355.125		0.681409
355.25		0.681409
355.375		0.681409
355.5		0.681409
355.625		0.681409
355.75		0.681409
355.875		0.681409
356		0.681409
356.125		0.681409
356.25		0.681409
356.375		0.681409
356.5		0.681409
356.625		0.681409
356.75		0.681409
356.875		0.681409
357		0.681409
357.125		0.681409
357.25		0.681409
357.375		0.681409
357.5		0.681409
357.625		0.681409
357.75		0.681409
357.875		0.681409
358		0.681409
358.125		0.681409
358.25		0.681409
358.375		0.681409
358.5		0.681409
358.625		0.681409
358.75		0.681409
358.875		0.681409
359		0.681409
359.125		0.681409
359.25		0.681409
359.375		0.681409
359.5		0.681409
359.625		0.681409
359.75		0.681409
359.875		0.681409
360		0.681409
360.125		0.686975
360.25		0.686975
360.375		0.686975
360.5		0.686975
360.625		0.686975
360.75		0.686975
360.875		0.686975
361		0.686975
361.125		0.686975
361.25		0.686975
361.375		0.686975
361.5		0.686975
361.625		0.686975
361.75		0.686975
361.875		0.686975
362		0.686975
362.125		0.686975
362.25		0.686975
362.375		0.686975
362.5		0.686975
362.625		0.686975
362.75		0.686975
362.875		0.686975
363		0.686975
363.125		0.686975
363.25		0.686975
363.375		0.686975
363.5		0.686975
363.625		0.686975
363.75		0.686975
363.875		0.686975
364		0.686975
364.125		0.686975
364.25		0.686975
364.375		0.686975
364.5		0.686975
364.625		0.686975
364.75		0.686975
364.875		0.686975
365		0.686975
365.125		0.694616
365.25		0.694616
365.375		0.694616
365.5		0.694616
365.625		0.694616
365.75		0.694616
365.875		0.694616
366		0.694616
366.125		0.694616
366.25		0.694616
366.375		0.694616
366.5		0.694616
366.625		0.694616
366.75		0.694616
366.875		0.694616
367		0.694616
367.125		0.694616
367.25		0.694616
367.375		0.694616
367.5		0.694616
367.625		0.694616
367.75		0.694616
367.875		0.694616
368		0.694616
368.125		0.694616
368.25		0.694616
368.375		0.694616
368.5		0.694616
368.625		0.694616
368.75		0.694616
368.875		0.694616
369		0.694616
369.125		0.694616
369.25		0.694616
369.375		0.694616
369.5		0.694616
369.625		0.694616
369.75		0.694616
369.875		0.694616
370		0.694616
370.125		0.701903
370.25		0.701903
370.375		0.701903
370.5		0.701903
370.625		0.701903
370.75		0.701903
370.875		0.701903
371		0.701903
371.125		0.701903
371.25		0.701903
371.375		0.701903
371.5		0.701903
371.625		0.701903
371.75		0.701903
371.875		0.701903
372		0.701903
372.125		0.701903
372.25		0.701903
372.375		0.701903
372.5		0.701903
372.625		0.701903
372.75		0.701903
372.875		0.701903
373		0.701903
373.125		0.701903
373.25		0.701903
373.375		0.701903
373.5		0.701903
373.625		0.701903
373.75		0.701903
373.875		0.701903
374		0.701903
374.125		0.701903
374.25		0.701903
374.375		0.701903
374.5		0.701903
374.625		0.701903
374.75		0.701903
374.875		0.701903
375		0.701903
375.125		0.719664
375.25		0.719664
375.375		0.719664
375.5		0.719664
375.625		0.719664
375.75		0.719664
375.875		0.719664
376		0.719664
376.125		0.719664
376.25		0.719664
376.375		0.719664
376.5		0.719664
376.625		0.719664
376.75		0.719664
376.875		0.719664
377		0.719664
377.125		0.719664
377.25		0.719664
377.375		0.719664
377.5		0.719664
377.625		0.719664
377.75		0.719664
377.875		0.719664
378		0.719664
378.125		0.719664
378.25		0.719664
378.375		0.719664
378.5		0.719664
378.625		0.719664
378.75		0.719664
378.875		0.719664
379		0.719664
379.125		0.719664
379.25		0.719664
379.375		0.719664
379.5		0.719664
379.625		0.719664
379.75		0.719664
379.875		0.719664
380		0.719664
380.125		0.732163
380.25		0.732163
380.375		0.732163
380.5		0.732163
380.625		0.732163
380.75		0.732163
380.875		0.732163
381		0.732163
381.125		0.732163
381.25		0.732163
381.375		0.732163
381.5		0.732163
381.625		0.732163
381.75		0.732163
381.875		0.732163
382		0.732163
382.125		0.732163
382.25		0.732163
382.375		0.732163
382.5		0.732163
382.625		0.732163
382.75		0.732163
382.875		0.732163
383		0.732163
383.125		0.732163
383.25		0.732163
383.375		0.732163
383.5		0.732163
383.625		0.732163
383.75		0.732163
383.875		0.732163
384		0.732163
384.125		0.732163
384.25		0.732163
384.375		0.732163
384.5		0.732163
384.625		0.732163
384.75		0.732163
384.875		0.732163
385		0.732163
385.125		0.747242
385.25		0.747242
385.375		0.747242
385.5		0.747242
385.625		0.747242
385.75		0.747242
385.875		0.747242
386		0.747242
386.125		0.747242
386.25		0.747242
386.375		0.747242
386.5		0.747242
386.625		0.747242
386.75		0.747242
386.875		0.747242
387		0.747242
387.125		0.747242
387.25		0.747242
387.375		0.747242
387.5		0.747242
387.625		0.747242
387.75		0.747242
387.875		0.747242
388		0.747242
388.125		0.747242
388.25		0.747242
388.375		0.747242
388.5		0.747242
388.625		0.747242
388.75		0.747242
388.875		0.747242
389		0.747242
389.125		0.747242
389.25		0.747242
389.375		0.747242
389.5		0.747242
389.625		0.747242
389.75		0.747242
389.875		0.747242
390		0.747242
390.125		0.748305
390.25		0.748305
390.375		0.748305
390.5		0.748305
390.625		0.748305
390.75		0.748305
390.875		0.748305
391		0.748305
391.125		0.748305
391.25		0.748305
391.375		0.748305
391.5		0.748305
391.625		0.748305
391.75		0.748305
391.875		0.748305
392		0.748305
392.125		0.748305
392.25		0.748305
392.375		0.748305
392.5		0.748305
392.625		0.748305
392.75		0.748305
392.875		0.748305
393		0.748305
393.125		0.748305
393.25		0.748305
393.375		0.748305
393.5		0.748305
393.625		0.748305
393.75		0.748305
393.875		0.748305
394		0.748305
394.125		0.748305
394.25		0.748305
394.375		0.748305
394.5		0.748305
394.625		0.748305
394.75		0.748305
394.875		0.748305
395		0.748305
395.125		0.750683
395.25		0.750683
395.375		0.750683
395.5		0.750683
395.625		0.750683
395.75		0.750683
395.875		0.750683
396		0.750683
396.125		0.750683
396.25		0.750683
396.375		0.750683
396.5		0.750683
396.625		0.750683
396.75		0.750683
396.875		0.750683
397		0.750683
397.125		0.750683
397.25		0.750683
397.375		0.750683
397.5		0.750683
397.625		0.750683
397.75		0.750683
397.875		0.750683
398		0.750683
398.125		0.750683
398.25		0.750683
398.375		0.750683
398.5		0.750683
398.625		0.750683
398.75		0.750683
398.875		0.750683
399		0.750683
399.125		0.750683
399.25		0.750683
399.375		0.750683
399.5		0.750683
399.625		0.750683
399.75		0.750683
399.875		0.750683
400		0.750683
400.125		0.770317
400.25		0.770317
400.375		0.770317
400.5		0.770317
400.625		0.770317
400.75		0.770317
400.875		0.770317
401		0.770317
401.125		0.770317
401.25		0.770317
401.375		0.770317
401.5		0.770317
401.625		0.770317
401.75		0.770317
401.875		0.770317
402		0.770317
402.125		0.770317
402.25		0.770317
402.375		0.770317
402.5		0.770317
402.625		0.770317
402.75		0.770317
402.875		0.770317
403		0.770317
403.125		0.770317
403.25		0.770317
403.375		0.770317
403.5		0.770317
403.625		0.770317
403.75		0.770317
403.875		0.770317
404		0.770317
404.125		0.770317
404.25		0.770317
404.375		0.770317
404.5		0.770317
404.625		0.770317
404.75		0.770317
404.875		0.770317
405		0.770317
405.125		0.779931
405.25		0.779931
405.375		0.779931
405.5		0.779931
405.625		0.779931
405.75		0.779931
405.875		0.779931
406		0.779931
406.125		0.779931
406.25		0.779931
406.375		0.779931
406.5		0.779931
406.625		0.779931
406.75		0.779931
406.875		0.779931
407		0.779931
407.125		0.779931
407.25		0.779931
407.375		0.779931
407.5		0.779931
407.625		0.779931
407.75		0.779931
407.875		0.779931
408		0.779931
408.125		0.779931
408.25		0.779931
408.375		0.779931
408.5		0.779931
408.625		0.779931
408.75		0.779931
408.875		0.779931
409		0.779931
409.125		0.779931
409.25		0.779931
409.375		0.779931
409.5		0.779931
409.625		0.779931
409.75		0.779931
409.875		0.779931
410		0.779931
410.125		0.799464
410.25		0.799464
410.375		0.799464
410.5		0.799464
410.625		0.799464
410.75		0.799464
410.875		0.799464
411		0.799464
411.125		0.799464
411.25		0.799464
411.375		0.799464
411.5		0.799464
411.625		0.799464
411.75		0.799464
411.875		0.799464
412		0.799464
412.125		0.799464
412.25		0.799464
412.375		0.799464
412.5		0.799464
412.625		0.799464
412.75		0.799464
412.875		0.799464
413		0.799464
413.125		0.799464
413.25		0.799464
413.375		0.799464
413.5		0.799464
413.625		0.799464
413.75		0.799464
413.875		0.799464
414		0.799464
414.125		0.799464
414.25		0.799464
414.375		0.799464
414.5		0.799464
414.625		0.799464
414.75		0.799464
414.875		0.799464
415		0.799464
415.125		0.826991
415.25		0.826991
415.375		0.826991
415.5		0.826991
415.625		0.826991
415.75		0.826991
415.875		0.826991
416		0.826991
416.125		0.826991
416.25		0.826991
416.375		0.826991
416.5		0.826991
416.625		0.826991
416.75		0.826991
416.875		0.826991
417		0.826991
417.125		0.826991
417.25		0.826991
417.375		0.826991
417.5		0.826991
417.625		0.826991
417.75		0.826991
417.875		0.826991
418		0.826991
418.125		0.826991
418.25		0.826991
418.375		0.826991
418.5		0.826991
418.625		0.826991
418.75		0.826991
418.875		0.826991
419		0.826991
419.125		0.826991
419.25		0.826991
419.375		0.826991
419.5		0.826991
419.625		0.826991
419.75		0.826991
419.875		0.826991
420		0.826991
420.125		0.834885
420.25		0.834885
420.375		0.834885
420.5		0.834885
420.625		0.834885
420.75		0.834885
420.875		0.834885
421		0.834885
421.125		0.834885
421.25		0.834885
421.375		0.834885
421.5		0.834885
421.625		0.834885
421.75		0.834885
421.875		0.834885
422		0.834885
422.125		0.834885
422.25		0.834885
422.375		0.834885
422.5		0.834885
422.625		0.834885
422.75		0.834885
422.875		0.834885
423		0.834885
423.125		0.834885
423.25		0.834885
423.375		0.834885
423.5		0.834885
423.625		0.834885
423.75		0.834885
423.875		0.834885
424		0.834885
424.125		0.834885
424.25		0.834885
424.375		0.834885
424.5		0.834885
424.625		0.834885
424.75		0.834885
424.875		0.834885
425		0.834885
425.125		0.838933
425.25		0.838933
425.375		0.838933
425.5		0.838933
425.625		0.838933
425.75		0.838933
425.875		0.838933
426		0.838933
426.125		0.838933
426.25		0.838933
426.375		0.838933
426.5		0.838933
426.625		0.838933
426.75		0.838933
426.875		0.838933
427		0.838933
427.125		0.838933
427.25		0.838933
427.375		0.838933
427.5		0.838933
427.625		0.838933
427.75		0.838933
427.875		0.838933
428		0.838933
428.125		0.838933
428.25		0.838933
428.375		0.838933
428.5		0.838933
428.625		0.838933
428.75		0.838933
428.875		0.838933
429		0.838933
429.125		0.838933
429.25		0.838933
429.375		0.838933
429.5		0.838933
429.625		0.838933
429.75		0.838933
429.875		0.838933
430		0.838933
430.125		0.857909
430.25		0.857909
430.375		0.857909
430.5		0.857909
430.625		0.857909
430.75		0.857909
430.875		0.857909
431		0.857909
431.125		0.857909
431.25		0.857909
431.375		0.857909
431.5		0.857909
431.625		0.857909
431.75		0.857909
431.875		0.857909
432		0.857909
432.125		0.857909
432.25		0.857909
432.375		0.857909
432.5		0.857909
432.625		0.857909
432.75		0.857909
432.875		0.857909
433		0.857909
433.125		0.857909
433.25		0.857909
433.375		0.857909
433.5		0.857909
433.625		0.857909
433.75		0.857909
433.875		0.857909
434		0.857909
434.125		0.857909
434.25		0.857909
434.375		0.857909
434.5		0.857909
434.625		0.857909
434.75		0.857909
434.875		0.857909
435		0.857909
435.125		0.874355
435.25		0.874355
435.375		0.874355
435.5		0.874355
435.625		0.874355
435.75		0.874355
435.875		0.874355
436		0.874355
436.125		0.874355
436.25		0.874355
436.375		0.874355
436.5		0.874355
436.625		0.874355
436.75		0.874355
436.875		0.874355
437		0.874355
437.125		0.874355
437.25		0.874355
437.375		0.874355
437.5		0.874355
437.625		0.874355
437.75		0.874355
437.875		0.874355
438		0.874355
438.125		0.874355
438.25		0.874355
438.375		0.874355
438.5		0.874355
438.625		0.874355
438.75		0.874355
438.875		0.874355
439		0.874355
439.125		0.874355
439.25		0.874355
439.375		0.874355
439.5		0.874355
439.625		0.874355
439.75		0.874355
439.875		0.874355
440		0.874355
440.125		0.893735
440.25		0.893735
440.375		0.893735
440.5		0.893735
440.625		0.893735
440.75		0.893735
440.875		0.893735
441		0.893735
441.125		0.893735
441.25		0.893735
441.375		0.893735
441.5		0.893735
441.625		0.893735
441.75		0.893735
441.875		0.893735
442		0.893735
442.125		0.893735
442.25		0.893735
442.375		0.893735
442.5		0.893735
442.625		0.893735
442.75		0.893735
442.875		0.893735
443		0.893735
443.125		0.893735
443.25		0.893735
443.375		0.893735
443.5		0.893735
443.625		0.893735
443.75		0.893735
443.875		0.893735
444		0.893735
444.125		0.893735
444.25		0.893735
444.375		0.893735
444.5		0.893735
444.625		0.893735
444.75		0.893735
444.875		0.893735
445		0.893735
445.125		0.898188
445.25		0.898188
445.375		0.898188
445.5		0.898188
445.625		0.898188
445.75		0.898188
445.875		0.898188
446		0.898188
446.125		0.898188
446.25		0.898188
446.375		0.898188
446.5		0.898188
446.625		0.898188
446.75		0.898188
446.875		0.898188
447		0.898188
447.125		0.898188
447.25		0.898188
447.375		0.898188
447.5		0.898188
447.625		0.898188
447.75		0.898188
447.875		0.898188
448		0.898188
448.125		0.898188
448.25		0.898188
448.375		0.898188
448.5		0.898188
448.625		0.898188
448.75		0.898188
448.875		0.898188
449		0.898188
449.125		0.898188
449.25		0.898188
449.375		0.898188
449.5		0.898188
449.625		0.898188
449.75		0.898188
449.875		0.898188
450		0.898188
450.125		0.90254
450.25		0.90254
450.375		0.90254
450.5		0.90254
450.625		0.90254
450.75		0.90254
450.875		0.90254
451		0.90254
451.125		0.90254
451.25		0.90254
451.375		0.90254
451.5		0.90254
451.625		0.90254
451.75		0.90254
451.875		0.90254
452		0.90254
452.125		0.90254
452.25		0.90254
452.375		0.90254
452.5		0.90254
452.625		0.90254
452.75		0.90254
452.875		0.90254
453		0.90254
453.125		0.90254
453.25		0.90254
453.375		0.90254
453.5		0.90254
453.625		0.90254
453.75		0.90254
453.875		0.90254
454		0.90254
454.125		0.90254
454.25		0.90254
454.375		0.90254
454.5		0.90254
454.625		0.90254
454.75		0.90254
454.875		0.90254
455		0.90254
455.125		0.913015
455.25		0.913015
455.375		0.913015
455.5		0.913015
455.625		0.913015
455.75		0.913015
455.875		0.913015
456		0.913015
456.125		0.913015
456.25		0.913015
456.375		0.913015
456.5		0.913015
456.625		0.913015
456.75		0.913015
456.875		0.913015
457		0.913015
457.125		0.913015
457.25		0.913015
457.375		0.913015
457.5		0.913015
457.625		0.913015
457.75		0.913015
457.875		0.913015
458		0.913015
458.125		0.913015
458.25		0.913015
458.375		0.913015
458.5		0.913015
458.625		0.913015
458.75		0.913015
458.875		0.913015
459		0.913015
459.125		0.913015
459.25		0.913015
459.375		0.913015
459.5		0.913015
459.625		0.913015
459.75		0.913015
459.875		0.913015
460		0.913015
460.125		0.933003
460.25		0.933003
460.375		0.933003
460.5		0.933003
460.625		0.933003
460.75		0.933003
460.875		0.933003
461		0.933003
461.125		0.933003
461.25		0.933003
461.375		0.933003
461.5		0.933003
461.625		0.933003
461.75		0.933003
461.875		0.933003
462		0.933003
462.125		0.933003
462.25		0.933003
462.375		0.933003
462.5		0.933003
462.625		0.933003
462.75		0.933003
462.875		0.933003
463		0.933003
463.125		0.933003
463.25		0.933003
463.375		0.933003
463.5		0.933003
463.625		0.933003
463.75		0.933003
463.875		0.933003
464		0.933003
464.125		0.933003
464.25		0.933003
464.375		0.933003
464.5		0.933003
464.625		0.933003
464.75		0.933003
464.875		0.933003
465		0.933003
465.125		0.935735
465.25		0.935735
465.375		0.935735
465.5		0.935735
465.625		0.935735
465.75		0.935735
465.875		0.935735
466		0.935735
466.125		0.935735
466.25		0.935735
466.375		0.935735
466.5		0.935735
466.625		0.935735
466.75		0.935735
466.875		0.935735
467		0.935735
467.125		0.935735
467.25		0.935735
467.375		0.935735
467.5		0.935735
467.625		0.935735
467.75		0.935735
467.875		0.935735
468		0.935735
468.125		0.935735
468.25		0.935735
468.375		0.935735
468.5		0.935735
468.625		0.935735
468.75		0.935735
468.875		0.935735
469		0.935735
469.125		0.935735
469.25		0.935735
469.375		0.935735
469.5		0.935735
469.625		0.935735
469.75		0.935735
469.875		0.935735
470		0.935735
470.125		0.943629
470.25		0.943629
470.375		0.943629
470.5		0.943629
470.625		0.943629
470.75		0.943629
470.875		0.943629
471		0.943629
471.125		0.943629
471.25		0.943629
471.375		0.943629
471.5		0.943629
471.625		0.943629
471.75		0.943629
471.875		0.943629
472		0.943629
472.125		0.943629
472.25		0.943629
472.375		0.943629
472.5		0.943629
472.625		0.943629
472.75		0.943629
472.875		0.943629
473		0.943629
473.125		0.943629
473.25		0.943629
473.375		0.943629
473.5		0.943629
473.625		0.943629
473.75		0.943629
473.875		0.943629
474		0.943629
474.125		0.943629
474.25		0.943629
474.375		0.943629
474.5		0.943629
474.625		0.943629
474.75		0.943629
474.875		0.943629
475		0.943629
475.125		0.95213
475.25		0.95213
475.375		0.95213
475.5		0.95213
475.625		0.95213
475.75		0.95213
475.875		0.95213
476		0.95213
476.125		0.95213
476.25		0.95213
476.375		0.95213
476.5		0.95213
476.625		0.95213
476.75		0.95213
476.875		0.95213
477		0.95213
477.125		0.95213
477.25		0.95213
477.375		0.95213
477.5		0.95213
477.625		0.95213
477.75		0.95213
477.875		0.95213
478		0.95213
478.125		0.95213
478.25		0.95213
478.375		0.95213
478.5		0.95213
478.625		0.95213
478.75		0.95213
478.875		0.95213
479		0.95213
479.125		0.95213
479.25		0.95213
479.375		0.95213
479.5		0.95213
479.625		0.95213
479.75		0.95213
479.875		0.95213
480		0.95213
480.125		0.981884
480.25		0.981884
480.375		0.981884
480.5		0.981884
480.625		0.981884
480.75		0.981884
480.875		0.981884
481		0.981884
481.125		0.981884
481.25		0.981884
481.375		0.981884
481.5		0.981884
481.625		0.981884
481.75		0.981884
481.875		0.981884
482		0.981884
482.125		0.981884
482.25		0.981884
482.375		0.981884
482.5		0.981884
482.625		0.981884
482.75		0.981884
482.875		0.981884
483		0.981884
483.125		0.981884
483.25		0.981884
483.375		0.981884
483.5		0.981884
483.625		0.981884
483.75		0.981884
483.875		0.981884
484		0.981884
484.125		0.981884
484.25		0.981884
484.375		0.981884
484.5		0.981884
484.625		0.981884
484.75		0.981884
484.875		0.981884
485		0.981884
485.125		0.987906
485.25		0.987906
485.375		0.987906
485.5		0.987906
485.625		0.987906
485.75		0.987906
485.875		0.987906
486		0.987906
486.125		0.987906
486.25		0.987906
486.375		0.987906
486.5		0.987906
486.625		0.987906
486.75		0.987906
486.875		0.987906
487		0.987906
487.125		0.987906
487.25		0.987906
487.375		0.987906
487.5		0.987906
487.625		0.987906
487.75		0.987906
487.875		0.987906
488		0.987906
488.125		0.987906
488.25		0.987906
488.375		0.987906
488.5		0.987906
488.625		0.987906
488.75		0.987906
488.875		0.987906
489		0.987906
489.125		0.987906
489.25		0.987906
489.375		0.987906
489.5		0.987906
489.625		0.987906
489.75		0.987906
489.875		0.987906
490		0.987906
490.125		0.995395
490.25		0.995395
490.375		0.995395
490.5		0.995395
490.625		0.995395
490.75		0.995395
490.875		0.995395
491		0.995395
491.125		0.995395
491.25		0.995395
491.375		0.995395
491.5		0.995395
491.625		0.995395
491.75		0.995395
491.875		0.995395
492		0.995395
492.125		0.995395
492.25		0.995395
492.375		0.995395
492.5		0.995395
492.625		0.995395
492.75		0.995395
492.875		0.995395
493		0.995395
493.125		0.995395
493.25		0.995395
493.375		0.995395
493.5		0.995395
493.625		0.995395
493.75		0.995395
493.875		0.995395
494		0.995395
494.125		0.995395
494.25		0.995395
494.375		0.995395
494.5		0.995395
494.625		0.995395
494.75		0.995395
494.875		0.995395
495		0.995395
495.125		1
495.25		1
495.375		1
495.5		1
495.625		1
495.75		1
495.875		1
496		1
496.125		1
496.25		1
496.375		1
496.5		1
496.625		1
496.75		1
496.875		1
497		1
497.125		1
497.25		1
497.375		1
497.5		1
497.625		1
497.75		1
497.875		1
498		1
498.125		1
498.25		1
498.375		1
498.5		1
498.625		1
498.75		1
498.875		1
499		1
499.125		1
499.25		1
499.375		1
499.5		1
499.625		1
499.75		1
499.875		1
500		1
