# Calibration file of tamex_id 0 @ channel 28
# fine_T bin		 Calibration value
0.125		0
0.25		0
0.375		0
0.5		0
0.625		0
0.75		0
0.875		0
1		0
1.125		0
1.25		0
1.375		0
1.5		0
1.625		0
1.75		0
1.875		0
2		0
2.125		0
2.25		0
2.375		0
2.5		0
2.625		0
2.75		0
2.875		0
3		0
3.125		0
3.25		0
3.375		0
3.5		0
3.625		0
3.75		0
3.875		0
4		0
4.125		0
4.25		0
4.375		0
4.5		0
4.625		0
4.75		0
4.875		0
5		0
5.125		0
5.25		0
5.375		0
5.5		0
5.625		0
5.75		0
5.875		0
6		0
6.125		0
6.25		0
6.375		0
6.5		0
6.625		0
6.75		0
6.875		0
7		0
7.125		0
7.25		0
7.375		0
7.5		0
7.625		0
7.75		0
7.875		0
8		0
8.125		0
8.25		0
8.375		0
8.5		0
8.625		0
8.75		0
8.875		0
9		0
9.125		0
9.25		0
9.375		0
9.5		0
9.625		0
9.75		0
9.875		0
10		0
10.125		0
10.25		0
10.375		0
10.5		0
10.625		0
10.75		0
10.875		0
11		0
11.125		0
11.25		0
11.375		0
11.5		0
11.625		0
11.75		0
11.875		0
12		0
12.125		0
12.25		0
12.375		0
12.5		0
12.625		0
12.75		0
12.875		0
13		0
13.125		0
13.25		0
13.375		0
13.5		0
13.625		0
13.75		0
13.875		0
14		0
14.125		0
14.25		0
14.375		0
14.5		0
14.625		0
14.75		0
14.875		0
15		0
15.125		0
15.25		0
15.375		0
15.5		0
15.625		0
15.75		0
15.875		0
16		0
16.125		0
16.25		0
16.375		0
16.5		0
16.625		0
16.75		0
16.875		0
17		0
17.125		0
17.25		0
17.375		0
17.5		0
17.625		0
17.75		0
17.875		0
18		0
18.125		0
18.25		0
18.375		0
18.5		0
18.625		0
18.75		0
18.875		0
19		0
19.125		0
19.25		0
19.375		0
19.5		0
19.625		0
19.75		0
19.875		0
20		0
20.125		0
20.25		0
20.375		0
20.5		0
20.625		0
20.75		0
20.875		0
21		0
21.125		0
21.25		0
21.375		0
21.5		0
21.625		0
21.75		0
21.875		0
22		0
22.125		0
22.25		0
22.375		0
22.5		0
22.625		0
22.75		0
22.875		0
23		0
23.125		0
23.25		0
23.375		0
23.5		0
23.625		0
23.75		0
23.875		0
24		0
24.125		0
24.25		0
24.375		0
24.5		0
24.625		0
24.75		0
24.875		0
25		0
25.125		0
25.25		0
25.375		0
25.5		0
25.625		0
25.75		0
25.875		0
26		0
26.125		0
26.25		0
26.375		0
26.5		0
26.625		0
26.75		0
26.875		0
27		0
27.125		0
27.25		0
27.375		0
27.5		0
27.625		0
27.75		0
27.875		0
28		0
28.125		0
28.25		0
28.375		0
28.5		0
28.625		0
28.75		0
28.875		0
29		0
29.125		0
29.25		0
29.375		0
29.5		0
29.625		0
29.75		0
29.875		0
30		0
30.125		0
30.25		0
30.375		0
30.5		0
30.625		0
30.75		0
30.875		0
31		0
31.125		0
31.25		0
31.375		0
31.5		0
31.625		0
31.75		0
31.875		0
32		0
32.125		0
32.25		0
32.375		0
32.5		0
32.625		0
32.75		0
32.875		0
33		0
33.125		0
33.25		0
33.375		0
33.5		0
33.625		0
33.75		0
33.875		0
34		0
34.125		0
34.25		0
34.375		0
34.5		0
34.625		0
34.75		0
34.875		0
35		0
35.125		0
35.25		0
35.375		0
35.5		0
35.625		0
35.75		0
35.875		0
36		0
36.125		0
36.25		0
36.375		0
36.5		0
36.625		0
36.75		0
36.875		0
37		0
37.125		0
37.25		0
37.375		0
37.5		0
37.625		0
37.75		0
37.875		0
38		0
38.125		0
38.25		0
38.375		0
38.5		0
38.625		0
38.75		0
38.875		0
39		0
39.125		0
39.25		0
39.375		0
39.5		0
39.625		0
39.75		0
39.875		0
40		0
40.125		0
40.25		0
40.375		0
40.5		0
40.625		0
40.75		0
40.875		0
41		0
41.125		0
41.25		0
41.375		0
41.5		0
41.625		0
41.75		0
41.875		0
42		0
42.125		0
42.25		0
42.375		0
42.5		0
42.625		0
42.75		0
42.875		0
43		0
43.125		0
43.25		0
43.375		0
43.5		0
43.625		0
43.75		0
43.875		0
44		0
44.125		0
44.25		0
44.375		0
44.5		0
44.625		0
44.75		0
44.875		0
45		0
45.125		0
45.25		0
45.375		0
45.5		0
45.625		0
45.75		0
45.875		0
46		0
46.125		0
46.25		0
46.375		0
46.5		0
46.625		0
46.75		0
46.875		0
47		0
47.125		0
47.25		0
47.375		0
47.5		0
47.625		0
47.75		0
47.875		0
48		0
48.125		0
48.25		0
48.375		0
48.5		0
48.625		0
48.75		0
48.875		0
49		0
49.125		0
49.25		0
49.375		0
49.5		0
49.625		0
49.75		0
49.875		0
50		0
50.125		0
50.25		0
50.375		0
50.5		0
50.625		0
50.75		0
50.875		0
51		0
51.125		0
51.25		0
51.375		0
51.5		0
51.625		0
51.75		0
51.875		0
52		0
52.125		0
52.25		0
52.375		0
52.5		0
52.625		0
52.75		0
52.875		0
53		0
53.125		0
53.25		0
53.375		0
53.5		0
53.625		0
53.75		0
53.875		0
54		0
54.125		0
54.25		0
54.375		0
54.5		0
54.625		0
54.75		0
54.875		0
55		0
55.125		0
55.25		0
55.375		0
55.5		0
55.625		0
55.75		0
55.875		0
56		0
56.125		0
56.25		0
56.375		0
56.5		0
56.625		0
56.75		0
56.875		0
57		0
57.125		0
57.25		0
57.375		0
57.5		0
57.625		0
57.75		0
57.875		0
58		0
58.125		0
58.25		0
58.375		0
58.5		0
58.625		0
58.75		0
58.875		0
59		0
59.125		0
59.25		0
59.375		0
59.5		0
59.625		0
59.75		0
59.875		0
60		0
60.125		0
60.25		0
60.375		0
60.5		0
60.625		0
60.75		0
60.875		0
61		0
61.125		0
61.25		0
61.375		0
61.5		0
61.625		0
61.75		0
61.875		0
62		0
62.125		0
62.25		0
62.375		0
62.5		0
62.625		0
62.75		0
62.875		0
63		0
63.125		0
63.25		0
63.375		0
63.5		0
63.625		0
63.75		0
63.875		0
64		0
64.125		0
64.25		0
64.375		0
64.5		0
64.625		0
64.75		0
64.875		0
65		0
65.125		0
65.25		0
65.375		0
65.5		0
65.625		0
65.75		0
65.875		0
66		0
66.125		0
66.25		0
66.375		0
66.5		0
66.625		0
66.75		0
66.875		0
67		0
67.125		0
67.25		0
67.375		0
67.5		0
67.625		0
67.75		0
67.875		0
68		0
68.125		0
68.25		0
68.375		0
68.5		0
68.625		0
68.75		0
68.875		0
69		0
69.125		0
69.25		0
69.375		0
69.5		0
69.625		0
69.75		0
69.875		0
70		0
70.125		0
70.25		0
70.375		0
70.5		0
70.625		0
70.75		0
70.875		0
71		0
71.125		0
71.25		0
71.375		0
71.5		0
71.625		0
71.75		0
71.875		0
72		0
72.125		0
72.25		0
72.375		0
72.5		0
72.625		0
72.75		0
72.875		0
73		0
73.125		0
73.25		0
73.375		0
73.5		0
73.625		0
73.75		0
73.875		0
74		0
74.125		0
74.25		0
74.375		0
74.5		0
74.625		0
74.75		0
74.875		0
75		0
75.125		0
75.25		0
75.375		0
75.5		0
75.625		0
75.75		0
75.875		0
76		0
76.125		0
76.25		0
76.375		0
76.5		0
76.625		0
76.75		0
76.875		0
77		0
77.125		0
77.25		0
77.375		0
77.5		0
77.625		0
77.75		0
77.875		0
78		0
78.125		0
78.25		0
78.375		0
78.5		0
78.625		0
78.75		0
78.875		0
79		0
79.125		0
79.25		0
79.375		0
79.5		0
79.625		0
79.75		0
79.875		0
80		0
80.125		0
80.25		0
80.375		0
80.5		0
80.625		0
80.75		0
80.875		0
81		0
81.125		0
81.25		0
81.375		0
81.5		0
81.625		0
81.75		0
81.875		0
82		0
82.125		0
82.25		0
82.375		0
82.5		0
82.625		0
82.75		0
82.875		0
83		0
83.125		0
83.25		0
83.375		0
83.5		0
83.625		0
83.75		0
83.875		0
84		0
84.125		0
84.25		0
84.375		0
84.5		0
84.625		0
84.75		0
84.875		0
85		0
85.125		0
85.25		0
85.375		0
85.5		0
85.625		0
85.75		0
85.875		0
86		0
86.125		0
86.25		0
86.375		0
86.5		0
86.625		0
86.75		0
86.875		0
87		0
87.125		0
87.25		0
87.375		0
87.5		0
87.625		0
87.75		0
87.875		0
88		0
88.125		0
88.25		0
88.375		0
88.5		0
88.625		0
88.75		0
88.875		0
89		0
89.125		0
89.25		0
89.375		0
89.5		0
89.625		0
89.75		0
89.875		0
90		0
90.125		0
90.25		0
90.375		0
90.5		0
90.625		0
90.75		0
90.875		0
91		0
91.125		0
91.25		0
91.375		0
91.5		0
91.625		0
91.75		0
91.875		0
92		0
92.125		0
92.25		0
92.375		0
92.5		0
92.625		0
92.75		0
92.875		0
93		0
93.125		0
93.25		0
93.375		0
93.5		0
93.625		0
93.75		0
93.875		0
94		0
94.125		0
94.25		0
94.375		0
94.5		0
94.625		0
94.75		0
94.875		0
95		0
95.125		0
95.25		0
95.375		0
95.5		0
95.625		0
95.75		0
95.875		0
96		0
96.125		0
96.25		0
96.375		0
96.5		0
96.625		0
96.75		0
96.875		0
97		0
97.125		0
97.25		0
97.375		0
97.5		0
97.625		0
97.75		0
97.875		0
98		0
98.125		0
98.25		0
98.375		0
98.5		0
98.625		0
98.75		0
98.875		0
99		0
99.125		0
99.25		0
99.375		0
99.5		0
99.625		0
99.75		0
99.875		0
100		0
100.125		0
100.25		0
100.375		0
100.5		0
100.625		0
100.75		0
100.875		0
101		0
101.125		0
101.25		0
101.375		0
101.5		0
101.625		0
101.75		0
101.875		0
102		0
102.125		0
102.25		0
102.375		0
102.5		0
102.625		0
102.75		0
102.875		0
103		0
103.125		0
103.25		0
103.375		0
103.5		0
103.625		0
103.75		0
103.875		0
104		0
104.125		0
104.25		0
104.375		0
104.5		0
104.625		0
104.75		0
104.875		0
105		0
105.125		0
105.25		0
105.375		0
105.5		0
105.625		0
105.75		0
105.875		0
106		0
106.125		0
106.25		0
106.375		0
106.5		0
106.625		0
106.75		0
106.875		0
107		0
107.125		0
107.25		0
107.375		0
107.5		0
107.625		0
107.75		0
107.875		0
108		0
108.125		0
108.25		0
108.375		0
108.5		0
108.625		0
108.75		0
108.875		0
109		0
109.125		0
109.25		0
109.375		0
109.5		0
109.625		0
109.75		0
109.875		0
110		0
110.125		0.000178987
110.25		0.000178987
110.375		0.000178987
110.5		0.000178987
110.625		0.000178987
110.75		0.000178987
110.875		0.000178987
111		0.000178987
111.125		0.000178987
111.25		0.000178987
111.375		0.000178987
111.5		0.000178987
111.625		0.000178987
111.75		0.000178987
111.875		0.000178987
112		0.000178987
112.125		0.000178987
112.25		0.000178987
112.375		0.000178987
112.5		0.000178987
112.625		0.000178987
112.75		0.000178987
112.875		0.000178987
113		0.000178987
113.125		0.000178987
113.25		0.000178987
113.375		0.000178987
113.5		0.000178987
113.625		0.000178987
113.75		0.000178987
113.875		0.000178987
114		0.000178987
114.125		0.000178987
114.25		0.000178987
114.375		0.000178987
114.5		0.000178987
114.625		0.000178987
114.75		0.000178987
114.875		0.000178987
115		0.000178987
115.125		0.0188533
115.25		0.0188533
115.375		0.0188533
115.5		0.0188533
115.625		0.0188533
115.75		0.0188533
115.875		0.0188533
116		0.0188533
116.125		0.0188533
116.25		0.0188533
116.375		0.0188533
116.5		0.0188533
116.625		0.0188533
116.75		0.0188533
116.875		0.0188533
117		0.0188533
117.125		0.0188533
117.25		0.0188533
117.375		0.0188533
117.5		0.0188533
117.625		0.0188533
117.75		0.0188533
117.875		0.0188533
118		0.0188533
118.125		0.0188533
118.25		0.0188533
118.375		0.0188533
118.5		0.0188533
118.625		0.0188533
118.75		0.0188533
118.875		0.0188533
119		0.0188533
119.125		0.0188533
119.25		0.0188533
119.375		0.0188533
119.5		0.0188533
119.625		0.0188533
119.75		0.0188533
119.875		0.0188533
120		0.0188533
120.125		0.0540541
120.25		0.0540541
120.375		0.0540541
120.5		0.0540541
120.625		0.0540541
120.75		0.0540541
120.875		0.0540541
121		0.0540541
121.125		0.0540541
121.25		0.0540541
121.375		0.0540541
121.5		0.0540541
121.625		0.0540541
121.75		0.0540541
121.875		0.0540541
122		0.0540541
122.125		0.0540541
122.25		0.0540541
122.375		0.0540541
122.5		0.0540541
122.625		0.0540541
122.75		0.0540541
122.875		0.0540541
123		0.0540541
123.125		0.0540541
123.25		0.0540541
123.375		0.0540541
123.5		0.0540541
123.625		0.0540541
123.75		0.0540541
123.875		0.0540541
124		0.0540541
124.125		0.0540541
124.25		0.0540541
124.375		0.0540541
124.5		0.0540541
124.625		0.0540541
124.75		0.0540541
124.875		0.0540541
125		0.0540541
125.125		0.059543
125.25		0.059543
125.375		0.059543
125.5		0.059543
125.625		0.059543
125.75		0.059543
125.875		0.059543
126		0.059543
126.125		0.059543
126.25		0.059543
126.375		0.059543
126.5		0.059543
126.625		0.059543
126.75		0.059543
126.875		0.059543
127		0.059543
127.125		0.059543
127.25		0.059543
127.375		0.059543
127.5		0.059543
127.625		0.059543
127.75		0.059543
127.875		0.059543
128		0.059543
128.125		0.059543
128.25		0.059543
128.375		0.059543
128.5		0.059543
128.625		0.059543
128.75		0.059543
128.875		0.059543
129		0.059543
129.125		0.059543
129.25		0.059543
129.375		0.059543
129.5		0.059543
129.625		0.059543
129.75		0.059543
129.875		0.059543
130		0.059543
130.125		0.0671798
130.25		0.0671798
130.375		0.0671798
130.5		0.0671798
130.625		0.0671798
130.75		0.0671798
130.875		0.0671798
131		0.0671798
131.125		0.0671798
131.25		0.0671798
131.375		0.0671798
131.5		0.0671798
131.625		0.0671798
131.75		0.0671798
131.875		0.0671798
132		0.0671798
132.125		0.0671798
132.25		0.0671798
132.375		0.0671798
132.5		0.0671798
132.625		0.0671798
132.75		0.0671798
132.875		0.0671798
133		0.0671798
133.125		0.0671798
133.25		0.0671798
133.375		0.0671798
133.5		0.0671798
133.625		0.0671798
133.75		0.0671798
133.875		0.0671798
134		0.0671798
134.125		0.0671798
134.25		0.0671798
134.375		0.0671798
134.5		0.0671798
134.625		0.0671798
134.75		0.0671798
134.875		0.0671798
135		0.0671798
135.125		0.0783963
135.25		0.0783963
135.375		0.0783963
135.5		0.0783963
135.625		0.0783963
135.75		0.0783963
135.875		0.0783963
136		0.0783963
136.125		0.0783963
136.25		0.0783963
136.375		0.0783963
136.5		0.0783963
136.625		0.0783963
136.75		0.0783963
136.875		0.0783963
137		0.0783963
137.125		0.0783963
137.25		0.0783963
137.375		0.0783963
137.5		0.0783963
137.625		0.0783963
137.75		0.0783963
137.875		0.0783963
138		0.0783963
138.125		0.0783963
138.25		0.0783963
138.375		0.0783963
138.5		0.0783963
138.625		0.0783963
138.75		0.0783963
138.875		0.0783963
139		0.0783963
139.125		0.0783963
139.25		0.0783963
139.375		0.0783963
139.5		0.0783963
139.625		0.0783963
139.75		0.0783963
139.875		0.0783963
140		0.0783963
140.125		0.0910447
140.25		0.0910447
140.375		0.0910447
140.5		0.0910447
140.625		0.0910447
140.75		0.0910447
140.875		0.0910447
141		0.0910447
141.125		0.0910447
141.25		0.0910447
141.375		0.0910447
141.5		0.0910447
141.625		0.0910447
141.75		0.0910447
141.875		0.0910447
142		0.0910447
142.125		0.0910447
142.25		0.0910447
142.375		0.0910447
142.5		0.0910447
142.625		0.0910447
142.75		0.0910447
142.875		0.0910447
143		0.0910447
143.125		0.0910447
143.25		0.0910447
143.375		0.0910447
143.5		0.0910447
143.625		0.0910447
143.75		0.0910447
143.875		0.0910447
144		0.0910447
144.125		0.0910447
144.25		0.0910447
144.375		0.0910447
144.5		0.0910447
144.625		0.0910447
144.75		0.0910447
144.875		0.0910447
145		0.0910447
145.125		0.118668
145.25		0.118668
145.375		0.118668
145.5		0.118668
145.625		0.118668
145.75		0.118668
145.875		0.118668
146		0.118668
146.125		0.118668
146.25		0.118668
146.375		0.118668
146.5		0.118668
146.625		0.118668
146.75		0.118668
146.875		0.118668
147		0.118668
147.125		0.118668
147.25		0.118668
147.375		0.118668
147.5		0.118668
147.625		0.118668
147.75		0.118668
147.875		0.118668
148		0.118668
148.125		0.118668
148.25		0.118668
148.375		0.118668
148.5		0.118668
148.625		0.118668
148.75		0.118668
148.875		0.118668
149		0.118668
149.125		0.118668
149.25		0.118668
149.375		0.118668
149.5		0.118668
149.625		0.118668
149.75		0.118668
149.875		0.118668
150		0.118668
150.125		0.126961
150.25		0.126961
150.375		0.126961
150.5		0.126961
150.625		0.126961
150.75		0.126961
150.875		0.126961
151		0.126961
151.125		0.126961
151.25		0.126961
151.375		0.126961
151.5		0.126961
151.625		0.126961
151.75		0.126961
151.875		0.126961
152		0.126961
152.125		0.126961
152.25		0.126961
152.375		0.126961
152.5		0.126961
152.625		0.126961
152.75		0.126961
152.875		0.126961
153		0.126961
153.125		0.126961
153.25		0.126961
153.375		0.126961
153.5		0.126961
153.625		0.126961
153.75		0.126961
153.875		0.126961
154		0.126961
154.125		0.126961
154.25		0.126961
154.375		0.126961
154.5		0.126961
154.625		0.126961
154.75		0.126961
154.875		0.126961
155		0.126961
155.125		0.133226
155.25		0.133226
155.375		0.133226
155.5		0.133226
155.625		0.133226
155.75		0.133226
155.875		0.133226
156		0.133226
156.125		0.133226
156.25		0.133226
156.375		0.133226
156.5		0.133226
156.625		0.133226
156.75		0.133226
156.875		0.133226
157		0.133226
157.125		0.133226
157.25		0.133226
157.375		0.133226
157.5		0.133226
157.625		0.133226
157.75		0.133226
157.875		0.133226
158		0.133226
158.125		0.133226
158.25		0.133226
158.375		0.133226
158.5		0.133226
158.625		0.133226
158.75		0.133226
158.875		0.133226
159		0.133226
159.125		0.133226
159.25		0.133226
159.375		0.133226
159.5		0.133226
159.625		0.133226
159.75		0.133226
159.875		0.133226
160		0.133226
160.125		0.147784
160.25		0.147784
160.375		0.147784
160.5		0.147784
160.625		0.147784
160.75		0.147784
160.875		0.147784
161		0.147784
161.125		0.147784
161.25		0.147784
161.375		0.147784
161.5		0.147784
161.625		0.147784
161.75		0.147784
161.875		0.147784
162		0.147784
162.125		0.147784
162.25		0.147784
162.375		0.147784
162.5		0.147784
162.625		0.147784
162.75		0.147784
162.875		0.147784
163		0.147784
163.125		0.147784
163.25		0.147784
163.375		0.147784
163.5		0.147784
163.625		0.147784
163.75		0.147784
163.875		0.147784
164		0.147784
164.125		0.147784
164.25		0.147784
164.375		0.147784
164.5		0.147784
164.625		0.147784
164.75		0.147784
164.875		0.147784
165		0.147784
165.125		0.154585
165.25		0.154585
165.375		0.154585
165.5		0.154585
165.625		0.154585
165.75		0.154585
165.875		0.154585
166		0.154585
166.125		0.154585
166.25		0.154585
166.375		0.154585
166.5		0.154585
166.625		0.154585
166.75		0.154585
166.875		0.154585
167		0.154585
167.125		0.154585
167.25		0.154585
167.375		0.154585
167.5		0.154585
167.625		0.154585
167.75		0.154585
167.875		0.154585
168		0.154585
168.125		0.154585
168.25		0.154585
168.375		0.154585
168.5		0.154585
168.625		0.154585
168.75		0.154585
168.875		0.154585
169		0.154585
169.125		0.154585
169.25		0.154585
169.375		0.154585
169.5		0.154585
169.625		0.154585
169.75		0.154585
169.875		0.154585
170		0.154585
170.125		0.171947
170.25		0.171947
170.375		0.171947
170.5		0.171947
170.625		0.171947
170.75		0.171947
170.875		0.171947
171		0.171947
171.125		0.171947
171.25		0.171947
171.375		0.171947
171.5		0.171947
171.625		0.171947
171.75		0.171947
171.875		0.171947
172		0.171947
172.125		0.171947
172.25		0.171947
172.375		0.171947
172.5		0.171947
172.625		0.171947
172.75		0.171947
172.875		0.171947
173		0.171947
173.125		0.171947
173.25		0.171947
173.375		0.171947
173.5		0.171947
173.625		0.171947
173.75		0.171947
173.875		0.171947
174		0.171947
174.125		0.171947
174.25		0.171947
174.375		0.171947
174.5		0.171947
174.625		0.171947
174.75		0.171947
174.875		0.171947
175		0.171947
175.125		0.186982
175.25		0.186982
175.375		0.186982
175.5		0.186982
175.625		0.186982
175.75		0.186982
175.875		0.186982
176		0.186982
176.125		0.186982
176.25		0.186982
176.375		0.186982
176.5		0.186982
176.625		0.186982
176.75		0.186982
176.875		0.186982
177		0.186982
177.125		0.186982
177.25		0.186982
177.375		0.186982
177.5		0.186982
177.625		0.186982
177.75		0.186982
177.875		0.186982
178		0.186982
178.125		0.186982
178.25		0.186982
178.375		0.186982
178.5		0.186982
178.625		0.186982
178.75		0.186982
178.875		0.186982
179		0.186982
179.125		0.186982
179.25		0.186982
179.375		0.186982
179.5		0.186982
179.625		0.186982
179.75		0.186982
179.875		0.186982
180		0.186982
180.125		0.191576
180.25		0.191576
180.375		0.191576
180.5		0.191576
180.625		0.191576
180.75		0.191576
180.875		0.191576
181		0.191576
181.125		0.191576
181.25		0.191576
181.375		0.191576
181.5		0.191576
181.625		0.191576
181.75		0.191576
181.875		0.191576
182		0.191576
182.125		0.191576
182.25		0.191576
182.375		0.191576
182.5		0.191576
182.625		0.191576
182.75		0.191576
182.875		0.191576
183		0.191576
183.125		0.191576
183.25		0.191576
183.375		0.191576
183.5		0.191576
183.625		0.191576
183.75		0.191576
183.875		0.191576
184		0.191576
184.125		0.191576
184.25		0.191576
184.375		0.191576
184.5		0.191576
184.625		0.191576
184.75		0.191576
184.875		0.191576
185		0.191576
185.125		0.212398
185.25		0.212398
185.375		0.212398
185.5		0.212398
185.625		0.212398
185.75		0.212398
185.875		0.212398
186		0.212398
186.125		0.212398
186.25		0.212398
186.375		0.212398
186.5		0.212398
186.625		0.212398
186.75		0.212398
186.875		0.212398
187		0.212398
187.125		0.212398
187.25		0.212398
187.375		0.212398
187.5		0.212398
187.625		0.212398
187.75		0.212398
187.875		0.212398
188		0.212398
188.125		0.212398
188.25		0.212398
188.375		0.212398
188.5		0.212398
188.625		0.212398
188.75		0.212398
188.875		0.212398
189		0.212398
189.125		0.212398
189.25		0.212398
189.375		0.212398
189.5		0.212398
189.625		0.212398
189.75		0.212398
189.875		0.212398
190		0.212398
190.125		0.230476
190.25		0.230476
190.375		0.230476
190.5		0.230476
190.625		0.230476
190.75		0.230476
190.875		0.230476
191		0.230476
191.125		0.230476
191.25		0.230476
191.375		0.230476
191.5		0.230476
191.625		0.230476
191.75		0.230476
191.875		0.230476
192		0.230476
192.125		0.230476
192.25		0.230476
192.375		0.230476
192.5		0.230476
192.625		0.230476
192.75		0.230476
192.875		0.230476
193		0.230476
193.125		0.230476
193.25		0.230476
193.375		0.230476
193.5		0.230476
193.625		0.230476
193.75		0.230476
193.875		0.230476
194		0.230476
194.125		0.230476
194.25		0.230476
194.375		0.230476
194.5		0.230476
194.625		0.230476
194.75		0.230476
194.875		0.230476
195		0.230476
195.125		0.23322
195.25		0.23322
195.375		0.23322
195.5		0.23322
195.625		0.23322
195.75		0.23322
195.875		0.23322
196		0.23322
196.125		0.23322
196.25		0.23322
196.375		0.23322
196.5		0.23322
196.625		0.23322
196.75		0.23322
196.875		0.23322
197		0.23322
197.125		0.23322
197.25		0.23322
197.375		0.23322
197.5		0.23322
197.625		0.23322
197.75		0.23322
197.875		0.23322
198		0.23322
198.125		0.23322
198.25		0.23322
198.375		0.23322
198.5		0.23322
198.625		0.23322
198.75		0.23322
198.875		0.23322
199		0.23322
199.125		0.23322
199.25		0.23322
199.375		0.23322
199.5		0.23322
199.625		0.23322
199.75		0.23322
199.875		0.23322
200		0.23322
200.125		0.239007
200.25		0.239007
200.375		0.239007
200.5		0.239007
200.625		0.239007
200.75		0.239007
200.875		0.239007
201		0.239007
201.125		0.239007
201.25		0.239007
201.375		0.239007
201.5		0.239007
201.625		0.239007
201.75		0.239007
201.875		0.239007
202		0.239007
202.125		0.239007
202.25		0.239007
202.375		0.239007
202.5		0.239007
202.625		0.239007
202.75		0.239007
202.875		0.239007
203		0.239007
203.125		0.239007
203.25		0.239007
203.375		0.239007
203.5		0.239007
203.625		0.239007
203.75		0.239007
203.875		0.239007
204		0.239007
204.125		0.239007
204.25		0.239007
204.375		0.239007
204.5		0.239007
204.625		0.239007
204.75		0.239007
204.875		0.239007
205		0.239007
205.125		0.265199
205.25		0.265199
205.375		0.265199
205.5		0.265199
205.625		0.265199
205.75		0.265199
205.875		0.265199
206		0.265199
206.125		0.265199
206.25		0.265199
206.375		0.265199
206.5		0.265199
206.625		0.265199
206.75		0.265199
206.875		0.265199
207		0.265199
207.125		0.265199
207.25		0.265199
207.375		0.265199
207.5		0.265199
207.625		0.265199
207.75		0.265199
207.875		0.265199
208		0.265199
208.125		0.265199
208.25		0.265199
208.375		0.265199
208.5		0.265199
208.625		0.265199
208.75		0.265199
208.875		0.265199
209		0.265199
209.125		0.265199
209.25		0.265199
209.375		0.265199
209.5		0.265199
209.625		0.265199
209.75		0.265199
209.875		0.265199
210		0.265199
210.125		0.269733
210.25		0.269733
210.375		0.269733
210.5		0.269733
210.625		0.269733
210.75		0.269733
210.875		0.269733
211		0.269733
211.125		0.269733
211.25		0.269733
211.375		0.269733
211.5		0.269733
211.625		0.269733
211.75		0.269733
211.875		0.269733
212		0.269733
212.125		0.269733
212.25		0.269733
212.375		0.269733
212.5		0.269733
212.625		0.269733
212.75		0.269733
212.875		0.269733
213		0.269733
213.125		0.269733
213.25		0.269733
213.375		0.269733
213.5		0.269733
213.625		0.269733
213.75		0.269733
213.875		0.269733
214		0.269733
214.125		0.269733
214.25		0.269733
214.375		0.269733
214.5		0.269733
214.625		0.269733
214.75		0.269733
214.875		0.269733
215		0.269733
215.125		0.285126
215.25		0.285126
215.375		0.285126
215.5		0.285126
215.625		0.285126
215.75		0.285126
215.875		0.285126
216		0.285126
216.125		0.285126
216.25		0.285126
216.375		0.285126
216.5		0.285126
216.625		0.285126
216.75		0.285126
216.875		0.285126
217		0.285126
217.125		0.285126
217.25		0.285126
217.375		0.285126
217.5		0.285126
217.625		0.285126
217.75		0.285126
217.875		0.285126
218		0.285126
218.125		0.285126
218.25		0.285126
218.375		0.285126
218.5		0.285126
218.625		0.285126
218.75		0.285126
218.875		0.285126
219		0.285126
219.125		0.285126
219.25		0.285126
219.375		0.285126
219.5		0.285126
219.625		0.285126
219.75		0.285126
219.875		0.285126
220		0.285126
220.125		0.296462
220.25		0.296462
220.375		0.296462
220.5		0.296462
220.625		0.296462
220.75		0.296462
220.875		0.296462
221		0.296462
221.125		0.296462
221.25		0.296462
221.375		0.296462
221.5		0.296462
221.625		0.296462
221.75		0.296462
221.875		0.296462
222		0.296462
222.125		0.296462
222.25		0.296462
222.375		0.296462
222.5		0.296462
222.625		0.296462
222.75		0.296462
222.875		0.296462
223		0.296462
223.125		0.296462
223.25		0.296462
223.375		0.296462
223.5		0.296462
223.625		0.296462
223.75		0.296462
223.875		0.296462
224		0.296462
224.125		0.296462
224.25		0.296462
224.375		0.296462
224.5		0.296462
224.625		0.296462
224.75		0.296462
224.875		0.296462
225		0.296462
225.125		0.300937
225.25		0.300937
225.375		0.300937
225.5		0.300937
225.625		0.300937
225.75		0.300937
225.875		0.300937
226		0.300937
226.125		0.300937
226.25		0.300937
226.375		0.300937
226.5		0.300937
226.625		0.300937
226.75		0.300937
226.875		0.300937
227		0.300937
227.125		0.300937
227.25		0.300937
227.375		0.300937
227.5		0.300937
227.625		0.300937
227.75		0.300937
227.875		0.300937
228		0.300937
228.125		0.300937
228.25		0.300937
228.375		0.300937
228.5		0.300937
228.625		0.300937
228.75		0.300937
228.875		0.300937
229		0.300937
229.125		0.300937
229.25		0.300937
229.375		0.300937
229.5		0.300937
229.625		0.300937
229.75		0.300937
229.875		0.300937
230		0.300937
230.125		0.330768
230.25		0.330768
230.375		0.330768
230.5		0.330768
230.625		0.330768
230.75		0.330768
230.875		0.330768
231		0.330768
231.125		0.330768
231.25		0.330768
231.375		0.330768
231.5		0.330768
231.625		0.330768
231.75		0.330768
231.875		0.330768
232		0.330768
232.125		0.330768
232.25		0.330768
232.375		0.330768
232.5		0.330768
232.625		0.330768
232.75		0.330768
232.875		0.330768
233		0.330768
233.125		0.330768
233.25		0.330768
233.375		0.330768
233.5		0.330768
233.625		0.330768
233.75		0.330768
233.875		0.330768
234		0.330768
234.125		0.330768
234.25		0.330768
234.375		0.330768
234.5		0.330768
234.625		0.330768
234.75		0.330768
234.875		0.330768
235		0.330768
235.125		0.332916
235.25		0.332916
235.375		0.332916
235.5		0.332916
235.625		0.332916
235.75		0.332916
235.875		0.332916
236		0.332916
236.125		0.332916
236.25		0.332916
236.375		0.332916
236.5		0.332916
236.625		0.332916
236.75		0.332916
236.875		0.332916
237		0.332916
237.125		0.332916
237.25		0.332916
237.375		0.332916
237.5		0.332916
237.625		0.332916
237.75		0.332916
237.875		0.332916
238		0.332916
238.125		0.332916
238.25		0.332916
238.375		0.332916
238.5		0.332916
238.625		0.332916
238.75		0.332916
238.875		0.332916
239		0.332916
239.125		0.332916
239.25		0.332916
239.375		0.332916
239.5		0.332916
239.625		0.332916
239.75		0.332916
239.875		0.332916
240		0.332916
240.125		0.347652
240.25		0.347652
240.375		0.347652
240.5		0.347652
240.625		0.347652
240.75		0.347652
240.875		0.347652
241		0.347652
241.125		0.347652
241.25		0.347652
241.375		0.347652
241.5		0.347652
241.625		0.347652
241.75		0.347652
241.875		0.347652
242		0.347652
242.125		0.347652
242.25		0.347652
242.375		0.347652
242.5		0.347652
242.625		0.347652
242.75		0.347652
242.875		0.347652
243		0.347652
243.125		0.347652
243.25		0.347652
243.375		0.347652
243.5		0.347652
243.625		0.347652
243.75		0.347652
243.875		0.347652
244		0.347652
244.125		0.347652
244.25		0.347652
244.375		0.347652
244.5		0.347652
244.625		0.347652
244.75		0.347652
244.875		0.347652
245		0.347652
245.125		0.352724
245.25		0.352724
245.375		0.352724
245.5		0.352724
245.625		0.352724
245.75		0.352724
245.875		0.352724
246		0.352724
246.125		0.352724
246.25		0.352724
246.375		0.352724
246.5		0.352724
246.625		0.352724
246.75		0.352724
246.875		0.352724
247		0.352724
247.125		0.352724
247.25		0.352724
247.375		0.352724
247.5		0.352724
247.625		0.352724
247.75		0.352724
247.875		0.352724
248		0.352724
248.125		0.352724
248.25		0.352724
248.375		0.352724
248.5		0.352724
248.625		0.352724
248.75		0.352724
248.875		0.352724
249		0.352724
249.125		0.352724
249.25		0.352724
249.375		0.352724
249.5		0.352724
249.625		0.352724
249.75		0.352724
249.875		0.352724
250		0.352724
250.125		0.378259
250.25		0.378259
250.375		0.378259
250.5		0.378259
250.625		0.378259
250.75		0.378259
250.875		0.378259
251		0.378259
251.125		0.378259
251.25		0.378259
251.375		0.378259
251.5		0.378259
251.625		0.378259
251.75		0.378259
251.875		0.378259
252		0.378259
252.125		0.378259
252.25		0.378259
252.375		0.378259
252.5		0.378259
252.625		0.378259
252.75		0.378259
252.875		0.378259
253		0.378259
253.125		0.378259
253.25		0.378259
253.375		0.378259
253.5		0.378259
253.625		0.378259
253.75		0.378259
253.875		0.378259
254		0.378259
254.125		0.378259
254.25		0.378259
254.375		0.378259
254.5		0.378259
254.625		0.378259
254.75		0.378259
254.875		0.378259
255		0.378259
255.125		0.399976
255.25		0.399976
255.375		0.399976
255.5		0.399976
255.625		0.399976
255.75		0.399976
255.875		0.399976
256		0.399976
256.125		0.399976
256.25		0.399976
256.375		0.399976
256.5		0.399976
256.625		0.399976
256.75		0.399976
256.875		0.399976
257		0.399976
257.125		0.399976
257.25		0.399976
257.375		0.399976
257.5		0.399976
257.625		0.399976
257.75		0.399976
257.875		0.399976
258		0.399976
258.125		0.399976
258.25		0.399976
258.375		0.399976
258.5		0.399976
258.625		0.399976
258.75		0.399976
258.875		0.399976
259		0.399976
259.125		0.399976
259.25		0.399976
259.375		0.399976
259.5		0.399976
259.625		0.399976
259.75		0.399976
259.875		0.399976
260		0.399976
260.125		0.403556
260.25		0.403556
260.375		0.403556
260.5		0.403556
260.625		0.403556
260.75		0.403556
260.875		0.403556
261		0.403556
261.125		0.403556
261.25		0.403556
261.375		0.403556
261.5		0.403556
261.625		0.403556
261.75		0.403556
261.875		0.403556
262		0.403556
262.125		0.403556
262.25		0.403556
262.375		0.403556
262.5		0.403556
262.625		0.403556
262.75		0.403556
262.875		0.403556
263		0.403556
263.125		0.403556
263.25		0.403556
263.375		0.403556
263.5		0.403556
263.625		0.403556
263.75		0.403556
263.875		0.403556
264		0.403556
264.125		0.403556
264.25		0.403556
264.375		0.403556
264.5		0.403556
264.625		0.403556
264.75		0.403556
264.875		0.403556
265		0.403556
265.125		0.413818
265.25		0.413818
265.375		0.413818
265.5		0.413818
265.625		0.413818
265.75		0.413818
265.875		0.413818
266		0.413818
266.125		0.413818
266.25		0.413818
266.375		0.413818
266.5		0.413818
266.625		0.413818
266.75		0.413818
266.875		0.413818
267		0.413818
267.125		0.413818
267.25		0.413818
267.375		0.413818
267.5		0.413818
267.625		0.413818
267.75		0.413818
267.875		0.413818
268		0.413818
268.125		0.413818
268.25		0.413818
268.375		0.413818
268.5		0.413818
268.625		0.413818
268.75		0.413818
268.875		0.413818
269		0.413818
269.125		0.413818
269.25		0.413818
269.375		0.413818
269.5		0.413818
269.625		0.413818
269.75		0.413818
269.875		0.413818
270		0.413818
270.125		0.422648
270.25		0.422648
270.375		0.422648
270.5		0.422648
270.625		0.422648
270.75		0.422648
270.875		0.422648
271		0.422648
271.125		0.422648
271.25		0.422648
271.375		0.422648
271.5		0.422648
271.625		0.422648
271.75		0.422648
271.875		0.422648
272		0.422648
272.125		0.422648
272.25		0.422648
272.375		0.422648
272.5		0.422648
272.625		0.422648
272.75		0.422648
272.875		0.422648
273		0.422648
273.125		0.422648
273.25		0.422648
273.375		0.422648
273.5		0.422648
273.625		0.422648
273.75		0.422648
273.875		0.422648
274		0.422648
274.125		0.422648
274.25		0.422648
274.375		0.422648
274.5		0.422648
274.625		0.422648
274.75		0.422648
274.875		0.422648
275		0.422648
275.125		0.450928
275.25		0.450928
275.375		0.450928
275.5		0.450928
275.625		0.450928
275.75		0.450928
275.875		0.450928
276		0.450928
276.125		0.450928
276.25		0.450928
276.375		0.450928
276.5		0.450928
276.625		0.450928
276.75		0.450928
276.875		0.450928
277		0.450928
277.125		0.450928
277.25		0.450928
277.375		0.450928
277.5		0.450928
277.625		0.450928
277.75		0.450928
277.875		0.450928
278		0.450928
278.125		0.450928
278.25		0.450928
278.375		0.450928
278.5		0.450928
278.625		0.450928
278.75		0.450928
278.875		0.450928
279		0.450928
279.125		0.450928
279.25		0.450928
279.375		0.450928
279.5		0.450928
279.625		0.450928
279.75		0.450928
279.875		0.450928
280		0.450928
280.125		0.462681
280.25		0.462681
280.375		0.462681
280.5		0.462681
280.625		0.462681
280.75		0.462681
280.875		0.462681
281		0.462681
281.125		0.462681
281.25		0.462681
281.375		0.462681
281.5		0.462681
281.625		0.462681
281.75		0.462681
281.875		0.462681
282		0.462681
282.125		0.462681
282.25		0.462681
282.375		0.462681
282.5		0.462681
282.625		0.462681
282.75		0.462681
282.875		0.462681
283		0.462681
283.125		0.462681
283.25		0.462681
283.375		0.462681
283.5		0.462681
283.625		0.462681
283.75		0.462681
283.875		0.462681
284		0.462681
284.125		0.462681
284.25		0.462681
284.375		0.462681
284.5		0.462681
284.625		0.462681
284.75		0.462681
284.875		0.462681
285		0.462681
285.125		0.465605
285.25		0.465605
285.375		0.465605
285.5		0.465605
285.625		0.465605
285.75		0.465605
285.875		0.465605
286		0.465605
286.125		0.465605
286.25		0.465605
286.375		0.465605
286.5		0.465605
286.625		0.465605
286.75		0.465605
286.875		0.465605
287		0.465605
287.125		0.465605
287.25		0.465605
287.375		0.465605
287.5		0.465605
287.625		0.465605
287.75		0.465605
287.875		0.465605
288		0.465605
288.125		0.465605
288.25		0.465605
288.375		0.465605
288.5		0.465605
288.625		0.465605
288.75		0.465605
288.875		0.465605
289		0.465605
289.125		0.465605
289.25		0.465605
289.375		0.465605
289.5		0.465605
289.625		0.465605
289.75		0.465605
289.875		0.465605
290		0.465605
290.125		0.489529
290.25		0.489529
290.375		0.489529
290.5		0.489529
290.625		0.489529
290.75		0.489529
290.875		0.489529
291		0.489529
291.125		0.489529
291.25		0.489529
291.375		0.489529
291.5		0.489529
291.625		0.489529
291.75		0.489529
291.875		0.489529
292		0.489529
292.125		0.489529
292.25		0.489529
292.375		0.489529
292.5		0.489529
292.625		0.489529
292.75		0.489529
292.875		0.489529
293		0.489529
293.125		0.489529
293.25		0.489529
293.375		0.489529
293.5		0.489529
293.625		0.489529
293.75		0.489529
293.875		0.489529
294		0.489529
294.125		0.489529
294.25		0.489529
294.375		0.489529
294.5		0.489529
294.625		0.489529
294.75		0.489529
294.875		0.489529
295		0.489529
295.125		0.490663
295.25		0.490663
295.375		0.490663
295.5		0.490663
295.625		0.490663
295.75		0.490663
295.875		0.490663
296		0.490663
296.125		0.490663
296.25		0.490663
296.375		0.490663
296.5		0.490663
296.625		0.490663
296.75		0.490663
296.875		0.490663
297		0.490663
297.125		0.490663
297.25		0.490663
297.375		0.490663
297.5		0.490663
297.625		0.490663
297.75		0.490663
297.875		0.490663
298		0.490663
298.125		0.490663
298.25		0.490663
298.375		0.490663
298.5		0.490663
298.625		0.490663
298.75		0.490663
298.875		0.490663
299		0.490663
299.125		0.490663
299.25		0.490663
299.375		0.490663
299.5		0.490663
299.625		0.490663
299.75		0.490663
299.875		0.490663
300		0.490663
300.125		0.506593
300.25		0.506593
300.375		0.506593
300.5		0.506593
300.625		0.506593
300.75		0.506593
300.875		0.506593
301		0.506593
301.125		0.506593
301.25		0.506593
301.375		0.506593
301.5		0.506593
301.625		0.506593
301.75		0.506593
301.875		0.506593
302		0.506593
302.125		0.506593
302.25		0.506593
302.375		0.506593
302.5		0.506593
302.625		0.506593
302.75		0.506593
302.875		0.506593
303		0.506593
303.125		0.506593
303.25		0.506593
303.375		0.506593
303.5		0.506593
303.625		0.506593
303.75		0.506593
303.875		0.506593
304		0.506593
304.125		0.506593
304.25		0.506593
304.375		0.506593
304.5		0.506593
304.625		0.506593
304.75		0.506593
304.875		0.506593
305		0.506593
305.125		0.523596
305.25		0.523596
305.375		0.523596
305.5		0.523596
305.625		0.523596
305.75		0.523596
305.875		0.523596
306		0.523596
306.125		0.523596
306.25		0.523596
306.375		0.523596
306.5		0.523596
306.625		0.523596
306.75		0.523596
306.875		0.523596
307		0.523596
307.125		0.523596
307.25		0.523596
307.375		0.523596
307.5		0.523596
307.625		0.523596
307.75		0.523596
307.875		0.523596
308		0.523596
308.125		0.523596
308.25		0.523596
308.375		0.523596
308.5		0.523596
308.625		0.523596
308.75		0.523596
308.875		0.523596
309		0.523596
309.125		0.523596
309.25		0.523596
309.375		0.523596
309.5		0.523596
309.625		0.523596
309.75		0.523596
309.875		0.523596
310		0.523596
310.125		0.525028
310.25		0.525028
310.375		0.525028
310.5		0.525028
310.625		0.525028
310.75		0.525028
310.875		0.525028
311		0.525028
311.125		0.525028
311.25		0.525028
311.375		0.525028
311.5		0.525028
311.625		0.525028
311.75		0.525028
311.875		0.525028
312		0.525028
312.125		0.525028
312.25		0.525028
312.375		0.525028
312.5		0.525028
312.625		0.525028
312.75		0.525028
312.875		0.525028
313		0.525028
313.125		0.525028
313.25		0.525028
313.375		0.525028
313.5		0.525028
313.625		0.525028
313.75		0.525028
313.875		0.525028
314		0.525028
314.125		0.525028
314.25		0.525028
314.375		0.525028
314.5		0.525028
314.625		0.525028
314.75		0.525028
314.875		0.525028
315		0.525028
315.125		0.550385
315.25		0.550385
315.375		0.550385
315.5		0.550385
315.625		0.550385
315.75		0.550385
315.875		0.550385
316		0.550385
316.125		0.550385
316.25		0.550385
316.375		0.550385
316.5		0.550385
316.625		0.550385
316.75		0.550385
316.875		0.550385
317		0.550385
317.125		0.550385
317.25		0.550385
317.375		0.550385
317.5		0.550385
317.625		0.550385
317.75		0.550385
317.875		0.550385
318		0.550385
318.125		0.550385
318.25		0.550385
318.375		0.550385
318.5		0.550385
318.625		0.550385
318.75		0.550385
318.875		0.550385
319		0.550385
319.125		0.550385
319.25		0.550385
319.375		0.550385
319.5		0.550385
319.625		0.550385
319.75		0.550385
319.875		0.550385
320		0.550385
320.125		0.557425
320.25		0.557425
320.375		0.557425
320.5		0.557425
320.625		0.557425
320.75		0.557425
320.875		0.557425
321		0.557425
321.125		0.557425
321.25		0.557425
321.375		0.557425
321.5		0.557425
321.625		0.557425
321.75		0.557425
321.875		0.557425
322		0.557425
322.125		0.557425
322.25		0.557425
322.375		0.557425
322.5		0.557425
322.625		0.557425
322.75		0.557425
322.875		0.557425
323		0.557425
323.125		0.557425
323.25		0.557425
323.375		0.557425
323.5		0.557425
323.625		0.557425
323.75		0.557425
323.875		0.557425
324		0.557425
324.125		0.557425
324.25		0.557425
324.375		0.557425
324.5		0.557425
324.625		0.557425
324.75		0.557425
324.875		0.557425
325		0.557425
325.125		0.5619
325.25		0.5619
325.375		0.5619
325.5		0.5619
325.625		0.5619
325.75		0.5619
325.875		0.5619
326		0.5619
326.125		0.5619
326.25		0.5619
326.375		0.5619
326.5		0.5619
326.625		0.5619
326.75		0.5619
326.875		0.5619
327		0.5619
327.125		0.5619
327.25		0.5619
327.375		0.5619
327.5		0.5619
327.625		0.5619
327.75		0.5619
327.875		0.5619
328		0.5619
328.125		0.5619
328.25		0.5619
328.375		0.5619
328.5		0.5619
328.625		0.5619
328.75		0.5619
328.875		0.5619
329		0.5619
329.125		0.5619
329.25		0.5619
329.375		0.5619
329.5		0.5619
329.625		0.5619
329.75		0.5619
329.875		0.5619
330		0.5619
330.125		0.576219
330.25		0.576219
330.375		0.576219
330.5		0.576219
330.625		0.576219
330.75		0.576219
330.875		0.576219
331		0.576219
331.125		0.576219
331.25		0.576219
331.375		0.576219
331.5		0.576219
331.625		0.576219
331.75		0.576219
331.875		0.576219
332		0.576219
332.125		0.576219
332.25		0.576219
332.375		0.576219
332.5		0.576219
332.625		0.576219
332.75		0.576219
332.875		0.576219
333		0.576219
333.125		0.576219
333.25		0.576219
333.375		0.576219
333.5		0.576219
333.625		0.576219
333.75		0.576219
333.875		0.576219
334		0.576219
334.125		0.576219
334.25		0.576219
334.375		0.576219
334.5		0.576219
334.625		0.576219
334.75		0.576219
334.875		0.576219
335		0.576219
335.125		0.590836
335.25		0.590836
335.375		0.590836
335.5		0.590836
335.625		0.590836
335.75		0.590836
335.875		0.590836
336		0.590836
336.125		0.590836
336.25		0.590836
336.375		0.590836
336.5		0.590836
336.625		0.590836
336.75		0.590836
336.875		0.590836
337		0.590836
337.125		0.590836
337.25		0.590836
337.375		0.590836
337.5		0.590836
337.625		0.590836
337.75		0.590836
337.875		0.590836
338		0.590836
338.125		0.590836
338.25		0.590836
338.375		0.590836
338.5		0.590836
338.625		0.590836
338.75		0.590836
338.875		0.590836
339		0.590836
339.125		0.590836
339.25		0.590836
339.375		0.590836
339.5		0.590836
339.625		0.590836
339.75		0.590836
339.875		0.590836
340		0.590836
340.125		0.604678
340.25		0.604678
340.375		0.604678
340.5		0.604678
340.625		0.604678
340.75		0.604678
340.875		0.604678
341		0.604678
341.125		0.604678
341.25		0.604678
341.375		0.604678
341.5		0.604678
341.625		0.604678
341.75		0.604678
341.875		0.604678
342		0.604678
342.125		0.604678
342.25		0.604678
342.375		0.604678
342.5		0.604678
342.625		0.604678
342.75		0.604678
342.875		0.604678
343		0.604678
343.125		0.604678
343.25		0.604678
343.375		0.604678
343.5		0.604678
343.625		0.604678
343.75		0.604678
343.875		0.604678
344		0.604678
344.125		0.604678
344.25		0.604678
344.375		0.604678
344.5		0.604678
344.625		0.604678
344.75		0.604678
344.875		0.604678
345		0.604678
345.125		0.619295
345.25		0.619295
345.375		0.619295
345.5		0.619295
345.625		0.619295
345.75		0.619295
345.875		0.619295
346		0.619295
346.125		0.619295
346.25		0.619295
346.375		0.619295
346.5		0.619295
346.625		0.619295
346.75		0.619295
346.875		0.619295
347		0.619295
347.125		0.619295
347.25		0.619295
347.375		0.619295
347.5		0.619295
347.625		0.619295
347.75		0.619295
347.875		0.619295
348		0.619295
348.125		0.619295
348.25		0.619295
348.375		0.619295
348.5		0.619295
348.625		0.619295
348.75		0.619295
348.875		0.619295
349		0.619295
349.125		0.619295
349.25		0.619295
349.375		0.619295
349.5		0.619295
349.625		0.619295
349.75		0.619295
349.875		0.619295
350		0.619295
350.125		0.619772
350.25		0.619772
350.375		0.619772
350.5		0.619772
350.625		0.619772
350.75		0.619772
350.875		0.619772
351		0.619772
351.125		0.619772
351.25		0.619772
351.375		0.619772
351.5		0.619772
351.625		0.619772
351.75		0.619772
351.875		0.619772
352		0.619772
352.125		0.619772
352.25		0.619772
352.375		0.619772
352.5		0.619772
352.625		0.619772
352.75		0.619772
352.875		0.619772
353		0.619772
353.125		0.619772
353.25		0.619772
353.375		0.619772
353.5		0.619772
353.625		0.619772
353.75		0.619772
353.875		0.619772
354		0.619772
354.125		0.619772
354.25		0.619772
354.375		0.619772
354.5		0.619772
354.625		0.619772
354.75		0.619772
354.875		0.619772
355		0.619772
355.125		0.62896
355.25		0.62896
355.375		0.62896
355.5		0.62896
355.625		0.62896
355.75		0.62896
355.875		0.62896
356		0.62896
356.125		0.62896
356.25		0.62896
356.375		0.62896
356.5		0.62896
356.625		0.62896
356.75		0.62896
356.875		0.62896
357		0.62896
357.125		0.62896
357.25		0.62896
357.375		0.62896
357.5		0.62896
357.625		0.62896
357.75		0.62896
357.875		0.62896
358		0.62896
358.125		0.62896
358.25		0.62896
358.375		0.62896
358.5		0.62896
358.625		0.62896
358.75		0.62896
358.875		0.62896
359		0.62896
359.125		0.62896
359.25		0.62896
359.375		0.62896
359.5		0.62896
359.625		0.62896
359.75		0.62896
359.875		0.62896
360		0.62896
360.125		0.661953
360.25		0.661953
360.375		0.661953
360.5		0.661953
360.625		0.661953
360.75		0.661953
360.875		0.661953
361		0.661953
361.125		0.661953
361.25		0.661953
361.375		0.661953
361.5		0.661953
361.625		0.661953
361.75		0.661953
361.875		0.661953
362		0.661953
362.125		0.661953
362.25		0.661953
362.375		0.661953
362.5		0.661953
362.625		0.661953
362.75		0.661953
362.875		0.661953
363		0.661953
363.125		0.661953
363.25		0.661953
363.375		0.661953
363.5		0.661953
363.625		0.661953
363.75		0.661953
363.875		0.661953
364		0.661953
364.125		0.661953
364.25		0.661953
364.375		0.661953
364.5		0.661953
364.625		0.661953
364.75		0.661953
364.875		0.661953
365		0.661953
365.125		0.665533
365.25		0.665533
365.375		0.665533
365.5		0.665533
365.625		0.665533
365.75		0.665533
365.875		0.665533
366		0.665533
366.125		0.665533
366.25		0.665533
366.375		0.665533
366.5		0.665533
366.625		0.665533
366.75		0.665533
366.875		0.665533
367		0.665533
367.125		0.665533
367.25		0.665533
367.375		0.665533
367.5		0.665533
367.625		0.665533
367.75		0.665533
367.875		0.665533
368		0.665533
368.125		0.665533
368.25		0.665533
368.375		0.665533
368.5		0.665533
368.625		0.665533
368.75		0.665533
368.875		0.665533
369		0.665533
369.125		0.665533
369.25		0.665533
369.375		0.665533
369.5		0.665533
369.625		0.665533
369.75		0.665533
369.875		0.665533
370		0.665533
370.125		0.670306
370.25		0.670306
370.375		0.670306
370.5		0.670306
370.625		0.670306
370.75		0.670306
370.875		0.670306
371		0.670306
371.125		0.670306
371.25		0.670306
371.375		0.670306
371.5		0.670306
371.625		0.670306
371.75		0.670306
371.875		0.670306
372		0.670306
372.125		0.670306
372.25		0.670306
372.375		0.670306
372.5		0.670306
372.625		0.670306
372.75		0.670306
372.875		0.670306
373		0.670306
373.125		0.670306
373.25		0.670306
373.375		0.670306
373.5		0.670306
373.625		0.670306
373.75		0.670306
373.875		0.670306
374		0.670306
374.125		0.670306
374.25		0.670306
374.375		0.670306
374.5		0.670306
374.625		0.670306
374.75		0.670306
374.875		0.670306
375		0.670306
375.125		0.691606
375.25		0.691606
375.375		0.691606
375.5		0.691606
375.625		0.691606
375.75		0.691606
375.875		0.691606
376		0.691606
376.125		0.691606
376.25		0.691606
376.375		0.691606
376.5		0.691606
376.625		0.691606
376.75		0.691606
376.875		0.691606
377		0.691606
377.125		0.691606
377.25		0.691606
377.375		0.691606
377.5		0.691606
377.625		0.691606
377.75		0.691606
377.875		0.691606
378		0.691606
378.125		0.691606
378.25		0.691606
378.375		0.691606
378.5		0.691606
378.625		0.691606
378.75		0.691606
378.875		0.691606
379		0.691606
379.125		0.691606
379.25		0.691606
379.375		0.691606
379.5		0.691606
379.625		0.691606
379.75		0.691606
379.875		0.691606
380		0.691606
380.125		0.709624
380.25		0.709624
380.375		0.709624
380.5		0.709624
380.625		0.709624
380.75		0.709624
380.875		0.709624
381		0.709624
381.125		0.709624
381.25		0.709624
381.375		0.709624
381.5		0.709624
381.625		0.709624
381.75		0.709624
381.875		0.709624
382		0.709624
382.125		0.709624
382.25		0.709624
382.375		0.709624
382.5		0.709624
382.625		0.709624
382.75		0.709624
382.875		0.709624
383		0.709624
383.125		0.709624
383.25		0.709624
383.375		0.709624
383.5		0.709624
383.625		0.709624
383.75		0.709624
383.875		0.709624
384		0.709624
384.125		0.709624
384.25		0.709624
384.375		0.709624
384.5		0.709624
384.625		0.709624
384.75		0.709624
384.875		0.709624
385		0.709624
385.125		0.723883
385.25		0.723883
385.375		0.723883
385.5		0.723883
385.625		0.723883
385.75		0.723883
385.875		0.723883
386		0.723883
386.125		0.723883
386.25		0.723883
386.375		0.723883
386.5		0.723883
386.625		0.723883
386.75		0.723883
386.875		0.723883
387		0.723883
387.125		0.723883
387.25		0.723883
387.375		0.723883
387.5		0.723883
387.625		0.723883
387.75		0.723883
387.875		0.723883
388		0.723883
388.125		0.723883
388.25		0.723883
388.375		0.723883
388.5		0.723883
388.625		0.723883
388.75		0.723883
388.875		0.723883
389		0.723883
389.125		0.723883
389.25		0.723883
389.375		0.723883
389.5		0.723883
389.625		0.723883
389.75		0.723883
389.875		0.723883
390		0.723883
390.125		0.724479
390.25		0.724479
390.375		0.724479
390.5		0.724479
390.625		0.724479
390.75		0.724479
390.875		0.724479
391		0.724479
391.125		0.724479
391.25		0.724479
391.375		0.724479
391.5		0.724479
391.625		0.724479
391.75		0.724479
391.875		0.724479
392		0.724479
392.125		0.724479
392.25		0.724479
392.375		0.724479
392.5		0.724479
392.625		0.724479
392.75		0.724479
392.875		0.724479
393		0.724479
393.125		0.724479
393.25		0.724479
393.375		0.724479
393.5		0.724479
393.625		0.724479
393.75		0.724479
393.875		0.724479
394		0.724479
394.125		0.724479
394.25		0.724479
394.375		0.724479
394.5		0.724479
394.625		0.724479
394.75		0.724479
394.875		0.724479
395		0.724479
395.125		0.725971
395.25		0.725971
395.375		0.725971
395.5		0.725971
395.625		0.725971
395.75		0.725971
395.875		0.725971
396		0.725971
396.125		0.725971
396.25		0.725971
396.375		0.725971
396.5		0.725971
396.625		0.725971
396.75		0.725971
396.875		0.725971
397		0.725971
397.125		0.725971
397.25		0.725971
397.375		0.725971
397.5		0.725971
397.625		0.725971
397.75		0.725971
397.875		0.725971
398		0.725971
398.125		0.725971
398.25		0.725971
398.375		0.725971
398.5		0.725971
398.625		0.725971
398.75		0.725971
398.875		0.725971
399		0.725971
399.125		0.725971
399.25		0.725971
399.375		0.725971
399.5		0.725971
399.625		0.725971
399.75		0.725971
399.875		0.725971
400		0.725971
400.125		0.76851
400.25		0.76851
400.375		0.76851
400.5		0.76851
400.625		0.76851
400.75		0.76851
400.875		0.76851
401		0.76851
401.125		0.76851
401.25		0.76851
401.375		0.76851
401.5		0.76851
401.625		0.76851
401.75		0.76851
401.875		0.76851
402		0.76851
402.125		0.76851
402.25		0.76851
402.375		0.76851
402.5		0.76851
402.625		0.76851
402.75		0.76851
402.875		0.76851
403		0.76851
403.125		0.76851
403.25		0.76851
403.375		0.76851
403.5		0.76851
403.625		0.76851
403.75		0.76851
403.875		0.76851
404		0.76851
404.125		0.76851
404.25		0.76851
404.375		0.76851
404.5		0.76851
404.625		0.76851
404.75		0.76851
404.875		0.76851
405		0.76851
405.125		0.77555
405.25		0.77555
405.375		0.77555
405.5		0.77555
405.625		0.77555
405.75		0.77555
405.875		0.77555
406		0.77555
406.125		0.77555
406.25		0.77555
406.375		0.77555
406.5		0.77555
406.625		0.77555
406.75		0.77555
406.875		0.77555
407		0.77555
407.125		0.77555
407.25		0.77555
407.375		0.77555
407.5		0.77555
407.625		0.77555
407.75		0.77555
407.875		0.77555
408		0.77555
408.125		0.77555
408.25		0.77555
408.375		0.77555
408.5		0.77555
408.625		0.77555
408.75		0.77555
408.875		0.77555
409		0.77555
409.125		0.77555
409.25		0.77555
409.375		0.77555
409.5		0.77555
409.625		0.77555
409.75		0.77555
409.875		0.77555
410		0.77555
410.125		0.779667
410.25		0.779667
410.375		0.779667
410.5		0.779667
410.625		0.779667
410.75		0.779667
410.875		0.779667
411		0.779667
411.125		0.779667
411.25		0.779667
411.375		0.779667
411.5		0.779667
411.625		0.779667
411.75		0.779667
411.875		0.779667
412		0.779667
412.125		0.779667
412.25		0.779667
412.375		0.779667
412.5		0.779667
412.625		0.779667
412.75		0.779667
412.875		0.779667
413		0.779667
413.125		0.779667
413.25		0.779667
413.375		0.779667
413.5		0.779667
413.625		0.779667
413.75		0.779667
413.875		0.779667
414		0.779667
414.125		0.779667
414.25		0.779667
414.375		0.779667
414.5		0.779667
414.625		0.779667
414.75		0.779667
414.875		0.779667
415		0.779667
415.125		0.788795
415.25		0.788795
415.375		0.788795
415.5		0.788795
415.625		0.788795
415.75		0.788795
415.875		0.788795
416		0.788795
416.125		0.788795
416.25		0.788795
416.375		0.788795
416.5		0.788795
416.625		0.788795
416.75		0.788795
416.875		0.788795
417		0.788795
417.125		0.788795
417.25		0.788795
417.375		0.788795
417.5		0.788795
417.625		0.788795
417.75		0.788795
417.875		0.788795
418		0.788795
418.125		0.788795
418.25		0.788795
418.375		0.788795
418.5		0.788795
418.625		0.788795
418.75		0.788795
418.875		0.788795
419		0.788795
419.125		0.788795
419.25		0.788795
419.375		0.788795
419.5		0.788795
419.625		0.788795
419.75		0.788795
419.875		0.788795
420		0.788795
420.125		0.818806
420.25		0.818806
420.375		0.818806
420.5		0.818806
420.625		0.818806
420.75		0.818806
420.875		0.818806
421		0.818806
421.125		0.818806
421.25		0.818806
421.375		0.818806
421.5		0.818806
421.625		0.818806
421.75		0.818806
421.875		0.818806
422		0.818806
422.125		0.818806
422.25		0.818806
422.375		0.818806
422.5		0.818806
422.625		0.818806
422.75		0.818806
422.875		0.818806
423		0.818806
423.125		0.818806
423.25		0.818806
423.375		0.818806
423.5		0.818806
423.625		0.818806
423.75		0.818806
423.875		0.818806
424		0.818806
424.125		0.818806
424.25		0.818806
424.375		0.818806
424.5		0.818806
424.625		0.818806
424.75		0.818806
424.875		0.818806
425		0.818806
425.125		0.832289
425.25		0.832289
425.375		0.832289
425.5		0.832289
425.625		0.832289
425.75		0.832289
425.875		0.832289
426		0.832289
426.125		0.832289
426.25		0.832289
426.375		0.832289
426.5		0.832289
426.625		0.832289
426.75		0.832289
426.875		0.832289
427		0.832289
427.125		0.832289
427.25		0.832289
427.375		0.832289
427.5		0.832289
427.625		0.832289
427.75		0.832289
427.875		0.832289
428		0.832289
428.125		0.832289
428.25		0.832289
428.375		0.832289
428.5		0.832289
428.625		0.832289
428.75		0.832289
428.875		0.832289
429		0.832289
429.125		0.832289
429.25		0.832289
429.375		0.832289
429.5		0.832289
429.625		0.832289
429.75		0.832289
429.875		0.832289
430		0.832289
430.125		0.834019
430.25		0.834019
430.375		0.834019
430.5		0.834019
430.625		0.834019
430.75		0.834019
430.875		0.834019
431		0.834019
431.125		0.834019
431.25		0.834019
431.375		0.834019
431.5		0.834019
431.625		0.834019
431.75		0.834019
431.875		0.834019
432		0.834019
432.125		0.834019
432.25		0.834019
432.375		0.834019
432.5		0.834019
432.625		0.834019
432.75		0.834019
432.875		0.834019
433		0.834019
433.125		0.834019
433.25		0.834019
433.375		0.834019
433.5		0.834019
433.625		0.834019
433.75		0.834019
433.875		0.834019
434		0.834019
434.125		0.834019
434.25		0.834019
434.375		0.834019
434.5		0.834019
434.625		0.834019
434.75		0.834019
434.875		0.834019
435		0.834019
435.125		0.851799
435.25		0.851799
435.375		0.851799
435.5		0.851799
435.625		0.851799
435.75		0.851799
435.875		0.851799
436		0.851799
436.125		0.851799
436.25		0.851799
436.375		0.851799
436.5		0.851799
436.625		0.851799
436.75		0.851799
436.875		0.851799
437		0.851799
437.125		0.851799
437.25		0.851799
437.375		0.851799
437.5		0.851799
437.625		0.851799
437.75		0.851799
437.875		0.851799
438		0.851799
438.125		0.851799
438.25		0.851799
438.375		0.851799
438.5		0.851799
438.625		0.851799
438.75		0.851799
438.875		0.851799
439		0.851799
439.125		0.851799
439.25		0.851799
439.375		0.851799
439.5		0.851799
439.625		0.851799
439.75		0.851799
439.875		0.851799
440		0.851799
440.125		0.861285
440.25		0.861285
440.375		0.861285
440.5		0.861285
440.625		0.861285
440.75		0.861285
440.875		0.861285
441		0.861285
441.125		0.861285
441.25		0.861285
441.375		0.861285
441.5		0.861285
441.625		0.861285
441.75		0.861285
441.875		0.861285
442		0.861285
442.125		0.861285
442.25		0.861285
442.375		0.861285
442.5		0.861285
442.625		0.861285
442.75		0.861285
442.875		0.861285
443		0.861285
443.125		0.861285
443.25		0.861285
443.375		0.861285
443.5		0.861285
443.625		0.861285
443.75		0.861285
443.875		0.861285
444		0.861285
444.125		0.861285
444.25		0.861285
444.375		0.861285
444.5		0.861285
444.625		0.861285
444.75		0.861285
444.875		0.861285
445		0.861285
445.125		0.886284
445.25		0.886284
445.375		0.886284
445.5		0.886284
445.625		0.886284
445.75		0.886284
445.875		0.886284
446		0.886284
446.125		0.886284
446.25		0.886284
446.375		0.886284
446.5		0.886284
446.625		0.886284
446.75		0.886284
446.875		0.886284
447		0.886284
447.125		0.886284
447.25		0.886284
447.375		0.886284
447.5		0.886284
447.625		0.886284
447.75		0.886284
447.875		0.886284
448		0.886284
448.125		0.886284
448.25		0.886284
448.375		0.886284
448.5		0.886284
448.625		0.886284
448.75		0.886284
448.875		0.886284
449		0.886284
449.125		0.886284
449.25		0.886284
449.375		0.886284
449.5		0.886284
449.625		0.886284
449.75		0.886284
449.875		0.886284
450		0.886284
450.125		0.891474
450.25		0.891474
450.375		0.891474
450.5		0.891474
450.625		0.891474
450.75		0.891474
450.875		0.891474
451		0.891474
451.125		0.891474
451.25		0.891474
451.375		0.891474
451.5		0.891474
451.625		0.891474
451.75		0.891474
451.875		0.891474
452		0.891474
452.125		0.891474
452.25		0.891474
452.375		0.891474
452.5		0.891474
452.625		0.891474
452.75		0.891474
452.875		0.891474
453		0.891474
453.125		0.891474
453.25		0.891474
453.375		0.891474
453.5		0.891474
453.625		0.891474
453.75		0.891474
453.875		0.891474
454		0.891474
454.125		0.891474
454.25		0.891474
454.375		0.891474
454.5		0.891474
454.625		0.891474
454.75		0.891474
454.875		0.891474
455		0.891474
455.125		0.90102
455.25		0.90102
455.375		0.90102
455.5		0.90102
455.625		0.90102
455.75		0.90102
455.875		0.90102
456		0.90102
456.125		0.90102
456.25		0.90102
456.375		0.90102
456.5		0.90102
456.625		0.90102
456.75		0.90102
456.875		0.90102
457		0.90102
457.125		0.90102
457.25		0.90102
457.375		0.90102
457.5		0.90102
457.625		0.90102
457.75		0.90102
457.875		0.90102
458		0.90102
458.125		0.90102
458.25		0.90102
458.375		0.90102
458.5		0.90102
458.625		0.90102
458.75		0.90102
458.875		0.90102
459		0.90102
459.125		0.90102
459.25		0.90102
459.375		0.90102
459.5		0.90102
459.625		0.90102
459.75		0.90102
459.875		0.90102
460		0.90102
460.125		0.907643
460.25		0.907643
460.375		0.907643
460.5		0.907643
460.625		0.907643
460.75		0.907643
460.875		0.907643
461		0.907643
461.125		0.907643
461.25		0.907643
461.375		0.907643
461.5		0.907643
461.625		0.907643
461.75		0.907643
461.875		0.907643
462		0.907643
462.125		0.907643
462.25		0.907643
462.375		0.907643
462.5		0.907643
462.625		0.907643
462.75		0.907643
462.875		0.907643
463		0.907643
463.125		0.907643
463.25		0.907643
463.375		0.907643
463.5		0.907643
463.625		0.907643
463.75		0.907643
463.875		0.907643
464		0.907643
464.125		0.907643
464.25		0.907643
464.375		0.907643
464.5		0.907643
464.625		0.907643
464.75		0.907643
464.875		0.907643
465		0.907643
465.125		0.924289
465.25		0.924289
465.375		0.924289
465.5		0.924289
465.625		0.924289
465.75		0.924289
465.875		0.924289
466		0.924289
466.125		0.924289
466.25		0.924289
466.375		0.924289
466.5		0.924289
466.625		0.924289
466.75		0.924289
466.875		0.924289
467		0.924289
467.125		0.924289
467.25		0.924289
467.375		0.924289
467.5		0.924289
467.625		0.924289
467.75		0.924289
467.875		0.924289
468		0.924289
468.125		0.924289
468.25		0.924289
468.375		0.924289
468.5		0.924289
468.625		0.924289
468.75		0.924289
468.875		0.924289
469		0.924289
469.125		0.924289
469.25		0.924289
469.375		0.924289
469.5		0.924289
469.625		0.924289
469.75		0.924289
469.875		0.924289
470		0.924289
470.125		0.947199
470.25		0.947199
470.375		0.947199
470.5		0.947199
470.625		0.947199
470.75		0.947199
470.875		0.947199
471		0.947199
471.125		0.947199
471.25		0.947199
471.375		0.947199
471.5		0.947199
471.625		0.947199
471.75		0.947199
471.875		0.947199
472		0.947199
472.125		0.947199
472.25		0.947199
472.375		0.947199
472.5		0.947199
472.625		0.947199
472.75		0.947199
472.875		0.947199
473		0.947199
473.125		0.947199
473.25		0.947199
473.375		0.947199
473.5		0.947199
473.625		0.947199
473.75		0.947199
473.875		0.947199
474		0.947199
474.125		0.947199
474.25		0.947199
474.375		0.947199
474.5		0.947199
474.625		0.947199
474.75		0.947199
474.875		0.947199
475		0.947199
475.125		0.958952
475.25		0.958952
475.375		0.958952
475.5		0.958952
475.625		0.958952
475.75		0.958952
475.875		0.958952
476		0.958952
476.125		0.958952
476.25		0.958952
476.375		0.958952
476.5		0.958952
476.625		0.958952
476.75		0.958952
476.875		0.958952
477		0.958952
477.125		0.958952
477.25		0.958952
477.375		0.958952
477.5		0.958952
477.625		0.958952
477.75		0.958952
477.875		0.958952
478		0.958952
478.125		0.958952
478.25		0.958952
478.375		0.958952
478.5		0.958952
478.625		0.958952
478.75		0.958952
478.875		0.958952
479		0.958952
479.125		0.958952
479.25		0.958952
479.375		0.958952
479.5		0.958952
479.625		0.958952
479.75		0.958952
479.875		0.958952
480		0.958952
480.125		0.963009
480.25		0.963009
480.375		0.963009
480.5		0.963009
480.625		0.963009
480.75		0.963009
480.875		0.963009
481		0.963009
481.125		0.963009
481.25		0.963009
481.375		0.963009
481.5		0.963009
481.625		0.963009
481.75		0.963009
481.875		0.963009
482		0.963009
482.125		0.963009
482.25		0.963009
482.375		0.963009
482.5		0.963009
482.625		0.963009
482.75		0.963009
482.875		0.963009
483		0.963009
483.125		0.963009
483.25		0.963009
483.375		0.963009
483.5		0.963009
483.625		0.963009
483.75		0.963009
483.875		0.963009
484		0.963009
484.125		0.963009
484.25		0.963009
484.375		0.963009
484.5		0.963009
484.625		0.963009
484.75		0.963009
484.875		0.963009
485		0.963009
485.125		0.968081
485.25		0.968081
485.375		0.968081
485.5		0.968081
485.625		0.968081
485.75		0.968081
485.875		0.968081
486		0.968081
486.125		0.968081
486.25		0.968081
486.375		0.968081
486.5		0.968081
486.625		0.968081
486.75		0.968081
486.875		0.968081
487		0.968081
487.125		0.968081
487.25		0.968081
487.375		0.968081
487.5		0.968081
487.625		0.968081
487.75		0.968081
487.875		0.968081
488		0.968081
488.125		0.968081
488.25		0.968081
488.375		0.968081
488.5		0.968081
488.625		0.968081
488.75		0.968081
488.875		0.968081
489		0.968081
489.125		0.968081
489.25		0.968081
489.375		0.968081
489.5		0.968081
489.625		0.968081
489.75		0.968081
489.875		0.968081
490		0.968081
490.125		0.987113
490.25		0.987113
490.375		0.987113
490.5		0.987113
490.625		0.987113
490.75		0.987113
490.875		0.987113
491		0.987113
491.125		0.987113
491.25		0.987113
491.375		0.987113
491.5		0.987113
491.625		0.987113
491.75		0.987113
491.875		0.987113
492		0.987113
492.125		0.987113
492.25		0.987113
492.375		0.987113
492.5		0.987113
492.625		0.987113
492.75		0.987113
492.875		0.987113
493		0.987113
493.125		0.987113
493.25		0.987113
493.375		0.987113
493.5		0.987113
493.625		0.987113
493.75		0.987113
493.875		0.987113
494		0.987113
494.125		0.987113
494.25		0.987113
494.375		0.987113
494.5		0.987113
494.625		0.987113
494.75		0.987113
494.875		0.987113
495		0.987113
495.125		1
495.25		1
495.375		1
495.5		1
495.625		1
495.75		1
495.875		1
496		1
496.125		1
496.25		1
496.375		1
496.5		1
496.625		1
496.75		1
496.875		1
497		1
497.125		1
497.25		1
497.375		1
497.5		1
497.625		1
497.75		1
497.875		1
498		1
498.125		1
498.25		1
498.375		1
498.5		1
498.625		1
498.75		1
498.875		1
499		1
499.125		1
499.25		1
499.375		1
499.5		1
499.625		1
499.75		1
499.875		1
500		1
