# Calibration file of tamex_id 0 @ channel 14
# fine_T bin		 Calibration value
0.125		0
0.25		0
0.375		0
0.5		0
0.625		0
0.75		0
0.875		0
1		0
1.125		0
1.25		0
1.375		0
1.5		0
1.625		0
1.75		0
1.875		0
2		0
2.125		0
2.25		0
2.375		0
2.5		0
2.625		0
2.75		0
2.875		0
3		0
3.125		0
3.25		0
3.375		0
3.5		0
3.625		0
3.75		0
3.875		0
4		0
4.125		0
4.25		0
4.375		0
4.5		0
4.625		0
4.75		0
4.875		0
5		0
5.125		0
5.25		0
5.375		0
5.5		0
5.625		0
5.75		0
5.875		0
6		0
6.125		0
6.25		0
6.375		0
6.5		0
6.625		0
6.75		0
6.875		0
7		0
7.125		0
7.25		0
7.375		0
7.5		0
7.625		0
7.75		0
7.875		0
8		0
8.125		0
8.25		0
8.375		0
8.5		0
8.625		0
8.75		0
8.875		0
9		0
9.125		0
9.25		0
9.375		0
9.5		0
9.625		0
9.75		0
9.875		0
10		0
10.125		0
10.25		0
10.375		0
10.5		0
10.625		0
10.75		0
10.875		0
11		0
11.125		0
11.25		0
11.375		0
11.5		0
11.625		0
11.75		0
11.875		0
12		0
12.125		0
12.25		0
12.375		0
12.5		0
12.625		0
12.75		0
12.875		0
13		0
13.125		0
13.25		0
13.375		0
13.5		0
13.625		0
13.75		0
13.875		0
14		0
14.125		0
14.25		0
14.375		0
14.5		0
14.625		0
14.75		0
14.875		0
15		0
15.125		0
15.25		0
15.375		0
15.5		0
15.625		0
15.75		0
15.875		0
16		0
16.125		0
16.25		0
16.375		0
16.5		0
16.625		0
16.75		0
16.875		0
17		0
17.125		0
17.25		0
17.375		0
17.5		0
17.625		0
17.75		0
17.875		0
18		0
18.125		0
18.25		0
18.375		0
18.5		0
18.625		0
18.75		0
18.875		0
19		0
19.125		0
19.25		0
19.375		0
19.5		0
19.625		0
19.75		0
19.875		0
20		0
20.125		0
20.25		0
20.375		0
20.5		0
20.625		0
20.75		0
20.875		0
21		0
21.125		0
21.25		0
21.375		0
21.5		0
21.625		0
21.75		0
21.875		0
22		0
22.125		0
22.25		0
22.375		0
22.5		0
22.625		0
22.75		0
22.875		0
23		0
23.125		0
23.25		0
23.375		0
23.5		0
23.625		0
23.75		0
23.875		0
24		0
24.125		0
24.25		0
24.375		0
24.5		0
24.625		0
24.75		0
24.875		0
25		0
25.125		0
25.25		0
25.375		0
25.5		0
25.625		0
25.75		0
25.875		0
26		0
26.125		0
26.25		0
26.375		0
26.5		0
26.625		0
26.75		0
26.875		0
27		0
27.125		0
27.25		0
27.375		0
27.5		0
27.625		0
27.75		0
27.875		0
28		0
28.125		0
28.25		0
28.375		0
28.5		0
28.625		0
28.75		0
28.875		0
29		0
29.125		0
29.25		0
29.375		0
29.5		0
29.625		0
29.75		0
29.875		0
30		0
30.125		0
30.25		0
30.375		0
30.5		0
30.625		0
30.75		0
30.875		0
31		0
31.125		0
31.25		0
31.375		0
31.5		0
31.625		0
31.75		0
31.875		0
32		0
32.125		0
32.25		0
32.375		0
32.5		0
32.625		0
32.75		0
32.875		0
33		0
33.125		0
33.25		0
33.375		0
33.5		0
33.625		0
33.75		0
33.875		0
34		0
34.125		0
34.25		0
34.375		0
34.5		0
34.625		0
34.75		0
34.875		0
35		0
35.125		0
35.25		0
35.375		0
35.5		0
35.625		0
35.75		0
35.875		0
36		0
36.125		0
36.25		0
36.375		0
36.5		0
36.625		0
36.75		0
36.875		0
37		0
37.125		0
37.25		0
37.375		0
37.5		0
37.625		0
37.75		0
37.875		0
38		0
38.125		0
38.25		0
38.375		0
38.5		0
38.625		0
38.75		0
38.875		0
39		0
39.125		0
39.25		0
39.375		0
39.5		0
39.625		0
39.75		0
39.875		0
40		0
40.125		0
40.25		0
40.375		0
40.5		0
40.625		0
40.75		0
40.875		0
41		0
41.125		0
41.25		0
41.375		0
41.5		0
41.625		0
41.75		0
41.875		0
42		0
42.125		0
42.25		0
42.375		0
42.5		0
42.625		0
42.75		0
42.875		0
43		0
43.125		0
43.25		0
43.375		0
43.5		0
43.625		0
43.75		0
43.875		0
44		0
44.125		0
44.25		0
44.375		0
44.5		0
44.625		0
44.75		0
44.875		0
45		0
45.125		0
45.25		0
45.375		0
45.5		0
45.625		0
45.75		0
45.875		0
46		0
46.125		0
46.25		0
46.375		0
46.5		0
46.625		0
46.75		0
46.875		0
47		0
47.125		0
47.25		0
47.375		0
47.5		0
47.625		0
47.75		0
47.875		0
48		0
48.125		0
48.25		0
48.375		0
48.5		0
48.625		0
48.75		0
48.875		0
49		0
49.125		0
49.25		0
49.375		0
49.5		0
49.625		0
49.75		0
49.875		0
50		0
50.125		0
50.25		0
50.375		0
50.5		0
50.625		0
50.75		0
50.875		0
51		0
51.125		0
51.25		0
51.375		0
51.5		0
51.625		0
51.75		0
51.875		0
52		0
52.125		0
52.25		0
52.375		0
52.5		0
52.625		0
52.75		0
52.875		0
53		0
53.125		0
53.25		0
53.375		0
53.5		0
53.625		0
53.75		0
53.875		0
54		0
54.125		0
54.25		0
54.375		0
54.5		0
54.625		0
54.75		0
54.875		0
55		0
55.125		0
55.25		0
55.375		0
55.5		0
55.625		0
55.75		0
55.875		0
56		0
56.125		0
56.25		0
56.375		0
56.5		0
56.625		0
56.75		0
56.875		0
57		0
57.125		0
57.25		0
57.375		0
57.5		0
57.625		0
57.75		0
57.875		0
58		0
58.125		0
58.25		0
58.375		0
58.5		0
58.625		0
58.75		0
58.875		0
59		0
59.125		0
59.25		0
59.375		0
59.5		0
59.625		0
59.75		0
59.875		0
60		0
60.125		0
60.25		0
60.375		0
60.5		0
60.625		0
60.75		0
60.875		0
61		0
61.125		0
61.25		0
61.375		0
61.5		0
61.625		0
61.75		0
61.875		0
62		0
62.125		0
62.25		0
62.375		0
62.5		0
62.625		0
62.75		0
62.875		0
63		0
63.125		0
63.25		0
63.375		0
63.5		0
63.625		0
63.75		0
63.875		0
64		0
64.125		0
64.25		0
64.375		0
64.5		0
64.625		0
64.75		0
64.875		0
65		0
65.125		0
65.25		0
65.375		0
65.5		0
65.625		0
65.75		0
65.875		0
66		0
66.125		0
66.25		0
66.375		0
66.5		0
66.625		0
66.75		0
66.875		0
67		0
67.125		0
67.25		0
67.375		0
67.5		0
67.625		0
67.75		0
67.875		0
68		0
68.125		0
68.25		0
68.375		0
68.5		0
68.625		0
68.75		0
68.875		0
69		0
69.125		0
69.25		0
69.375		0
69.5		0
69.625		0
69.75		0
69.875		0
70		0
70.125		0
70.25		0
70.375		0
70.5		0
70.625		0
70.75		0
70.875		0
71		0
71.125		0
71.25		0
71.375		0
71.5		0
71.625		0
71.75		0
71.875		0
72		0
72.125		0
72.25		0
72.375		0
72.5		0
72.625		0
72.75		0
72.875		0
73		0
73.125		0
73.25		0
73.375		0
73.5		0
73.625		0
73.75		0
73.875		0
74		0
74.125		0
74.25		0
74.375		0
74.5		0
74.625		0
74.75		0
74.875		0
75		0
75.125		0
75.25		0
75.375		0
75.5		0
75.625		0
75.75		0
75.875		0
76		0
76.125		0
76.25		0
76.375		0
76.5		0
76.625		0
76.75		0
76.875		0
77		0
77.125		0
77.25		0
77.375		0
77.5		0
77.625		0
77.75		0
77.875		0
78		0
78.125		0
78.25		0
78.375		0
78.5		0
78.625		0
78.75		0
78.875		0
79		0
79.125		0
79.25		0
79.375		0
79.5		0
79.625		0
79.75		0
79.875		0
80		0
80.125		0.00668306
80.25		0.00668306
80.375		0.00668306
80.5		0.00668306
80.625		0.00668306
80.75		0.00668306
80.875		0.00668306
81		0.00668306
81.125		0.00668306
81.25		0.00668306
81.375		0.00668306
81.5		0.00668306
81.625		0.00668306
81.75		0.00668306
81.875		0.00668306
82		0.00668306
82.125		0.00668306
82.25		0.00668306
82.375		0.00668306
82.5		0.00668306
82.625		0.00668306
82.75		0.00668306
82.875		0.00668306
83		0.00668306
83.125		0.00668306
83.25		0.00668306
83.375		0.00668306
83.5		0.00668306
83.625		0.00668306
83.75		0.00668306
83.875		0.00668306
84		0.00668306
84.125		0.00668306
84.25		0.00668306
84.375		0.00668306
84.5		0.00668306
84.625		0.00668306
84.75		0.00668306
84.875		0.00668306
85		0.00668306
85.125		0.0440013
85.25		0.0440013
85.375		0.0440013
85.5		0.0440013
85.625		0.0440013
85.75		0.0440013
85.875		0.0440013
86		0.0440013
86.125		0.0440013
86.25		0.0440013
86.375		0.0440013
86.5		0.0440013
86.625		0.0440013
86.75		0.0440013
86.875		0.0440013
87		0.0440013
87.125		0.0440013
87.25		0.0440013
87.375		0.0440013
87.5		0.0440013
87.625		0.0440013
87.75		0.0440013
87.875		0.0440013
88		0.0440013
88.125		0.0440013
88.25		0.0440013
88.375		0.0440013
88.5		0.0440013
88.625		0.0440013
88.75		0.0440013
88.875		0.0440013
89		0.0440013
89.125		0.0440013
89.25		0.0440013
89.375		0.0440013
89.5		0.0440013
89.625		0.0440013
89.75		0.0440013
89.875		0.0440013
90		0.0440013
90.125		0.0529299
90.25		0.0529299
90.375		0.0529299
90.5		0.0529299
90.625		0.0529299
90.75		0.0529299
90.875		0.0529299
91		0.0529299
91.125		0.0529299
91.25		0.0529299
91.375		0.0529299
91.5		0.0529299
91.625		0.0529299
91.75		0.0529299
91.875		0.0529299
92		0.0529299
92.125		0.0529299
92.25		0.0529299
92.375		0.0529299
92.5		0.0529299
92.625		0.0529299
92.75		0.0529299
92.875		0.0529299
93		0.0529299
93.125		0.0529299
93.25		0.0529299
93.375		0.0529299
93.5		0.0529299
93.625		0.0529299
93.75		0.0529299
93.875		0.0529299
94		0.0529299
94.125		0.0529299
94.25		0.0529299
94.375		0.0529299
94.5		0.0529299
94.625		0.0529299
94.75		0.0529299
94.875		0.0529299
95		0.0529299
95.125		0.0546407
95.25		0.0546407
95.375		0.0546407
95.5		0.0546407
95.625		0.0546407
95.75		0.0546407
95.875		0.0546407
96		0.0546407
96.125		0.0546407
96.25		0.0546407
96.375		0.0546407
96.5		0.0546407
96.625		0.0546407
96.75		0.0546407
96.875		0.0546407
97		0.0546407
97.125		0.0546407
97.25		0.0546407
97.375		0.0546407
97.5		0.0546407
97.625		0.0546407
97.75		0.0546407
97.875		0.0546407
98		0.0546407
98.125		0.0546407
98.25		0.0546407
98.375		0.0546407
98.5		0.0546407
98.625		0.0546407
98.75		0.0546407
98.875		0.0546407
99		0.0546407
99.125		0.0546407
99.25		0.0546407
99.375		0.0546407
99.5		0.0546407
99.625		0.0546407
99.75		0.0546407
99.875		0.0546407
100		0.0546407
100.125		0.0940975
100.25		0.0940975
100.375		0.0940975
100.5		0.0940975
100.625		0.0940975
100.75		0.0940975
100.875		0.0940975
101		0.0940975
101.125		0.0940975
101.25		0.0940975
101.375		0.0940975
101.5		0.0940975
101.625		0.0940975
101.75		0.0940975
101.875		0.0940975
102		0.0940975
102.125		0.0940975
102.25		0.0940975
102.375		0.0940975
102.5		0.0940975
102.625		0.0940975
102.75		0.0940975
102.875		0.0940975
103		0.0940975
103.125		0.0940975
103.25		0.0940975
103.375		0.0940975
103.5		0.0940975
103.625		0.0940975
103.75		0.0940975
103.875		0.0940975
104		0.0940975
104.125		0.0940975
104.25		0.0940975
104.375		0.0940975
104.5		0.0940975
104.625		0.0940975
104.75		0.0940975
104.875		0.0940975
105		0.0940975
105.125		0.100406
105.25		0.100406
105.375		0.100406
105.5		0.100406
105.625		0.100406
105.75		0.100406
105.875		0.100406
106		0.100406
106.125		0.100406
106.25		0.100406
106.375		0.100406
106.5		0.100406
106.625		0.100406
106.75		0.100406
106.875		0.100406
107		0.100406
107.125		0.100406
107.25		0.100406
107.375		0.100406
107.5		0.100406
107.625		0.100406
107.75		0.100406
107.875		0.100406
108		0.100406
108.125		0.100406
108.25		0.100406
108.375		0.100406
108.5		0.100406
108.625		0.100406
108.75		0.100406
108.875		0.100406
109		0.100406
109.125		0.100406
109.25		0.100406
109.375		0.100406
109.5		0.100406
109.625		0.100406
109.75		0.100406
109.875		0.100406
110		0.100406
110.125		0.106876
110.25		0.106876
110.375		0.106876
110.5		0.106876
110.625		0.106876
110.75		0.106876
110.875		0.106876
111		0.106876
111.125		0.106876
111.25		0.106876
111.375		0.106876
111.5		0.106876
111.625		0.106876
111.75		0.106876
111.875		0.106876
112		0.106876
112.125		0.106876
112.25		0.106876
112.375		0.106876
112.5		0.106876
112.625		0.106876
112.75		0.106876
112.875		0.106876
113		0.106876
113.125		0.106876
113.25		0.106876
113.375		0.106876
113.5		0.106876
113.625		0.106876
113.75		0.106876
113.875		0.106876
114		0.106876
114.125		0.106876
114.25		0.106876
114.375		0.106876
114.5		0.106876
114.625		0.106876
114.75		0.106876
114.875		0.106876
115		0.106876
115.125		0.111153
115.25		0.111153
115.375		0.111153
115.5		0.111153
115.625		0.111153
115.75		0.111153
115.875		0.111153
116		0.111153
116.125		0.111153
116.25		0.111153
116.375		0.111153
116.5		0.111153
116.625		0.111153
116.75		0.111153
116.875		0.111153
117		0.111153
117.125		0.111153
117.25		0.111153
117.375		0.111153
117.5		0.111153
117.625		0.111153
117.75		0.111153
117.875		0.111153
118		0.111153
118.125		0.111153
118.25		0.111153
118.375		0.111153
118.5		0.111153
118.625		0.111153
118.75		0.111153
118.875		0.111153
119		0.111153
119.125		0.111153
119.25		0.111153
119.375		0.111153
119.5		0.111153
119.625		0.111153
119.75		0.111153
119.875		0.111153
120		0.111153
120.125		0.143071
120.25		0.143071
120.375		0.143071
120.5		0.143071
120.625		0.143071
120.75		0.143071
120.875		0.143071
121		0.143071
121.125		0.143071
121.25		0.143071
121.375		0.143071
121.5		0.143071
121.625		0.143071
121.75		0.143071
121.875		0.143071
122		0.143071
122.125		0.143071
122.25		0.143071
122.375		0.143071
122.5		0.143071
122.625		0.143071
122.75		0.143071
122.875		0.143071
123		0.143071
123.125		0.143071
123.25		0.143071
123.375		0.143071
123.5		0.143071
123.625		0.143071
123.75		0.143071
123.875		0.143071
124		0.143071
124.125		0.143071
124.25		0.143071
124.375		0.143071
124.5		0.143071
124.625		0.143071
124.75		0.143071
124.875		0.143071
125		0.143071
125.125		0.150984
125.25		0.150984
125.375		0.150984
125.5		0.150984
125.625		0.150984
125.75		0.150984
125.875		0.150984
126		0.150984
126.125		0.150984
126.25		0.150984
126.375		0.150984
126.5		0.150984
126.625		0.150984
126.75		0.150984
126.875		0.150984
127		0.150984
127.125		0.150984
127.25		0.150984
127.375		0.150984
127.5		0.150984
127.625		0.150984
127.75		0.150984
127.875		0.150984
128		0.150984
128.125		0.150984
128.25		0.150984
128.375		0.150984
128.5		0.150984
128.625		0.150984
128.75		0.150984
128.875		0.150984
129		0.150984
129.125		0.150984
129.25		0.150984
129.375		0.150984
129.5		0.150984
129.625		0.150984
129.75		0.150984
129.875		0.150984
130		0.150984
130.125		0.155154
130.25		0.155154
130.375		0.155154
130.5		0.155154
130.625		0.155154
130.75		0.155154
130.875		0.155154
131		0.155154
131.125		0.155154
131.25		0.155154
131.375		0.155154
131.5		0.155154
131.625		0.155154
131.75		0.155154
131.875		0.155154
132		0.155154
132.125		0.155154
132.25		0.155154
132.375		0.155154
132.5		0.155154
132.625		0.155154
132.75		0.155154
132.875		0.155154
133		0.155154
133.125		0.155154
133.25		0.155154
133.375		0.155154
133.5		0.155154
133.625		0.155154
133.75		0.155154
133.875		0.155154
134		0.155154
134.125		0.155154
134.25		0.155154
134.375		0.155154
134.5		0.155154
134.625		0.155154
134.75		0.155154
134.875		0.155154
135		0.155154
135.125		0.164403
135.25		0.164403
135.375		0.164403
135.5		0.164403
135.625		0.164403
135.75		0.164403
135.875		0.164403
136		0.164403
136.125		0.164403
136.25		0.164403
136.375		0.164403
136.5		0.164403
136.625		0.164403
136.75		0.164403
136.875		0.164403
137		0.164403
137.125		0.164403
137.25		0.164403
137.375		0.164403
137.5		0.164403
137.625		0.164403
137.75		0.164403
137.875		0.164403
138		0.164403
138.125		0.164403
138.25		0.164403
138.375		0.164403
138.5		0.164403
138.625		0.164403
138.75		0.164403
138.875		0.164403
139		0.164403
139.125		0.164403
139.25		0.164403
139.375		0.164403
139.5		0.164403
139.625		0.164403
139.75		0.164403
139.875		0.164403
140		0.164403
140.125		0.185201
140.25		0.185201
140.375		0.185201
140.5		0.185201
140.625		0.185201
140.75		0.185201
140.875		0.185201
141		0.185201
141.125		0.185201
141.25		0.185201
141.375		0.185201
141.5		0.185201
141.625		0.185201
141.75		0.185201
141.875		0.185201
142		0.185201
142.125		0.185201
142.25		0.185201
142.375		0.185201
142.5		0.185201
142.625		0.185201
142.75		0.185201
142.875		0.185201
143		0.185201
143.125		0.185201
143.25		0.185201
143.375		0.185201
143.5		0.185201
143.625		0.185201
143.75		0.185201
143.875		0.185201
144		0.185201
144.125		0.185201
144.25		0.185201
144.375		0.185201
144.5		0.185201
144.625		0.185201
144.75		0.185201
144.875		0.185201
145		0.185201
145.125		0.196696
145.25		0.196696
145.375		0.196696
145.5		0.196696
145.625		0.196696
145.75		0.196696
145.875		0.196696
146		0.196696
146.125		0.196696
146.25		0.196696
146.375		0.196696
146.5		0.196696
146.625		0.196696
146.75		0.196696
146.875		0.196696
147		0.196696
147.125		0.196696
147.25		0.196696
147.375		0.196696
147.5		0.196696
147.625		0.196696
147.75		0.196696
147.875		0.196696
148		0.196696
148.125		0.196696
148.25		0.196696
148.375		0.196696
148.5		0.196696
148.625		0.196696
148.75		0.196696
148.875		0.196696
149		0.196696
149.125		0.196696
149.25		0.196696
149.375		0.196696
149.5		0.196696
149.625		0.196696
149.75		0.196696
149.875		0.196696
150		0.196696
150.125		0.206373
150.25		0.206373
150.375		0.206373
150.5		0.206373
150.625		0.206373
150.75		0.206373
150.875		0.206373
151		0.206373
151.125		0.206373
151.25		0.206373
151.375		0.206373
151.5		0.206373
151.625		0.206373
151.75		0.206373
151.875		0.206373
152		0.206373
152.125		0.206373
152.25		0.206373
152.375		0.206373
152.5		0.206373
152.625		0.206373
152.75		0.206373
152.875		0.206373
153		0.206373
153.125		0.206373
153.25		0.206373
153.375		0.206373
153.5		0.206373
153.625		0.206373
153.75		0.206373
153.875		0.206373
154		0.206373
154.125		0.206373
154.25		0.206373
154.375		0.206373
154.5		0.206373
154.625		0.206373
154.75		0.206373
154.875		0.206373
155		0.206373
155.125		0.214179
155.25		0.214179
155.375		0.214179
155.5		0.214179
155.625		0.214179
155.75		0.214179
155.875		0.214179
156		0.214179
156.125		0.214179
156.25		0.214179
156.375		0.214179
156.5		0.214179
156.625		0.214179
156.75		0.214179
156.875		0.214179
157		0.214179
157.125		0.214179
157.25		0.214179
157.375		0.214179
157.5		0.214179
157.625		0.214179
157.75		0.214179
157.875		0.214179
158		0.214179
158.125		0.214179
158.25		0.214179
158.375		0.214179
158.5		0.214179
158.625		0.214179
158.75		0.214179
158.875		0.214179
159		0.214179
159.125		0.214179
159.25		0.214179
159.375		0.214179
159.5		0.214179
159.625		0.214179
159.75		0.214179
159.875		0.214179
160		0.214179
160.125		0.223054
160.25		0.223054
160.375		0.223054
160.5		0.223054
160.625		0.223054
160.75		0.223054
160.875		0.223054
161		0.223054
161.125		0.223054
161.25		0.223054
161.375		0.223054
161.5		0.223054
161.625		0.223054
161.75		0.223054
161.875		0.223054
162		0.223054
162.125		0.223054
162.25		0.223054
162.375		0.223054
162.5		0.223054
162.625		0.223054
162.75		0.223054
162.875		0.223054
163		0.223054
163.125		0.223054
163.25		0.223054
163.375		0.223054
163.5		0.223054
163.625		0.223054
163.75		0.223054
163.875		0.223054
164		0.223054
164.125		0.223054
164.25		0.223054
164.375		0.223054
164.5		0.223054
164.625		0.223054
164.75		0.223054
164.875		0.223054
165		0.223054
165.125		0.23765
165.25		0.23765
165.375		0.23765
165.5		0.23765
165.625		0.23765
165.75		0.23765
165.875		0.23765
166		0.23765
166.125		0.23765
166.25		0.23765
166.375		0.23765
166.5		0.23765
166.625		0.23765
166.75		0.23765
166.875		0.23765
167		0.23765
167.125		0.23765
167.25		0.23765
167.375		0.23765
167.5		0.23765
167.625		0.23765
167.75		0.23765
167.875		0.23765
168		0.23765
168.125		0.23765
168.25		0.23765
168.375		0.23765
168.5		0.23765
168.625		0.23765
168.75		0.23765
168.875		0.23765
169		0.23765
169.125		0.23765
169.25		0.23765
169.375		0.23765
169.5		0.23765
169.625		0.23765
169.75		0.23765
169.875		0.23765
170		0.23765
170.125		0.241606
170.25		0.241606
170.375		0.241606
170.5		0.241606
170.625		0.241606
170.75		0.241606
170.875		0.241606
171		0.241606
171.125		0.241606
171.25		0.241606
171.375		0.241606
171.5		0.241606
171.625		0.241606
171.75		0.241606
171.875		0.241606
172		0.241606
172.125		0.241606
172.25		0.241606
172.375		0.241606
172.5		0.241606
172.625		0.241606
172.75		0.241606
172.875		0.241606
173		0.241606
173.125		0.241606
173.25		0.241606
173.375		0.241606
173.5		0.241606
173.625		0.241606
173.75		0.241606
173.875		0.241606
174		0.241606
174.125		0.241606
174.25		0.241606
174.375		0.241606
174.5		0.241606
174.625		0.241606
174.75		0.241606
174.875		0.241606
175		0.241606
175.125		0.265665
175.25		0.265665
175.375		0.265665
175.5		0.265665
175.625		0.265665
175.75		0.265665
175.875		0.265665
176		0.265665
176.125		0.265665
176.25		0.265665
176.375		0.265665
176.5		0.265665
176.625		0.265665
176.75		0.265665
176.875		0.265665
177		0.265665
177.125		0.265665
177.25		0.265665
177.375		0.265665
177.5		0.265665
177.625		0.265665
177.75		0.265665
177.875		0.265665
178		0.265665
178.125		0.265665
178.25		0.265665
178.375		0.265665
178.5		0.265665
178.625		0.265665
178.75		0.265665
178.875		0.265665
179		0.265665
179.125		0.265665
179.25		0.265665
179.375		0.265665
179.5		0.265665
179.625		0.265665
179.75		0.265665
179.875		0.265665
180		0.265665
180.125		0.267162
180.25		0.267162
180.375		0.267162
180.5		0.267162
180.625		0.267162
180.75		0.267162
180.875		0.267162
181		0.267162
181.125		0.267162
181.25		0.267162
181.375		0.267162
181.5		0.267162
181.625		0.267162
181.75		0.267162
181.875		0.267162
182		0.267162
182.125		0.267162
182.25		0.267162
182.375		0.267162
182.5		0.267162
182.625		0.267162
182.75		0.267162
182.875		0.267162
183		0.267162
183.125		0.267162
183.25		0.267162
183.375		0.267162
183.5		0.267162
183.625		0.267162
183.75		0.267162
183.875		0.267162
184		0.267162
184.125		0.267162
184.25		0.267162
184.375		0.267162
184.5		0.267162
184.625		0.267162
184.75		0.267162
184.875		0.267162
185		0.267162
185.125		0.289457
185.25		0.289457
185.375		0.289457
185.5		0.289457
185.625		0.289457
185.75		0.289457
185.875		0.289457
186		0.289457
186.125		0.289457
186.25		0.289457
186.375		0.289457
186.5		0.289457
186.625		0.289457
186.75		0.289457
186.875		0.289457
187		0.289457
187.125		0.289457
187.25		0.289457
187.375		0.289457
187.5		0.289457
187.625		0.289457
187.75		0.289457
187.875		0.289457
188		0.289457
188.125		0.289457
188.25		0.289457
188.375		0.289457
188.5		0.289457
188.625		0.289457
188.75		0.289457
188.875		0.289457
189		0.289457
189.125		0.289457
189.25		0.289457
189.375		0.289457
189.5		0.289457
189.625		0.289457
189.75		0.289457
189.875		0.289457
190		0.289457
190.125		0.295338
190.25		0.295338
190.375		0.295338
190.5		0.295338
190.625		0.295338
190.75		0.295338
190.875		0.295338
191		0.295338
191.125		0.295338
191.25		0.295338
191.375		0.295338
191.5		0.295338
191.625		0.295338
191.75		0.295338
191.875		0.295338
192		0.295338
192.125		0.295338
192.25		0.295338
192.375		0.295338
192.5		0.295338
192.625		0.295338
192.75		0.295338
192.875		0.295338
193		0.295338
193.125		0.295338
193.25		0.295338
193.375		0.295338
193.5		0.295338
193.625		0.295338
193.75		0.295338
193.875		0.295338
194		0.295338
194.125		0.295338
194.25		0.295338
194.375		0.295338
194.5		0.295338
194.625		0.295338
194.75		0.295338
194.875		0.295338
195		0.295338
195.125		0.301166
195.25		0.301166
195.375		0.301166
195.5		0.301166
195.625		0.301166
195.75		0.301166
195.875		0.301166
196		0.301166
196.125		0.301166
196.25		0.301166
196.375		0.301166
196.5		0.301166
196.625		0.301166
196.75		0.301166
196.875		0.301166
197		0.301166
197.125		0.301166
197.25		0.301166
197.375		0.301166
197.5		0.301166
197.625		0.301166
197.75		0.301166
197.875		0.301166
198		0.301166
198.125		0.301166
198.25		0.301166
198.375		0.301166
198.5		0.301166
198.625		0.301166
198.75		0.301166
198.875		0.301166
199		0.301166
199.125		0.301166
199.25		0.301166
199.375		0.301166
199.5		0.301166
199.625		0.301166
199.75		0.301166
199.875		0.301166
200		0.301166
200.125		0.310522
200.25		0.310522
200.375		0.310522
200.5		0.310522
200.625		0.310522
200.75		0.310522
200.875		0.310522
201		0.310522
201.125		0.310522
201.25		0.310522
201.375		0.310522
201.5		0.310522
201.625		0.310522
201.75		0.310522
201.875		0.310522
202		0.310522
202.125		0.310522
202.25		0.310522
202.375		0.310522
202.5		0.310522
202.625		0.310522
202.75		0.310522
202.875		0.310522
203		0.310522
203.125		0.310522
203.25		0.310522
203.375		0.310522
203.5		0.310522
203.625		0.310522
203.75		0.310522
203.875		0.310522
204		0.310522
204.125		0.310522
204.25		0.310522
204.375		0.310522
204.5		0.310522
204.625		0.310522
204.75		0.310522
204.875		0.310522
205		0.310522
205.125		0.329502
205.25		0.329502
205.375		0.329502
205.5		0.329502
205.625		0.329502
205.75		0.329502
205.875		0.329502
206		0.329502
206.125		0.329502
206.25		0.329502
206.375		0.329502
206.5		0.329502
206.625		0.329502
206.75		0.329502
206.875		0.329502
207		0.329502
207.125		0.329502
207.25		0.329502
207.375		0.329502
207.5		0.329502
207.625		0.329502
207.75		0.329502
207.875		0.329502
208		0.329502
208.125		0.329502
208.25		0.329502
208.375		0.329502
208.5		0.329502
208.625		0.329502
208.75		0.329502
208.875		0.329502
209		0.329502
209.125		0.329502
209.25		0.329502
209.375		0.329502
209.5		0.329502
209.625		0.329502
209.75		0.329502
209.875		0.329502
210		0.329502
210.125		0.339553
210.25		0.339553
210.375		0.339553
210.5		0.339553
210.625		0.339553
210.75		0.339553
210.875		0.339553
211		0.339553
211.125		0.339553
211.25		0.339553
211.375		0.339553
211.5		0.339553
211.625		0.339553
211.75		0.339553
211.875		0.339553
212		0.339553
212.125		0.339553
212.25		0.339553
212.375		0.339553
212.5		0.339553
212.625		0.339553
212.75		0.339553
212.875		0.339553
213		0.339553
213.125		0.339553
213.25		0.339553
213.375		0.339553
213.5		0.339553
213.625		0.339553
213.75		0.339553
213.875		0.339553
214		0.339553
214.125		0.339553
214.25		0.339553
214.375		0.339553
214.5		0.339553
214.625		0.339553
214.75		0.339553
214.875		0.339553
215		0.339553
215.125		0.352331
215.25		0.352331
215.375		0.352331
215.5		0.352331
215.625		0.352331
215.75		0.352331
215.875		0.352331
216		0.352331
216.125		0.352331
216.25		0.352331
216.375		0.352331
216.5		0.352331
216.625		0.352331
216.75		0.352331
216.875		0.352331
217		0.352331
217.125		0.352331
217.25		0.352331
217.375		0.352331
217.5		0.352331
217.625		0.352331
217.75		0.352331
217.875		0.352331
218		0.352331
218.125		0.352331
218.25		0.352331
218.375		0.352331
218.5		0.352331
218.625		0.352331
218.75		0.352331
218.875		0.352331
219		0.352331
219.125		0.352331
219.25		0.352331
219.375		0.352331
219.5		0.352331
219.625		0.352331
219.75		0.352331
219.875		0.352331
220		0.352331
220.125		0.355325
220.25		0.355325
220.375		0.355325
220.5		0.355325
220.625		0.355325
220.75		0.355325
220.875		0.355325
221		0.355325
221.125		0.355325
221.25		0.355325
221.375		0.355325
221.5		0.355325
221.625		0.355325
221.75		0.355325
221.875		0.355325
222		0.355325
222.125		0.355325
222.25		0.355325
222.375		0.355325
222.5		0.355325
222.625		0.355325
222.75		0.355325
222.875		0.355325
223		0.355325
223.125		0.355325
223.25		0.355325
223.375		0.355325
223.5		0.355325
223.625		0.355325
223.75		0.355325
223.875		0.355325
224		0.355325
224.125		0.355325
224.25		0.355325
224.375		0.355325
224.5		0.355325
224.625		0.355325
224.75		0.355325
224.875		0.355325
225		0.355325
225.125		0.362222
225.25		0.362222
225.375		0.362222
225.5		0.362222
225.625		0.362222
225.75		0.362222
225.875		0.362222
226		0.362222
226.125		0.362222
226.25		0.362222
226.375		0.362222
226.5		0.362222
226.625		0.362222
226.75		0.362222
226.875		0.362222
227		0.362222
227.125		0.362222
227.25		0.362222
227.375		0.362222
227.5		0.362222
227.625		0.362222
227.75		0.362222
227.875		0.362222
228		0.362222
228.125		0.362222
228.25		0.362222
228.375		0.362222
228.5		0.362222
228.625		0.362222
228.75		0.362222
228.875		0.362222
229		0.362222
229.125		0.362222
229.25		0.362222
229.375		0.362222
229.5		0.362222
229.625		0.362222
229.75		0.362222
229.875		0.362222
230		0.362222
230.125		0.396867
230.25		0.396867
230.375		0.396867
230.5		0.396867
230.625		0.396867
230.75		0.396867
230.875		0.396867
231		0.396867
231.125		0.396867
231.25		0.396867
231.375		0.396867
231.5		0.396867
231.625		0.396867
231.75		0.396867
231.875		0.396867
232		0.396867
232.125		0.396867
232.25		0.396867
232.375		0.396867
232.5		0.396867
232.625		0.396867
232.75		0.396867
232.875		0.396867
233		0.396867
233.125		0.396867
233.25		0.396867
233.375		0.396867
233.5		0.396867
233.625		0.396867
233.75		0.396867
233.875		0.396867
234		0.396867
234.125		0.396867
234.25		0.396867
234.375		0.396867
234.5		0.396867
234.625		0.396867
234.75		0.396867
234.875		0.396867
235		0.396867
235.125		0.405207
235.25		0.405207
235.375		0.405207
235.5		0.405207
235.625		0.405207
235.75		0.405207
235.875		0.405207
236		0.405207
236.125		0.405207
236.25		0.405207
236.375		0.405207
236.5		0.405207
236.625		0.405207
236.75		0.405207
236.875		0.405207
237		0.405207
237.125		0.405207
237.25		0.405207
237.375		0.405207
237.5		0.405207
237.625		0.405207
237.75		0.405207
237.875		0.405207
238		0.405207
238.125		0.405207
238.25		0.405207
238.375		0.405207
238.5		0.405207
238.625		0.405207
238.75		0.405207
238.875		0.405207
239		0.405207
239.125		0.405207
239.25		0.405207
239.375		0.405207
239.5		0.405207
239.625		0.405207
239.75		0.405207
239.875		0.405207
240		0.405207
240.125		0.407667
240.25		0.407667
240.375		0.407667
240.5		0.407667
240.625		0.407667
240.75		0.407667
240.875		0.407667
241		0.407667
241.125		0.407667
241.25		0.407667
241.375		0.407667
241.5		0.407667
241.625		0.407667
241.75		0.407667
241.875		0.407667
242		0.407667
242.125		0.407667
242.25		0.407667
242.375		0.407667
242.5		0.407667
242.625		0.407667
242.75		0.407667
242.875		0.407667
243		0.407667
243.125		0.407667
243.25		0.407667
243.375		0.407667
243.5		0.407667
243.625		0.407667
243.75		0.407667
243.875		0.407667
244		0.407667
244.125		0.407667
244.25		0.407667
244.375		0.407667
244.5		0.407667
244.625		0.407667
244.75		0.407667
244.875		0.407667
245		0.407667
245.125		0.41852
245.25		0.41852
245.375		0.41852
245.5		0.41852
245.625		0.41852
245.75		0.41852
245.875		0.41852
246		0.41852
246.125		0.41852
246.25		0.41852
246.375		0.41852
246.5		0.41852
246.625		0.41852
246.75		0.41852
246.875		0.41852
247		0.41852
247.125		0.41852
247.25		0.41852
247.375		0.41852
247.5		0.41852
247.625		0.41852
247.75		0.41852
247.875		0.41852
248		0.41852
248.125		0.41852
248.25		0.41852
248.375		0.41852
248.5		0.41852
248.625		0.41852
248.75		0.41852
248.875		0.41852
249		0.41852
249.125		0.41852
249.25		0.41852
249.375		0.41852
249.5		0.41852
249.625		0.41852
249.75		0.41852
249.875		0.41852
250		0.41852
250.125		0.4213
250.25		0.4213
250.375		0.4213
250.5		0.4213
250.625		0.4213
250.75		0.4213
250.875		0.4213
251		0.4213
251.125		0.4213
251.25		0.4213
251.375		0.4213
251.5		0.4213
251.625		0.4213
251.75		0.4213
251.875		0.4213
252		0.4213
252.125		0.4213
252.25		0.4213
252.375		0.4213
252.5		0.4213
252.625		0.4213
252.75		0.4213
252.875		0.4213
253		0.4213
253.125		0.4213
253.25		0.4213
253.375		0.4213
253.5		0.4213
253.625		0.4213
253.75		0.4213
253.875		0.4213
254		0.4213
254.125		0.4213
254.25		0.4213
254.375		0.4213
254.5		0.4213
254.625		0.4213
254.75		0.4213
254.875		0.4213
255		0.4213
255.125		0.451561
255.25		0.451561
255.375		0.451561
255.5		0.451561
255.625		0.451561
255.75		0.451561
255.875		0.451561
256		0.451561
256.125		0.451561
256.25		0.451561
256.375		0.451561
256.5		0.451561
256.625		0.451561
256.75		0.451561
256.875		0.451561
257		0.451561
257.125		0.451561
257.25		0.451561
257.375		0.451561
257.5		0.451561
257.625		0.451561
257.75		0.451561
257.875		0.451561
258		0.451561
258.125		0.451561
258.25		0.451561
258.375		0.451561
258.5		0.451561
258.625		0.451561
258.75		0.451561
258.875		0.451561
259		0.451561
259.125		0.451561
259.25		0.451561
259.375		0.451561
259.5		0.451561
259.625		0.451561
259.75		0.451561
259.875		0.451561
260		0.451561
260.125		0.452737
260.25		0.452737
260.375		0.452737
260.5		0.452737
260.625		0.452737
260.75		0.452737
260.875		0.452737
261		0.452737
261.125		0.452737
261.25		0.452737
261.375		0.452737
261.5		0.452737
261.625		0.452737
261.75		0.452737
261.875		0.452737
262		0.452737
262.125		0.452737
262.25		0.452737
262.375		0.452737
262.5		0.452737
262.625		0.452737
262.75		0.452737
262.875		0.452737
263		0.452737
263.125		0.452737
263.25		0.452737
263.375		0.452737
263.5		0.452737
263.625		0.452737
263.75		0.452737
263.875		0.452737
264		0.452737
264.125		0.452737
264.25		0.452737
264.375		0.452737
264.5		0.452737
264.625		0.452737
264.75		0.452737
264.875		0.452737
265		0.452737
265.125		0.473161
265.25		0.473161
265.375		0.473161
265.5		0.473161
265.625		0.473161
265.75		0.473161
265.875		0.473161
266		0.473161
266.125		0.473161
266.25		0.473161
266.375		0.473161
266.5		0.473161
266.625		0.473161
266.75		0.473161
266.875		0.473161
267		0.473161
267.125		0.473161
267.25		0.473161
267.375		0.473161
267.5		0.473161
267.625		0.473161
267.75		0.473161
267.875		0.473161
268		0.473161
268.125		0.473161
268.25		0.473161
268.375		0.473161
268.5		0.473161
268.625		0.473161
268.75		0.473161
268.875		0.473161
269		0.473161
269.125		0.473161
269.25		0.473161
269.375		0.473161
269.5		0.473161
269.625		0.473161
269.75		0.473161
269.875		0.473161
270		0.473161
270.125		0.482731
270.25		0.482731
270.375		0.482731
270.5		0.482731
270.625		0.482731
270.75		0.482731
270.875		0.482731
271		0.482731
271.125		0.482731
271.25		0.482731
271.375		0.482731
271.5		0.482731
271.625		0.482731
271.75		0.482731
271.875		0.482731
272		0.482731
272.125		0.482731
272.25		0.482731
272.375		0.482731
272.5		0.482731
272.625		0.482731
272.75		0.482731
272.875		0.482731
273		0.482731
273.125		0.482731
273.25		0.482731
273.375		0.482731
273.5		0.482731
273.625		0.482731
273.75		0.482731
273.875		0.482731
274		0.482731
274.125		0.482731
274.25		0.482731
274.375		0.482731
274.5		0.482731
274.625		0.482731
274.75		0.482731
274.875		0.482731
275		0.482731
275.125		0.487115
275.25		0.487115
275.375		0.487115
275.5		0.487115
275.625		0.487115
275.75		0.487115
275.875		0.487115
276		0.487115
276.125		0.487115
276.25		0.487115
276.375		0.487115
276.5		0.487115
276.625		0.487115
276.75		0.487115
276.875		0.487115
277		0.487115
277.125		0.487115
277.25		0.487115
277.375		0.487115
277.5		0.487115
277.625		0.487115
277.75		0.487115
277.875		0.487115
278		0.487115
278.125		0.487115
278.25		0.487115
278.375		0.487115
278.5		0.487115
278.625		0.487115
278.75		0.487115
278.875		0.487115
279		0.487115
279.125		0.487115
279.25		0.487115
279.375		0.487115
279.5		0.487115
279.625		0.487115
279.75		0.487115
279.875		0.487115
280		0.487115
280.125		0.497861
280.25		0.497861
280.375		0.497861
280.5		0.497861
280.625		0.497861
280.75		0.497861
280.875		0.497861
281		0.497861
281.125		0.497861
281.25		0.497861
281.375		0.497861
281.5		0.497861
281.625		0.497861
281.75		0.497861
281.875		0.497861
282		0.497861
282.125		0.497861
282.25		0.497861
282.375		0.497861
282.5		0.497861
282.625		0.497861
282.75		0.497861
282.875		0.497861
283		0.497861
283.125		0.497861
283.25		0.497861
283.375		0.497861
283.5		0.497861
283.625		0.497861
283.75		0.497861
283.875		0.497861
284		0.497861
284.125		0.497861
284.25		0.497861
284.375		0.497861
284.5		0.497861
284.625		0.497861
284.75		0.497861
284.875		0.497861
285		0.497861
285.125		0.514115
285.25		0.514115
285.375		0.514115
285.5		0.514115
285.625		0.514115
285.75		0.514115
285.875		0.514115
286		0.514115
286.125		0.514115
286.25		0.514115
286.375		0.514115
286.5		0.514115
286.625		0.514115
286.75		0.514115
286.875		0.514115
287		0.514115
287.125		0.514115
287.25		0.514115
287.375		0.514115
287.5		0.514115
287.625		0.514115
287.75		0.514115
287.875		0.514115
288		0.514115
288.125		0.514115
288.25		0.514115
288.375		0.514115
288.5		0.514115
288.625		0.514115
288.75		0.514115
288.875		0.514115
289		0.514115
289.125		0.514115
289.25		0.514115
289.375		0.514115
289.5		0.514115
289.625		0.514115
289.75		0.514115
289.875		0.514115
290		0.514115
290.125		0.527534
290.25		0.527534
290.375		0.527534
290.5		0.527534
290.625		0.527534
290.75		0.527534
290.875		0.527534
291		0.527534
291.125		0.527534
291.25		0.527534
291.375		0.527534
291.5		0.527534
291.625		0.527534
291.75		0.527534
291.875		0.527534
292		0.527534
292.125		0.527534
292.25		0.527534
292.375		0.527534
292.5		0.527534
292.625		0.527534
292.75		0.527534
292.875		0.527534
293		0.527534
293.125		0.527534
293.25		0.527534
293.375		0.527534
293.5		0.527534
293.625		0.527534
293.75		0.527534
293.875		0.527534
294		0.527534
294.125		0.527534
294.25		0.527534
294.375		0.527534
294.5		0.527534
294.625		0.527534
294.75		0.527534
294.875		0.527534
295		0.527534
295.125		0.543787
295.25		0.543787
295.375		0.543787
295.5		0.543787
295.625		0.543787
295.75		0.543787
295.875		0.543787
296		0.543787
296.125		0.543787
296.25		0.543787
296.375		0.543787
296.5		0.543787
296.625		0.543787
296.75		0.543787
296.875		0.543787
297		0.543787
297.125		0.543787
297.25		0.543787
297.375		0.543787
297.5		0.543787
297.625		0.543787
297.75		0.543787
297.875		0.543787
298		0.543787
298.125		0.543787
298.25		0.543787
298.375		0.543787
298.5		0.543787
298.625		0.543787
298.75		0.543787
298.875		0.543787
299		0.543787
299.125		0.543787
299.25		0.543787
299.375		0.543787
299.5		0.543787
299.625		0.543787
299.75		0.543787
299.875		0.543787
300		0.543787
300.125		0.551433
300.25		0.551433
300.375		0.551433
300.5		0.551433
300.625		0.551433
300.75		0.551433
300.875		0.551433
301		0.551433
301.125		0.551433
301.25		0.551433
301.375		0.551433
301.5		0.551433
301.625		0.551433
301.75		0.551433
301.875		0.551433
302		0.551433
302.125		0.551433
302.25		0.551433
302.375		0.551433
302.5		0.551433
302.625		0.551433
302.75		0.551433
302.875		0.551433
303		0.551433
303.125		0.551433
303.25		0.551433
303.375		0.551433
303.5		0.551433
303.625		0.551433
303.75		0.551433
303.875		0.551433
304		0.551433
304.125		0.551433
304.25		0.551433
304.375		0.551433
304.5		0.551433
304.625		0.551433
304.75		0.551433
304.875		0.551433
305		0.551433
305.125		0.569237
305.25		0.569237
305.375		0.569237
305.5		0.569237
305.625		0.569237
305.75		0.569237
305.875		0.569237
306		0.569237
306.125		0.569237
306.25		0.569237
306.375		0.569237
306.5		0.569237
306.625		0.569237
306.75		0.569237
306.875		0.569237
307		0.569237
307.125		0.569237
307.25		0.569237
307.375		0.569237
307.5		0.569237
307.625		0.569237
307.75		0.569237
307.875		0.569237
308		0.569237
308.125		0.569237
308.25		0.569237
308.375		0.569237
308.5		0.569237
308.625		0.569237
308.75		0.569237
308.875		0.569237
309		0.569237
309.125		0.569237
309.25		0.569237
309.375		0.569237
309.5		0.569237
309.625		0.569237
309.75		0.569237
309.875		0.569237
310		0.569237
310.125		0.577737
310.25		0.577737
310.375		0.577737
310.5		0.577737
310.625		0.577737
310.75		0.577737
310.875		0.577737
311		0.577737
311.125		0.577737
311.25		0.577737
311.375		0.577737
311.5		0.577737
311.625		0.577737
311.75		0.577737
311.875		0.577737
312		0.577737
312.125		0.577737
312.25		0.577737
312.375		0.577737
312.5		0.577737
312.625		0.577737
312.75		0.577737
312.875		0.577737
313		0.577737
313.125		0.577737
313.25		0.577737
313.375		0.577737
313.5		0.577737
313.625		0.577737
313.75		0.577737
313.875		0.577737
314		0.577737
314.125		0.577737
314.25		0.577737
314.375		0.577737
314.5		0.577737
314.625		0.577737
314.75		0.577737
314.875		0.577737
315		0.577737
315.125		0.594418
315.25		0.594418
315.375		0.594418
315.5		0.594418
315.625		0.594418
315.75		0.594418
315.875		0.594418
316		0.594418
316.125		0.594418
316.25		0.594418
316.375		0.594418
316.5		0.594418
316.625		0.594418
316.75		0.594418
316.875		0.594418
317		0.594418
317.125		0.594418
317.25		0.594418
317.375		0.594418
317.5		0.594418
317.625		0.594418
317.75		0.594418
317.875		0.594418
318		0.594418
318.125		0.594418
318.25		0.594418
318.375		0.594418
318.5		0.594418
318.625		0.594418
318.75		0.594418
318.875		0.594418
319		0.594418
319.125		0.594418
319.25		0.594418
319.375		0.594418
319.5		0.594418
319.625		0.594418
319.75		0.594418
319.875		0.594418
320		0.594418
320.125		0.596931
320.25		0.596931
320.375		0.596931
320.5		0.596931
320.625		0.596931
320.75		0.596931
320.875		0.596931
321		0.596931
321.125		0.596931
321.25		0.596931
321.375		0.596931
321.5		0.596931
321.625		0.596931
321.75		0.596931
321.875		0.596931
322		0.596931
322.125		0.596931
322.25		0.596931
322.375		0.596931
322.5		0.596931
322.625		0.596931
322.75		0.596931
322.875		0.596931
323		0.596931
323.125		0.596931
323.25		0.596931
323.375		0.596931
323.5		0.596931
323.625		0.596931
323.75		0.596931
323.875		0.596931
324		0.596931
324.125		0.596931
324.25		0.596931
324.375		0.596931
324.5		0.596931
324.625		0.596931
324.75		0.596931
324.875		0.596931
325		0.596931
325.125		0.622915
325.25		0.622915
325.375		0.622915
325.5		0.622915
325.625		0.622915
325.75		0.622915
325.875		0.622915
326		0.622915
326.125		0.622915
326.25		0.622915
326.375		0.622915
326.5		0.622915
326.625		0.622915
326.75		0.622915
326.875		0.622915
327		0.622915
327.125		0.622915
327.25		0.622915
327.375		0.622915
327.5		0.622915
327.625		0.622915
327.75		0.622915
327.875		0.622915
328		0.622915
328.125		0.622915
328.25		0.622915
328.375		0.622915
328.5		0.622915
328.625		0.622915
328.75		0.622915
328.875		0.622915
329		0.622915
329.125		0.622915
329.25		0.622915
329.375		0.622915
329.5		0.622915
329.625		0.622915
329.75		0.622915
329.875		0.622915
330		0.622915
330.125		0.625588
330.25		0.625588
330.375		0.625588
330.5		0.625588
330.625		0.625588
330.75		0.625588
330.875		0.625588
331		0.625588
331.125		0.625588
331.25		0.625588
331.375		0.625588
331.5		0.625588
331.625		0.625588
331.75		0.625588
331.875		0.625588
332		0.625588
332.125		0.625588
332.25		0.625588
332.375		0.625588
332.5		0.625588
332.625		0.625588
332.75		0.625588
332.875		0.625588
333		0.625588
333.125		0.625588
333.25		0.625588
333.375		0.625588
333.5		0.625588
333.625		0.625588
333.75		0.625588
333.875		0.625588
334		0.625588
334.125		0.625588
334.25		0.625588
334.375		0.625588
334.5		0.625588
334.625		0.625588
334.75		0.625588
334.875		0.625588
335		0.625588
335.125		0.635586
335.25		0.635586
335.375		0.635586
335.5		0.635586
335.625		0.635586
335.75		0.635586
335.875		0.635586
336		0.635586
336.125		0.635586
336.25		0.635586
336.375		0.635586
336.5		0.635586
336.625		0.635586
336.75		0.635586
336.875		0.635586
337		0.635586
337.125		0.635586
337.25		0.635586
337.375		0.635586
337.5		0.635586
337.625		0.635586
337.75		0.635586
337.875		0.635586
338		0.635586
338.125		0.635586
338.25		0.635586
338.375		0.635586
338.5		0.635586
338.625		0.635586
338.75		0.635586
338.875		0.635586
339		0.635586
339.125		0.635586
339.25		0.635586
339.375		0.635586
339.5		0.635586
339.625		0.635586
339.75		0.635586
339.875		0.635586
340		0.635586
340.125		0.640024
340.25		0.640024
340.375		0.640024
340.5		0.640024
340.625		0.640024
340.75		0.640024
340.875		0.640024
341		0.640024
341.125		0.640024
341.25		0.640024
341.375		0.640024
341.5		0.640024
341.625		0.640024
341.75		0.640024
341.875		0.640024
342		0.640024
342.125		0.640024
342.25		0.640024
342.375		0.640024
342.5		0.640024
342.625		0.640024
342.75		0.640024
342.875		0.640024
343		0.640024
343.125		0.640024
343.25		0.640024
343.375		0.640024
343.5		0.640024
343.625		0.640024
343.75		0.640024
343.875		0.640024
344		0.640024
344.125		0.640024
344.25		0.640024
344.375		0.640024
344.5		0.640024
344.625		0.640024
344.75		0.640024
344.875		0.640024
345		0.640024
345.125		0.649701
345.25		0.649701
345.375		0.649701
345.5		0.649701
345.625		0.649701
345.75		0.649701
345.875		0.649701
346		0.649701
346.125		0.649701
346.25		0.649701
346.375		0.649701
346.5		0.649701
346.625		0.649701
346.75		0.649701
346.875		0.649701
347		0.649701
347.125		0.649701
347.25		0.649701
347.375		0.649701
347.5		0.649701
347.625		0.649701
347.75		0.649701
347.875		0.649701
348		0.649701
348.125		0.649701
348.25		0.649701
348.375		0.649701
348.5		0.649701
348.625		0.649701
348.75		0.649701
348.875		0.649701
349		0.649701
349.125		0.649701
349.25		0.649701
349.375		0.649701
349.5		0.649701
349.625		0.649701
349.75		0.649701
349.875		0.649701
350		0.649701
350.125		0.662639
350.25		0.662639
350.375		0.662639
350.5		0.662639
350.625		0.662639
350.75		0.662639
350.875		0.662639
351		0.662639
351.125		0.662639
351.25		0.662639
351.375		0.662639
351.5		0.662639
351.625		0.662639
351.75		0.662639
351.875		0.662639
352		0.662639
352.125		0.662639
352.25		0.662639
352.375		0.662639
352.5		0.662639
352.625		0.662639
352.75		0.662639
352.875		0.662639
353		0.662639
353.125		0.662639
353.25		0.662639
353.375		0.662639
353.5		0.662639
353.625		0.662639
353.75		0.662639
353.875		0.662639
354		0.662639
354.125		0.662639
354.25		0.662639
354.375		0.662639
354.5		0.662639
354.625		0.662639
354.75		0.662639
354.875		0.662639
355		0.662639
355.125		0.675203
355.25		0.675203
355.375		0.675203
355.5		0.675203
355.625		0.675203
355.75		0.675203
355.875		0.675203
356		0.675203
356.125		0.675203
356.25		0.675203
356.375		0.675203
356.5		0.675203
356.625		0.675203
356.75		0.675203
356.875		0.675203
357		0.675203
357.125		0.675203
357.25		0.675203
357.375		0.675203
357.5		0.675203
357.625		0.675203
357.75		0.675203
357.875		0.675203
358		0.675203
358.125		0.675203
358.25		0.675203
358.375		0.675203
358.5		0.675203
358.625		0.675203
358.75		0.675203
358.875		0.675203
359		0.675203
359.125		0.675203
359.25		0.675203
359.375		0.675203
359.5		0.675203
359.625		0.675203
359.75		0.675203
359.875		0.675203
360		0.675203
360.125		0.698995
360.25		0.698995
360.375		0.698995
360.5		0.698995
360.625		0.698995
360.75		0.698995
360.875		0.698995
361		0.698995
361.125		0.698995
361.25		0.698995
361.375		0.698995
361.5		0.698995
361.625		0.698995
361.75		0.698995
361.875		0.698995
362		0.698995
362.125		0.698995
362.25		0.698995
362.375		0.698995
362.5		0.698995
362.625		0.698995
362.75		0.698995
362.875		0.698995
363		0.698995
363.125		0.698995
363.25		0.698995
363.375		0.698995
363.5		0.698995
363.625		0.698995
363.75		0.698995
363.875		0.698995
364		0.698995
364.125		0.698995
364.25		0.698995
364.375		0.698995
364.5		0.698995
364.625		0.698995
364.75		0.698995
364.875		0.698995
365		0.698995
365.125		0.701615
365.25		0.701615
365.375		0.701615
365.5		0.701615
365.625		0.701615
365.75		0.701615
365.875		0.701615
366		0.701615
366.125		0.701615
366.25		0.701615
366.375		0.701615
366.5		0.701615
366.625		0.701615
366.75		0.701615
366.875		0.701615
367		0.701615
367.125		0.701615
367.25		0.701615
367.375		0.701615
367.5		0.701615
367.625		0.701615
367.75		0.701615
367.875		0.701615
368		0.701615
368.125		0.701615
368.25		0.701615
368.375		0.701615
368.5		0.701615
368.625		0.701615
368.75		0.701615
368.875		0.701615
369		0.701615
369.125		0.701615
369.25		0.701615
369.375		0.701615
369.5		0.701615
369.625		0.701615
369.75		0.701615
369.875		0.701615
370		0.701615
370.125		0.7037
370.25		0.7037
370.375		0.7037
370.5		0.7037
370.625		0.7037
370.75		0.7037
370.875		0.7037
371		0.7037
371.125		0.7037
371.25		0.7037
371.375		0.7037
371.5		0.7037
371.625		0.7037
371.75		0.7037
371.875		0.7037
372		0.7037
372.125		0.7037
372.25		0.7037
372.375		0.7037
372.5		0.7037
372.625		0.7037
372.75		0.7037
372.875		0.7037
373		0.7037
373.125		0.7037
373.25		0.7037
373.375		0.7037
373.5		0.7037
373.625		0.7037
373.75		0.7037
373.875		0.7037
374		0.7037
374.125		0.7037
374.25		0.7037
374.375		0.7037
374.5		0.7037
374.625		0.7037
374.75		0.7037
374.875		0.7037
375		0.7037
375.125		0.709207
375.25		0.709207
375.375		0.709207
375.5		0.709207
375.625		0.709207
375.75		0.709207
375.875		0.709207
376		0.709207
376.125		0.709207
376.25		0.709207
376.375		0.709207
376.5		0.709207
376.625		0.709207
376.75		0.709207
376.875		0.709207
377		0.709207
377.125		0.709207
377.25		0.709207
377.375		0.709207
377.5		0.709207
377.625		0.709207
377.75		0.709207
377.875		0.709207
378		0.709207
378.125		0.709207
378.25		0.709207
378.375		0.709207
378.5		0.709207
378.625		0.709207
378.75		0.709207
378.875		0.709207
379		0.709207
379.125		0.709207
379.25		0.709207
379.375		0.709207
379.5		0.709207
379.625		0.709207
379.75		0.709207
379.875		0.709207
380		0.709207
380.125		0.734816
380.25		0.734816
380.375		0.734816
380.5		0.734816
380.625		0.734816
380.75		0.734816
380.875		0.734816
381		0.734816
381.125		0.734816
381.25		0.734816
381.375		0.734816
381.5		0.734816
381.625		0.734816
381.75		0.734816
381.875		0.734816
382		0.734816
382.125		0.734816
382.25		0.734816
382.375		0.734816
382.5		0.734816
382.625		0.734816
382.75		0.734816
382.875		0.734816
383		0.734816
383.125		0.734816
383.25		0.734816
383.375		0.734816
383.5		0.734816
383.625		0.734816
383.75		0.734816
383.875		0.734816
384		0.734816
384.125		0.734816
384.25		0.734816
384.375		0.734816
384.5		0.734816
384.625		0.734816
384.75		0.734816
384.875		0.734816
385		0.734816
385.125		0.739949
385.25		0.739949
385.375		0.739949
385.5		0.739949
385.625		0.739949
385.75		0.739949
385.875		0.739949
386		0.739949
386.125		0.739949
386.25		0.739949
386.375		0.739949
386.5		0.739949
386.625		0.739949
386.75		0.739949
386.875		0.739949
387		0.739949
387.125		0.739949
387.25		0.739949
387.375		0.739949
387.5		0.739949
387.625		0.739949
387.75		0.739949
387.875		0.739949
388		0.739949
388.125		0.739949
388.25		0.739949
388.375		0.739949
388.5		0.739949
388.625		0.739949
388.75		0.739949
388.875		0.739949
389		0.739949
389.125		0.739949
389.25		0.739949
389.375		0.739949
389.5		0.739949
389.625		0.739949
389.75		0.739949
389.875		0.739949
390		0.739949
390.125		0.759517
390.25		0.759517
390.375		0.759517
390.5		0.759517
390.625		0.759517
390.75		0.759517
390.875		0.759517
391		0.759517
391.125		0.759517
391.25		0.759517
391.375		0.759517
391.5		0.759517
391.625		0.759517
391.75		0.759517
391.875		0.759517
392		0.759517
392.125		0.759517
392.25		0.759517
392.375		0.759517
392.5		0.759517
392.625		0.759517
392.75		0.759517
392.875		0.759517
393		0.759517
393.125		0.759517
393.25		0.759517
393.375		0.759517
393.5		0.759517
393.625		0.759517
393.75		0.759517
393.875		0.759517
394		0.759517
394.125		0.759517
394.25		0.759517
394.375		0.759517
394.5		0.759517
394.625		0.759517
394.75		0.759517
394.875		0.759517
395		0.759517
395.125		0.76219
395.25		0.76219
395.375		0.76219
395.5		0.76219
395.625		0.76219
395.75		0.76219
395.875		0.76219
396		0.76219
396.125		0.76219
396.25		0.76219
396.375		0.76219
396.5		0.76219
396.625		0.76219
396.75		0.76219
396.875		0.76219
397		0.76219
397.125		0.76219
397.25		0.76219
397.375		0.76219
397.5		0.76219
397.625		0.76219
397.75		0.76219
397.875		0.76219
398		0.76219
398.125		0.76219
398.25		0.76219
398.375		0.76219
398.5		0.76219
398.625		0.76219
398.75		0.76219
398.875		0.76219
399		0.76219
399.125		0.76219
399.25		0.76219
399.375		0.76219
399.5		0.76219
399.625		0.76219
399.75		0.76219
399.875		0.76219
400		0.76219
400.125		0.789671
400.25		0.789671
400.375		0.789671
400.5		0.789671
400.625		0.789671
400.75		0.789671
400.875		0.789671
401		0.789671
401.125		0.789671
401.25		0.789671
401.375		0.789671
401.5		0.789671
401.625		0.789671
401.75		0.789671
401.875		0.789671
402		0.789671
402.125		0.789671
402.25		0.789671
402.375		0.789671
402.5		0.789671
402.625		0.789671
402.75		0.789671
402.875		0.789671
403		0.789671
403.125		0.789671
403.25		0.789671
403.375		0.789671
403.5		0.789671
403.625		0.789671
403.75		0.789671
403.875		0.789671
404		0.789671
404.125		0.789671
404.25		0.789671
404.375		0.789671
404.5		0.789671
404.625		0.789671
404.75		0.789671
404.875		0.789671
405		0.789671
405.125		0.796086
405.25		0.796086
405.375		0.796086
405.5		0.796086
405.625		0.796086
405.75		0.796086
405.875		0.796086
406		0.796086
406.125		0.796086
406.25		0.796086
406.375		0.796086
406.5		0.796086
406.625		0.796086
406.75		0.796086
406.875		0.796086
407		0.796086
407.125		0.796086
407.25		0.796086
407.375		0.796086
407.5		0.796086
407.625		0.796086
407.75		0.796086
407.875		0.796086
408		0.796086
408.125		0.796086
408.25		0.796086
408.375		0.796086
408.5		0.796086
408.625		0.796086
408.75		0.796086
408.875		0.796086
409		0.796086
409.125		0.796086
409.25		0.796086
409.375		0.796086
409.5		0.796086
409.625		0.796086
409.75		0.796086
409.875		0.796086
410		0.796086
410.125		0.801272
410.25		0.801272
410.375		0.801272
410.5		0.801272
410.625		0.801272
410.75		0.801272
410.875		0.801272
411		0.801272
411.125		0.801272
411.25		0.801272
411.375		0.801272
411.5		0.801272
411.625		0.801272
411.75		0.801272
411.875		0.801272
412		0.801272
412.125		0.801272
412.25		0.801272
412.375		0.801272
412.5		0.801272
412.625		0.801272
412.75		0.801272
412.875		0.801272
413		0.801272
413.125		0.801272
413.25		0.801272
413.375		0.801272
413.5		0.801272
413.625		0.801272
413.75		0.801272
413.875		0.801272
414		0.801272
414.125		0.801272
414.25		0.801272
414.375		0.801272
414.5		0.801272
414.625		0.801272
414.75		0.801272
414.875		0.801272
415		0.801272
415.125		0.802609
415.25		0.802609
415.375		0.802609
415.5		0.802609
415.625		0.802609
415.75		0.802609
415.875		0.802609
416		0.802609
416.125		0.802609
416.25		0.802609
416.375		0.802609
416.5		0.802609
416.625		0.802609
416.75		0.802609
416.875		0.802609
417		0.802609
417.125		0.802609
417.25		0.802609
417.375		0.802609
417.5		0.802609
417.625		0.802609
417.75		0.802609
417.875		0.802609
418		0.802609
418.125		0.802609
418.25		0.802609
418.375		0.802609
418.5		0.802609
418.625		0.802609
418.75		0.802609
418.875		0.802609
419		0.802609
419.125		0.802609
419.25		0.802609
419.375		0.802609
419.5		0.802609
419.625		0.802609
419.75		0.802609
419.875		0.802609
420		0.802609
420.125		0.833084
420.25		0.833084
420.375		0.833084
420.5		0.833084
420.625		0.833084
420.75		0.833084
420.875		0.833084
421		0.833084
421.125		0.833084
421.25		0.833084
421.375		0.833084
421.5		0.833084
421.625		0.833084
421.75		0.833084
421.875		0.833084
422		0.833084
422.125		0.833084
422.25		0.833084
422.375		0.833084
422.5		0.833084
422.625		0.833084
422.75		0.833084
422.875		0.833084
423		0.833084
423.125		0.833084
423.25		0.833084
423.375		0.833084
423.5		0.833084
423.625		0.833084
423.75		0.833084
423.875		0.833084
424		0.833084
424.125		0.833084
424.25		0.833084
424.375		0.833084
424.5		0.833084
424.625		0.833084
424.75		0.833084
424.875		0.833084
425		0.833084
425.125		0.841585
425.25		0.841585
425.375		0.841585
425.5		0.841585
425.625		0.841585
425.75		0.841585
425.875		0.841585
426		0.841585
426.125		0.841585
426.25		0.841585
426.375		0.841585
426.5		0.841585
426.625		0.841585
426.75		0.841585
426.875		0.841585
427		0.841585
427.125		0.841585
427.25		0.841585
427.375		0.841585
427.5		0.841585
427.625		0.841585
427.75		0.841585
427.875		0.841585
428		0.841585
428.125		0.841585
428.25		0.841585
428.375		0.841585
428.5		0.841585
428.625		0.841585
428.75		0.841585
428.875		0.841585
429		0.841585
429.125		0.841585
429.25		0.841585
429.375		0.841585
429.5		0.841585
429.625		0.841585
429.75		0.841585
429.875		0.841585
430		0.841585
430.125		0.857357
430.25		0.857357
430.375		0.857357
430.5		0.857357
430.625		0.857357
430.75		0.857357
430.875		0.857357
431		0.857357
431.125		0.857357
431.25		0.857357
431.375		0.857357
431.5		0.857357
431.625		0.857357
431.75		0.857357
431.875		0.857357
432		0.857357
432.125		0.857357
432.25		0.857357
432.375		0.857357
432.5		0.857357
432.625		0.857357
432.75		0.857357
432.875		0.857357
433		0.857357
433.125		0.857357
433.25		0.857357
433.375		0.857357
433.5		0.857357
433.625		0.857357
433.75		0.857357
433.875		0.857357
434		0.857357
434.125		0.857357
434.25		0.857357
434.375		0.857357
434.5		0.857357
434.625		0.857357
434.75		0.857357
434.875		0.857357
435		0.857357
435.125		0.863933
435.25		0.863933
435.375		0.863933
435.5		0.863933
435.625		0.863933
435.75		0.863933
435.875		0.863933
436		0.863933
436.125		0.863933
436.25		0.863933
436.375		0.863933
436.5		0.863933
436.625		0.863933
436.75		0.863933
436.875		0.863933
437		0.863933
437.125		0.863933
437.25		0.863933
437.375		0.863933
437.5		0.863933
437.625		0.863933
437.75		0.863933
437.875		0.863933
438		0.863933
438.125		0.863933
438.25		0.863933
438.375		0.863933
438.5		0.863933
438.625		0.863933
438.75		0.863933
438.875		0.863933
439		0.863933
439.125		0.863933
439.25		0.863933
439.375		0.863933
439.5		0.863933
439.625		0.863933
439.75		0.863933
439.875		0.863933
440		0.863933
440.125		0.869867
440.25		0.869867
440.375		0.869867
440.5		0.869867
440.625		0.869867
440.75		0.869867
440.875		0.869867
441		0.869867
441.125		0.869867
441.25		0.869867
441.375		0.869867
441.5		0.869867
441.625		0.869867
441.75		0.869867
441.875		0.869867
442		0.869867
442.125		0.869867
442.25		0.869867
442.375		0.869867
442.5		0.869867
442.625		0.869867
442.75		0.869867
442.875		0.869867
443		0.869867
443.125		0.869867
443.25		0.869867
443.375		0.869867
443.5		0.869867
443.625		0.869867
443.75		0.869867
443.875		0.869867
444		0.869867
444.125		0.869867
444.25		0.869867
444.375		0.869867
444.5		0.869867
444.625		0.869867
444.75		0.869867
444.875		0.869867
445		0.869867
445.125		0.88334
445.25		0.88334
445.375		0.88334
445.5		0.88334
445.625		0.88334
445.75		0.88334
445.875		0.88334
446		0.88334
446.125		0.88334
446.25		0.88334
446.375		0.88334
446.5		0.88334
446.625		0.88334
446.75		0.88334
446.875		0.88334
447		0.88334
447.125		0.88334
447.25		0.88334
447.375		0.88334
447.5		0.88334
447.625		0.88334
447.75		0.88334
447.875		0.88334
448		0.88334
448.125		0.88334
448.25		0.88334
448.375		0.88334
448.5		0.88334
448.625		0.88334
448.75		0.88334
448.875		0.88334
449		0.88334
449.125		0.88334
449.25		0.88334
449.375		0.88334
449.5		0.88334
449.625		0.88334
449.75		0.88334
449.875		0.88334
450		0.88334
450.125		0.8966
450.25		0.8966
450.375		0.8966
450.5		0.8966
450.625		0.8966
450.75		0.8966
450.875		0.8966
451		0.8966
451.125		0.8966
451.25		0.8966
451.375		0.8966
451.5		0.8966
451.625		0.8966
451.75		0.8966
451.875		0.8966
452		0.8966
452.125		0.8966
452.25		0.8966
452.375		0.8966
452.5		0.8966
452.625		0.8966
452.75		0.8966
452.875		0.8966
453		0.8966
453.125		0.8966
453.25		0.8966
453.375		0.8966
453.5		0.8966
453.625		0.8966
453.75		0.8966
453.875		0.8966
454		0.8966
454.125		0.8966
454.25		0.8966
454.375		0.8966
454.5		0.8966
454.625		0.8966
454.75		0.8966
454.875		0.8966
455		0.8966
455.125		0.911623
455.25		0.911623
455.375		0.911623
455.5		0.911623
455.625		0.911623
455.75		0.911623
455.875		0.911623
456		0.911623
456.125		0.911623
456.25		0.911623
456.375		0.911623
456.5		0.911623
456.625		0.911623
456.75		0.911623
456.875		0.911623
457		0.911623
457.125		0.911623
457.25		0.911623
457.375		0.911623
457.5		0.911623
457.625		0.911623
457.75		0.911623
457.875		0.911623
458		0.911623
458.125		0.911623
458.25		0.911623
458.375		0.911623
458.5		0.911623
458.625		0.911623
458.75		0.911623
458.875		0.911623
459		0.911623
459.125		0.911623
459.25		0.911623
459.375		0.911623
459.5		0.911623
459.625		0.911623
459.75		0.911623
459.875		0.911623
460		0.911623
460.125		0.922316
460.25		0.922316
460.375		0.922316
460.5		0.922316
460.625		0.922316
460.75		0.922316
460.875		0.922316
461		0.922316
461.125		0.922316
461.25		0.922316
461.375		0.922316
461.5		0.922316
461.625		0.922316
461.75		0.922316
461.875		0.922316
462		0.922316
462.125		0.922316
462.25		0.922316
462.375		0.922316
462.5		0.922316
462.625		0.922316
462.75		0.922316
462.875		0.922316
463		0.922316
463.125		0.922316
463.25		0.922316
463.375		0.922316
463.5		0.922316
463.625		0.922316
463.75		0.922316
463.875		0.922316
464		0.922316
464.125		0.922316
464.25		0.922316
464.375		0.922316
464.5		0.922316
464.625		0.922316
464.75		0.922316
464.875		0.922316
465		0.922316
465.125		0.929694
465.25		0.929694
465.375		0.929694
465.5		0.929694
465.625		0.929694
465.75		0.929694
465.875		0.929694
466		0.929694
466.125		0.929694
466.25		0.929694
466.375		0.929694
466.5		0.929694
466.625		0.929694
466.75		0.929694
466.875		0.929694
467		0.929694
467.125		0.929694
467.25		0.929694
467.375		0.929694
467.5		0.929694
467.625		0.929694
467.75		0.929694
467.875		0.929694
468		0.929694
468.125		0.929694
468.25		0.929694
468.375		0.929694
468.5		0.929694
468.625		0.929694
468.75		0.929694
468.875		0.929694
469		0.929694
469.125		0.929694
469.25		0.929694
469.375		0.929694
469.5		0.929694
469.625		0.929694
469.75		0.929694
469.875		0.929694
470		0.929694
470.125		0.955785
470.25		0.955785
470.375		0.955785
470.5		0.955785
470.625		0.955785
470.75		0.955785
470.875		0.955785
471		0.955785
471.125		0.955785
471.25		0.955785
471.375		0.955785
471.5		0.955785
471.625		0.955785
471.75		0.955785
471.875		0.955785
472		0.955785
472.125		0.955785
472.25		0.955785
472.375		0.955785
472.5		0.955785
472.625		0.955785
472.75		0.955785
472.875		0.955785
473		0.955785
473.125		0.955785
473.25		0.955785
473.375		0.955785
473.5		0.955785
473.625		0.955785
473.75		0.955785
473.875		0.955785
474		0.955785
474.125		0.955785
474.25		0.955785
474.375		0.955785
474.5		0.955785
474.625		0.955785
474.75		0.955785
474.875		0.955785
475		0.955785
475.125		0.958512
475.25		0.958512
475.375		0.958512
475.5		0.958512
475.625		0.958512
475.75		0.958512
475.875		0.958512
476		0.958512
476.125		0.958512
476.25		0.958512
476.375		0.958512
476.5		0.958512
476.625		0.958512
476.75		0.958512
476.875		0.958512
477		0.958512
477.125		0.958512
477.25		0.958512
477.375		0.958512
477.5		0.958512
477.625		0.958512
477.75		0.958512
477.875		0.958512
478		0.958512
478.125		0.958512
478.25		0.958512
478.375		0.958512
478.5		0.958512
478.625		0.958512
478.75		0.958512
478.875		0.958512
479		0.958512
479.125		0.958512
479.25		0.958512
479.375		0.958512
479.5		0.958512
479.625		0.958512
479.75		0.958512
479.875		0.958512
480		0.958512
480.125		0.96589
480.25		0.96589
480.375		0.96589
480.5		0.96589
480.625		0.96589
480.75		0.96589
480.875		0.96589
481		0.96589
481.125		0.96589
481.25		0.96589
481.375		0.96589
481.5		0.96589
481.625		0.96589
481.75		0.96589
481.875		0.96589
482		0.96589
482.125		0.96589
482.25		0.96589
482.375		0.96589
482.5		0.96589
482.625		0.96589
482.75		0.96589
482.875		0.96589
483		0.96589
483.125		0.96589
483.25		0.96589
483.375		0.96589
483.5		0.96589
483.625		0.96589
483.75		0.96589
483.875		0.96589
484		0.96589
484.125		0.96589
484.25		0.96589
484.375		0.96589
484.5		0.96589
484.625		0.96589
484.75		0.96589
484.875		0.96589
485		0.96589
485.125		0.968456
485.25		0.968456
485.375		0.968456
485.5		0.968456
485.625		0.968456
485.75		0.968456
485.875		0.968456
486		0.968456
486.125		0.968456
486.25		0.968456
486.375		0.968456
486.5		0.968456
486.625		0.968456
486.75		0.968456
486.875		0.968456
487		0.968456
487.125		0.968456
487.25		0.968456
487.375		0.968456
487.5		0.968456
487.625		0.968456
487.75		0.968456
487.875		0.968456
488		0.968456
488.125		0.968456
488.25		0.968456
488.375		0.968456
488.5		0.968456
488.625		0.968456
488.75		0.968456
488.875		0.968456
489		0.968456
489.125		0.968456
489.25		0.968456
489.375		0.968456
489.5		0.968456
489.625		0.968456
489.75		0.968456
489.875		0.968456
490		0.968456
490.125		0.99305
490.25		0.99305
490.375		0.99305
490.5		0.99305
490.625		0.99305
490.75		0.99305
490.875		0.99305
491		0.99305
491.125		0.99305
491.25		0.99305
491.375		0.99305
491.5		0.99305
491.625		0.99305
491.75		0.99305
491.875		0.99305
492		0.99305
492.125		0.99305
492.25		0.99305
492.375		0.99305
492.5		0.99305
492.625		0.99305
492.75		0.99305
492.875		0.99305
493		0.99305
493.125		0.99305
493.25		0.99305
493.375		0.99305
493.5		0.99305
493.625		0.99305
493.75		0.99305
493.875		0.99305
494		0.99305
494.125		0.99305
494.25		0.99305
494.375		0.99305
494.5		0.99305
494.625		0.99305
494.75		0.99305
494.875		0.99305
495		0.99305
495.125		1
495.25		1
495.375		1
495.5		1
495.625		1
495.75		1
495.875		1
496		1
496.125		1
496.25		1
496.375		1
496.5		1
496.625		1
496.75		1
496.875		1
497		1
497.125		1
497.25		1
497.375		1
497.5		1
497.625		1
497.75		1
497.875		1
498		1
498.125		1
498.25		1
498.375		1
498.5		1
498.625		1
498.75		1
498.875		1
499		1
499.125		1
499.25		1
499.375		1
499.5		1
499.625		1
499.75		1
499.875		1
500		1
