# Calibration file of tamex_id 1 @ channel 28
# fine_T bin		 Calibration value
0.125		0
0.25		0
0.375		0
0.5		0
0.625		0
0.75		0
0.875		0
1		0
1.125		0
1.25		0
1.375		0
1.5		0
1.625		0
1.75		0
1.875		0
2		0
2.125		0
2.25		0
2.375		0
2.5		0
2.625		0
2.75		0
2.875		0
3		0
3.125		0
3.25		0
3.375		0
3.5		0
3.625		0
3.75		0
3.875		0
4		0
4.125		0
4.25		0
4.375		0
4.5		0
4.625		0
4.75		0
4.875		0
5		0
5.125		0
5.25		0
5.375		0
5.5		0
5.625		0
5.75		0
5.875		0
6		0
6.125		0
6.25		0
6.375		0
6.5		0
6.625		0
6.75		0
6.875		0
7		0
7.125		0
7.25		0
7.375		0
7.5		0
7.625		0
7.75		0
7.875		0
8		0
8.125		0
8.25		0
8.375		0
8.5		0
8.625		0
8.75		0
8.875		0
9		0
9.125		0
9.25		0
9.375		0
9.5		0
9.625		0
9.75		0
9.875		0
10		0
10.125		0
10.25		0
10.375		0
10.5		0
10.625		0
10.75		0
10.875		0
11		0
11.125		0
11.25		0
11.375		0
11.5		0
11.625		0
11.75		0
11.875		0
12		0
12.125		0
12.25		0
12.375		0
12.5		0
12.625		0
12.75		0
12.875		0
13		0
13.125		0
13.25		0
13.375		0
13.5		0
13.625		0
13.75		0
13.875		0
14		0
14.125		0
14.25		0
14.375		0
14.5		0
14.625		0
14.75		0
14.875		0
15		0
15.125		0
15.25		0
15.375		0
15.5		0
15.625		0
15.75		0
15.875		0
16		0
16.125		0
16.25		0
16.375		0
16.5		0
16.625		0
16.75		0
16.875		0
17		0
17.125		0
17.25		0
17.375		0
17.5		0
17.625		0
17.75		0
17.875		0
18		0
18.125		0
18.25		0
18.375		0
18.5		0
18.625		0
18.75		0
18.875		0
19		0
19.125		0
19.25		0
19.375		0
19.5		0
19.625		0
19.75		0
19.875		0
20		0
20.125		0
20.25		0
20.375		0
20.5		0
20.625		0
20.75		0
20.875		0
21		0
21.125		0
21.25		0
21.375		0
21.5		0
21.625		0
21.75		0
21.875		0
22		0
22.125		0
22.25		0
22.375		0
22.5		0
22.625		0
22.75		0
22.875		0
23		0
23.125		0
23.25		0
23.375		0
23.5		0
23.625		0
23.75		0
23.875		0
24		0
24.125		0
24.25		0
24.375		0
24.5		0
24.625		0
24.75		0
24.875		0
25		0
25.125		0
25.25		0
25.375		0
25.5		0
25.625		0
25.75		0
25.875		0
26		0
26.125		0
26.25		0
26.375		0
26.5		0
26.625		0
26.75		0
26.875		0
27		0
27.125		0
27.25		0
27.375		0
27.5		0
27.625		0
27.75		0
27.875		0
28		0
28.125		0
28.25		0
28.375		0
28.5		0
28.625		0
28.75		0
28.875		0
29		0
29.125		0
29.25		0
29.375		0
29.5		0
29.625		0
29.75		0
29.875		0
30		0
30.125		0
30.25		0
30.375		0
30.5		0
30.625		0
30.75		0
30.875		0
31		0
31.125		0
31.25		0
31.375		0
31.5		0
31.625		0
31.75		0
31.875		0
32		0
32.125		0
32.25		0
32.375		0
32.5		0
32.625		0
32.75		0
32.875		0
33		0
33.125		0
33.25		0
33.375		0
33.5		0
33.625		0
33.75		0
33.875		0
34		0
34.125		0
34.25		0
34.375		0
34.5		0
34.625		0
34.75		0
34.875		0
35		0
35.125		0
35.25		0
35.375		0
35.5		0
35.625		0
35.75		0
35.875		0
36		0
36.125		0
36.25		0
36.375		0
36.5		0
36.625		0
36.75		0
36.875		0
37		0
37.125		0
37.25		0
37.375		0
37.5		0
37.625		0
37.75		0
37.875		0
38		0
38.125		0
38.25		0
38.375		0
38.5		0
38.625		0
38.75		0
38.875		0
39		0
39.125		0
39.25		0
39.375		0
39.5		0
39.625		0
39.75		0
39.875		0
40		0
40.125		0
40.25		0
40.375		0
40.5		0
40.625		0
40.75		0
40.875		0
41		0
41.125		0
41.25		0
41.375		0
41.5		0
41.625		0
41.75		0
41.875		0
42		0
42.125		0
42.25		0
42.375		0
42.5		0
42.625		0
42.75		0
42.875		0
43		0
43.125		0
43.25		0
43.375		0
43.5		0
43.625		0
43.75		0
43.875		0
44		0
44.125		0
44.25		0
44.375		0
44.5		0
44.625		0
44.75		0
44.875		0
45		0
45.125		0
45.25		0
45.375		0
45.5		0
45.625		0
45.75		0
45.875		0
46		0
46.125		0
46.25		0
46.375		0
46.5		0
46.625		0
46.75		0
46.875		0
47		0
47.125		0
47.25		0
47.375		0
47.5		0
47.625		0
47.75		0
47.875		0
48		0
48.125		0
48.25		0
48.375		0
48.5		0
48.625		0
48.75		0
48.875		0
49		0
49.125		0
49.25		0
49.375		0
49.5		0
49.625		0
49.75		0
49.875		0
50		0
50.125		0
50.25		0
50.375		0
50.5		0
50.625		0
50.75		0
50.875		0
51		0
51.125		0
51.25		0
51.375		0
51.5		0
51.625		0
51.75		0
51.875		0
52		0
52.125		0
52.25		0
52.375		0
52.5		0
52.625		0
52.75		0
52.875		0
53		0
53.125		0
53.25		0
53.375		0
53.5		0
53.625		0
53.75		0
53.875		0
54		0
54.125		0
54.25		0
54.375		0
54.5		0
54.625		0
54.75		0
54.875		0
55		0
55.125		0
55.25		0
55.375		0
55.5		0
55.625		0
55.75		0
55.875		0
56		0
56.125		0
56.25		0
56.375		0
56.5		0
56.625		0
56.75		0
56.875		0
57		0
57.125		0
57.25		0
57.375		0
57.5		0
57.625		0
57.75		0
57.875		0
58		0
58.125		0
58.25		0
58.375		0
58.5		0
58.625		0
58.75		0
58.875		0
59		0
59.125		0
59.25		0
59.375		0
59.5		0
59.625		0
59.75		0
59.875		0
60		0
60.125		0
60.25		0
60.375		0
60.5		0
60.625		0
60.75		0
60.875		0
61		0
61.125		0
61.25		0
61.375		0
61.5		0
61.625		0
61.75		0
61.875		0
62		0
62.125		0
62.25		0
62.375		0
62.5		0
62.625		0
62.75		0
62.875		0
63		0
63.125		0
63.25		0
63.375		0
63.5		0
63.625		0
63.75		0
63.875		0
64		0
64.125		0
64.25		0
64.375		0
64.5		0
64.625		0
64.75		0
64.875		0
65		0
65.125		0
65.25		0
65.375		0
65.5		0
65.625		0
65.75		0
65.875		0
66		0
66.125		0
66.25		0
66.375		0
66.5		0
66.625		0
66.75		0
66.875		0
67		0
67.125		0
67.25		0
67.375		0
67.5		0
67.625		0
67.75		0
67.875		0
68		0
68.125		0
68.25		0
68.375		0
68.5		0
68.625		0
68.75		0
68.875		0
69		0
69.125		0
69.25		0
69.375		0
69.5		0
69.625		0
69.75		0
69.875		0
70		0
70.125		0
70.25		0
70.375		0
70.5		0
70.625		0
70.75		0
70.875		0
71		0
71.125		0
71.25		0
71.375		0
71.5		0
71.625		0
71.75		0
71.875		0
72		0
72.125		0
72.25		0
72.375		0
72.5		0
72.625		0
72.75		0
72.875		0
73		0
73.125		0
73.25		0
73.375		0
73.5		0
73.625		0
73.75		0
73.875		0
74		0
74.125		0
74.25		0
74.375		0
74.5		0
74.625		0
74.75		0
74.875		0
75		0
75.125		0
75.25		0
75.375		0
75.5		0
75.625		0
75.75		0
75.875		0
76		0
76.125		0
76.25		0
76.375		0
76.5		0
76.625		0
76.75		0
76.875		0
77		0
77.125		0
77.25		0
77.375		0
77.5		0
77.625		0
77.75		0
77.875		0
78		0
78.125		0
78.25		0
78.375		0
78.5		0
78.625		0
78.75		0
78.875		0
79		0
79.125		0
79.25		0
79.375		0
79.5		0
79.625		0
79.75		0
79.875		0
80		0
80.125		0
80.25		0
80.375		0
80.5		0
80.625		0
80.75		0
80.875		0
81		0
81.125		0
81.25		0
81.375		0
81.5		0
81.625		0
81.75		0
81.875		0
82		0
82.125		0
82.25		0
82.375		0
82.5		0
82.625		0
82.75		0
82.875		0
83		0
83.125		0
83.25		0
83.375		0
83.5		0
83.625		0
83.75		0
83.875		0
84		0
84.125		0
84.25		0
84.375		0
84.5		0
84.625		0
84.75		0
84.875		0
85		0
85.125		0
85.25		0
85.375		0
85.5		0
85.625		0
85.75		0
85.875		0
86		0
86.125		0
86.25		0
86.375		0
86.5		0
86.625		0
86.75		0
86.875		0
87		0
87.125		0
87.25		0
87.375		0
87.5		0
87.625		0
87.75		0
87.875		0
88		0
88.125		0
88.25		0
88.375		0
88.5		0
88.625		0
88.75		0
88.875		0
89		0
89.125		0
89.25		0
89.375		0
89.5		0
89.625		0
89.75		0
89.875		0
90		0
90.125		0
90.25		0
90.375		0
90.5		0
90.625		0
90.75		0
90.875		0
91		0
91.125		0
91.25		0
91.375		0
91.5		0
91.625		0
91.75		0
91.875		0
92		0
92.125		0
92.25		0
92.375		0
92.5		0
92.625		0
92.75		0
92.875		0
93		0
93.125		0
93.25		0
93.375		0
93.5		0
93.625		0
93.75		0
93.875		0
94		0
94.125		0
94.25		0
94.375		0
94.5		0
94.625		0
94.75		0
94.875		0
95		0
95.125		0
95.25		0
95.375		0
95.5		0
95.625		0
95.75		0
95.875		0
96		0
96.125		0
96.25		0
96.375		0
96.5		0
96.625		0
96.75		0
96.875		0
97		0
97.125		0
97.25		0
97.375		0
97.5		0
97.625		0
97.75		0
97.875		0
98		0
98.125		0
98.25		0
98.375		0
98.5		0
98.625		0
98.75		0
98.875		0
99		0
99.125		0
99.25		0
99.375		0
99.5		0
99.625		0
99.75		0
99.875		0
100		0
100.125		0
100.25		0
100.375		0
100.5		0
100.625		0
100.75		0
100.875		0
101		0
101.125		0
101.25		0
101.375		0
101.5		0
101.625		0
101.75		0
101.875		0
102		0
102.125		0
102.25		0
102.375		0
102.5		0
102.625		0
102.75		0
102.875		0
103		0
103.125		0
103.25		0
103.375		0
103.5		0
103.625		0
103.75		0
103.875		0
104		0
104.125		0
104.25		0
104.375		0
104.5		0
104.625		0
104.75		0
104.875		0
105		0
105.125		0
105.25		0
105.375		0
105.5		0
105.625		0
105.75		0
105.875		0
106		0
106.125		0
106.25		0
106.375		0
106.5		0
106.625		0
106.75		0
106.875		0
107		0
107.125		0
107.25		0
107.375		0
107.5		0
107.625		0
107.75		0
107.875		0
108		0
108.125		0
108.25		0
108.375		0
108.5		0
108.625		0
108.75		0
108.875		0
109		0
109.125		0
109.25		0
109.375		0
109.5		0
109.625		0
109.75		0
109.875		0
110		0
110.125		0.00589391
110.25		0.00589391
110.375		0.00589391
110.5		0.00589391
110.625		0.00589391
110.75		0.00589391
110.875		0.00589391
111		0.00589391
111.125		0.00589391
111.25		0.00589391
111.375		0.00589391
111.5		0.00589391
111.625		0.00589391
111.75		0.00589391
111.875		0.00589391
112		0.00589391
112.125		0.00589391
112.25		0.00589391
112.375		0.00589391
112.5		0.00589391
112.625		0.00589391
112.75		0.00589391
112.875		0.00589391
113		0.00589391
113.125		0.00589391
113.25		0.00589391
113.375		0.00589391
113.5		0.00589391
113.625		0.00589391
113.75		0.00589391
113.875		0.00589391
114		0.00589391
114.125		0.00589391
114.25		0.00589391
114.375		0.00589391
114.5		0.00589391
114.625		0.00589391
114.75		0.00589391
114.875		0.00589391
115		0.00589391
115.125		0.0275049
115.25		0.0275049
115.375		0.0275049
115.5		0.0275049
115.625		0.0275049
115.75		0.0275049
115.875		0.0275049
116		0.0275049
116.125		0.0275049
116.25		0.0275049
116.375		0.0275049
116.5		0.0275049
116.625		0.0275049
116.75		0.0275049
116.875		0.0275049
117		0.0275049
117.125		0.0275049
117.25		0.0275049
117.375		0.0275049
117.5		0.0275049
117.625		0.0275049
117.75		0.0275049
117.875		0.0275049
118		0.0275049
118.125		0.0275049
118.25		0.0275049
118.375		0.0275049
118.5		0.0275049
118.625		0.0275049
118.75		0.0275049
118.875		0.0275049
119		0.0275049
119.125		0.0275049
119.25		0.0275049
119.375		0.0275049
119.5		0.0275049
119.625		0.0275049
119.75		0.0275049
119.875		0.0275049
120		0.0275049
120.125		0.0530452
120.25		0.0530452
120.375		0.0530452
120.5		0.0530452
120.625		0.0530452
120.75		0.0530452
120.875		0.0530452
121		0.0530452
121.125		0.0530452
121.25		0.0530452
121.375		0.0530452
121.5		0.0530452
121.625		0.0530452
121.75		0.0530452
121.875		0.0530452
122		0.0530452
122.125		0.0530452
122.25		0.0530452
122.375		0.0530452
122.5		0.0530452
122.625		0.0530452
122.75		0.0530452
122.875		0.0530452
123		0.0530452
123.125		0.0530452
123.25		0.0530452
123.375		0.0530452
123.5		0.0530452
123.625		0.0530452
123.75		0.0530452
123.875		0.0530452
124		0.0530452
124.125		0.0530452
124.25		0.0530452
124.375		0.0530452
124.5		0.0530452
124.625		0.0530452
124.75		0.0530452
124.875		0.0530452
125		0.0530452
125.125		0.0569745
125.25		0.0569745
125.375		0.0569745
125.5		0.0569745
125.625		0.0569745
125.75		0.0569745
125.875		0.0569745
126		0.0569745
126.125		0.0569745
126.25		0.0569745
126.375		0.0569745
126.5		0.0569745
126.625		0.0569745
126.75		0.0569745
126.875		0.0569745
127		0.0569745
127.125		0.0569745
127.25		0.0569745
127.375		0.0569745
127.5		0.0569745
127.625		0.0569745
127.75		0.0569745
127.875		0.0569745
128		0.0569745
128.125		0.0569745
128.25		0.0569745
128.375		0.0569745
128.5		0.0569745
128.625		0.0569745
128.75		0.0569745
128.875		0.0569745
129		0.0569745
129.125		0.0569745
129.25		0.0569745
129.375		0.0569745
129.5		0.0569745
129.625		0.0569745
129.75		0.0569745
129.875		0.0569745
130		0.0569745
130.125		0.059594
130.25		0.059594
130.375		0.059594
130.5		0.059594
130.625		0.059594
130.75		0.059594
130.875		0.059594
131		0.059594
131.125		0.059594
131.25		0.059594
131.375		0.059594
131.5		0.059594
131.625		0.059594
131.75		0.059594
131.875		0.059594
132		0.059594
132.125		0.059594
132.25		0.059594
132.375		0.059594
132.5		0.059594
132.625		0.059594
132.75		0.059594
132.875		0.059594
133		0.059594
133.125		0.059594
133.25		0.059594
133.375		0.059594
133.5		0.059594
133.625		0.059594
133.75		0.059594
133.875		0.059594
134		0.059594
134.125		0.059594
134.25		0.059594
134.375		0.059594
134.5		0.059594
134.625		0.059594
134.75		0.059594
134.875		0.059594
135		0.059594
135.125		0.0674525
135.25		0.0674525
135.375		0.0674525
135.5		0.0674525
135.625		0.0674525
135.75		0.0674525
135.875		0.0674525
136		0.0674525
136.125		0.0674525
136.25		0.0674525
136.375		0.0674525
136.5		0.0674525
136.625		0.0674525
136.75		0.0674525
136.875		0.0674525
137		0.0674525
137.125		0.0674525
137.25		0.0674525
137.375		0.0674525
137.5		0.0674525
137.625		0.0674525
137.75		0.0674525
137.875		0.0674525
138		0.0674525
138.125		0.0674525
138.25		0.0674525
138.375		0.0674525
138.5		0.0674525
138.625		0.0674525
138.75		0.0674525
138.875		0.0674525
139		0.0674525
139.125		0.0674525
139.25		0.0674525
139.375		0.0674525
139.5		0.0674525
139.625		0.0674525
139.75		0.0674525
139.875		0.0674525
140		0.0674525
140.125		0.081205
140.25		0.081205
140.375		0.081205
140.5		0.081205
140.625		0.081205
140.75		0.081205
140.875		0.081205
141		0.081205
141.125		0.081205
141.25		0.081205
141.375		0.081205
141.5		0.081205
141.625		0.081205
141.75		0.081205
141.875		0.081205
142		0.081205
142.125		0.081205
142.25		0.081205
142.375		0.081205
142.5		0.081205
142.625		0.081205
142.75		0.081205
142.875		0.081205
143		0.081205
143.125		0.081205
143.25		0.081205
143.375		0.081205
143.5		0.081205
143.625		0.081205
143.75		0.081205
143.875		0.081205
144		0.081205
144.125		0.081205
144.25		0.081205
144.375		0.081205
144.5		0.081205
144.625		0.081205
144.75		0.081205
144.875		0.081205
145		0.081205
145.125		0.102816
145.25		0.102816
145.375		0.102816
145.5		0.102816
145.625		0.102816
145.75		0.102816
145.875		0.102816
146		0.102816
146.125		0.102816
146.25		0.102816
146.375		0.102816
146.5		0.102816
146.625		0.102816
146.75		0.102816
146.875		0.102816
147		0.102816
147.125		0.102816
147.25		0.102816
147.375		0.102816
147.5		0.102816
147.625		0.102816
147.75		0.102816
147.875		0.102816
148		0.102816
148.125		0.102816
148.25		0.102816
148.375		0.102816
148.5		0.102816
148.625		0.102816
148.75		0.102816
148.875		0.102816
149		0.102816
149.125		0.102816
149.25		0.102816
149.375		0.102816
149.5		0.102816
149.625		0.102816
149.75		0.102816
149.875		0.102816
150		0.102816
150.125		0.112639
150.25		0.112639
150.375		0.112639
150.5		0.112639
150.625		0.112639
150.75		0.112639
150.875		0.112639
151		0.112639
151.125		0.112639
151.25		0.112639
151.375		0.112639
151.5		0.112639
151.625		0.112639
151.75		0.112639
151.875		0.112639
152		0.112639
152.125		0.112639
152.25		0.112639
152.375		0.112639
152.5		0.112639
152.625		0.112639
152.75		0.112639
152.875		0.112639
153		0.112639
153.125		0.112639
153.25		0.112639
153.375		0.112639
153.5		0.112639
153.625		0.112639
153.75		0.112639
153.875		0.112639
154		0.112639
154.125		0.112639
154.25		0.112639
154.375		0.112639
154.5		0.112639
154.625		0.112639
154.75		0.112639
154.875		0.112639
155		0.112639
155.125		0.113294
155.25		0.113294
155.375		0.113294
155.5		0.113294
155.625		0.113294
155.75		0.113294
155.875		0.113294
156		0.113294
156.125		0.113294
156.25		0.113294
156.375		0.113294
156.5		0.113294
156.625		0.113294
156.75		0.113294
156.875		0.113294
157		0.113294
157.125		0.113294
157.25		0.113294
157.375		0.113294
157.5		0.113294
157.625		0.113294
157.75		0.113294
157.875		0.113294
158		0.113294
158.125		0.113294
158.25		0.113294
158.375		0.113294
158.5		0.113294
158.625		0.113294
158.75		0.113294
158.875		0.113294
159		0.113294
159.125		0.113294
159.25		0.113294
159.375		0.113294
159.5		0.113294
159.625		0.113294
159.75		0.113294
159.875		0.113294
160		0.113294
160.125		0.120498
160.25		0.120498
160.375		0.120498
160.5		0.120498
160.625		0.120498
160.75		0.120498
160.875		0.120498
161		0.120498
161.125		0.120498
161.25		0.120498
161.375		0.120498
161.5		0.120498
161.625		0.120498
161.75		0.120498
161.875		0.120498
162		0.120498
162.125		0.120498
162.25		0.120498
162.375		0.120498
162.5		0.120498
162.625		0.120498
162.75		0.120498
162.875		0.120498
163		0.120498
163.125		0.120498
163.25		0.120498
163.375		0.120498
163.5		0.120498
163.625		0.120498
163.75		0.120498
163.875		0.120498
164		0.120498
164.125		0.120498
164.25		0.120498
164.375		0.120498
164.5		0.120498
164.625		0.120498
164.75		0.120498
164.875		0.120498
165		0.120498
165.125		0.130976
165.25		0.130976
165.375		0.130976
165.5		0.130976
165.625		0.130976
165.75		0.130976
165.875		0.130976
166		0.130976
166.125		0.130976
166.25		0.130976
166.375		0.130976
166.5		0.130976
166.625		0.130976
166.75		0.130976
166.875		0.130976
167		0.130976
167.125		0.130976
167.25		0.130976
167.375		0.130976
167.5		0.130976
167.625		0.130976
167.75		0.130976
167.875		0.130976
168		0.130976
168.125		0.130976
168.25		0.130976
168.375		0.130976
168.5		0.130976
168.625		0.130976
168.75		0.130976
168.875		0.130976
169		0.130976
169.125		0.130976
169.25		0.130976
169.375		0.130976
169.5		0.130976
169.625		0.130976
169.75		0.130976
169.875		0.130976
170		0.130976
170.125		0.166339
170.25		0.166339
170.375		0.166339
170.5		0.166339
170.625		0.166339
170.75		0.166339
170.875		0.166339
171		0.166339
171.125		0.166339
171.25		0.166339
171.375		0.166339
171.5		0.166339
171.625		0.166339
171.75		0.166339
171.875		0.166339
172		0.166339
172.125		0.166339
172.25		0.166339
172.375		0.166339
172.5		0.166339
172.625		0.166339
172.75		0.166339
172.875		0.166339
173		0.166339
173.125		0.166339
173.25		0.166339
173.375		0.166339
173.5		0.166339
173.625		0.166339
173.75		0.166339
173.875		0.166339
174		0.166339
174.125		0.166339
174.25		0.166339
174.375		0.166339
174.5		0.166339
174.625		0.166339
174.75		0.166339
174.875		0.166339
175		0.166339
175.125		0.168304
175.25		0.168304
175.375		0.168304
175.5		0.168304
175.625		0.168304
175.75		0.168304
175.875		0.168304
176		0.168304
176.125		0.168304
176.25		0.168304
176.375		0.168304
176.5		0.168304
176.625		0.168304
176.75		0.168304
176.875		0.168304
177		0.168304
177.125		0.168304
177.25		0.168304
177.375		0.168304
177.5		0.168304
177.625		0.168304
177.75		0.168304
177.875		0.168304
178		0.168304
178.125		0.168304
178.25		0.168304
178.375		0.168304
178.5		0.168304
178.625		0.168304
178.75		0.168304
178.875		0.168304
179		0.168304
179.125		0.168304
179.25		0.168304
179.375		0.168304
179.5		0.168304
179.625		0.168304
179.75		0.168304
179.875		0.168304
180		0.168304
180.125		0.172233
180.25		0.172233
180.375		0.172233
180.5		0.172233
180.625		0.172233
180.75		0.172233
180.875		0.172233
181		0.172233
181.125		0.172233
181.25		0.172233
181.375		0.172233
181.5		0.172233
181.625		0.172233
181.75		0.172233
181.875		0.172233
182		0.172233
182.125		0.172233
182.25		0.172233
182.375		0.172233
182.5		0.172233
182.625		0.172233
182.75		0.172233
182.875		0.172233
183		0.172233
183.125		0.172233
183.25		0.172233
183.375		0.172233
183.5		0.172233
183.625		0.172233
183.75		0.172233
183.875		0.172233
184		0.172233
184.125		0.172233
184.25		0.172233
184.375		0.172233
184.5		0.172233
184.625		0.172233
184.75		0.172233
184.875		0.172233
185		0.172233
185.125		0.183366
185.25		0.183366
185.375		0.183366
185.5		0.183366
185.625		0.183366
185.75		0.183366
185.875		0.183366
186		0.183366
186.125		0.183366
186.25		0.183366
186.375		0.183366
186.5		0.183366
186.625		0.183366
186.75		0.183366
186.875		0.183366
187		0.183366
187.125		0.183366
187.25		0.183366
187.375		0.183366
187.5		0.183366
187.625		0.183366
187.75		0.183366
187.875		0.183366
188		0.183366
188.125		0.183366
188.25		0.183366
188.375		0.183366
188.5		0.183366
188.625		0.183366
188.75		0.183366
188.875		0.183366
189		0.183366
189.125		0.183366
189.25		0.183366
189.375		0.183366
189.5		0.183366
189.625		0.183366
189.75		0.183366
189.875		0.183366
190		0.183366
190.125		0.227898
190.25		0.227898
190.375		0.227898
190.5		0.227898
190.625		0.227898
190.75		0.227898
190.875		0.227898
191		0.227898
191.125		0.227898
191.25		0.227898
191.375		0.227898
191.5		0.227898
191.625		0.227898
191.75		0.227898
191.875		0.227898
192		0.227898
192.125		0.227898
192.25		0.227898
192.375		0.227898
192.5		0.227898
192.625		0.227898
192.75		0.227898
192.875		0.227898
193		0.227898
193.125		0.227898
193.25		0.227898
193.375		0.227898
193.5		0.227898
193.625		0.227898
193.75		0.227898
193.875		0.227898
194		0.227898
194.125		0.227898
194.25		0.227898
194.375		0.227898
194.5		0.227898
194.625		0.227898
194.75		0.227898
194.875		0.227898
195		0.227898
195.125		0.229862
195.25		0.229862
195.375		0.229862
195.5		0.229862
195.625		0.229862
195.75		0.229862
195.875		0.229862
196		0.229862
196.125		0.229862
196.25		0.229862
196.375		0.229862
196.5		0.229862
196.625		0.229862
196.75		0.229862
196.875		0.229862
197		0.229862
197.125		0.229862
197.25		0.229862
197.375		0.229862
197.5		0.229862
197.625		0.229862
197.75		0.229862
197.875		0.229862
198		0.229862
198.125		0.229862
198.25		0.229862
198.375		0.229862
198.5		0.229862
198.625		0.229862
198.75		0.229862
198.875		0.229862
199		0.229862
199.125		0.229862
199.25		0.229862
199.375		0.229862
199.5		0.229862
199.625		0.229862
199.75		0.229862
199.875		0.229862
200		0.229862
200.125		0.235756
200.25		0.235756
200.375		0.235756
200.5		0.235756
200.625		0.235756
200.75		0.235756
200.875		0.235756
201		0.235756
201.125		0.235756
201.25		0.235756
201.375		0.235756
201.5		0.235756
201.625		0.235756
201.75		0.235756
201.875		0.235756
202		0.235756
202.125		0.235756
202.25		0.235756
202.375		0.235756
202.5		0.235756
202.625		0.235756
202.75		0.235756
202.875		0.235756
203		0.235756
203.125		0.235756
203.25		0.235756
203.375		0.235756
203.5		0.235756
203.625		0.235756
203.75		0.235756
203.875		0.235756
204		0.235756
204.125		0.235756
204.25		0.235756
204.375		0.235756
204.5		0.235756
204.625		0.235756
204.75		0.235756
204.875		0.235756
205		0.235756
205.125		0.249509
205.25		0.249509
205.375		0.249509
205.5		0.249509
205.625		0.249509
205.75		0.249509
205.875		0.249509
206		0.249509
206.125		0.249509
206.25		0.249509
206.375		0.249509
206.5		0.249509
206.625		0.249509
206.75		0.249509
206.875		0.249509
207		0.249509
207.125		0.249509
207.25		0.249509
207.375		0.249509
207.5		0.249509
207.625		0.249509
207.75		0.249509
207.875		0.249509
208		0.249509
208.125		0.249509
208.25		0.249509
208.375		0.249509
208.5		0.249509
208.625		0.249509
208.75		0.249509
208.875		0.249509
209		0.249509
209.125		0.249509
209.25		0.249509
209.375		0.249509
209.5		0.249509
209.625		0.249509
209.75		0.249509
209.875		0.249509
210		0.249509
210.125		0.27112
210.25		0.27112
210.375		0.27112
210.5		0.27112
210.625		0.27112
210.75		0.27112
210.875		0.27112
211		0.27112
211.125		0.27112
211.25		0.27112
211.375		0.27112
211.5		0.27112
211.625		0.27112
211.75		0.27112
211.875		0.27112
212		0.27112
212.125		0.27112
212.25		0.27112
212.375		0.27112
212.5		0.27112
212.625		0.27112
212.75		0.27112
212.875		0.27112
213		0.27112
213.125		0.27112
213.25		0.27112
213.375		0.27112
213.5		0.27112
213.625		0.27112
213.75		0.27112
213.875		0.27112
214		0.27112
214.125		0.27112
214.25		0.27112
214.375		0.27112
214.5		0.27112
214.625		0.27112
214.75		0.27112
214.875		0.27112
215		0.27112
215.125		0.275704
215.25		0.275704
215.375		0.275704
215.5		0.275704
215.625		0.275704
215.75		0.275704
215.875		0.275704
216		0.275704
216.125		0.275704
216.25		0.275704
216.375		0.275704
216.5		0.275704
216.625		0.275704
216.75		0.275704
216.875		0.275704
217		0.275704
217.125		0.275704
217.25		0.275704
217.375		0.275704
217.5		0.275704
217.625		0.275704
217.75		0.275704
217.875		0.275704
218		0.275704
218.125		0.275704
218.25		0.275704
218.375		0.275704
218.5		0.275704
218.625		0.275704
218.75		0.275704
218.875		0.275704
219		0.275704
219.125		0.275704
219.25		0.275704
219.375		0.275704
219.5		0.275704
219.625		0.275704
219.75		0.275704
219.875		0.275704
220		0.275704
220.125		0.300589
220.25		0.300589
220.375		0.300589
220.5		0.300589
220.625		0.300589
220.75		0.300589
220.875		0.300589
221		0.300589
221.125		0.300589
221.25		0.300589
221.375		0.300589
221.5		0.300589
221.625		0.300589
221.75		0.300589
221.875		0.300589
222		0.300589
222.125		0.300589
222.25		0.300589
222.375		0.300589
222.5		0.300589
222.625		0.300589
222.75		0.300589
222.875		0.300589
223		0.300589
223.125		0.300589
223.25		0.300589
223.375		0.300589
223.5		0.300589
223.625		0.300589
223.75		0.300589
223.875		0.300589
224		0.300589
224.125		0.300589
224.25		0.300589
224.375		0.300589
224.5		0.300589
224.625		0.300589
224.75		0.300589
224.875		0.300589
225		0.300589
225.125		0.303209
225.25		0.303209
225.375		0.303209
225.5		0.303209
225.625		0.303209
225.75		0.303209
225.875		0.303209
226		0.303209
226.125		0.303209
226.25		0.303209
226.375		0.303209
226.5		0.303209
226.625		0.303209
226.75		0.303209
226.875		0.303209
227		0.303209
227.125		0.303209
227.25		0.303209
227.375		0.303209
227.5		0.303209
227.625		0.303209
227.75		0.303209
227.875		0.303209
228		0.303209
228.125		0.303209
228.25		0.303209
228.375		0.303209
228.5		0.303209
228.625		0.303209
228.75		0.303209
228.875		0.303209
229		0.303209
229.125		0.303209
229.25		0.303209
229.375		0.303209
229.5		0.303209
229.625		0.303209
229.75		0.303209
229.875		0.303209
230		0.303209
230.125		0.325475
230.25		0.325475
230.375		0.325475
230.5		0.325475
230.625		0.325475
230.75		0.325475
230.875		0.325475
231		0.325475
231.125		0.325475
231.25		0.325475
231.375		0.325475
231.5		0.325475
231.625		0.325475
231.75		0.325475
231.875		0.325475
232		0.325475
232.125		0.325475
232.25		0.325475
232.375		0.325475
232.5		0.325475
232.625		0.325475
232.75		0.325475
232.875		0.325475
233		0.325475
233.125		0.325475
233.25		0.325475
233.375		0.325475
233.5		0.325475
233.625		0.325475
233.75		0.325475
233.875		0.325475
234		0.325475
234.125		0.325475
234.25		0.325475
234.375		0.325475
234.5		0.325475
234.625		0.325475
234.75		0.325475
234.875		0.325475
235		0.325475
235.125		0.331369
235.25		0.331369
235.375		0.331369
235.5		0.331369
235.625		0.331369
235.75		0.331369
235.875		0.331369
236		0.331369
236.125		0.331369
236.25		0.331369
236.375		0.331369
236.5		0.331369
236.625		0.331369
236.75		0.331369
236.875		0.331369
237		0.331369
237.125		0.331369
237.25		0.331369
237.375		0.331369
237.5		0.331369
237.625		0.331369
237.75		0.331369
237.875		0.331369
238		0.331369
238.125		0.331369
238.25		0.331369
238.375		0.331369
238.5		0.331369
238.625		0.331369
238.75		0.331369
238.875		0.331369
239		0.331369
239.125		0.331369
239.25		0.331369
239.375		0.331369
239.5		0.331369
239.625		0.331369
239.75		0.331369
239.875		0.331369
240		0.331369
240.125		0.335953
240.25		0.335953
240.375		0.335953
240.5		0.335953
240.625		0.335953
240.75		0.335953
240.875		0.335953
241		0.335953
241.125		0.335953
241.25		0.335953
241.375		0.335953
241.5		0.335953
241.625		0.335953
241.75		0.335953
241.875		0.335953
242		0.335953
242.125		0.335953
242.25		0.335953
242.375		0.335953
242.5		0.335953
242.625		0.335953
242.75		0.335953
242.875		0.335953
243		0.335953
243.125		0.335953
243.25		0.335953
243.375		0.335953
243.5		0.335953
243.625		0.335953
243.75		0.335953
243.875		0.335953
244		0.335953
244.125		0.335953
244.25		0.335953
244.375		0.335953
244.5		0.335953
244.625		0.335953
244.75		0.335953
244.875		0.335953
245		0.335953
245.125		0.355599
245.25		0.355599
245.375		0.355599
245.5		0.355599
245.625		0.355599
245.75		0.355599
245.875		0.355599
246		0.355599
246.125		0.355599
246.25		0.355599
246.375		0.355599
246.5		0.355599
246.625		0.355599
246.75		0.355599
246.875		0.355599
247		0.355599
247.125		0.355599
247.25		0.355599
247.375		0.355599
247.5		0.355599
247.625		0.355599
247.75		0.355599
247.875		0.355599
248		0.355599
248.125		0.355599
248.25		0.355599
248.375		0.355599
248.5		0.355599
248.625		0.355599
248.75		0.355599
248.875		0.355599
249		0.355599
249.125		0.355599
249.25		0.355599
249.375		0.355599
249.5		0.355599
249.625		0.355599
249.75		0.355599
249.875		0.355599
250		0.355599
250.125		0.376555
250.25		0.376555
250.375		0.376555
250.5		0.376555
250.625		0.376555
250.75		0.376555
250.875		0.376555
251		0.376555
251.125		0.376555
251.25		0.376555
251.375		0.376555
251.5		0.376555
251.625		0.376555
251.75		0.376555
251.875		0.376555
252		0.376555
252.125		0.376555
252.25		0.376555
252.375		0.376555
252.5		0.376555
252.625		0.376555
252.75		0.376555
252.875		0.376555
253		0.376555
253.125		0.376555
253.25		0.376555
253.375		0.376555
253.5		0.376555
253.625		0.376555
253.75		0.376555
253.875		0.376555
254		0.376555
254.125		0.376555
254.25		0.376555
254.375		0.376555
254.5		0.376555
254.625		0.376555
254.75		0.376555
254.875		0.376555
255		0.376555
255.125		0.390308
255.25		0.390308
255.375		0.390308
255.5		0.390308
255.625		0.390308
255.75		0.390308
255.875		0.390308
256		0.390308
256.125		0.390308
256.25		0.390308
256.375		0.390308
256.5		0.390308
256.625		0.390308
256.75		0.390308
256.875		0.390308
257		0.390308
257.125		0.390308
257.25		0.390308
257.375		0.390308
257.5		0.390308
257.625		0.390308
257.75		0.390308
257.875		0.390308
258		0.390308
258.125		0.390308
258.25		0.390308
258.375		0.390308
258.5		0.390308
258.625		0.390308
258.75		0.390308
258.875		0.390308
259		0.390308
259.125		0.390308
259.25		0.390308
259.375		0.390308
259.5		0.390308
259.625		0.390308
259.75		0.390308
259.875		0.390308
260		0.390308
260.125		0.395547
260.25		0.395547
260.375		0.395547
260.5		0.395547
260.625		0.395547
260.75		0.395547
260.875		0.395547
261		0.395547
261.125		0.395547
261.25		0.395547
261.375		0.395547
261.5		0.395547
261.625		0.395547
261.75		0.395547
261.875		0.395547
262		0.395547
262.125		0.395547
262.25		0.395547
262.375		0.395547
262.5		0.395547
262.625		0.395547
262.75		0.395547
262.875		0.395547
263		0.395547
263.125		0.395547
263.25		0.395547
263.375		0.395547
263.5		0.395547
263.625		0.395547
263.75		0.395547
263.875		0.395547
264		0.395547
264.125		0.395547
264.25		0.395547
264.375		0.395547
264.5		0.395547
264.625		0.395547
264.75		0.395547
264.875		0.395547
265		0.395547
265.125		0.396857
265.25		0.396857
265.375		0.396857
265.5		0.396857
265.625		0.396857
265.75		0.396857
265.875		0.396857
266		0.396857
266.125		0.396857
266.25		0.396857
266.375		0.396857
266.5		0.396857
266.625		0.396857
266.75		0.396857
266.875		0.396857
267		0.396857
267.125		0.396857
267.25		0.396857
267.375		0.396857
267.5		0.396857
267.625		0.396857
267.75		0.396857
267.875		0.396857
268		0.396857
268.125		0.396857
268.25		0.396857
268.375		0.396857
268.5		0.396857
268.625		0.396857
268.75		0.396857
268.875		0.396857
269		0.396857
269.125		0.396857
269.25		0.396857
269.375		0.396857
269.5		0.396857
269.625		0.396857
269.75		0.396857
269.875		0.396857
270		0.396857
270.125		0.407335
270.25		0.407335
270.375		0.407335
270.5		0.407335
270.625		0.407335
270.75		0.407335
270.875		0.407335
271		0.407335
271.125		0.407335
271.25		0.407335
271.375		0.407335
271.5		0.407335
271.625		0.407335
271.75		0.407335
271.875		0.407335
272		0.407335
272.125		0.407335
272.25		0.407335
272.375		0.407335
272.5		0.407335
272.625		0.407335
272.75		0.407335
272.875		0.407335
273		0.407335
273.125		0.407335
273.25		0.407335
273.375		0.407335
273.5		0.407335
273.625		0.407335
273.75		0.407335
273.875		0.407335
274		0.407335
274.125		0.407335
274.25		0.407335
274.375		0.407335
274.5		0.407335
274.625		0.407335
274.75		0.407335
274.875		0.407335
275		0.407335
275.125		0.436804
275.25		0.436804
275.375		0.436804
275.5		0.436804
275.625		0.436804
275.75		0.436804
275.875		0.436804
276		0.436804
276.125		0.436804
276.25		0.436804
276.375		0.436804
276.5		0.436804
276.625		0.436804
276.75		0.436804
276.875		0.436804
277		0.436804
277.125		0.436804
277.25		0.436804
277.375		0.436804
277.5		0.436804
277.625		0.436804
277.75		0.436804
277.875		0.436804
278		0.436804
278.125		0.436804
278.25		0.436804
278.375		0.436804
278.5		0.436804
278.625		0.436804
278.75		0.436804
278.875		0.436804
279		0.436804
279.125		0.436804
279.25		0.436804
279.375		0.436804
279.5		0.436804
279.625		0.436804
279.75		0.436804
279.875		0.436804
280		0.436804
280.125		0.450557
280.25		0.450557
280.375		0.450557
280.5		0.450557
280.625		0.450557
280.75		0.450557
280.875		0.450557
281		0.450557
281.125		0.450557
281.25		0.450557
281.375		0.450557
281.5		0.450557
281.625		0.450557
281.75		0.450557
281.875		0.450557
282		0.450557
282.125		0.450557
282.25		0.450557
282.375		0.450557
282.5		0.450557
282.625		0.450557
282.75		0.450557
282.875		0.450557
283		0.450557
283.125		0.450557
283.25		0.450557
283.375		0.450557
283.5		0.450557
283.625		0.450557
283.75		0.450557
283.875		0.450557
284		0.450557
284.125		0.450557
284.25		0.450557
284.375		0.450557
284.5		0.450557
284.625		0.450557
284.75		0.450557
284.875		0.450557
285		0.450557
285.125		0.453831
285.25		0.453831
285.375		0.453831
285.5		0.453831
285.625		0.453831
285.75		0.453831
285.875		0.453831
286		0.453831
286.125		0.453831
286.25		0.453831
286.375		0.453831
286.5		0.453831
286.625		0.453831
286.75		0.453831
286.875		0.453831
287		0.453831
287.125		0.453831
287.25		0.453831
287.375		0.453831
287.5		0.453831
287.625		0.453831
287.75		0.453831
287.875		0.453831
288		0.453831
288.125		0.453831
288.25		0.453831
288.375		0.453831
288.5		0.453831
288.625		0.453831
288.75		0.453831
288.875		0.453831
289		0.453831
289.125		0.453831
289.25		0.453831
289.375		0.453831
289.5		0.453831
289.625		0.453831
289.75		0.453831
289.875		0.453831
290		0.453831
290.125		0.468238
290.25		0.468238
290.375		0.468238
290.5		0.468238
290.625		0.468238
290.75		0.468238
290.875		0.468238
291		0.468238
291.125		0.468238
291.25		0.468238
291.375		0.468238
291.5		0.468238
291.625		0.468238
291.75		0.468238
291.875		0.468238
292		0.468238
292.125		0.468238
292.25		0.468238
292.375		0.468238
292.5		0.468238
292.625		0.468238
292.75		0.468238
292.875		0.468238
293		0.468238
293.125		0.468238
293.25		0.468238
293.375		0.468238
293.5		0.468238
293.625		0.468238
293.75		0.468238
293.875		0.468238
294		0.468238
294.125		0.468238
294.25		0.468238
294.375		0.468238
294.5		0.468238
294.625		0.468238
294.75		0.468238
294.875		0.468238
295		0.468238
295.125		0.482646
295.25		0.482646
295.375		0.482646
295.5		0.482646
295.625		0.482646
295.75		0.482646
295.875		0.482646
296		0.482646
296.125		0.482646
296.25		0.482646
296.375		0.482646
296.5		0.482646
296.625		0.482646
296.75		0.482646
296.875		0.482646
297		0.482646
297.125		0.482646
297.25		0.482646
297.375		0.482646
297.5		0.482646
297.625		0.482646
297.75		0.482646
297.875		0.482646
298		0.482646
298.125		0.482646
298.25		0.482646
298.375		0.482646
298.5		0.482646
298.625		0.482646
298.75		0.482646
298.875		0.482646
299		0.482646
299.125		0.482646
299.25		0.482646
299.375		0.482646
299.5		0.482646
299.625		0.482646
299.75		0.482646
299.875		0.482646
300		0.482646
300.125		0.513425
300.25		0.513425
300.375		0.513425
300.5		0.513425
300.625		0.513425
300.75		0.513425
300.875		0.513425
301		0.513425
301.125		0.513425
301.25		0.513425
301.375		0.513425
301.5		0.513425
301.625		0.513425
301.75		0.513425
301.875		0.513425
302		0.513425
302.125		0.513425
302.25		0.513425
302.375		0.513425
302.5		0.513425
302.625		0.513425
302.75		0.513425
302.875		0.513425
303		0.513425
303.125		0.513425
303.25		0.513425
303.375		0.513425
303.5		0.513425
303.625		0.513425
303.75		0.513425
303.875		0.513425
304		0.513425
304.125		0.513425
304.25		0.513425
304.375		0.513425
304.5		0.513425
304.625		0.513425
304.75		0.513425
304.875		0.513425
305		0.513425
305.125		0.519974
305.25		0.519974
305.375		0.519974
305.5		0.519974
305.625		0.519974
305.75		0.519974
305.875		0.519974
306		0.519974
306.125		0.519974
306.25		0.519974
306.375		0.519974
306.5		0.519974
306.625		0.519974
306.75		0.519974
306.875		0.519974
307		0.519974
307.125		0.519974
307.25		0.519974
307.375		0.519974
307.5		0.519974
307.625		0.519974
307.75		0.519974
307.875		0.519974
308		0.519974
308.125		0.519974
308.25		0.519974
308.375		0.519974
308.5		0.519974
308.625		0.519974
308.75		0.519974
308.875		0.519974
309		0.519974
309.125		0.519974
309.25		0.519974
309.375		0.519974
309.5		0.519974
309.625		0.519974
309.75		0.519974
309.875		0.519974
310		0.519974
310.125		0.522593
310.25		0.522593
310.375		0.522593
310.5		0.522593
310.625		0.522593
310.75		0.522593
310.875		0.522593
311		0.522593
311.125		0.522593
311.25		0.522593
311.375		0.522593
311.5		0.522593
311.625		0.522593
311.75		0.522593
311.875		0.522593
312		0.522593
312.125		0.522593
312.25		0.522593
312.375		0.522593
312.5		0.522593
312.625		0.522593
312.75		0.522593
312.875		0.522593
313		0.522593
313.125		0.522593
313.25		0.522593
313.375		0.522593
313.5		0.522593
313.625		0.522593
313.75		0.522593
313.875		0.522593
314		0.522593
314.125		0.522593
314.25		0.522593
314.375		0.522593
314.5		0.522593
314.625		0.522593
314.75		0.522593
314.875		0.522593
315		0.522593
315.125		0.526523
315.25		0.526523
315.375		0.526523
315.5		0.526523
315.625		0.526523
315.75		0.526523
315.875		0.526523
316		0.526523
316.125		0.526523
316.25		0.526523
316.375		0.526523
316.5		0.526523
316.625		0.526523
316.75		0.526523
316.875		0.526523
317		0.526523
317.125		0.526523
317.25		0.526523
317.375		0.526523
317.5		0.526523
317.625		0.526523
317.75		0.526523
317.875		0.526523
318		0.526523
318.125		0.526523
318.25		0.526523
318.375		0.526523
318.5		0.526523
318.625		0.526523
318.75		0.526523
318.875		0.526523
319		0.526523
319.125		0.526523
319.25		0.526523
319.375		0.526523
319.5		0.526523
319.625		0.526523
319.75		0.526523
319.875		0.526523
320		0.526523
320.125		0.563196
320.25		0.563196
320.375		0.563196
320.5		0.563196
320.625		0.563196
320.75		0.563196
320.875		0.563196
321		0.563196
321.125		0.563196
321.25		0.563196
321.375		0.563196
321.5		0.563196
321.625		0.563196
321.75		0.563196
321.875		0.563196
322		0.563196
322.125		0.563196
322.25		0.563196
322.375		0.563196
322.5		0.563196
322.625		0.563196
322.75		0.563196
322.875		0.563196
323		0.563196
323.125		0.563196
323.25		0.563196
323.375		0.563196
323.5		0.563196
323.625		0.563196
323.75		0.563196
323.875		0.563196
324		0.563196
324.125		0.563196
324.25		0.563196
324.375		0.563196
324.5		0.563196
324.625		0.563196
324.75		0.563196
324.875		0.563196
325		0.563196
325.125		0.572364
325.25		0.572364
325.375		0.572364
325.5		0.572364
325.625		0.572364
325.75		0.572364
325.875		0.572364
326		0.572364
326.125		0.572364
326.25		0.572364
326.375		0.572364
326.5		0.572364
326.625		0.572364
326.75		0.572364
326.875		0.572364
327		0.572364
327.125		0.572364
327.25		0.572364
327.375		0.572364
327.5		0.572364
327.625		0.572364
327.75		0.572364
327.875		0.572364
328		0.572364
328.125		0.572364
328.25		0.572364
328.375		0.572364
328.5		0.572364
328.625		0.572364
328.75		0.572364
328.875		0.572364
329		0.572364
329.125		0.572364
329.25		0.572364
329.375		0.572364
329.5		0.572364
329.625		0.572364
329.75		0.572364
329.875		0.572364
330		0.572364
330.125		0.597904
330.25		0.597904
330.375		0.597904
330.5		0.597904
330.625		0.597904
330.75		0.597904
330.875		0.597904
331		0.597904
331.125		0.597904
331.25		0.597904
331.375		0.597904
331.5		0.597904
331.625		0.597904
331.75		0.597904
331.875		0.597904
332		0.597904
332.125		0.597904
332.25		0.597904
332.375		0.597904
332.5		0.597904
332.625		0.597904
332.75		0.597904
332.875		0.597904
333		0.597904
333.125		0.597904
333.25		0.597904
333.375		0.597904
333.5		0.597904
333.625		0.597904
333.75		0.597904
333.875		0.597904
334		0.597904
334.125		0.597904
334.25		0.597904
334.375		0.597904
334.5		0.597904
334.625		0.597904
334.75		0.597904
334.875		0.597904
335		0.597904
335.125		0.601179
335.25		0.601179
335.375		0.601179
335.5		0.601179
335.625		0.601179
335.75		0.601179
335.875		0.601179
336		0.601179
336.125		0.601179
336.25		0.601179
336.375		0.601179
336.5		0.601179
336.625		0.601179
336.75		0.601179
336.875		0.601179
337		0.601179
337.125		0.601179
337.25		0.601179
337.375		0.601179
337.5		0.601179
337.625		0.601179
337.75		0.601179
337.875		0.601179
338		0.601179
338.125		0.601179
338.25		0.601179
338.375		0.601179
338.5		0.601179
338.625		0.601179
338.75		0.601179
338.875		0.601179
339		0.601179
339.125		0.601179
339.25		0.601179
339.375		0.601179
339.5		0.601179
339.625		0.601179
339.75		0.601179
339.875		0.601179
340		0.601179
340.125		0.610347
340.25		0.610347
340.375		0.610347
340.5		0.610347
340.625		0.610347
340.75		0.610347
340.875		0.610347
341		0.610347
341.125		0.610347
341.25		0.610347
341.375		0.610347
341.5		0.610347
341.625		0.610347
341.75		0.610347
341.875		0.610347
342		0.610347
342.125		0.610347
342.25		0.610347
342.375		0.610347
342.5		0.610347
342.625		0.610347
342.75		0.610347
342.875		0.610347
343		0.610347
343.125		0.610347
343.25		0.610347
343.375		0.610347
343.5		0.610347
343.625		0.610347
343.75		0.610347
343.875		0.610347
344		0.610347
344.125		0.610347
344.25		0.610347
344.375		0.610347
344.5		0.610347
344.625		0.610347
344.75		0.610347
344.875		0.610347
345		0.610347
345.125		0.633923
345.25		0.633923
345.375		0.633923
345.5		0.633923
345.625		0.633923
345.75		0.633923
345.875		0.633923
346		0.633923
346.125		0.633923
346.25		0.633923
346.375		0.633923
346.5		0.633923
346.625		0.633923
346.75		0.633923
346.875		0.633923
347		0.633923
347.125		0.633923
347.25		0.633923
347.375		0.633923
347.5		0.633923
347.625		0.633923
347.75		0.633923
347.875		0.633923
348		0.633923
348.125		0.633923
348.25		0.633923
348.375		0.633923
348.5		0.633923
348.625		0.633923
348.75		0.633923
348.875		0.633923
349		0.633923
349.125		0.633923
349.25		0.633923
349.375		0.633923
349.5		0.633923
349.625		0.633923
349.75		0.633923
349.875		0.633923
350		0.633923
350.125		0.637197
350.25		0.637197
350.375		0.637197
350.5		0.637197
350.625		0.637197
350.75		0.637197
350.875		0.637197
351		0.637197
351.125		0.637197
351.25		0.637197
351.375		0.637197
351.5		0.637197
351.625		0.637197
351.75		0.637197
351.875		0.637197
352		0.637197
352.125		0.637197
352.25		0.637197
352.375		0.637197
352.5		0.637197
352.625		0.637197
352.75		0.637197
352.875		0.637197
353		0.637197
353.125		0.637197
353.25		0.637197
353.375		0.637197
353.5		0.637197
353.625		0.637197
353.75		0.637197
353.875		0.637197
354		0.637197
354.125		0.637197
354.25		0.637197
354.375		0.637197
354.5		0.637197
354.625		0.637197
354.75		0.637197
354.875		0.637197
355		0.637197
355.125		0.65095
355.25		0.65095
355.375		0.65095
355.5		0.65095
355.625		0.65095
355.75		0.65095
355.875		0.65095
356		0.65095
356.125		0.65095
356.25		0.65095
356.375		0.65095
356.5		0.65095
356.625		0.65095
356.75		0.65095
356.875		0.65095
357		0.65095
357.125		0.65095
357.25		0.65095
357.375		0.65095
357.5		0.65095
357.625		0.65095
357.75		0.65095
357.875		0.65095
358		0.65095
358.125		0.65095
358.25		0.65095
358.375		0.65095
358.5		0.65095
358.625		0.65095
358.75		0.65095
358.875		0.65095
359		0.65095
359.125		0.65095
359.25		0.65095
359.375		0.65095
359.5		0.65095
359.625		0.65095
359.75		0.65095
359.875		0.65095
360		0.65095
360.125		0.664702
360.25		0.664702
360.375		0.664702
360.5		0.664702
360.625		0.664702
360.75		0.664702
360.875		0.664702
361		0.664702
361.125		0.664702
361.25		0.664702
361.375		0.664702
361.5		0.664702
361.625		0.664702
361.75		0.664702
361.875		0.664702
362		0.664702
362.125		0.664702
362.25		0.664702
362.375		0.664702
362.5		0.664702
362.625		0.664702
362.75		0.664702
362.875		0.664702
363		0.664702
363.125		0.664702
363.25		0.664702
363.375		0.664702
363.5		0.664702
363.625		0.664702
363.75		0.664702
363.875		0.664702
364		0.664702
364.125		0.664702
364.25		0.664702
364.375		0.664702
364.5		0.664702
364.625		0.664702
364.75		0.664702
364.875		0.664702
365		0.664702
365.125		0.666667
365.25		0.666667
365.375		0.666667
365.5		0.666667
365.625		0.666667
365.75		0.666667
365.875		0.666667
366		0.666667
366.125		0.666667
366.25		0.666667
366.375		0.666667
366.5		0.666667
366.625		0.666667
366.75		0.666667
366.875		0.666667
367		0.666667
367.125		0.666667
367.25		0.666667
367.375		0.666667
367.5		0.666667
367.625		0.666667
367.75		0.666667
367.875		0.666667
368		0.666667
368.125		0.666667
368.25		0.666667
368.375		0.666667
368.5		0.666667
368.625		0.666667
368.75		0.666667
368.875		0.666667
369		0.666667
369.125		0.666667
369.25		0.666667
369.375		0.666667
369.5		0.666667
369.625		0.666667
369.75		0.666667
369.875		0.666667
370		0.666667
370.125		0.686968
370.25		0.686968
370.375		0.686968
370.5		0.686968
370.625		0.686968
370.75		0.686968
370.875		0.686968
371		0.686968
371.125		0.686968
371.25		0.686968
371.375		0.686968
371.5		0.686968
371.625		0.686968
371.75		0.686968
371.875		0.686968
372		0.686968
372.125		0.686968
372.25		0.686968
372.375		0.686968
372.5		0.686968
372.625		0.686968
372.75		0.686968
372.875		0.686968
373		0.686968
373.125		0.686968
373.25		0.686968
373.375		0.686968
373.5		0.686968
373.625		0.686968
373.75		0.686968
373.875		0.686968
374		0.686968
374.125		0.686968
374.25		0.686968
374.375		0.686968
374.5		0.686968
374.625		0.686968
374.75		0.686968
374.875		0.686968
375		0.686968
375.125		0.695481
375.25		0.695481
375.375		0.695481
375.5		0.695481
375.625		0.695481
375.75		0.695481
375.875		0.695481
376		0.695481
376.125		0.695481
376.25		0.695481
376.375		0.695481
376.5		0.695481
376.625		0.695481
376.75		0.695481
376.875		0.695481
377		0.695481
377.125		0.695481
377.25		0.695481
377.375		0.695481
377.5		0.695481
377.625		0.695481
377.75		0.695481
377.875		0.695481
378		0.695481
378.125		0.695481
378.25		0.695481
378.375		0.695481
378.5		0.695481
378.625		0.695481
378.75		0.695481
378.875		0.695481
379		0.695481
379.125		0.695481
379.25		0.695481
379.375		0.695481
379.5		0.695481
379.625		0.695481
379.75		0.695481
379.875		0.695481
380		0.695481
380.125		0.721022
380.25		0.721022
380.375		0.721022
380.5		0.721022
380.625		0.721022
380.75		0.721022
380.875		0.721022
381		0.721022
381.125		0.721022
381.25		0.721022
381.375		0.721022
381.5		0.721022
381.625		0.721022
381.75		0.721022
381.875		0.721022
382		0.721022
382.125		0.721022
382.25		0.721022
382.375		0.721022
382.5		0.721022
382.625		0.721022
382.75		0.721022
382.875		0.721022
383		0.721022
383.125		0.721022
383.25		0.721022
383.375		0.721022
383.5		0.721022
383.625		0.721022
383.75		0.721022
383.875		0.721022
384		0.721022
384.125		0.721022
384.25		0.721022
384.375		0.721022
384.5		0.721022
384.625		0.721022
384.75		0.721022
384.875		0.721022
385		0.721022
385.125		0.733464
385.25		0.733464
385.375		0.733464
385.5		0.733464
385.625		0.733464
385.75		0.733464
385.875		0.733464
386		0.733464
386.125		0.733464
386.25		0.733464
386.375		0.733464
386.5		0.733464
386.625		0.733464
386.75		0.733464
386.875		0.733464
387		0.733464
387.125		0.733464
387.25		0.733464
387.375		0.733464
387.5		0.733464
387.625		0.733464
387.75		0.733464
387.875		0.733464
388		0.733464
388.125		0.733464
388.25		0.733464
388.375		0.733464
388.5		0.733464
388.625		0.733464
388.75		0.733464
388.875		0.733464
389		0.733464
389.125		0.733464
389.25		0.733464
389.375		0.733464
389.5		0.733464
389.625		0.733464
389.75		0.733464
389.875		0.733464
390		0.733464
390.125		0.738703
390.25		0.738703
390.375		0.738703
390.5		0.738703
390.625		0.738703
390.75		0.738703
390.875		0.738703
391		0.738703
391.125		0.738703
391.25		0.738703
391.375		0.738703
391.5		0.738703
391.625		0.738703
391.75		0.738703
391.875		0.738703
392		0.738703
392.125		0.738703
392.25		0.738703
392.375		0.738703
392.5		0.738703
392.625		0.738703
392.75		0.738703
392.875		0.738703
393		0.738703
393.125		0.738703
393.25		0.738703
393.375		0.738703
393.5		0.738703
393.625		0.738703
393.75		0.738703
393.875		0.738703
394		0.738703
394.125		0.738703
394.25		0.738703
394.375		0.738703
394.5		0.738703
394.625		0.738703
394.75		0.738703
394.875		0.738703
395		0.738703
395.125		0.751146
395.25		0.751146
395.375		0.751146
395.5		0.751146
395.625		0.751146
395.75		0.751146
395.875		0.751146
396		0.751146
396.125		0.751146
396.25		0.751146
396.375		0.751146
396.5		0.751146
396.625		0.751146
396.75		0.751146
396.875		0.751146
397		0.751146
397.125		0.751146
397.25		0.751146
397.375		0.751146
397.5		0.751146
397.625		0.751146
397.75		0.751146
397.875		0.751146
398		0.751146
398.125		0.751146
398.25		0.751146
398.375		0.751146
398.5		0.751146
398.625		0.751146
398.75		0.751146
398.875		0.751146
399		0.751146
399.125		0.751146
399.25		0.751146
399.375		0.751146
399.5		0.751146
399.625		0.751146
399.75		0.751146
399.875		0.751146
400		0.751146
400.125		0.777341
400.25		0.777341
400.375		0.777341
400.5		0.777341
400.625		0.777341
400.75		0.777341
400.875		0.777341
401		0.777341
401.125		0.777341
401.25		0.777341
401.375		0.777341
401.5		0.777341
401.625		0.777341
401.75		0.777341
401.875		0.777341
402		0.777341
402.125		0.777341
402.25		0.777341
402.375		0.777341
402.5		0.777341
402.625		0.777341
402.75		0.777341
402.875		0.777341
403		0.777341
403.125		0.777341
403.25		0.777341
403.375		0.777341
403.5		0.777341
403.625		0.777341
403.75		0.777341
403.875		0.777341
404		0.777341
404.125		0.777341
404.25		0.777341
404.375		0.777341
404.5		0.777341
404.625		0.777341
404.75		0.777341
404.875		0.777341
405		0.777341
405.125		0.791094
405.25		0.791094
405.375		0.791094
405.5		0.791094
405.625		0.791094
405.75		0.791094
405.875		0.791094
406		0.791094
406.125		0.791094
406.25		0.791094
406.375		0.791094
406.5		0.791094
406.625		0.791094
406.75		0.791094
406.875		0.791094
407		0.791094
407.125		0.791094
407.25		0.791094
407.375		0.791094
407.5		0.791094
407.625		0.791094
407.75		0.791094
407.875		0.791094
408		0.791094
408.125		0.791094
408.25		0.791094
408.375		0.791094
408.5		0.791094
408.625		0.791094
408.75		0.791094
408.875		0.791094
409		0.791094
409.125		0.791094
409.25		0.791094
409.375		0.791094
409.5		0.791094
409.625		0.791094
409.75		0.791094
409.875		0.791094
410		0.791094
410.125		0.796988
410.25		0.796988
410.375		0.796988
410.5		0.796988
410.625		0.796988
410.75		0.796988
410.875		0.796988
411		0.796988
411.125		0.796988
411.25		0.796988
411.375		0.796988
411.5		0.796988
411.625		0.796988
411.75		0.796988
411.875		0.796988
412		0.796988
412.125		0.796988
412.25		0.796988
412.375		0.796988
412.5		0.796988
412.625		0.796988
412.75		0.796988
412.875		0.796988
413		0.796988
413.125		0.796988
413.25		0.796988
413.375		0.796988
413.5		0.796988
413.625		0.796988
413.75		0.796988
413.875		0.796988
414		0.796988
414.125		0.796988
414.25		0.796988
414.375		0.796988
414.5		0.796988
414.625		0.796988
414.75		0.796988
414.875		0.796988
415		0.796988
415.125		0.812705
415.25		0.812705
415.375		0.812705
415.5		0.812705
415.625		0.812705
415.75		0.812705
415.875		0.812705
416		0.812705
416.125		0.812705
416.25		0.812705
416.375		0.812705
416.5		0.812705
416.625		0.812705
416.75		0.812705
416.875		0.812705
417		0.812705
417.125		0.812705
417.25		0.812705
417.375		0.812705
417.5		0.812705
417.625		0.812705
417.75		0.812705
417.875		0.812705
418		0.812705
418.125		0.812705
418.25		0.812705
418.375		0.812705
418.5		0.812705
418.625		0.812705
418.75		0.812705
418.875		0.812705
419		0.812705
419.125		0.812705
419.25		0.812705
419.375		0.812705
419.5		0.812705
419.625		0.812705
419.75		0.812705
419.875		0.812705
420		0.812705
420.125		0.821873
420.25		0.821873
420.375		0.821873
420.5		0.821873
420.625		0.821873
420.75		0.821873
420.875		0.821873
421		0.821873
421.125		0.821873
421.25		0.821873
421.375		0.821873
421.5		0.821873
421.625		0.821873
421.75		0.821873
421.875		0.821873
422		0.821873
422.125		0.821873
422.25		0.821873
422.375		0.821873
422.5		0.821873
422.625		0.821873
422.75		0.821873
422.875		0.821873
423		0.821873
423.125		0.821873
423.25		0.821873
423.375		0.821873
423.5		0.821873
423.625		0.821873
423.75		0.821873
423.875		0.821873
424		0.821873
424.125		0.821873
424.25		0.821873
424.375		0.821873
424.5		0.821873
424.625		0.821873
424.75		0.821873
424.875		0.821873
425		0.821873
425.125		0.835625
425.25		0.835625
425.375		0.835625
425.5		0.835625
425.625		0.835625
425.75		0.835625
425.875		0.835625
426		0.835625
426.125		0.835625
426.25		0.835625
426.375		0.835625
426.5		0.835625
426.625		0.835625
426.75		0.835625
426.875		0.835625
427		0.835625
427.125		0.835625
427.25		0.835625
427.375		0.835625
427.5		0.835625
427.625		0.835625
427.75		0.835625
427.875		0.835625
428		0.835625
428.125		0.835625
428.25		0.835625
428.375		0.835625
428.5		0.835625
428.625		0.835625
428.75		0.835625
428.875		0.835625
429		0.835625
429.125		0.835625
429.25		0.835625
429.375		0.835625
429.5		0.835625
429.625		0.835625
429.75		0.835625
429.875		0.835625
430		0.835625
430.125		0.846758
430.25		0.846758
430.375		0.846758
430.5		0.846758
430.625		0.846758
430.75		0.846758
430.875		0.846758
431		0.846758
431.125		0.846758
431.25		0.846758
431.375		0.846758
431.5		0.846758
431.625		0.846758
431.75		0.846758
431.875		0.846758
432		0.846758
432.125		0.846758
432.25		0.846758
432.375		0.846758
432.5		0.846758
432.625		0.846758
432.75		0.846758
432.875		0.846758
433		0.846758
433.125		0.846758
433.25		0.846758
433.375		0.846758
433.5		0.846758
433.625		0.846758
433.75		0.846758
433.875		0.846758
434		0.846758
434.125		0.846758
434.25		0.846758
434.375		0.846758
434.5		0.846758
434.625		0.846758
434.75		0.846758
434.875		0.846758
435		0.846758
435.125		0.861821
435.25		0.861821
435.375		0.861821
435.5		0.861821
435.625		0.861821
435.75		0.861821
435.875		0.861821
436		0.861821
436.125		0.861821
436.25		0.861821
436.375		0.861821
436.5		0.861821
436.625		0.861821
436.75		0.861821
436.875		0.861821
437		0.861821
437.125		0.861821
437.25		0.861821
437.375		0.861821
437.5		0.861821
437.625		0.861821
437.75		0.861821
437.875		0.861821
438		0.861821
438.125		0.861821
438.25		0.861821
438.375		0.861821
438.5		0.861821
438.625		0.861821
438.75		0.861821
438.875		0.861821
439		0.861821
439.125		0.861821
439.25		0.861821
439.375		0.861821
439.5		0.861821
439.625		0.861821
439.75		0.861821
439.875		0.861821
440		0.861821
440.125		0.863785
440.25		0.863785
440.375		0.863785
440.5		0.863785
440.625		0.863785
440.75		0.863785
440.875		0.863785
441		0.863785
441.125		0.863785
441.25		0.863785
441.375		0.863785
441.5		0.863785
441.625		0.863785
441.75		0.863785
441.875		0.863785
442		0.863785
442.125		0.863785
442.25		0.863785
442.375		0.863785
442.5		0.863785
442.625		0.863785
442.75		0.863785
442.875		0.863785
443		0.863785
443.125		0.863785
443.25		0.863785
443.375		0.863785
443.5		0.863785
443.625		0.863785
443.75		0.863785
443.875		0.863785
444		0.863785
444.125		0.863785
444.25		0.863785
444.375		0.863785
444.5		0.863785
444.625		0.863785
444.75		0.863785
444.875		0.863785
445		0.863785
445.125		0.886706
445.25		0.886706
445.375		0.886706
445.5		0.886706
445.625		0.886706
445.75		0.886706
445.875		0.886706
446		0.886706
446.125		0.886706
446.25		0.886706
446.375		0.886706
446.5		0.886706
446.625		0.886706
446.75		0.886706
446.875		0.886706
447		0.886706
447.125		0.886706
447.25		0.886706
447.375		0.886706
447.5		0.886706
447.625		0.886706
447.75		0.886706
447.875		0.886706
448		0.886706
448.125		0.886706
448.25		0.886706
448.375		0.886706
448.5		0.886706
448.625		0.886706
448.75		0.886706
448.875		0.886706
449		0.886706
449.125		0.886706
449.25		0.886706
449.375		0.886706
449.5		0.886706
449.625		0.886706
449.75		0.886706
449.875		0.886706
450		0.886706
450.125		0.905697
450.25		0.905697
450.375		0.905697
450.5		0.905697
450.625		0.905697
450.75		0.905697
450.875		0.905697
451		0.905697
451.125		0.905697
451.25		0.905697
451.375		0.905697
451.5		0.905697
451.625		0.905697
451.75		0.905697
451.875		0.905697
452		0.905697
452.125		0.905697
452.25		0.905697
452.375		0.905697
452.5		0.905697
452.625		0.905697
452.75		0.905697
452.875		0.905697
453		0.905697
453.125		0.905697
453.25		0.905697
453.375		0.905697
453.5		0.905697
453.625		0.905697
453.75		0.905697
453.875		0.905697
454		0.905697
454.125		0.905697
454.25		0.905697
454.375		0.905697
454.5		0.905697
454.625		0.905697
454.75		0.905697
454.875		0.905697
455		0.905697
455.125		0.907662
455.25		0.907662
455.375		0.907662
455.5		0.907662
455.625		0.907662
455.75		0.907662
455.875		0.907662
456		0.907662
456.125		0.907662
456.25		0.907662
456.375		0.907662
456.5		0.907662
456.625		0.907662
456.75		0.907662
456.875		0.907662
457		0.907662
457.125		0.907662
457.25		0.907662
457.375		0.907662
457.5		0.907662
457.625		0.907662
457.75		0.907662
457.875		0.907662
458		0.907662
458.125		0.907662
458.25		0.907662
458.375		0.907662
458.5		0.907662
458.625		0.907662
458.75		0.907662
458.875		0.907662
459		0.907662
459.125		0.907662
459.25		0.907662
459.375		0.907662
459.5		0.907662
459.625		0.907662
459.75		0.907662
459.875		0.907662
460		0.907662
460.125		0.911591
460.25		0.911591
460.375		0.911591
460.5		0.911591
460.625		0.911591
460.75		0.911591
460.875		0.911591
461		0.911591
461.125		0.911591
461.25		0.911591
461.375		0.911591
461.5		0.911591
461.625		0.911591
461.75		0.911591
461.875		0.911591
462		0.911591
462.125		0.911591
462.25		0.911591
462.375		0.911591
462.5		0.911591
462.625		0.911591
462.75		0.911591
462.875		0.911591
463		0.911591
463.125		0.911591
463.25		0.911591
463.375		0.911591
463.5		0.911591
463.625		0.911591
463.75		0.911591
463.875		0.911591
464		0.911591
464.125		0.911591
464.25		0.911591
464.375		0.911591
464.5		0.911591
464.625		0.911591
464.75		0.911591
464.875		0.911591
465		0.911591
465.125		0.912901
465.25		0.912901
465.375		0.912901
465.5		0.912901
465.625		0.912901
465.75		0.912901
465.875		0.912901
466		0.912901
466.125		0.912901
466.25		0.912901
466.375		0.912901
466.5		0.912901
466.625		0.912901
466.75		0.912901
466.875		0.912901
467		0.912901
467.125		0.912901
467.25		0.912901
467.375		0.912901
467.5		0.912901
467.625		0.912901
467.75		0.912901
467.875		0.912901
468		0.912901
468.125		0.912901
468.25		0.912901
468.375		0.912901
468.5		0.912901
468.625		0.912901
468.75		0.912901
468.875		0.912901
469		0.912901
469.125		0.912901
469.25		0.912901
469.375		0.912901
469.5		0.912901
469.625		0.912901
469.75		0.912901
469.875		0.912901
470		0.912901
470.125		0.950884
470.25		0.950884
470.375		0.950884
470.5		0.950884
470.625		0.950884
470.75		0.950884
470.875		0.950884
471		0.950884
471.125		0.950884
471.25		0.950884
471.375		0.950884
471.5		0.950884
471.625		0.950884
471.75		0.950884
471.875		0.950884
472		0.950884
472.125		0.950884
472.25		0.950884
472.375		0.950884
472.5		0.950884
472.625		0.950884
472.75		0.950884
472.875		0.950884
473		0.950884
473.125		0.950884
473.25		0.950884
473.375		0.950884
473.5		0.950884
473.625		0.950884
473.75		0.950884
473.875		0.950884
474		0.950884
474.125		0.950884
474.25		0.950884
474.375		0.950884
474.5		0.950884
474.625		0.950884
474.75		0.950884
474.875		0.950884
475		0.950884
475.125		0.962017
475.25		0.962017
475.375		0.962017
475.5		0.962017
475.625		0.962017
475.75		0.962017
475.875		0.962017
476		0.962017
476.125		0.962017
476.25		0.962017
476.375		0.962017
476.5		0.962017
476.625		0.962017
476.75		0.962017
476.875		0.962017
477		0.962017
477.125		0.962017
477.25		0.962017
477.375		0.962017
477.5		0.962017
477.625		0.962017
477.75		0.962017
477.875		0.962017
478		0.962017
478.125		0.962017
478.25		0.962017
478.375		0.962017
478.5		0.962017
478.625		0.962017
478.75		0.962017
478.875		0.962017
479		0.962017
479.125		0.962017
479.25		0.962017
479.375		0.962017
479.5		0.962017
479.625		0.962017
479.75		0.962017
479.875		0.962017
480		0.962017
480.125		0.962672
480.25		0.962672
480.375		0.962672
480.5		0.962672
480.625		0.962672
480.75		0.962672
480.875		0.962672
481		0.962672
481.125		0.962672
481.25		0.962672
481.375		0.962672
481.5		0.962672
481.625		0.962672
481.75		0.962672
481.875		0.962672
482		0.962672
482.125		0.962672
482.25		0.962672
482.375		0.962672
482.5		0.962672
482.625		0.962672
482.75		0.962672
482.875		0.962672
483		0.962672
483.125		0.962672
483.25		0.962672
483.375		0.962672
483.5		0.962672
483.625		0.962672
483.75		0.962672
483.875		0.962672
484		0.962672
484.125		0.962672
484.25		0.962672
484.375		0.962672
484.5		0.962672
484.625		0.962672
484.75		0.962672
484.875		0.962672
485		0.962672
485.125		0.97315
485.25		0.97315
485.375		0.97315
485.5		0.97315
485.625		0.97315
485.75		0.97315
485.875		0.97315
486		0.97315
486.125		0.97315
486.25		0.97315
486.375		0.97315
486.5		0.97315
486.625		0.97315
486.75		0.97315
486.875		0.97315
487		0.97315
487.125		0.97315
487.25		0.97315
487.375		0.97315
487.5		0.97315
487.625		0.97315
487.75		0.97315
487.875		0.97315
488		0.97315
488.125		0.97315
488.25		0.97315
488.375		0.97315
488.5		0.97315
488.625		0.97315
488.75		0.97315
488.875		0.97315
489		0.97315
489.125		0.97315
489.25		0.97315
489.375		0.97315
489.5		0.97315
489.625		0.97315
489.75		0.97315
489.875		0.97315
490		0.97315
490.125		0.998035
490.25		0.998035
490.375		0.998035
490.5		0.998035
490.625		0.998035
490.75		0.998035
490.875		0.998035
491		0.998035
491.125		0.998035
491.25		0.998035
491.375		0.998035
491.5		0.998035
491.625		0.998035
491.75		0.998035
491.875		0.998035
492		0.998035
492.125		0.998035
492.25		0.998035
492.375		0.998035
492.5		0.998035
492.625		0.998035
492.75		0.998035
492.875		0.998035
493		0.998035
493.125		0.998035
493.25		0.998035
493.375		0.998035
493.5		0.998035
493.625		0.998035
493.75		0.998035
493.875		0.998035
494		0.998035
494.125		0.998035
494.25		0.998035
494.375		0.998035
494.5		0.998035
494.625		0.998035
494.75		0.998035
494.875		0.998035
495		0.998035
495.125		1
495.25		1
495.375		1
495.5		1
495.625		1
495.75		1
495.875		1
496		1
496.125		1
496.25		1
496.375		1
496.5		1
496.625		1
496.75		1
496.875		1
497		1
497.125		1
497.25		1
497.375		1
497.5		1
497.625		1
497.75		1
497.875		1
498		1
498.125		1
498.25		1
498.375		1
498.5		1
498.625		1
498.75		1
498.875		1
499		1
499.125		1
499.25		1
499.375		1
499.5		1
499.625		1
499.75		1
499.875		1
500		1
