# Calibration file of tamex_id 1 @ channel 6
# fine_T bin		 Calibration value
0.125		0
0.25		0
0.375		0
0.5		0
0.625		0
0.75		0
0.875		0
1		0
1.125		0
1.25		0
1.375		0
1.5		0
1.625		0
1.75		0
1.875		0
2		0
2.125		0
2.25		0
2.375		0
2.5		0
2.625		0
2.75		0
2.875		0
3		0
3.125		0
3.25		0
3.375		0
3.5		0
3.625		0
3.75		0
3.875		0
4		0
4.125		0
4.25		0
4.375		0
4.5		0
4.625		0
4.75		0
4.875		0
5		0
5.125		0
5.25		0
5.375		0
5.5		0
5.625		0
5.75		0
5.875		0
6		0
6.125		0
6.25		0
6.375		0
6.5		0
6.625		0
6.75		0
6.875		0
7		0
7.125		0
7.25		0
7.375		0
7.5		0
7.625		0
7.75		0
7.875		0
8		0
8.125		0
8.25		0
8.375		0
8.5		0
8.625		0
8.75		0
8.875		0
9		0
9.125		0
9.25		0
9.375		0
9.5		0
9.625		0
9.75		0
9.875		0
10		0
10.125		0
10.25		0
10.375		0
10.5		0
10.625		0
10.75		0
10.875		0
11		0
11.125		0
11.25		0
11.375		0
11.5		0
11.625		0
11.75		0
11.875		0
12		0
12.125		0
12.25		0
12.375		0
12.5		0
12.625		0
12.75		0
12.875		0
13		0
13.125		0
13.25		0
13.375		0
13.5		0
13.625		0
13.75		0
13.875		0
14		0
14.125		0
14.25		0
14.375		0
14.5		0
14.625		0
14.75		0
14.875		0
15		0
15.125		0
15.25		0
15.375		0
15.5		0
15.625		0
15.75		0
15.875		0
16		0
16.125		0
16.25		0
16.375		0
16.5		0
16.625		0
16.75		0
16.875		0
17		0
17.125		0
17.25		0
17.375		0
17.5		0
17.625		0
17.75		0
17.875		0
18		0
18.125		0
18.25		0
18.375		0
18.5		0
18.625		0
18.75		0
18.875		0
19		0
19.125		0
19.25		0
19.375		0
19.5		0
19.625		0
19.75		0
19.875		0
20		0
20.125		0
20.25		0
20.375		0
20.5		0
20.625		0
20.75		0
20.875		0
21		0
21.125		0
21.25		0
21.375		0
21.5		0
21.625		0
21.75		0
21.875		0
22		0
22.125		0
22.25		0
22.375		0
22.5		0
22.625		0
22.75		0
22.875		0
23		0
23.125		0
23.25		0
23.375		0
23.5		0
23.625		0
23.75		0
23.875		0
24		0
24.125		0
24.25		0
24.375		0
24.5		0
24.625		0
24.75		0
24.875		0
25		0
25.125		0
25.25		0
25.375		0
25.5		0
25.625		0
25.75		0
25.875		0
26		0
26.125		0
26.25		0
26.375		0
26.5		0
26.625		0
26.75		0
26.875		0
27		0
27.125		0
27.25		0
27.375		0
27.5		0
27.625		0
27.75		0
27.875		0
28		0
28.125		0
28.25		0
28.375		0
28.5		0
28.625		0
28.75		0
28.875		0
29		0
29.125		0
29.25		0
29.375		0
29.5		0
29.625		0
29.75		0
29.875		0
30		0
30.125		0
30.25		0
30.375		0
30.5		0
30.625		0
30.75		0
30.875		0
31		0
31.125		0
31.25		0
31.375		0
31.5		0
31.625		0
31.75		0
31.875		0
32		0
32.125		0
32.25		0
32.375		0
32.5		0
32.625		0
32.75		0
32.875		0
33		0
33.125		0
33.25		0
33.375		0
33.5		0
33.625		0
33.75		0
33.875		0
34		0
34.125		0
34.25		0
34.375		0
34.5		0
34.625		0
34.75		0
34.875		0
35		0
35.125		0
35.25		0
35.375		0
35.5		0
35.625		0
35.75		0
35.875		0
36		0
36.125		0
36.25		0
36.375		0
36.5		0
36.625		0
36.75		0
36.875		0
37		0
37.125		0
37.25		0
37.375		0
37.5		0
37.625		0
37.75		0
37.875		0
38		0
38.125		0
38.25		0
38.375		0
38.5		0
38.625		0
38.75		0
38.875		0
39		0
39.125		0
39.25		0
39.375		0
39.5		0
39.625		0
39.75		0
39.875		0
40		0
40.125		0
40.25		0
40.375		0
40.5		0
40.625		0
40.75		0
40.875		0
41		0
41.125		0
41.25		0
41.375		0
41.5		0
41.625		0
41.75		0
41.875		0
42		0
42.125		0
42.25		0
42.375		0
42.5		0
42.625		0
42.75		0
42.875		0
43		0
43.125		0
43.25		0
43.375		0
43.5		0
43.625		0
43.75		0
43.875		0
44		0
44.125		0
44.25		0
44.375		0
44.5		0
44.625		0
44.75		0
44.875		0
45		0
45.125		0
45.25		0
45.375		0
45.5		0
45.625		0
45.75		0
45.875		0
46		0
46.125		0
46.25		0
46.375		0
46.5		0
46.625		0
46.75		0
46.875		0
47		0
47.125		0
47.25		0
47.375		0
47.5		0
47.625		0
47.75		0
47.875		0
48		0
48.125		0
48.25		0
48.375		0
48.5		0
48.625		0
48.75		0
48.875		0
49		0
49.125		0
49.25		0
49.375		0
49.5		0
49.625		0
49.75		0
49.875		0
50		0
50.125		0
50.25		0
50.375		0
50.5		0
50.625		0
50.75		0
50.875		0
51		0
51.125		0
51.25		0
51.375		0
51.5		0
51.625		0
51.75		0
51.875		0
52		0
52.125		0
52.25		0
52.375		0
52.5		0
52.625		0
52.75		0
52.875		0
53		0
53.125		0
53.25		0
53.375		0
53.5		0
53.625		0
53.75		0
53.875		0
54		0
54.125		0
54.25		0
54.375		0
54.5		0
54.625		0
54.75		0
54.875		0
55		0
55.125		0
55.25		0
55.375		0
55.5		0
55.625		0
55.75		0
55.875		0
56		0
56.125		0
56.25		0
56.375		0
56.5		0
56.625		0
56.75		0
56.875		0
57		0
57.125		0
57.25		0
57.375		0
57.5		0
57.625		0
57.75		0
57.875		0
58		0
58.125		0
58.25		0
58.375		0
58.5		0
58.625		0
58.75		0
58.875		0
59		0
59.125		0
59.25		0
59.375		0
59.5		0
59.625		0
59.75		0
59.875		0
60		0
60.125		0
60.25		0
60.375		0
60.5		0
60.625		0
60.75		0
60.875		0
61		0
61.125		0
61.25		0
61.375		0
61.5		0
61.625		0
61.75		0
61.875		0
62		0
62.125		0
62.25		0
62.375		0
62.5		0
62.625		0
62.75		0
62.875		0
63		0
63.125		0
63.25		0
63.375		0
63.5		0
63.625		0
63.75		0
63.875		0
64		0
64.125		0
64.25		0
64.375		0
64.5		0
64.625		0
64.75		0
64.875		0
65		0
65.125		0
65.25		0
65.375		0
65.5		0
65.625		0
65.75		0
65.875		0
66		0
66.125		0
66.25		0
66.375		0
66.5		0
66.625		0
66.75		0
66.875		0
67		0
67.125		0
67.25		0
67.375		0
67.5		0
67.625		0
67.75		0
67.875		0
68		0
68.125		0
68.25		0
68.375		0
68.5		0
68.625		0
68.75		0
68.875		0
69		0
69.125		0
69.25		0
69.375		0
69.5		0
69.625		0
69.75		0
69.875		0
70		0
70.125		0
70.25		0
70.375		0
70.5		0
70.625		0
70.75		0
70.875		0
71		0
71.125		0
71.25		0
71.375		0
71.5		0
71.625		0
71.75		0
71.875		0
72		0
72.125		0
72.25		0
72.375		0
72.5		0
72.625		0
72.75		0
72.875		0
73		0
73.125		0
73.25		0
73.375		0
73.5		0
73.625		0
73.75		0
73.875		0
74		0
74.125		0
74.25		0
74.375		0
74.5		0
74.625		0
74.75		0
74.875		0
75		0
75.125		0
75.25		0
75.375		0
75.5		0
75.625		0
75.75		0
75.875		0
76		0
76.125		0
76.25		0
76.375		0
76.5		0
76.625		0
76.75		0
76.875		0
77		0
77.125		0
77.25		0
77.375		0
77.5		0
77.625		0
77.75		0
77.875		0
78		0
78.125		0
78.25		0
78.375		0
78.5		0
78.625		0
78.75		0
78.875		0
79		0
79.125		0
79.25		0
79.375		0
79.5		0
79.625		0
79.75		0
79.875		0
80		0
80.125		0.0170164
80.25		0.0170164
80.375		0.0170164
80.5		0.0170164
80.625		0.0170164
80.75		0.0170164
80.875		0.0170164
81		0.0170164
81.125		0.0170164
81.25		0.0170164
81.375		0.0170164
81.5		0.0170164
81.625		0.0170164
81.75		0.0170164
81.875		0.0170164
82		0.0170164
82.125		0.0170164
82.25		0.0170164
82.375		0.0170164
82.5		0.0170164
82.625		0.0170164
82.75		0.0170164
82.875		0.0170164
83		0.0170164
83.125		0.0170164
83.25		0.0170164
83.375		0.0170164
83.5		0.0170164
83.625		0.0170164
83.75		0.0170164
83.875		0.0170164
84		0.0170164
84.125		0.0170164
84.25		0.0170164
84.375		0.0170164
84.5		0.0170164
84.625		0.0170164
84.75		0.0170164
84.875		0.0170164
85		0.0170164
85.125		0.0506948
85.25		0.0506948
85.375		0.0506948
85.5		0.0506948
85.625		0.0506948
85.75		0.0506948
85.875		0.0506948
86		0.0506948
86.125		0.0506948
86.25		0.0506948
86.375		0.0506948
86.5		0.0506948
86.625		0.0506948
86.75		0.0506948
86.875		0.0506948
87		0.0506948
87.125		0.0506948
87.25		0.0506948
87.375		0.0506948
87.5		0.0506948
87.625		0.0506948
87.75		0.0506948
87.875		0.0506948
88		0.0506948
88.125		0.0506948
88.25		0.0506948
88.375		0.0506948
88.5		0.0506948
88.625		0.0506948
88.75		0.0506948
88.875		0.0506948
89		0.0506948
89.125		0.0506948
89.25		0.0506948
89.375		0.0506948
89.5		0.0506948
89.625		0.0506948
89.75		0.0506948
89.875		0.0506948
90		0.0506948
90.125		0.05346
90.25		0.05346
90.375		0.05346
90.5		0.05346
90.625		0.05346
90.75		0.05346
90.875		0.05346
91		0.05346
91.125		0.05346
91.25		0.05346
91.375		0.05346
91.5		0.05346
91.625		0.05346
91.75		0.05346
91.875		0.05346
92		0.05346
92.125		0.05346
92.25		0.05346
92.375		0.05346
92.5		0.05346
92.625		0.05346
92.75		0.05346
92.875		0.05346
93		0.05346
93.125		0.05346
93.25		0.05346
93.375		0.05346
93.5		0.05346
93.625		0.05346
93.75		0.05346
93.875		0.05346
94		0.05346
94.125		0.05346
94.25		0.05346
94.375		0.05346
94.5		0.05346
94.625		0.05346
94.75		0.05346
94.875		0.05346
95		0.05346
95.125		0.0710437
95.25		0.0710437
95.375		0.0710437
95.5		0.0710437
95.625		0.0710437
95.75		0.0710437
95.875		0.0710437
96		0.0710437
96.125		0.0710437
96.25		0.0710437
96.375		0.0710437
96.5		0.0710437
96.625		0.0710437
96.75		0.0710437
96.875		0.0710437
97		0.0710437
97.125		0.0710437
97.25		0.0710437
97.375		0.0710437
97.5		0.0710437
97.625		0.0710437
97.75		0.0710437
97.875		0.0710437
98		0.0710437
98.125		0.0710437
98.25		0.0710437
98.375		0.0710437
98.5		0.0710437
98.625		0.0710437
98.75		0.0710437
98.875		0.0710437
99		0.0710437
99.125		0.0710437
99.25		0.0710437
99.375		0.0710437
99.5		0.0710437
99.625		0.0710437
99.75		0.0710437
99.875		0.0710437
100		0.0710437
100.125		0.102879
100.25		0.102879
100.375		0.102879
100.5		0.102879
100.625		0.102879
100.75		0.102879
100.875		0.102879
101		0.102879
101.125		0.102879
101.25		0.102879
101.375		0.102879
101.5		0.102879
101.625		0.102879
101.75		0.102879
101.875		0.102879
102		0.102879
102.125		0.102879
102.25		0.102879
102.375		0.102879
102.5		0.102879
102.625		0.102879
102.75		0.102879
102.875		0.102879
103		0.102879
103.125		0.102879
103.25		0.102879
103.375		0.102879
103.5		0.102879
103.625		0.102879
103.75		0.102879
103.875		0.102879
104		0.102879
104.125		0.102879
104.25		0.102879
104.375		0.102879
104.5		0.102879
104.625		0.102879
104.75		0.102879
104.875		0.102879
105		0.102879
105.125		0.110465
105.25		0.110465
105.375		0.110465
105.5		0.110465
105.625		0.110465
105.75		0.110465
105.875		0.110465
106		0.110465
106.125		0.110465
106.25		0.110465
106.375		0.110465
106.5		0.110465
106.625		0.110465
106.75		0.110465
106.875		0.110465
107		0.110465
107.125		0.110465
107.25		0.110465
107.375		0.110465
107.5		0.110465
107.625		0.110465
107.75		0.110465
107.875		0.110465
108		0.110465
108.125		0.110465
108.25		0.110465
108.375		0.110465
108.5		0.110465
108.625		0.110465
108.75		0.110465
108.875		0.110465
109		0.110465
109.125		0.110465
109.25		0.110465
109.375		0.110465
109.5		0.110465
109.625		0.110465
109.75		0.110465
109.875		0.110465
110		0.110465
110.125		0.117626
110.25		0.117626
110.375		0.117626
110.5		0.117626
110.625		0.117626
110.75		0.117626
110.875		0.117626
111		0.117626
111.125		0.117626
111.25		0.117626
111.375		0.117626
111.5		0.117626
111.625		0.117626
111.75		0.117626
111.875		0.117626
112		0.117626
112.125		0.117626
112.25		0.117626
112.375		0.117626
112.5		0.117626
112.625		0.117626
112.75		0.117626
112.875		0.117626
113		0.117626
113.125		0.117626
113.25		0.117626
113.375		0.117626
113.5		0.117626
113.625		0.117626
113.75		0.117626
113.875		0.117626
114		0.117626
114.125		0.117626
114.25		0.117626
114.375		0.117626
114.5		0.117626
114.625		0.117626
114.75		0.117626
114.875		0.117626
115		0.117626
115.125		0.119257
115.25		0.119257
115.375		0.119257
115.5		0.119257
115.625		0.119257
115.75		0.119257
115.875		0.119257
116		0.119257
116.125		0.119257
116.25		0.119257
116.375		0.119257
116.5		0.119257
116.625		0.119257
116.75		0.119257
116.875		0.119257
117		0.119257
117.125		0.119257
117.25		0.119257
117.375		0.119257
117.5		0.119257
117.625		0.119257
117.75		0.119257
117.875		0.119257
118		0.119257
118.125		0.119257
118.25		0.119257
118.375		0.119257
118.5		0.119257
118.625		0.119257
118.75		0.119257
118.875		0.119257
119		0.119257
119.125		0.119257
119.25		0.119257
119.375		0.119257
119.5		0.119257
119.625		0.119257
119.75		0.119257
119.875		0.119257
120		0.119257
120.125		0.14386
120.25		0.14386
120.375		0.14386
120.5		0.14386
120.625		0.14386
120.75		0.14386
120.875		0.14386
121		0.14386
121.125		0.14386
121.25		0.14386
121.375		0.14386
121.5		0.14386
121.625		0.14386
121.75		0.14386
121.875		0.14386
122		0.14386
122.125		0.14386
122.25		0.14386
122.375		0.14386
122.5		0.14386
122.625		0.14386
122.75		0.14386
122.875		0.14386
123		0.14386
123.125		0.14386
123.25		0.14386
123.375		0.14386
123.5		0.14386
123.625		0.14386
123.75		0.14386
123.875		0.14386
124		0.14386
124.125		0.14386
124.25		0.14386
124.375		0.14386
124.5		0.14386
124.625		0.14386
124.75		0.14386
124.875		0.14386
125		0.14386
125.125		0.160947
125.25		0.160947
125.375		0.160947
125.5		0.160947
125.625		0.160947
125.75		0.160947
125.875		0.160947
126		0.160947
126.125		0.160947
126.25		0.160947
126.375		0.160947
126.5		0.160947
126.625		0.160947
126.75		0.160947
126.875		0.160947
127		0.160947
127.125		0.160947
127.25		0.160947
127.375		0.160947
127.5		0.160947
127.625		0.160947
127.75		0.160947
127.875		0.160947
128		0.160947
128.125		0.160947
128.25		0.160947
128.375		0.160947
128.5		0.160947
128.625		0.160947
128.75		0.160947
128.875		0.160947
129		0.160947
129.125		0.160947
129.25		0.160947
129.375		0.160947
129.5		0.160947
129.625		0.160947
129.75		0.160947
129.875		0.160947
130		0.160947
130.125		0.164138
130.25		0.164138
130.375		0.164138
130.5		0.164138
130.625		0.164138
130.75		0.164138
130.875		0.164138
131		0.164138
131.125		0.164138
131.25		0.164138
131.375		0.164138
131.5		0.164138
131.625		0.164138
131.75		0.164138
131.875		0.164138
132		0.164138
132.125		0.164138
132.25		0.164138
132.375		0.164138
132.5		0.164138
132.625		0.164138
132.75		0.164138
132.875		0.164138
133		0.164138
133.125		0.164138
133.25		0.164138
133.375		0.164138
133.5		0.164138
133.625		0.164138
133.75		0.164138
133.875		0.164138
134		0.164138
134.125		0.164138
134.25		0.164138
134.375		0.164138
134.5		0.164138
134.625		0.164138
134.75		0.164138
134.875		0.164138
135		0.164138
135.125		0.174277
135.25		0.174277
135.375		0.174277
135.5		0.174277
135.625		0.174277
135.75		0.174277
135.875		0.174277
136		0.174277
136.125		0.174277
136.25		0.174277
136.375		0.174277
136.5		0.174277
136.625		0.174277
136.75		0.174277
136.875		0.174277
137		0.174277
137.125		0.174277
137.25		0.174277
137.375		0.174277
137.5		0.174277
137.625		0.174277
137.75		0.174277
137.875		0.174277
138		0.174277
138.125		0.174277
138.25		0.174277
138.375		0.174277
138.5		0.174277
138.625		0.174277
138.75		0.174277
138.875		0.174277
139		0.174277
139.125		0.174277
139.25		0.174277
139.375		0.174277
139.5		0.174277
139.625		0.174277
139.75		0.174277
139.875		0.174277
140		0.174277
140.125		0.186826
140.25		0.186826
140.375		0.186826
140.5		0.186826
140.625		0.186826
140.75		0.186826
140.875		0.186826
141		0.186826
141.125		0.186826
141.25		0.186826
141.375		0.186826
141.5		0.186826
141.625		0.186826
141.75		0.186826
141.875		0.186826
142		0.186826
142.125		0.186826
142.25		0.186826
142.375		0.186826
142.5		0.186826
142.625		0.186826
142.75		0.186826
142.875		0.186826
143		0.186826
143.125		0.186826
143.25		0.186826
143.375		0.186826
143.5		0.186826
143.625		0.186826
143.75		0.186826
143.875		0.186826
144		0.186826
144.125		0.186826
144.25		0.186826
144.375		0.186826
144.5		0.186826
144.625		0.186826
144.75		0.186826
144.875		0.186826
145		0.186826
145.125		0.201716
145.25		0.201716
145.375		0.201716
145.5		0.201716
145.625		0.201716
145.75		0.201716
145.875		0.201716
146		0.201716
146.125		0.201716
146.25		0.201716
146.375		0.201716
146.5		0.201716
146.625		0.201716
146.75		0.201716
146.875		0.201716
147		0.201716
147.125		0.201716
147.25		0.201716
147.375		0.201716
147.5		0.201716
147.625		0.201716
147.75		0.201716
147.875		0.201716
148		0.201716
148.125		0.201716
148.25		0.201716
148.375		0.201716
148.5		0.201716
148.625		0.201716
148.75		0.201716
148.875		0.201716
149		0.201716
149.125		0.201716
149.25		0.201716
149.375		0.201716
149.5		0.201716
149.625		0.201716
149.75		0.201716
149.875		0.201716
150		0.201716
150.125		0.204836
150.25		0.204836
150.375		0.204836
150.5		0.204836
150.625		0.204836
150.75		0.204836
150.875		0.204836
151		0.204836
151.125		0.204836
151.25		0.204836
151.375		0.204836
151.5		0.204836
151.625		0.204836
151.75		0.204836
151.875		0.204836
152		0.204836
152.125		0.204836
152.25		0.204836
152.375		0.204836
152.5		0.204836
152.625		0.204836
152.75		0.204836
152.875		0.204836
153		0.204836
153.125		0.204836
153.25		0.204836
153.375		0.204836
153.5		0.204836
153.625		0.204836
153.75		0.204836
153.875		0.204836
154		0.204836
154.125		0.204836
154.25		0.204836
154.375		0.204836
154.5		0.204836
154.625		0.204836
154.75		0.204836
154.875		0.204836
155		0.204836
155.125		0.223341
155.25		0.223341
155.375		0.223341
155.5		0.223341
155.625		0.223341
155.75		0.223341
155.875		0.223341
156		0.223341
156.125		0.223341
156.25		0.223341
156.375		0.223341
156.5		0.223341
156.625		0.223341
156.75		0.223341
156.875		0.223341
157		0.223341
157.125		0.223341
157.25		0.223341
157.375		0.223341
157.5		0.223341
157.625		0.223341
157.75		0.223341
157.875		0.223341
158		0.223341
158.125		0.223341
158.25		0.223341
158.375		0.223341
158.5		0.223341
158.625		0.223341
158.75		0.223341
158.875		0.223341
159		0.223341
159.125		0.223341
159.25		0.223341
159.375		0.223341
159.5		0.223341
159.625		0.223341
159.75		0.223341
159.875		0.223341
160		0.223341
160.125		0.242059
160.25		0.242059
160.375		0.242059
160.5		0.242059
160.625		0.242059
160.75		0.242059
160.875		0.242059
161		0.242059
161.125		0.242059
161.25		0.242059
161.375		0.242059
161.5		0.242059
161.625		0.242059
161.75		0.242059
161.875		0.242059
162		0.242059
162.125		0.242059
162.25		0.242059
162.375		0.242059
162.5		0.242059
162.625		0.242059
162.75		0.242059
162.875		0.242059
163		0.242059
163.125		0.242059
163.25		0.242059
163.375		0.242059
163.5		0.242059
163.625		0.242059
163.75		0.242059
163.875		0.242059
164		0.242059
164.125		0.242059
164.25		0.242059
164.375		0.242059
164.5		0.242059
164.625		0.242059
164.75		0.242059
164.875		0.242059
165		0.242059
165.125		0.254538
165.25		0.254538
165.375		0.254538
165.5		0.254538
165.625		0.254538
165.75		0.254538
165.875		0.254538
166		0.254538
166.125		0.254538
166.25		0.254538
166.375		0.254538
166.5		0.254538
166.625		0.254538
166.75		0.254538
166.875		0.254538
167		0.254538
167.125		0.254538
167.25		0.254538
167.375		0.254538
167.5		0.254538
167.625		0.254538
167.75		0.254538
167.875		0.254538
168		0.254538
168.125		0.254538
168.25		0.254538
168.375		0.254538
168.5		0.254538
168.625		0.254538
168.75		0.254538
168.875		0.254538
169		0.254538
169.125		0.254538
169.25		0.254538
169.375		0.254538
169.5		0.254538
169.625		0.254538
169.75		0.254538
169.875		0.254538
170		0.254538
170.125		0.260564
170.25		0.260564
170.375		0.260564
170.5		0.260564
170.625		0.260564
170.75		0.260564
170.875		0.260564
171		0.260564
171.125		0.260564
171.25		0.260564
171.375		0.260564
171.5		0.260564
171.625		0.260564
171.75		0.260564
171.875		0.260564
172		0.260564
172.125		0.260564
172.25		0.260564
172.375		0.260564
172.5		0.260564
172.625		0.260564
172.75		0.260564
172.875		0.260564
173		0.260564
173.125		0.260564
173.25		0.260564
173.375		0.260564
173.5		0.260564
173.625		0.260564
173.75		0.260564
173.875		0.260564
174		0.260564
174.125		0.260564
174.25		0.260564
174.375		0.260564
174.5		0.260564
174.625		0.260564
174.75		0.260564
174.875		0.260564
175		0.260564
175.125		0.268151
175.25		0.268151
175.375		0.268151
175.5		0.268151
175.625		0.268151
175.75		0.268151
175.875		0.268151
176		0.268151
176.125		0.268151
176.25		0.268151
176.375		0.268151
176.5		0.268151
176.625		0.268151
176.75		0.268151
176.875		0.268151
177		0.268151
177.125		0.268151
177.25		0.268151
177.375		0.268151
177.5		0.268151
177.625		0.268151
177.75		0.268151
177.875		0.268151
178		0.268151
178.125		0.268151
178.25		0.268151
178.375		0.268151
178.5		0.268151
178.625		0.268151
178.75		0.268151
178.875		0.268151
179		0.268151
179.125		0.268151
179.25		0.268151
179.375		0.268151
179.5		0.268151
179.625		0.268151
179.75		0.268151
179.875		0.268151
180		0.268151
180.125		0.268576
180.25		0.268576
180.375		0.268576
180.5		0.268576
180.625		0.268576
180.75		0.268576
180.875		0.268576
181		0.268576
181.125		0.268576
181.25		0.268576
181.375		0.268576
181.5		0.268576
181.625		0.268576
181.75		0.268576
181.875		0.268576
182		0.268576
182.125		0.268576
182.25		0.268576
182.375		0.268576
182.5		0.268576
182.625		0.268576
182.75		0.268576
182.875		0.268576
183		0.268576
183.125		0.268576
183.25		0.268576
183.375		0.268576
183.5		0.268576
183.625		0.268576
183.75		0.268576
183.875		0.268576
184		0.268576
184.125		0.268576
184.25		0.268576
184.375		0.268576
184.5		0.268576
184.625		0.268576
184.75		0.268576
184.875		0.268576
185		0.268576
185.125		0.300553
185.25		0.300553
185.375		0.300553
185.5		0.300553
185.625		0.300553
185.75		0.300553
185.875		0.300553
186		0.300553
186.125		0.300553
186.25		0.300553
186.375		0.300553
186.5		0.300553
186.625		0.300553
186.75		0.300553
186.875		0.300553
187		0.300553
187.125		0.300553
187.25		0.300553
187.375		0.300553
187.5		0.300553
187.625		0.300553
187.75		0.300553
187.875		0.300553
188		0.300553
188.125		0.300553
188.25		0.300553
188.375		0.300553
188.5		0.300553
188.625		0.300553
188.75		0.300553
188.875		0.300553
189		0.300553
189.125		0.300553
189.25		0.300553
189.375		0.300553
189.5		0.300553
189.625		0.300553
189.75		0.300553
189.875		0.300553
190		0.300553
190.125		0.307856
190.25		0.307856
190.375		0.307856
190.5		0.307856
190.625		0.307856
190.75		0.307856
190.875		0.307856
191		0.307856
191.125		0.307856
191.25		0.307856
191.375		0.307856
191.5		0.307856
191.625		0.307856
191.75		0.307856
191.875		0.307856
192		0.307856
192.125		0.307856
192.25		0.307856
192.375		0.307856
192.5		0.307856
192.625		0.307856
192.75		0.307856
192.875		0.307856
193		0.307856
193.125		0.307856
193.25		0.307856
193.375		0.307856
193.5		0.307856
193.625		0.307856
193.75		0.307856
193.875		0.307856
194		0.307856
194.125		0.307856
194.25		0.307856
194.375		0.307856
194.5		0.307856
194.625		0.307856
194.75		0.307856
194.875		0.307856
195		0.307856
195.125		0.312677
195.25		0.312677
195.375		0.312677
195.5		0.312677
195.625		0.312677
195.75		0.312677
195.875		0.312677
196		0.312677
196.125		0.312677
196.25		0.312677
196.375		0.312677
196.5		0.312677
196.625		0.312677
196.75		0.312677
196.875		0.312677
197		0.312677
197.125		0.312677
197.25		0.312677
197.375		0.312677
197.5		0.312677
197.625		0.312677
197.75		0.312677
197.875		0.312677
198		0.312677
198.125		0.312677
198.25		0.312677
198.375		0.312677
198.5		0.312677
198.625		0.312677
198.75		0.312677
198.875		0.312677
199		0.312677
199.125		0.312677
199.25		0.312677
199.375		0.312677
199.5		0.312677
199.625		0.312677
199.75		0.312677
199.875		0.312677
200		0.312677
200.125		0.318208
200.25		0.318208
200.375		0.318208
200.5		0.318208
200.625		0.318208
200.75		0.318208
200.875		0.318208
201		0.318208
201.125		0.318208
201.25		0.318208
201.375		0.318208
201.5		0.318208
201.625		0.318208
201.75		0.318208
201.875		0.318208
202		0.318208
202.125		0.318208
202.25		0.318208
202.375		0.318208
202.5		0.318208
202.625		0.318208
202.75		0.318208
202.875		0.318208
203		0.318208
203.125		0.318208
203.25		0.318208
203.375		0.318208
203.5		0.318208
203.625		0.318208
203.75		0.318208
203.875		0.318208
204		0.318208
204.125		0.318208
204.25		0.318208
204.375		0.318208
204.5		0.318208
204.625		0.318208
204.75		0.318208
204.875		0.318208
205		0.318208
205.125		0.330474
205.25		0.330474
205.375		0.330474
205.5		0.330474
205.625		0.330474
205.75		0.330474
205.875		0.330474
206		0.330474
206.125		0.330474
206.25		0.330474
206.375		0.330474
206.5		0.330474
206.625		0.330474
206.75		0.330474
206.875		0.330474
207		0.330474
207.125		0.330474
207.25		0.330474
207.375		0.330474
207.5		0.330474
207.625		0.330474
207.75		0.330474
207.875		0.330474
208		0.330474
208.125		0.330474
208.25		0.330474
208.375		0.330474
208.5		0.330474
208.625		0.330474
208.75		0.330474
208.875		0.330474
209		0.330474
209.125		0.330474
209.25		0.330474
209.375		0.330474
209.5		0.330474
209.625		0.330474
209.75		0.330474
209.875		0.330474
210		0.330474
210.125		0.356353
210.25		0.356353
210.375		0.356353
210.5		0.356353
210.625		0.356353
210.75		0.356353
210.875		0.356353
211		0.356353
211.125		0.356353
211.25		0.356353
211.375		0.356353
211.5		0.356353
211.625		0.356353
211.75		0.356353
211.875		0.356353
212		0.356353
212.125		0.356353
212.25		0.356353
212.375		0.356353
212.5		0.356353
212.625		0.356353
212.75		0.356353
212.875		0.356353
213		0.356353
213.125		0.356353
213.25		0.356353
213.375		0.356353
213.5		0.356353
213.625		0.356353
213.75		0.356353
213.875		0.356353
214		0.356353
214.125		0.356353
214.25		0.356353
214.375		0.356353
214.5		0.356353
214.625		0.356353
214.75		0.356353
214.875		0.356353
215		0.356353
215.125		0.358622
215.25		0.358622
215.375		0.358622
215.5		0.358622
215.625		0.358622
215.75		0.358622
215.875		0.358622
216		0.358622
216.125		0.358622
216.25		0.358622
216.375		0.358622
216.5		0.358622
216.625		0.358622
216.75		0.358622
216.875		0.358622
217		0.358622
217.125		0.358622
217.25		0.358622
217.375		0.358622
217.5		0.358622
217.625		0.358622
217.75		0.358622
217.875		0.358622
218		0.358622
218.125		0.358622
218.25		0.358622
218.375		0.358622
218.5		0.358622
218.625		0.358622
218.75		0.358622
218.875		0.358622
219		0.358622
219.125		0.358622
219.25		0.358622
219.375		0.358622
219.5		0.358622
219.625		0.358622
219.75		0.358622
219.875		0.358622
220		0.358622
220.125		0.359543
220.25		0.359543
220.375		0.359543
220.5		0.359543
220.625		0.359543
220.75		0.359543
220.875		0.359543
221		0.359543
221.125		0.359543
221.25		0.359543
221.375		0.359543
221.5		0.359543
221.625		0.359543
221.75		0.359543
221.875		0.359543
222		0.359543
222.125		0.359543
222.25		0.359543
222.375		0.359543
222.5		0.359543
222.625		0.359543
222.75		0.359543
222.875		0.359543
223		0.359543
223.125		0.359543
223.25		0.359543
223.375		0.359543
223.5		0.359543
223.625		0.359543
223.75		0.359543
223.875		0.359543
224		0.359543
224.125		0.359543
224.25		0.359543
224.375		0.359543
224.5		0.359543
224.625		0.359543
224.75		0.359543
224.875		0.359543
225		0.359543
225.125		0.371171
225.25		0.371171
225.375		0.371171
225.5		0.371171
225.625		0.371171
225.75		0.371171
225.875		0.371171
226		0.371171
226.125		0.371171
226.25		0.371171
226.375		0.371171
226.5		0.371171
226.625		0.371171
226.75		0.371171
226.875		0.371171
227		0.371171
227.125		0.371171
227.25		0.371171
227.375		0.371171
227.5		0.371171
227.625		0.371171
227.75		0.371171
227.875		0.371171
228		0.371171
228.125		0.371171
228.25		0.371171
228.375		0.371171
228.5		0.371171
228.625		0.371171
228.75		0.371171
228.875		0.371171
229		0.371171
229.125		0.371171
229.25		0.371171
229.375		0.371171
229.5		0.371171
229.625		0.371171
229.75		0.371171
229.875		0.371171
230		0.371171
230.125		0.386841
230.25		0.386841
230.375		0.386841
230.5		0.386841
230.625		0.386841
230.75		0.386841
230.875		0.386841
231		0.386841
231.125		0.386841
231.25		0.386841
231.375		0.386841
231.5		0.386841
231.625		0.386841
231.75		0.386841
231.875		0.386841
232		0.386841
232.125		0.386841
232.25		0.386841
232.375		0.386841
232.5		0.386841
232.625		0.386841
232.75		0.386841
232.875		0.386841
233		0.386841
233.125		0.386841
233.25		0.386841
233.375		0.386841
233.5		0.386841
233.625		0.386841
233.75		0.386841
233.875		0.386841
234		0.386841
234.125		0.386841
234.25		0.386841
234.375		0.386841
234.5		0.386841
234.625		0.386841
234.75		0.386841
234.875		0.386841
235		0.386841
235.125		0.408962
235.25		0.408962
235.375		0.408962
235.5		0.408962
235.625		0.408962
235.75		0.408962
235.875		0.408962
236		0.408962
236.125		0.408962
236.25		0.408962
236.375		0.408962
236.5		0.408962
236.625		0.408962
236.75		0.408962
236.875		0.408962
237		0.408962
237.125		0.408962
237.25		0.408962
237.375		0.408962
237.5		0.408962
237.625		0.408962
237.75		0.408962
237.875		0.408962
238		0.408962
238.125		0.408962
238.25		0.408962
238.375		0.408962
238.5		0.408962
238.625		0.408962
238.75		0.408962
238.875		0.408962
239		0.408962
239.125		0.408962
239.25		0.408962
239.375		0.408962
239.5		0.408962
239.625		0.408962
239.75		0.408962
239.875		0.408962
240		0.408962
240.125		0.412153
240.25		0.412153
240.375		0.412153
240.5		0.412153
240.625		0.412153
240.75		0.412153
240.875		0.412153
241		0.412153
241.125		0.412153
241.25		0.412153
241.375		0.412153
241.5		0.412153
241.625		0.412153
241.75		0.412153
241.875		0.412153
242		0.412153
242.125		0.412153
242.25		0.412153
242.375		0.412153
242.5		0.412153
242.625		0.412153
242.75		0.412153
242.875		0.412153
243		0.412153
243.125		0.412153
243.25		0.412153
243.375		0.412153
243.5		0.412153
243.625		0.412153
243.75		0.412153
243.875		0.412153
244		0.412153
244.125		0.412153
244.25		0.412153
244.375		0.412153
244.5		0.412153
244.625		0.412153
244.75		0.412153
244.875		0.412153
245		0.412153
245.125		0.416336
245.25		0.416336
245.375		0.416336
245.5		0.416336
245.625		0.416336
245.75		0.416336
245.875		0.416336
246		0.416336
246.125		0.416336
246.25		0.416336
246.375		0.416336
246.5		0.416336
246.625		0.416336
246.75		0.416336
246.875		0.416336
247		0.416336
247.125		0.416336
247.25		0.416336
247.375		0.416336
247.5		0.416336
247.625		0.416336
247.75		0.416336
247.875		0.416336
248		0.416336
248.125		0.416336
248.25		0.416336
248.375		0.416336
248.5		0.416336
248.625		0.416336
248.75		0.416336
248.875		0.416336
249		0.416336
249.125		0.416336
249.25		0.416336
249.375		0.416336
249.5		0.416336
249.625		0.416336
249.75		0.416336
249.875		0.416336
250		0.416336
250.125		0.439733
250.25		0.439733
250.375		0.439733
250.5		0.439733
250.625		0.439733
250.75		0.439733
250.875		0.439733
251		0.439733
251.125		0.439733
251.25		0.439733
251.375		0.439733
251.5		0.439733
251.625		0.439733
251.75		0.439733
251.875		0.439733
252		0.439733
252.125		0.439733
252.25		0.439733
252.375		0.439733
252.5		0.439733
252.625		0.439733
252.75		0.439733
252.875		0.439733
253		0.439733
253.125		0.439733
253.25		0.439733
253.375		0.439733
253.5		0.439733
253.625		0.439733
253.75		0.439733
253.875		0.439733
254		0.439733
254.125		0.439733
254.25		0.439733
254.375		0.439733
254.5		0.439733
254.625		0.439733
254.75		0.439733
254.875		0.439733
255		0.439733
255.125		0.442215
255.25		0.442215
255.375		0.442215
255.5		0.442215
255.625		0.442215
255.75		0.442215
255.875		0.442215
256		0.442215
256.125		0.442215
256.25		0.442215
256.375		0.442215
256.5		0.442215
256.625		0.442215
256.75		0.442215
256.875		0.442215
257		0.442215
257.125		0.442215
257.25		0.442215
257.375		0.442215
257.5		0.442215
257.625		0.442215
257.75		0.442215
257.875		0.442215
258		0.442215
258.125		0.442215
258.25		0.442215
258.375		0.442215
258.5		0.442215
258.625		0.442215
258.75		0.442215
258.875		0.442215
259		0.442215
259.125		0.442215
259.25		0.442215
259.375		0.442215
259.5		0.442215
259.625		0.442215
259.75		0.442215
259.875		0.442215
260		0.442215
260.125		0.458948
260.25		0.458948
260.375		0.458948
260.5		0.458948
260.625		0.458948
260.75		0.458948
260.875		0.458948
261		0.458948
261.125		0.458948
261.25		0.458948
261.375		0.458948
261.5		0.458948
261.625		0.458948
261.75		0.458948
261.875		0.458948
262		0.458948
262.125		0.458948
262.25		0.458948
262.375		0.458948
262.5		0.458948
262.625		0.458948
262.75		0.458948
262.875		0.458948
263		0.458948
263.125		0.458948
263.25		0.458948
263.375		0.458948
263.5		0.458948
263.625		0.458948
263.75		0.458948
263.875		0.458948
264		0.458948
264.125		0.458948
264.25		0.458948
264.375		0.458948
264.5		0.458948
264.625		0.458948
264.75		0.458948
264.875		0.458948
265		0.458948
265.125		0.4788
265.25		0.4788
265.375		0.4788
265.5		0.4788
265.625		0.4788
265.75		0.4788
265.875		0.4788
266		0.4788
266.125		0.4788
266.25		0.4788
266.375		0.4788
266.5		0.4788
266.625		0.4788
266.75		0.4788
266.875		0.4788
267		0.4788
267.125		0.4788
267.25		0.4788
267.375		0.4788
267.5		0.4788
267.625		0.4788
267.75		0.4788
267.875		0.4788
268		0.4788
268.125		0.4788
268.25		0.4788
268.375		0.4788
268.5		0.4788
268.625		0.4788
268.75		0.4788
268.875		0.4788
269		0.4788
269.125		0.4788
269.25		0.4788
269.375		0.4788
269.5		0.4788
269.625		0.4788
269.75		0.4788
269.875		0.4788
270		0.4788
270.125		0.480715
270.25		0.480715
270.375		0.480715
270.5		0.480715
270.625		0.480715
270.75		0.480715
270.875		0.480715
271		0.480715
271.125		0.480715
271.25		0.480715
271.375		0.480715
271.5		0.480715
271.625		0.480715
271.75		0.480715
271.875		0.480715
272		0.480715
272.125		0.480715
272.25		0.480715
272.375		0.480715
272.5		0.480715
272.625		0.480715
272.75		0.480715
272.875		0.480715
273		0.480715
273.125		0.480715
273.25		0.480715
273.375		0.480715
273.5		0.480715
273.625		0.480715
273.75		0.480715
273.875		0.480715
274		0.480715
274.125		0.480715
274.25		0.480715
274.375		0.480715
274.5		0.480715
274.625		0.480715
274.75		0.480715
274.875		0.480715
275		0.480715
275.125		0.497518
275.25		0.497518
275.375		0.497518
275.5		0.497518
275.625		0.497518
275.75		0.497518
275.875		0.497518
276		0.497518
276.125		0.497518
276.25		0.497518
276.375		0.497518
276.5		0.497518
276.625		0.497518
276.75		0.497518
276.875		0.497518
277		0.497518
277.125		0.497518
277.25		0.497518
277.375		0.497518
277.5		0.497518
277.625		0.497518
277.75		0.497518
277.875		0.497518
278		0.497518
278.125		0.497518
278.25		0.497518
278.375		0.497518
278.5		0.497518
278.625		0.497518
278.75		0.497518
278.875		0.497518
279		0.497518
279.125		0.497518
279.25		0.497518
279.375		0.497518
279.5		0.497518
279.625		0.497518
279.75		0.497518
279.875		0.497518
280		0.497518
280.125		0.520136
280.25		0.520136
280.375		0.520136
280.5		0.520136
280.625		0.520136
280.75		0.520136
280.875		0.520136
281		0.520136
281.125		0.520136
281.25		0.520136
281.375		0.520136
281.5		0.520136
281.625		0.520136
281.75		0.520136
281.875		0.520136
282		0.520136
282.125		0.520136
282.25		0.520136
282.375		0.520136
282.5		0.520136
282.625		0.520136
282.75		0.520136
282.875		0.520136
283		0.520136
283.125		0.520136
283.25		0.520136
283.375		0.520136
283.5		0.520136
283.625		0.520136
283.75		0.520136
283.875		0.520136
284		0.520136
284.125		0.520136
284.25		0.520136
284.375		0.520136
284.5		0.520136
284.625		0.520136
284.75		0.520136
284.875		0.520136
285		0.520136
285.125		0.5212
285.25		0.5212
285.375		0.5212
285.5		0.5212
285.625		0.5212
285.75		0.5212
285.875		0.5212
286		0.5212
286.125		0.5212
286.25		0.5212
286.375		0.5212
286.5		0.5212
286.625		0.5212
286.75		0.5212
286.875		0.5212
287		0.5212
287.125		0.5212
287.25		0.5212
287.375		0.5212
287.5		0.5212
287.625		0.5212
287.75		0.5212
287.875		0.5212
288		0.5212
288.125		0.5212
288.25		0.5212
288.375		0.5212
288.5		0.5212
288.625		0.5212
288.75		0.5212
288.875		0.5212
289		0.5212
289.125		0.5212
289.25		0.5212
289.375		0.5212
289.5		0.5212
289.625		0.5212
289.75		0.5212
289.875		0.5212
290		0.5212
290.125		0.521838
290.25		0.521838
290.375		0.521838
290.5		0.521838
290.625		0.521838
290.75		0.521838
290.875		0.521838
291		0.521838
291.125		0.521838
291.25		0.521838
291.375		0.521838
291.5		0.521838
291.625		0.521838
291.75		0.521838
291.875		0.521838
292		0.521838
292.125		0.521838
292.25		0.521838
292.375		0.521838
292.5		0.521838
292.625		0.521838
292.75		0.521838
292.875		0.521838
293		0.521838
293.125		0.521838
293.25		0.521838
293.375		0.521838
293.5		0.521838
293.625		0.521838
293.75		0.521838
293.875		0.521838
294		0.521838
294.125		0.521838
294.25		0.521838
294.375		0.521838
294.5		0.521838
294.625		0.521838
294.75		0.521838
294.875		0.521838
295		0.521838
295.125		0.537294
295.25		0.537294
295.375		0.537294
295.5		0.537294
295.625		0.537294
295.75		0.537294
295.875		0.537294
296		0.537294
296.125		0.537294
296.25		0.537294
296.375		0.537294
296.5		0.537294
296.625		0.537294
296.75		0.537294
296.875		0.537294
297		0.537294
297.125		0.537294
297.25		0.537294
297.375		0.537294
297.5		0.537294
297.625		0.537294
297.75		0.537294
297.875		0.537294
298		0.537294
298.125		0.537294
298.25		0.537294
298.375		0.537294
298.5		0.537294
298.625		0.537294
298.75		0.537294
298.875		0.537294
299		0.537294
299.125		0.537294
299.25		0.537294
299.375		0.537294
299.5		0.537294
299.625		0.537294
299.75		0.537294
299.875		0.537294
300		0.537294
300.125		0.543321
300.25		0.543321
300.375		0.543321
300.5		0.543321
300.625		0.543321
300.75		0.543321
300.875		0.543321
301		0.543321
301.125		0.543321
301.25		0.543321
301.375		0.543321
301.5		0.543321
301.625		0.543321
301.75		0.543321
301.875		0.543321
302		0.543321
302.125		0.543321
302.25		0.543321
302.375		0.543321
302.5		0.543321
302.625		0.543321
302.75		0.543321
302.875		0.543321
303		0.543321
303.125		0.543321
303.25		0.543321
303.375		0.543321
303.5		0.543321
303.625		0.543321
303.75		0.543321
303.875		0.543321
304		0.543321
304.125		0.543321
304.25		0.543321
304.375		0.543321
304.5		0.543321
304.625		0.543321
304.75		0.543321
304.875		0.543321
305		0.543321
305.125		0.552964
305.25		0.552964
305.375		0.552964
305.5		0.552964
305.625		0.552964
305.75		0.552964
305.875		0.552964
306		0.552964
306.125		0.552964
306.25		0.552964
306.375		0.552964
306.5		0.552964
306.625		0.552964
306.75		0.552964
306.875		0.552964
307		0.552964
307.125		0.552964
307.25		0.552964
307.375		0.552964
307.5		0.552964
307.625		0.552964
307.75		0.552964
307.875		0.552964
308		0.552964
308.125		0.552964
308.25		0.552964
308.375		0.552964
308.5		0.552964
308.625		0.552964
308.75		0.552964
308.875		0.552964
309		0.552964
309.125		0.552964
309.25		0.552964
309.375		0.552964
309.5		0.552964
309.625		0.552964
309.75		0.552964
309.875		0.552964
310		0.552964
310.125		0.573525
310.25		0.573525
310.375		0.573525
310.5		0.573525
310.625		0.573525
310.75		0.573525
310.875		0.573525
311		0.573525
311.125		0.573525
311.25		0.573525
311.375		0.573525
311.5		0.573525
311.625		0.573525
311.75		0.573525
311.875		0.573525
312		0.573525
312.125		0.573525
312.25		0.573525
312.375		0.573525
312.5		0.573525
312.625		0.573525
312.75		0.573525
312.875		0.573525
313		0.573525
313.125		0.573525
313.25		0.573525
313.375		0.573525
313.5		0.573525
313.625		0.573525
313.75		0.573525
313.875		0.573525
314		0.573525
314.125		0.573525
314.25		0.573525
314.375		0.573525
314.5		0.573525
314.625		0.573525
314.75		0.573525
314.875		0.573525
315		0.573525
315.125		0.581821
315.25		0.581821
315.375		0.581821
315.5		0.581821
315.625		0.581821
315.75		0.581821
315.875		0.581821
316		0.581821
316.125		0.581821
316.25		0.581821
316.375		0.581821
316.5		0.581821
316.625		0.581821
316.75		0.581821
316.875		0.581821
317		0.581821
317.125		0.581821
317.25		0.581821
317.375		0.581821
317.5		0.581821
317.625		0.581821
317.75		0.581821
317.875		0.581821
318		0.581821
318.125		0.581821
318.25		0.581821
318.375		0.581821
318.5		0.581821
318.625		0.581821
318.75		0.581821
318.875		0.581821
319		0.581821
319.125		0.581821
319.25		0.581821
319.375		0.581821
319.5		0.581821
319.625		0.581821
319.75		0.581821
319.875		0.581821
320		0.581821
320.125		0.585791
320.25		0.585791
320.375		0.585791
320.5		0.585791
320.625		0.585791
320.75		0.585791
320.875		0.585791
321		0.585791
321.125		0.585791
321.25		0.585791
321.375		0.585791
321.5		0.585791
321.625		0.585791
321.75		0.585791
321.875		0.585791
322		0.585791
322.125		0.585791
322.25		0.585791
322.375		0.585791
322.5		0.585791
322.625		0.585791
322.75		0.585791
322.875		0.585791
323		0.585791
323.125		0.585791
323.25		0.585791
323.375		0.585791
323.5		0.585791
323.625		0.585791
323.75		0.585791
323.875		0.585791
324		0.585791
324.125		0.585791
324.25		0.585791
324.375		0.585791
324.5		0.585791
324.625		0.585791
324.75		0.585791
324.875		0.585791
325		0.585791
325.125		0.598979
325.25		0.598979
325.375		0.598979
325.5		0.598979
325.625		0.598979
325.75		0.598979
325.875		0.598979
326		0.598979
326.125		0.598979
326.25		0.598979
326.375		0.598979
326.5		0.598979
326.625		0.598979
326.75		0.598979
326.875		0.598979
327		0.598979
327.125		0.598979
327.25		0.598979
327.375		0.598979
327.5		0.598979
327.625		0.598979
327.75		0.598979
327.875		0.598979
328		0.598979
328.125		0.598979
328.25		0.598979
328.375		0.598979
328.5		0.598979
328.625		0.598979
328.75		0.598979
328.875		0.598979
329		0.598979
329.125		0.598979
329.25		0.598979
329.375		0.598979
329.5		0.598979
329.625		0.598979
329.75		0.598979
329.875		0.598979
330		0.598979
330.125		0.59983
330.25		0.59983
330.375		0.59983
330.5		0.59983
330.625		0.59983
330.75		0.59983
330.875		0.59983
331		0.59983
331.125		0.59983
331.25		0.59983
331.375		0.59983
331.5		0.59983
331.625		0.59983
331.75		0.59983
331.875		0.59983
332		0.59983
332.125		0.59983
332.25		0.59983
332.375		0.59983
332.5		0.59983
332.625		0.59983
332.75		0.59983
332.875		0.59983
333		0.59983
333.125		0.59983
333.25		0.59983
333.375		0.59983
333.5		0.59983
333.625		0.59983
333.75		0.59983
333.875		0.59983
334		0.59983
334.125		0.59983
334.25		0.59983
334.375		0.59983
334.5		0.59983
334.625		0.59983
334.75		0.59983
334.875		0.59983
335		0.59983
335.125		0.60926
335.25		0.60926
335.375		0.60926
335.5		0.60926
335.625		0.60926
335.75		0.60926
335.875		0.60926
336		0.60926
336.125		0.60926
336.25		0.60926
336.375		0.60926
336.5		0.60926
336.625		0.60926
336.75		0.60926
336.875		0.60926
337		0.60926
337.125		0.60926
337.25		0.60926
337.375		0.60926
337.5		0.60926
337.625		0.60926
337.75		0.60926
337.875		0.60926
338		0.60926
338.125		0.60926
338.25		0.60926
338.375		0.60926
338.5		0.60926
338.625		0.60926
338.75		0.60926
338.875		0.60926
339		0.60926
339.125		0.60926
339.25		0.60926
339.375		0.60926
339.5		0.60926
339.625		0.60926
339.75		0.60926
339.875		0.60926
340		0.60926
340.125		0.64308
340.25		0.64308
340.375		0.64308
340.5		0.64308
340.625		0.64308
340.75		0.64308
340.875		0.64308
341		0.64308
341.125		0.64308
341.25		0.64308
341.375		0.64308
341.5		0.64308
341.625		0.64308
341.75		0.64308
341.875		0.64308
342		0.64308
342.125		0.64308
342.25		0.64308
342.375		0.64308
342.5		0.64308
342.625		0.64308
342.75		0.64308
342.875		0.64308
343		0.64308
343.125		0.64308
343.25		0.64308
343.375		0.64308
343.5		0.64308
343.625		0.64308
343.75		0.64308
343.875		0.64308
344		0.64308
344.125		0.64308
344.25		0.64308
344.375		0.64308
344.5		0.64308
344.625		0.64308
344.75		0.64308
344.875		0.64308
345		0.64308
345.125		0.644782
345.25		0.644782
345.375		0.644782
345.5		0.644782
345.625		0.644782
345.75		0.644782
345.875		0.644782
346		0.644782
346.125		0.644782
346.25		0.644782
346.375		0.644782
346.5		0.644782
346.625		0.644782
346.75		0.644782
346.875		0.644782
347		0.644782
347.125		0.644782
347.25		0.644782
347.375		0.644782
347.5		0.644782
347.625		0.644782
347.75		0.644782
347.875		0.644782
348		0.644782
348.125		0.644782
348.25		0.644782
348.375		0.644782
348.5		0.644782
348.625		0.644782
348.75		0.644782
348.875		0.644782
349		0.644782
349.125		0.644782
349.25		0.644782
349.375		0.644782
349.5		0.644782
349.625		0.644782
349.75		0.644782
349.875		0.644782
350		0.644782
350.125		0.647618
350.25		0.647618
350.375		0.647618
350.5		0.647618
350.625		0.647618
350.75		0.647618
350.875		0.647618
351		0.647618
351.125		0.647618
351.25		0.647618
351.375		0.647618
351.5		0.647618
351.625		0.647618
351.75		0.647618
351.875		0.647618
352		0.647618
352.125		0.647618
352.25		0.647618
352.375		0.647618
352.5		0.647618
352.625		0.647618
352.75		0.647618
352.875		0.647618
353		0.647618
353.125		0.647618
353.25		0.647618
353.375		0.647618
353.5		0.647618
353.625		0.647618
353.75		0.647618
353.875		0.647618
354		0.647618
354.125		0.647618
354.25		0.647618
354.375		0.647618
354.5		0.647618
354.625		0.647618
354.75		0.647618
354.875		0.647618
355		0.647618
355.125		0.655275
355.25		0.655275
355.375		0.655275
355.5		0.655275
355.625		0.655275
355.75		0.655275
355.875		0.655275
356		0.655275
356.125		0.655275
356.25		0.655275
356.375		0.655275
356.5		0.655275
356.625		0.655275
356.75		0.655275
356.875		0.655275
357		0.655275
357.125		0.655275
357.25		0.655275
357.375		0.655275
357.5		0.655275
357.625		0.655275
357.75		0.655275
357.875		0.655275
358		0.655275
358.125		0.655275
358.25		0.655275
358.375		0.655275
358.5		0.655275
358.625		0.655275
358.75		0.655275
358.875		0.655275
359		0.655275
359.125		0.655275
359.25		0.655275
359.375		0.655275
359.5		0.655275
359.625		0.655275
359.75		0.655275
359.875		0.655275
360		0.655275
360.125		0.667399
360.25		0.667399
360.375		0.667399
360.5		0.667399
360.625		0.667399
360.75		0.667399
360.875		0.667399
361		0.667399
361.125		0.667399
361.25		0.667399
361.375		0.667399
361.5		0.667399
361.625		0.667399
361.75		0.667399
361.875		0.667399
362		0.667399
362.125		0.667399
362.25		0.667399
362.375		0.667399
362.5		0.667399
362.625		0.667399
362.75		0.667399
362.875		0.667399
363		0.667399
363.125		0.667399
363.25		0.667399
363.375		0.667399
363.5		0.667399
363.625		0.667399
363.75		0.667399
363.875		0.667399
364		0.667399
364.125		0.667399
364.25		0.667399
364.375		0.667399
364.5		0.667399
364.625		0.667399
364.75		0.667399
364.875		0.667399
365		0.667399
365.125		0.681367
365.25		0.681367
365.375		0.681367
365.5		0.681367
365.625		0.681367
365.75		0.681367
365.875		0.681367
366		0.681367
366.125		0.681367
366.25		0.681367
366.375		0.681367
366.5		0.681367
366.625		0.681367
366.75		0.681367
366.875		0.681367
367		0.681367
367.125		0.681367
367.25		0.681367
367.375		0.681367
367.5		0.681367
367.625		0.681367
367.75		0.681367
367.875		0.681367
368		0.681367
368.125		0.681367
368.25		0.681367
368.375		0.681367
368.5		0.681367
368.625		0.681367
368.75		0.681367
368.875		0.681367
369		0.681367
369.125		0.681367
369.25		0.681367
369.375		0.681367
369.5		0.681367
369.625		0.681367
369.75		0.681367
369.875		0.681367
370		0.681367
370.125		0.704126
370.25		0.704126
370.375		0.704126
370.5		0.704126
370.625		0.704126
370.75		0.704126
370.875		0.704126
371		0.704126
371.125		0.704126
371.25		0.704126
371.375		0.704126
371.5		0.704126
371.625		0.704126
371.75		0.704126
371.875		0.704126
372		0.704126
372.125		0.704126
372.25		0.704126
372.375		0.704126
372.5		0.704126
372.625		0.704126
372.75		0.704126
372.875		0.704126
373		0.704126
373.125		0.704126
373.25		0.704126
373.375		0.704126
373.5		0.704126
373.625		0.704126
373.75		0.704126
373.875		0.704126
374		0.704126
374.125		0.704126
374.25		0.704126
374.375		0.704126
374.5		0.704126
374.625		0.704126
374.75		0.704126
374.875		0.704126
375		0.704126
375.125		0.70519
375.25		0.70519
375.375		0.70519
375.5		0.70519
375.625		0.70519
375.75		0.70519
375.875		0.70519
376		0.70519
376.125		0.70519
376.25		0.70519
376.375		0.70519
376.5		0.70519
376.625		0.70519
376.75		0.70519
376.875		0.70519
377		0.70519
377.125		0.70519
377.25		0.70519
377.375		0.70519
377.5		0.70519
377.625		0.70519
377.75		0.70519
377.875		0.70519
378		0.70519
378.125		0.70519
378.25		0.70519
378.375		0.70519
378.5		0.70519
378.625		0.70519
378.75		0.70519
378.875		0.70519
379		0.70519
379.125		0.70519
379.25		0.70519
379.375		0.70519
379.5		0.70519
379.625		0.70519
379.75		0.70519
379.875		0.70519
380		0.70519
380.125		0.728446
380.25		0.728446
380.375		0.728446
380.5		0.728446
380.625		0.728446
380.75		0.728446
380.875		0.728446
381		0.728446
381.125		0.728446
381.25		0.728446
381.375		0.728446
381.5		0.728446
381.625		0.728446
381.75		0.728446
381.875		0.728446
382		0.728446
382.125		0.728446
382.25		0.728446
382.375		0.728446
382.5		0.728446
382.625		0.728446
382.75		0.728446
382.875		0.728446
383		0.728446
383.125		0.728446
383.25		0.728446
383.375		0.728446
383.5		0.728446
383.625		0.728446
383.75		0.728446
383.875		0.728446
384		0.728446
384.125		0.728446
384.25		0.728446
384.375		0.728446
384.5		0.728446
384.625		0.728446
384.75		0.728446
384.875		0.728446
385		0.728446
385.125		0.729509
385.25		0.729509
385.375		0.729509
385.5		0.729509
385.625		0.729509
385.75		0.729509
385.875		0.729509
386		0.729509
386.125		0.729509
386.25		0.729509
386.375		0.729509
386.5		0.729509
386.625		0.729509
386.75		0.729509
386.875		0.729509
387		0.729509
387.125		0.729509
387.25		0.729509
387.375		0.729509
387.5		0.729509
387.625		0.729509
387.75		0.729509
387.875		0.729509
388		0.729509
388.125		0.729509
388.25		0.729509
388.375		0.729509
388.5		0.729509
388.625		0.729509
388.75		0.729509
388.875		0.729509
389		0.729509
389.125		0.729509
389.25		0.729509
389.375		0.729509
389.5		0.729509
389.625		0.729509
389.75		0.729509
389.875		0.729509
390		0.729509
390.125		0.746809
390.25		0.746809
390.375		0.746809
390.5		0.746809
390.625		0.746809
390.75		0.746809
390.875		0.746809
391		0.746809
391.125		0.746809
391.25		0.746809
391.375		0.746809
391.5		0.746809
391.625		0.746809
391.75		0.746809
391.875		0.746809
392		0.746809
392.125		0.746809
392.25		0.746809
392.375		0.746809
392.5		0.746809
392.625		0.746809
392.75		0.746809
392.875		0.746809
393		0.746809
393.125		0.746809
393.25		0.746809
393.375		0.746809
393.5		0.746809
393.625		0.746809
393.75		0.746809
393.875		0.746809
394		0.746809
394.125		0.746809
394.25		0.746809
394.375		0.746809
394.5		0.746809
394.625		0.746809
394.75		0.746809
394.875		0.746809
395		0.746809
395.125		0.749929
395.25		0.749929
395.375		0.749929
395.5		0.749929
395.625		0.749929
395.75		0.749929
395.875		0.749929
396		0.749929
396.125		0.749929
396.25		0.749929
396.375		0.749929
396.5		0.749929
396.625		0.749929
396.75		0.749929
396.875		0.749929
397		0.749929
397.125		0.749929
397.25		0.749929
397.375		0.749929
397.5		0.749929
397.625		0.749929
397.75		0.749929
397.875		0.749929
398		0.749929
398.125		0.749929
398.25		0.749929
398.375		0.749929
398.5		0.749929
398.625		0.749929
398.75		0.749929
398.875		0.749929
399		0.749929
399.125		0.749929
399.25		0.749929
399.375		0.749929
399.5		0.749929
399.625		0.749929
399.75		0.749929
399.875		0.749929
400		0.749929
400.125		0.75943
400.25		0.75943
400.375		0.75943
400.5		0.75943
400.625		0.75943
400.75		0.75943
400.875		0.75943
401		0.75943
401.125		0.75943
401.25		0.75943
401.375		0.75943
401.5		0.75943
401.625		0.75943
401.75		0.75943
401.875		0.75943
402		0.75943
402.125		0.75943
402.25		0.75943
402.375		0.75943
402.5		0.75943
402.625		0.75943
402.75		0.75943
402.875		0.75943
403		0.75943
403.125		0.75943
403.25		0.75943
403.375		0.75943
403.5		0.75943
403.625		0.75943
403.75		0.75943
403.875		0.75943
404		0.75943
404.125		0.75943
404.25		0.75943
404.375		0.75943
404.5		0.75943
404.625		0.75943
404.75		0.75943
404.875		0.75943
405		0.75943
405.125		0.782048
405.25		0.782048
405.375		0.782048
405.5		0.782048
405.625		0.782048
405.75		0.782048
405.875		0.782048
406		0.782048
406.125		0.782048
406.25		0.782048
406.375		0.782048
406.5		0.782048
406.625		0.782048
406.75		0.782048
406.875		0.782048
407		0.782048
407.125		0.782048
407.25		0.782048
407.375		0.782048
407.5		0.782048
407.625		0.782048
407.75		0.782048
407.875		0.782048
408		0.782048
408.125		0.782048
408.25		0.782048
408.375		0.782048
408.5		0.782048
408.625		0.782048
408.75		0.782048
408.875		0.782048
409		0.782048
409.125		0.782048
409.25		0.782048
409.375		0.782048
409.5		0.782048
409.625		0.782048
409.75		0.782048
409.875		0.782048
410		0.782048
410.125		0.795023
410.25		0.795023
410.375		0.795023
410.5		0.795023
410.625		0.795023
410.75		0.795023
410.875		0.795023
411		0.795023
411.125		0.795023
411.25		0.795023
411.375		0.795023
411.5		0.795023
411.625		0.795023
411.75		0.795023
411.875		0.795023
412		0.795023
412.125		0.795023
412.25		0.795023
412.375		0.795023
412.5		0.795023
412.625		0.795023
412.75		0.795023
412.875		0.795023
413		0.795023
413.125		0.795023
413.25		0.795023
413.375		0.795023
413.5		0.795023
413.625		0.795023
413.75		0.795023
413.875		0.795023
414		0.795023
414.125		0.795023
414.25		0.795023
414.375		0.795023
414.5		0.795023
414.625		0.795023
414.75		0.795023
414.875		0.795023
415		0.795023
415.125		0.808494
415.25		0.808494
415.375		0.808494
415.5		0.808494
415.625		0.808494
415.75		0.808494
415.875		0.808494
416		0.808494
416.125		0.808494
416.25		0.808494
416.375		0.808494
416.5		0.808494
416.625		0.808494
416.75		0.808494
416.875		0.808494
417		0.808494
417.125		0.808494
417.25		0.808494
417.375		0.808494
417.5		0.808494
417.625		0.808494
417.75		0.808494
417.875		0.808494
418		0.808494
418.125		0.808494
418.25		0.808494
418.375		0.808494
418.5		0.808494
418.625		0.808494
418.75		0.808494
418.875		0.808494
419		0.808494
419.125		0.808494
419.25		0.808494
419.375		0.808494
419.5		0.808494
419.625		0.808494
419.75		0.808494
419.875		0.808494
420		0.808494
420.125		0.811401
420.25		0.811401
420.375		0.811401
420.5		0.811401
420.625		0.811401
420.75		0.811401
420.875		0.811401
421		0.811401
421.125		0.811401
421.25		0.811401
421.375		0.811401
421.5		0.811401
421.625		0.811401
421.75		0.811401
421.875		0.811401
422		0.811401
422.125		0.811401
422.25		0.811401
422.375		0.811401
422.5		0.811401
422.625		0.811401
422.75		0.811401
422.875		0.811401
423		0.811401
423.125		0.811401
423.25		0.811401
423.375		0.811401
423.5		0.811401
423.625		0.811401
423.75		0.811401
423.875		0.811401
424		0.811401
424.125		0.811401
424.25		0.811401
424.375		0.811401
424.5		0.811401
424.625		0.811401
424.75		0.811401
424.875		0.811401
425		0.811401
425.125		0.822107
425.25		0.822107
425.375		0.822107
425.5		0.822107
425.625		0.822107
425.75		0.822107
425.875		0.822107
426		0.822107
426.125		0.822107
426.25		0.822107
426.375		0.822107
426.5		0.822107
426.625		0.822107
426.75		0.822107
426.875		0.822107
427		0.822107
427.125		0.822107
427.25		0.822107
427.375		0.822107
427.5		0.822107
427.625		0.822107
427.75		0.822107
427.875		0.822107
428		0.822107
428.125		0.822107
428.25		0.822107
428.375		0.822107
428.5		0.822107
428.625		0.822107
428.75		0.822107
428.875		0.822107
429		0.822107
429.125		0.822107
429.25		0.822107
429.375		0.822107
429.5		0.822107
429.625		0.822107
429.75		0.822107
429.875		0.822107
430		0.822107
430.125		0.845221
430.25		0.845221
430.375		0.845221
430.5		0.845221
430.625		0.845221
430.75		0.845221
430.875		0.845221
431		0.845221
431.125		0.845221
431.25		0.845221
431.375		0.845221
431.5		0.845221
431.625		0.845221
431.75		0.845221
431.875		0.845221
432		0.845221
432.125		0.845221
432.25		0.845221
432.375		0.845221
432.5		0.845221
432.625		0.845221
432.75		0.845221
432.875		0.845221
433		0.845221
433.125		0.845221
433.25		0.845221
433.375		0.845221
433.5		0.845221
433.625		0.845221
433.75		0.845221
433.875		0.845221
434		0.845221
434.125		0.845221
434.25		0.845221
434.375		0.845221
434.5		0.845221
434.625		0.845221
434.75		0.845221
434.875		0.845221
435		0.845221
435.125		0.86245
435.25		0.86245
435.375		0.86245
435.5		0.86245
435.625		0.86245
435.75		0.86245
435.875		0.86245
436		0.86245
436.125		0.86245
436.25		0.86245
436.375		0.86245
436.5		0.86245
436.625		0.86245
436.75		0.86245
436.875		0.86245
437		0.86245
437.125		0.86245
437.25		0.86245
437.375		0.86245
437.5		0.86245
437.625		0.86245
437.75		0.86245
437.875		0.86245
438		0.86245
438.125		0.86245
438.25		0.86245
438.375		0.86245
438.5		0.86245
438.625		0.86245
438.75		0.86245
438.875		0.86245
439		0.86245
439.125		0.86245
439.25		0.86245
439.375		0.86245
439.5		0.86245
439.625		0.86245
439.75		0.86245
439.875		0.86245
440		0.86245
440.125		0.865854
440.25		0.865854
440.375		0.865854
440.5		0.865854
440.625		0.865854
440.75		0.865854
440.875		0.865854
441		0.865854
441.125		0.865854
441.25		0.865854
441.375		0.865854
441.5		0.865854
441.625		0.865854
441.75		0.865854
441.875		0.865854
442		0.865854
442.125		0.865854
442.25		0.865854
442.375		0.865854
442.5		0.865854
442.625		0.865854
442.75		0.865854
442.875		0.865854
443		0.865854
443.125		0.865854
443.25		0.865854
443.375		0.865854
443.5		0.865854
443.625		0.865854
443.75		0.865854
443.875		0.865854
444		0.865854
444.125		0.865854
444.25		0.865854
444.375		0.865854
444.5		0.865854
444.625		0.865854
444.75		0.865854
444.875		0.865854
445		0.865854
445.125		0.871171
445.25		0.871171
445.375		0.871171
445.5		0.871171
445.625		0.871171
445.75		0.871171
445.875		0.871171
446		0.871171
446.125		0.871171
446.25		0.871171
446.375		0.871171
446.5		0.871171
446.625		0.871171
446.75		0.871171
446.875		0.871171
447		0.871171
447.125		0.871171
447.25		0.871171
447.375		0.871171
447.5		0.871171
447.625		0.871171
447.75		0.871171
447.875		0.871171
448		0.871171
448.125		0.871171
448.25		0.871171
448.375		0.871171
448.5		0.871171
448.625		0.871171
448.75		0.871171
448.875		0.871171
449		0.871171
449.125		0.871171
449.25		0.871171
449.375		0.871171
449.5		0.871171
449.625		0.871171
449.75		0.871171
449.875		0.871171
450		0.871171
450.125		0.889535
450.25		0.889535
450.375		0.889535
450.5		0.889535
450.625		0.889535
450.75		0.889535
450.875		0.889535
451		0.889535
451.125		0.889535
451.25		0.889535
451.375		0.889535
451.5		0.889535
451.625		0.889535
451.75		0.889535
451.875		0.889535
452		0.889535
452.125		0.889535
452.25		0.889535
452.375		0.889535
452.5		0.889535
452.625		0.889535
452.75		0.889535
452.875		0.889535
453		0.889535
453.125		0.889535
453.25		0.889535
453.375		0.889535
453.5		0.889535
453.625		0.889535
453.75		0.889535
453.875		0.889535
454		0.889535
454.125		0.889535
454.25		0.889535
454.375		0.889535
454.5		0.889535
454.625		0.889535
454.75		0.889535
454.875		0.889535
455		0.889535
455.125		0.895845
455.25		0.895845
455.375		0.895845
455.5		0.895845
455.625		0.895845
455.75		0.895845
455.875		0.895845
456		0.895845
456.125		0.895845
456.25		0.895845
456.375		0.895845
456.5		0.895845
456.625		0.895845
456.75		0.895845
456.875		0.895845
457		0.895845
457.125		0.895845
457.25		0.895845
457.375		0.895845
457.5		0.895845
457.625		0.895845
457.75		0.895845
457.875		0.895845
458		0.895845
458.125		0.895845
458.25		0.895845
458.375		0.895845
458.5		0.895845
458.625		0.895845
458.75		0.895845
458.875		0.895845
459		0.895845
459.125		0.895845
459.25		0.895845
459.375		0.895845
459.5		0.895845
459.625		0.895845
459.75		0.895845
459.875		0.895845
460		0.895845
460.125		0.917328
460.25		0.917328
460.375		0.917328
460.5		0.917328
460.625		0.917328
460.75		0.917328
460.875		0.917328
461		0.917328
461.125		0.917328
461.25		0.917328
461.375		0.917328
461.5		0.917328
461.625		0.917328
461.75		0.917328
461.875		0.917328
462		0.917328
462.125		0.917328
462.25		0.917328
462.375		0.917328
462.5		0.917328
462.625		0.917328
462.75		0.917328
462.875		0.917328
463		0.917328
463.125		0.917328
463.25		0.917328
463.375		0.917328
463.5		0.917328
463.625		0.917328
463.75		0.917328
463.875		0.917328
464		0.917328
464.125		0.917328
464.25		0.917328
464.375		0.917328
464.5		0.917328
464.625		0.917328
464.75		0.917328
464.875		0.917328
465		0.917328
465.125		0.922504
465.25		0.922504
465.375		0.922504
465.5		0.922504
465.625		0.922504
465.75		0.922504
465.875		0.922504
466		0.922504
466.125		0.922504
466.25		0.922504
466.375		0.922504
466.5		0.922504
466.625		0.922504
466.75		0.922504
466.875		0.922504
467		0.922504
467.125		0.922504
467.25		0.922504
467.375		0.922504
467.5		0.922504
467.625		0.922504
467.75		0.922504
467.875		0.922504
468		0.922504
468.125		0.922504
468.25		0.922504
468.375		0.922504
468.5		0.922504
468.625		0.922504
468.75		0.922504
468.875		0.922504
469		0.922504
469.125		0.922504
469.25		0.922504
469.375		0.922504
469.5		0.922504
469.625		0.922504
469.75		0.922504
469.875		0.922504
470		0.922504
470.125		0.943775
470.25		0.943775
470.375		0.943775
470.5		0.943775
470.625		0.943775
470.75		0.943775
470.875		0.943775
471		0.943775
471.125		0.943775
471.25		0.943775
471.375		0.943775
471.5		0.943775
471.625		0.943775
471.75		0.943775
471.875		0.943775
472		0.943775
472.125		0.943775
472.25		0.943775
472.375		0.943775
472.5		0.943775
472.625		0.943775
472.75		0.943775
472.875		0.943775
473		0.943775
473.125		0.943775
473.25		0.943775
473.375		0.943775
473.5		0.943775
473.625		0.943775
473.75		0.943775
473.875		0.943775
474		0.943775
474.125		0.943775
474.25		0.943775
474.375		0.943775
474.5		0.943775
474.625		0.943775
474.75		0.943775
474.875		0.943775
475		0.943775
475.125		0.951503
475.25		0.951503
475.375		0.951503
475.5		0.951503
475.625		0.951503
475.75		0.951503
475.875		0.951503
476		0.951503
476.125		0.951503
476.25		0.951503
476.375		0.951503
476.5		0.951503
476.625		0.951503
476.75		0.951503
476.875		0.951503
477		0.951503
477.125		0.951503
477.25		0.951503
477.375		0.951503
477.5		0.951503
477.625		0.951503
477.75		0.951503
477.875		0.951503
478		0.951503
478.125		0.951503
478.25		0.951503
478.375		0.951503
478.5		0.951503
478.625		0.951503
478.75		0.951503
478.875		0.951503
479		0.951503
479.125		0.951503
479.25		0.951503
479.375		0.951503
479.5		0.951503
479.625		0.951503
479.75		0.951503
479.875		0.951503
480		0.951503
480.125		0.959515
480.25		0.959515
480.375		0.959515
480.5		0.959515
480.625		0.959515
480.75		0.959515
480.875		0.959515
481		0.959515
481.125		0.959515
481.25		0.959515
481.375		0.959515
481.5		0.959515
481.625		0.959515
481.75		0.959515
481.875		0.959515
482		0.959515
482.125		0.959515
482.25		0.959515
482.375		0.959515
482.5		0.959515
482.625		0.959515
482.75		0.959515
482.875		0.959515
483		0.959515
483.125		0.959515
483.25		0.959515
483.375		0.959515
483.5		0.959515
483.625		0.959515
483.75		0.959515
483.875		0.959515
484		0.959515
484.125		0.959515
484.25		0.959515
484.375		0.959515
484.5		0.959515
484.625		0.959515
484.75		0.959515
484.875		0.959515
485		0.959515
485.125		0.961288
485.25		0.961288
485.375		0.961288
485.5		0.961288
485.625		0.961288
485.75		0.961288
485.875		0.961288
486		0.961288
486.125		0.961288
486.25		0.961288
486.375		0.961288
486.5		0.961288
486.625		0.961288
486.75		0.961288
486.875		0.961288
487		0.961288
487.125		0.961288
487.25		0.961288
487.375		0.961288
487.5		0.961288
487.625		0.961288
487.75		0.961288
487.875		0.961288
488		0.961288
488.125		0.961288
488.25		0.961288
488.375		0.961288
488.5		0.961288
488.625		0.961288
488.75		0.961288
488.875		0.961288
489		0.961288
489.125		0.961288
489.25		0.961288
489.375		0.961288
489.5		0.961288
489.625		0.961288
489.75		0.961288
489.875		0.961288
490		0.961288
490.125		0.990074
490.25		0.990074
490.375		0.990074
490.5		0.990074
490.625		0.990074
490.75		0.990074
490.875		0.990074
491		0.990074
491.125		0.990074
491.25		0.990074
491.375		0.990074
491.5		0.990074
491.625		0.990074
491.75		0.990074
491.875		0.990074
492		0.990074
492.125		0.990074
492.25		0.990074
492.375		0.990074
492.5		0.990074
492.625		0.990074
492.75		0.990074
492.875		0.990074
493		0.990074
493.125		0.990074
493.25		0.990074
493.375		0.990074
493.5		0.990074
493.625		0.990074
493.75		0.990074
493.875		0.990074
494		0.990074
494.125		0.990074
494.25		0.990074
494.375		0.990074
494.5		0.990074
494.625		0.990074
494.75		0.990074
494.875		0.990074
495		0.990074
495.125		1
495.25		1
495.375		1
495.5		1
495.625		1
495.75		1
495.875		1
496		1
496.125		1
496.25		1
496.375		1
496.5		1
496.625		1
496.75		1
496.875		1
497		1
497.125		1
497.25		1
497.375		1
497.5		1
497.625		1
497.75		1
497.875		1
498		1
498.125		1
498.25		1
498.375		1
498.5		1
498.625		1
498.75		1
498.875		1
499		1
499.125		1
499.25		1
499.375		1
499.5		1
499.625		1
499.75		1
499.875		1
500		1
