# Calibration file of tamex_id 1 @ channel 4
# fine_T bin		 Calibration value
0.125		0
0.25		0
0.375		0
0.5		0
0.625		0
0.75		0
0.875		0
1		0
1.125		0
1.25		0
1.375		0
1.5		0
1.625		0
1.75		0
1.875		0
2		0
2.125		0
2.25		0
2.375		0
2.5		0
2.625		0
2.75		0
2.875		0
3		0
3.125		0
3.25		0
3.375		0
3.5		0
3.625		0
3.75		0
3.875		0
4		0
4.125		0
4.25		0
4.375		0
4.5		0
4.625		0
4.75		0
4.875		0
5		0
5.125		0
5.25		0
5.375		0
5.5		0
5.625		0
5.75		0
5.875		0
6		0
6.125		0
6.25		0
6.375		0
6.5		0
6.625		0
6.75		0
6.875		0
7		0
7.125		0
7.25		0
7.375		0
7.5		0
7.625		0
7.75		0
7.875		0
8		0
8.125		0
8.25		0
8.375		0
8.5		0
8.625		0
8.75		0
8.875		0
9		0
9.125		0
9.25		0
9.375		0
9.5		0
9.625		0
9.75		0
9.875		0
10		0
10.125		0
10.25		0
10.375		0
10.5		0
10.625		0
10.75		0
10.875		0
11		0
11.125		0
11.25		0
11.375		0
11.5		0
11.625		0
11.75		0
11.875		0
12		0
12.125		0
12.25		0
12.375		0
12.5		0
12.625		0
12.75		0
12.875		0
13		0
13.125		0
13.25		0
13.375		0
13.5		0
13.625		0
13.75		0
13.875		0
14		0
14.125		0
14.25		0
14.375		0
14.5		0
14.625		0
14.75		0
14.875		0
15		0
15.125		0
15.25		0
15.375		0
15.5		0
15.625		0
15.75		0
15.875		0
16		0
16.125		0
16.25		0
16.375		0
16.5		0
16.625		0
16.75		0
16.875		0
17		0
17.125		0
17.25		0
17.375		0
17.5		0
17.625		0
17.75		0
17.875		0
18		0
18.125		0
18.25		0
18.375		0
18.5		0
18.625		0
18.75		0
18.875		0
19		0
19.125		0
19.25		0
19.375		0
19.5		0
19.625		0
19.75		0
19.875		0
20		0
20.125		0
20.25		0
20.375		0
20.5		0
20.625		0
20.75		0
20.875		0
21		0
21.125		0
21.25		0
21.375		0
21.5		0
21.625		0
21.75		0
21.875		0
22		0
22.125		0
22.25		0
22.375		0
22.5		0
22.625		0
22.75		0
22.875		0
23		0
23.125		0
23.25		0
23.375		0
23.5		0
23.625		0
23.75		0
23.875		0
24		0
24.125		0
24.25		0
24.375		0
24.5		0
24.625		0
24.75		0
24.875		0
25		0
25.125		0
25.25		0
25.375		0
25.5		0
25.625		0
25.75		0
25.875		0
26		0
26.125		0
26.25		0
26.375		0
26.5		0
26.625		0
26.75		0
26.875		0
27		0
27.125		0
27.25		0
27.375		0
27.5		0
27.625		0
27.75		0
27.875		0
28		0
28.125		0
28.25		0
28.375		0
28.5		0
28.625		0
28.75		0
28.875		0
29		0
29.125		0
29.25		0
29.375		0
29.5		0
29.625		0
29.75		0
29.875		0
30		0
30.125		0
30.25		0
30.375		0
30.5		0
30.625		0
30.75		0
30.875		0
31		0
31.125		0
31.25		0
31.375		0
31.5		0
31.625		0
31.75		0
31.875		0
32		0
32.125		0
32.25		0
32.375		0
32.5		0
32.625		0
32.75		0
32.875		0
33		0
33.125		0
33.25		0
33.375		0
33.5		0
33.625		0
33.75		0
33.875		0
34		0
34.125		0
34.25		0
34.375		0
34.5		0
34.625		0
34.75		0
34.875		0
35		0
35.125		0
35.25		0
35.375		0
35.5		0
35.625		0
35.75		0
35.875		0
36		0
36.125		0
36.25		0
36.375		0
36.5		0
36.625		0
36.75		0
36.875		0
37		0
37.125		0
37.25		0
37.375		0
37.5		0
37.625		0
37.75		0
37.875		0
38		0
38.125		0
38.25		0
38.375		0
38.5		0
38.625		0
38.75		0
38.875		0
39		0
39.125		0
39.25		0
39.375		0
39.5		0
39.625		0
39.75		0
39.875		0
40		0
40.125		0
40.25		0
40.375		0
40.5		0
40.625		0
40.75		0
40.875		0
41		0
41.125		0
41.25		0
41.375		0
41.5		0
41.625		0
41.75		0
41.875		0
42		0
42.125		0
42.25		0
42.375		0
42.5		0
42.625		0
42.75		0
42.875		0
43		0
43.125		0
43.25		0
43.375		0
43.5		0
43.625		0
43.75		0
43.875		0
44		0
44.125		0
44.25		0
44.375		0
44.5		0
44.625		0
44.75		0
44.875		0
45		0
45.125		0
45.25		0
45.375		0
45.5		0
45.625		0
45.75		0
45.875		0
46		0
46.125		0
46.25		0
46.375		0
46.5		0
46.625		0
46.75		0
46.875		0
47		0
47.125		0
47.25		0
47.375		0
47.5		0
47.625		0
47.75		0
47.875		0
48		0
48.125		0
48.25		0
48.375		0
48.5		0
48.625		0
48.75		0
48.875		0
49		0
49.125		0
49.25		0
49.375		0
49.5		0
49.625		0
49.75		0
49.875		0
50		0
50.125		0
50.25		0
50.375		0
50.5		0
50.625		0
50.75		0
50.875		0
51		0
51.125		0
51.25		0
51.375		0
51.5		0
51.625		0
51.75		0
51.875		0
52		0
52.125		0
52.25		0
52.375		0
52.5		0
52.625		0
52.75		0
52.875		0
53		0
53.125		0
53.25		0
53.375		0
53.5		0
53.625		0
53.75		0
53.875		0
54		0
54.125		0
54.25		0
54.375		0
54.5		0
54.625		0
54.75		0
54.875		0
55		0
55.125		0
55.25		0
55.375		0
55.5		0
55.625		0
55.75		0
55.875		0
56		0
56.125		0
56.25		0
56.375		0
56.5		0
56.625		0
56.75		0
56.875		0
57		0
57.125		0
57.25		0
57.375		0
57.5		0
57.625		0
57.75		0
57.875		0
58		0
58.125		0
58.25		0
58.375		0
58.5		0
58.625		0
58.75		0
58.875		0
59		0
59.125		0
59.25		0
59.375		0
59.5		0
59.625		0
59.75		0
59.875		0
60		0
60.125		0
60.25		0
60.375		0
60.5		0
60.625		0
60.75		0
60.875		0
61		0
61.125		0
61.25		0
61.375		0
61.5		0
61.625		0
61.75		0
61.875		0
62		0
62.125		0
62.25		0
62.375		0
62.5		0
62.625		0
62.75		0
62.875		0
63		0
63.125		0
63.25		0
63.375		0
63.5		0
63.625		0
63.75		0
63.875		0
64		0
64.125		0
64.25		0
64.375		0
64.5		0
64.625		0
64.75		0
64.875		0
65		0
65.125		0
65.25		0
65.375		0
65.5		0
65.625		0
65.75		0
65.875		0
66		0
66.125		0
66.25		0
66.375		0
66.5		0
66.625		0
66.75		0
66.875		0
67		0
67.125		0
67.25		0
67.375		0
67.5		0
67.625		0
67.75		0
67.875		0
68		0
68.125		0
68.25		0
68.375		0
68.5		0
68.625		0
68.75		0
68.875		0
69		0
69.125		0
69.25		0
69.375		0
69.5		0
69.625		0
69.75		0
69.875		0
70		0
70.125		0
70.25		0
70.375		0
70.5		0
70.625		0
70.75		0
70.875		0
71		0
71.125		0
71.25		0
71.375		0
71.5		0
71.625		0
71.75		0
71.875		0
72		0
72.125		0
72.25		0
72.375		0
72.5		0
72.625		0
72.75		0
72.875		0
73		0
73.125		0
73.25		0
73.375		0
73.5		0
73.625		0
73.75		0
73.875		0
74		0
74.125		0
74.25		0
74.375		0
74.5		0
74.625		0
74.75		0
74.875		0
75		0
75.125		0
75.25		0
75.375		0
75.5		0
75.625		0
75.75		0
75.875		0
76		0
76.125		0
76.25		0
76.375		0
76.5		0
76.625		0
76.75		0
76.875		0
77		0
77.125		0
77.25		0
77.375		0
77.5		0
77.625		0
77.75		0
77.875		0
78		0
78.125		0
78.25		0
78.375		0
78.5		0
78.625		0
78.75		0
78.875		0
79		0
79.125		0
79.25		0
79.375		0
79.5		0
79.625		0
79.75		0
79.875		0
80		0
80.125		0
80.25		0
80.375		0
80.5		0
80.625		0
80.75		0
80.875		0
81		0
81.125		0
81.25		0
81.375		0
81.5		0
81.625		0
81.75		0
81.875		0
82		0
82.125		0
82.25		0
82.375		0
82.5		0
82.625		0
82.75		0
82.875		0
83		0
83.125		0
83.25		0
83.375		0
83.5		0
83.625		0
83.75		0
83.875		0
84		0
84.125		0
84.25		0
84.375		0
84.5		0
84.625		0
84.75		0
84.875		0
85		0
85.125		0
85.25		0
85.375		0
85.5		0
85.625		0
85.75		0
85.875		0
86		0
86.125		0
86.25		0
86.375		0
86.5		0
86.625		0
86.75		0
86.875		0
87		0
87.125		0
87.25		0
87.375		0
87.5		0
87.625		0
87.75		0
87.875		0
88		0
88.125		0
88.25		0
88.375		0
88.5		0
88.625		0
88.75		0
88.875		0
89		0
89.125		0
89.25		0
89.375		0
89.5		0
89.625		0
89.75		0
89.875		0
90		0
90.125		0
90.25		0
90.375		0
90.5		0
90.625		0
90.75		0
90.875		0
91		0
91.125		0
91.25		0
91.375		0
91.5		0
91.625		0
91.75		0
91.875		0
92		0
92.125		0
92.25		0
92.375		0
92.5		0
92.625		0
92.75		0
92.875		0
93		0
93.125		0
93.25		0
93.375		0
93.5		0
93.625		0
93.75		0
93.875		0
94		0
94.125		0
94.25		0
94.375		0
94.5		0
94.625		0
94.75		0
94.875		0
95		0
95.125		0
95.25		0
95.375		0
95.5		0
95.625		0
95.75		0
95.875		0
96		0
96.125		0
96.25		0
96.375		0
96.5		0
96.625		0
96.75		0
96.875		0
97		0
97.125		0
97.25		0
97.375		0
97.5		0
97.625		0
97.75		0
97.875		0
98		0
98.125		0
98.25		0
98.375		0
98.5		0
98.625		0
98.75		0
98.875		0
99		0
99.125		0
99.25		0
99.375		0
99.5		0
99.625		0
99.75		0
99.875		0
100		0
100.125		0
100.25		0
100.375		0
100.5		0
100.625		0
100.75		0
100.875		0
101		0
101.125		0
101.25		0
101.375		0
101.5		0
101.625		0
101.75		0
101.875		0
102		0
102.125		0
102.25		0
102.375		0
102.5		0
102.625		0
102.75		0
102.875		0
103		0
103.125		0
103.25		0
103.375		0
103.5		0
103.625		0
103.75		0
103.875		0
104		0
104.125		0
104.25		0
104.375		0
104.5		0
104.625		0
104.75		0
104.875		0
105		0
105.125		0
105.25		0
105.375		0
105.5		0
105.625		0
105.75		0
105.875		0
106		0
106.125		0
106.25		0
106.375		0
106.5		0
106.625		0
106.75		0
106.875		0
107		0
107.125		0
107.25		0
107.375		0
107.5		0
107.625		0
107.75		0
107.875		0
108		0
108.125		0
108.25		0
108.375		0
108.5		0
108.625		0
108.75		0
108.875		0
109		0
109.125		0
109.25		0
109.375		0
109.5		0
109.625		0
109.75		0
109.875		0
110		0
110.125		0.013549
110.25		0.013549
110.375		0.013549
110.5		0.013549
110.625		0.013549
110.75		0.013549
110.875		0.013549
111		0.013549
111.125		0.013549
111.25		0.013549
111.375		0.013549
111.5		0.013549
111.625		0.013549
111.75		0.013549
111.875		0.013549
112		0.013549
112.125		0.013549
112.25		0.013549
112.375		0.013549
112.5		0.013549
112.625		0.013549
112.75		0.013549
112.875		0.013549
113		0.013549
113.125		0.013549
113.25		0.013549
113.375		0.013549
113.5		0.013549
113.625		0.013549
113.75		0.013549
113.875		0.013549
114		0.013549
114.125		0.013549
114.25		0.013549
114.375		0.013549
114.5		0.013549
114.625		0.013549
114.75		0.013549
114.875		0.013549
115		0.013549
115.125		0.0379022
115.25		0.0379022
115.375		0.0379022
115.5		0.0379022
115.625		0.0379022
115.75		0.0379022
115.875		0.0379022
116		0.0379022
116.125		0.0379022
116.25		0.0379022
116.375		0.0379022
116.5		0.0379022
116.625		0.0379022
116.75		0.0379022
116.875		0.0379022
117		0.0379022
117.125		0.0379022
117.25		0.0379022
117.375		0.0379022
117.5		0.0379022
117.625		0.0379022
117.75		0.0379022
117.875		0.0379022
118		0.0379022
118.125		0.0379022
118.25		0.0379022
118.375		0.0379022
118.5		0.0379022
118.625		0.0379022
118.75		0.0379022
118.875		0.0379022
119		0.0379022
119.125		0.0379022
119.25		0.0379022
119.375		0.0379022
119.5		0.0379022
119.625		0.0379022
119.75		0.0379022
119.875		0.0379022
120		0.0379022
120.125		0.0540793
120.25		0.0540793
120.375		0.0540793
120.5		0.0540793
120.625		0.0540793
120.75		0.0540793
120.875		0.0540793
121		0.0540793
121.125		0.0540793
121.25		0.0540793
121.375		0.0540793
121.5		0.0540793
121.625		0.0540793
121.75		0.0540793
121.875		0.0540793
122		0.0540793
122.125		0.0540793
122.25		0.0540793
122.375		0.0540793
122.5		0.0540793
122.625		0.0540793
122.75		0.0540793
122.875		0.0540793
123		0.0540793
123.125		0.0540793
123.25		0.0540793
123.375		0.0540793
123.5		0.0540793
123.625		0.0540793
123.75		0.0540793
123.875		0.0540793
124		0.0540793
124.125		0.0540793
124.25		0.0540793
124.375		0.0540793
124.5		0.0540793
124.625		0.0540793
124.75		0.0540793
124.875		0.0540793
125		0.0540793
125.125		0.0678035
125.25		0.0678035
125.375		0.0678035
125.5		0.0678035
125.625		0.0678035
125.75		0.0678035
125.875		0.0678035
126		0.0678035
126.125		0.0678035
126.25		0.0678035
126.375		0.0678035
126.5		0.0678035
126.625		0.0678035
126.75		0.0678035
126.875		0.0678035
127		0.0678035
127.125		0.0678035
127.25		0.0678035
127.375		0.0678035
127.5		0.0678035
127.625		0.0678035
127.75		0.0678035
127.875		0.0678035
128		0.0678035
128.125		0.0678035
128.25		0.0678035
128.375		0.0678035
128.5		0.0678035
128.625		0.0678035
128.75		0.0678035
128.875		0.0678035
129		0.0678035
129.125		0.0678035
129.25		0.0678035
129.375		0.0678035
129.5		0.0678035
129.625		0.0678035
129.75		0.0678035
129.875		0.0678035
130		0.0678035
130.125		0.069322
130.25		0.069322
130.375		0.069322
130.5		0.069322
130.625		0.069322
130.75		0.069322
130.875		0.069322
131		0.069322
131.125		0.069322
131.25		0.069322
131.375		0.069322
131.5		0.069322
131.625		0.069322
131.75		0.069322
131.875		0.069322
132		0.069322
132.125		0.069322
132.25		0.069322
132.375		0.069322
132.5		0.069322
132.625		0.069322
132.75		0.069322
132.875		0.069322
133		0.069322
133.125		0.069322
133.25		0.069322
133.375		0.069322
133.5		0.069322
133.625		0.069322
133.75		0.069322
133.875		0.069322
134		0.069322
134.125		0.069322
134.25		0.069322
134.375		0.069322
134.5		0.069322
134.625		0.069322
134.75		0.069322
134.875		0.069322
135		0.069322
135.125		0.0953104
135.25		0.0953104
135.375		0.0953104
135.5		0.0953104
135.625		0.0953104
135.75		0.0953104
135.875		0.0953104
136		0.0953104
136.125		0.0953104
136.25		0.0953104
136.375		0.0953104
136.5		0.0953104
136.625		0.0953104
136.75		0.0953104
136.875		0.0953104
137		0.0953104
137.125		0.0953104
137.25		0.0953104
137.375		0.0953104
137.5		0.0953104
137.625		0.0953104
137.75		0.0953104
137.875		0.0953104
138		0.0953104
138.125		0.0953104
138.25		0.0953104
138.375		0.0953104
138.5		0.0953104
138.625		0.0953104
138.75		0.0953104
138.875		0.0953104
139		0.0953104
139.125		0.0953104
139.25		0.0953104
139.375		0.0953104
139.5		0.0953104
139.625		0.0953104
139.75		0.0953104
139.875		0.0953104
140		0.0953104
140.125		0.101968
140.25		0.101968
140.375		0.101968
140.5		0.101968
140.625		0.101968
140.75		0.101968
140.875		0.101968
141		0.101968
141.125		0.101968
141.25		0.101968
141.375		0.101968
141.5		0.101968
141.625		0.101968
141.75		0.101968
141.875		0.101968
142		0.101968
142.125		0.101968
142.25		0.101968
142.375		0.101968
142.5		0.101968
142.625		0.101968
142.75		0.101968
142.875		0.101968
143		0.101968
143.125		0.101968
143.25		0.101968
143.375		0.101968
143.5		0.101968
143.625		0.101968
143.75		0.101968
143.875		0.101968
144		0.101968
144.125		0.101968
144.25		0.101968
144.375		0.101968
144.5		0.101968
144.625		0.101968
144.75		0.101968
144.875		0.101968
145		0.101968
145.125		0.117912
145.25		0.117912
145.375		0.117912
145.5		0.117912
145.625		0.117912
145.75		0.117912
145.875		0.117912
146		0.117912
146.125		0.117912
146.25		0.117912
146.375		0.117912
146.5		0.117912
146.625		0.117912
146.75		0.117912
146.875		0.117912
147		0.117912
147.125		0.117912
147.25		0.117912
147.375		0.117912
147.5		0.117912
147.625		0.117912
147.75		0.117912
147.875		0.117912
148		0.117912
148.125		0.117912
148.25		0.117912
148.375		0.117912
148.5		0.117912
148.625		0.117912
148.75		0.117912
148.875		0.117912
149		0.117912
149.125		0.117912
149.25		0.117912
149.375		0.117912
149.5		0.117912
149.625		0.117912
149.75		0.117912
149.875		0.117912
150		0.117912
150.125		0.119313
150.25		0.119313
150.375		0.119313
150.5		0.119313
150.625		0.119313
150.75		0.119313
150.875		0.119313
151		0.119313
151.125		0.119313
151.25		0.119313
151.375		0.119313
151.5		0.119313
151.625		0.119313
151.75		0.119313
151.875		0.119313
152		0.119313
152.125		0.119313
152.25		0.119313
152.375		0.119313
152.5		0.119313
152.625		0.119313
152.75		0.119313
152.875		0.119313
153		0.119313
153.125		0.119313
153.25		0.119313
153.375		0.119313
153.5		0.119313
153.625		0.119313
153.75		0.119313
153.875		0.119313
154		0.119313
154.125		0.119313
154.25		0.119313
154.375		0.119313
154.5		0.119313
154.625		0.119313
154.75		0.119313
154.875		0.119313
155		0.119313
155.125		0.140922
155.25		0.140922
155.375		0.140922
155.5		0.140922
155.625		0.140922
155.75		0.140922
155.875		0.140922
156		0.140922
156.125		0.140922
156.25		0.140922
156.375		0.140922
156.5		0.140922
156.625		0.140922
156.75		0.140922
156.875		0.140922
157		0.140922
157.125		0.140922
157.25		0.140922
157.375		0.140922
157.5		0.140922
157.625		0.140922
157.75		0.140922
157.875		0.140922
158		0.140922
158.125		0.140922
158.25		0.140922
158.375		0.140922
158.5		0.140922
158.625		0.140922
158.75		0.140922
158.875		0.140922
159		0.140922
159.125		0.140922
159.25		0.140922
159.375		0.140922
159.5		0.140922
159.625		0.140922
159.75		0.140922
159.875		0.140922
160		0.140922
160.125		0.164399
160.25		0.164399
160.375		0.164399
160.5		0.164399
160.625		0.164399
160.75		0.164399
160.875		0.164399
161		0.164399
161.125		0.164399
161.25		0.164399
161.375		0.164399
161.5		0.164399
161.625		0.164399
161.75		0.164399
161.875		0.164399
162		0.164399
162.125		0.164399
162.25		0.164399
162.375		0.164399
162.5		0.164399
162.625		0.164399
162.75		0.164399
162.875		0.164399
163		0.164399
163.125		0.164399
163.25		0.164399
163.375		0.164399
163.5		0.164399
163.625		0.164399
163.75		0.164399
163.875		0.164399
164		0.164399
164.125		0.164399
164.25		0.164399
164.375		0.164399
164.5		0.164399
164.625		0.164399
164.75		0.164399
164.875		0.164399
165		0.164399
165.125		0.165508
165.25		0.165508
165.375		0.165508
165.5		0.165508
165.625		0.165508
165.75		0.165508
165.875		0.165508
166		0.165508
166.125		0.165508
166.25		0.165508
166.375		0.165508
166.5		0.165508
166.625		0.165508
166.75		0.165508
166.875		0.165508
167		0.165508
167.125		0.165508
167.25		0.165508
167.375		0.165508
167.5		0.165508
167.625		0.165508
167.75		0.165508
167.875		0.165508
168		0.165508
168.125		0.165508
168.25		0.165508
168.375		0.165508
168.5		0.165508
168.625		0.165508
168.75		0.165508
168.875		0.165508
169		0.165508
169.125		0.165508
169.25		0.165508
169.375		0.165508
169.5		0.165508
169.625		0.165508
169.75		0.165508
169.875		0.165508
170		0.165508
170.125		0.17018
170.25		0.17018
170.375		0.17018
170.5		0.17018
170.625		0.17018
170.75		0.17018
170.875		0.17018
171		0.17018
171.125		0.17018
171.25		0.17018
171.375		0.17018
171.5		0.17018
171.625		0.17018
171.75		0.17018
171.875		0.17018
172		0.17018
172.125		0.17018
172.25		0.17018
172.375		0.17018
172.5		0.17018
172.625		0.17018
172.75		0.17018
172.875		0.17018
173		0.17018
173.125		0.17018
173.25		0.17018
173.375		0.17018
173.5		0.17018
173.625		0.17018
173.75		0.17018
173.875		0.17018
174		0.17018
174.125		0.17018
174.25		0.17018
174.375		0.17018
174.5		0.17018
174.625		0.17018
174.75		0.17018
174.875		0.17018
175		0.17018
175.125		0.186299
175.25		0.186299
175.375		0.186299
175.5		0.186299
175.625		0.186299
175.75		0.186299
175.875		0.186299
176		0.186299
176.125		0.186299
176.25		0.186299
176.375		0.186299
176.5		0.186299
176.625		0.186299
176.75		0.186299
176.875		0.186299
177		0.186299
177.125		0.186299
177.25		0.186299
177.375		0.186299
177.5		0.186299
177.625		0.186299
177.75		0.186299
177.875		0.186299
178		0.186299
178.125		0.186299
178.25		0.186299
178.375		0.186299
178.5		0.186299
178.625		0.186299
178.75		0.186299
178.875		0.186299
179		0.186299
179.125		0.186299
179.25		0.186299
179.375		0.186299
179.5		0.186299
179.625		0.186299
179.75		0.186299
179.875		0.186299
180		0.186299
180.125		0.209192
180.25		0.209192
180.375		0.209192
180.5		0.209192
180.625		0.209192
180.75		0.209192
180.875		0.209192
181		0.209192
181.125		0.209192
181.25		0.209192
181.375		0.209192
181.5		0.209192
181.625		0.209192
181.75		0.209192
181.875		0.209192
182		0.209192
182.125		0.209192
182.25		0.209192
182.375		0.209192
182.5		0.209192
182.625		0.209192
182.75		0.209192
182.875		0.209192
183		0.209192
183.125		0.209192
183.25		0.209192
183.375		0.209192
183.5		0.209192
183.625		0.209192
183.75		0.209192
183.875		0.209192
184		0.209192
184.125		0.209192
184.25		0.209192
184.375		0.209192
184.5		0.209192
184.625		0.209192
184.75		0.209192
184.875		0.209192
185		0.209192
185.125		0.219354
185.25		0.219354
185.375		0.219354
185.5		0.219354
185.625		0.219354
185.75		0.219354
185.875		0.219354
186		0.219354
186.125		0.219354
186.25		0.219354
186.375		0.219354
186.5		0.219354
186.625		0.219354
186.75		0.219354
186.875		0.219354
187		0.219354
187.125		0.219354
187.25		0.219354
187.375		0.219354
187.5		0.219354
187.625		0.219354
187.75		0.219354
187.875		0.219354
188		0.219354
188.125		0.219354
188.25		0.219354
188.375		0.219354
188.5		0.219354
188.625		0.219354
188.75		0.219354
188.875		0.219354
189		0.219354
189.125		0.219354
189.25		0.219354
189.375		0.219354
189.5		0.219354
189.625		0.219354
189.75		0.219354
189.875		0.219354
190		0.219354
190.125		0.220464
190.25		0.220464
190.375		0.220464
190.5		0.220464
190.625		0.220464
190.75		0.220464
190.875		0.220464
191		0.220464
191.125		0.220464
191.25		0.220464
191.375		0.220464
191.5		0.220464
191.625		0.220464
191.75		0.220464
191.875		0.220464
192		0.220464
192.125		0.220464
192.25		0.220464
192.375		0.220464
192.5		0.220464
192.625		0.220464
192.75		0.220464
192.875		0.220464
193		0.220464
193.125		0.220464
193.25		0.220464
193.375		0.220464
193.5		0.220464
193.625		0.220464
193.75		0.220464
193.875		0.220464
194		0.220464
194.125		0.220464
194.25		0.220464
194.375		0.220464
194.5		0.220464
194.625		0.220464
194.75		0.220464
194.875		0.220464
195		0.220464
195.125		0.225895
195.25		0.225895
195.375		0.225895
195.5		0.225895
195.625		0.225895
195.75		0.225895
195.875		0.225895
196		0.225895
196.125		0.225895
196.25		0.225895
196.375		0.225895
196.5		0.225895
196.625		0.225895
196.75		0.225895
196.875		0.225895
197		0.225895
197.125		0.225895
197.25		0.225895
197.375		0.225895
197.5		0.225895
197.625		0.225895
197.75		0.225895
197.875		0.225895
198		0.225895
198.125		0.225895
198.25		0.225895
198.375		0.225895
198.5		0.225895
198.625		0.225895
198.75		0.225895
198.875		0.225895
199		0.225895
199.125		0.225895
199.25		0.225895
199.375		0.225895
199.5		0.225895
199.625		0.225895
199.75		0.225895
199.875		0.225895
200		0.225895
200.125		0.250073
200.25		0.250073
200.375		0.250073
200.5		0.250073
200.625		0.250073
200.75		0.250073
200.875		0.250073
201		0.250073
201.125		0.250073
201.25		0.250073
201.375		0.250073
201.5		0.250073
201.625		0.250073
201.75		0.250073
201.875		0.250073
202		0.250073
202.125		0.250073
202.25		0.250073
202.375		0.250073
202.5		0.250073
202.625		0.250073
202.75		0.250073
202.875		0.250073
203		0.250073
203.125		0.250073
203.25		0.250073
203.375		0.250073
203.5		0.250073
203.625		0.250073
203.75		0.250073
203.875		0.250073
204		0.250073
204.125		0.250073
204.25		0.250073
204.375		0.250073
204.5		0.250073
204.625		0.250073
204.75		0.250073
204.875		0.250073
205		0.250073
205.125		0.27793
205.25		0.27793
205.375		0.27793
205.5		0.27793
205.625		0.27793
205.75		0.27793
205.875		0.27793
206		0.27793
206.125		0.27793
206.25		0.27793
206.375		0.27793
206.5		0.27793
206.625		0.27793
206.75		0.27793
206.875		0.27793
207		0.27793
207.125		0.27793
207.25		0.27793
207.375		0.27793
207.5		0.27793
207.625		0.27793
207.75		0.27793
207.875		0.27793
208		0.27793
208.125		0.27793
208.25		0.27793
208.375		0.27793
208.5		0.27793
208.625		0.27793
208.75		0.27793
208.875		0.27793
209		0.27793
209.125		0.27793
209.25		0.27793
209.375		0.27793
209.5		0.27793
209.625		0.27793
209.75		0.27793
209.875		0.27793
210		0.27793
210.125		0.279682
210.25		0.279682
210.375		0.279682
210.5		0.279682
210.625		0.279682
210.75		0.279682
210.875		0.279682
211		0.279682
211.125		0.279682
211.25		0.279682
211.375		0.279682
211.5		0.279682
211.625		0.279682
211.75		0.279682
211.875		0.279682
212		0.279682
212.125		0.279682
212.25		0.279682
212.375		0.279682
212.5		0.279682
212.625		0.279682
212.75		0.279682
212.875		0.279682
213		0.279682
213.125		0.279682
213.25		0.279682
213.375		0.279682
213.5		0.279682
213.625		0.279682
213.75		0.279682
213.875		0.279682
214		0.279682
214.125		0.279682
214.25		0.279682
214.375		0.279682
214.5		0.279682
214.625		0.279682
214.75		0.279682
214.875		0.279682
215		0.279682
215.125		0.287975
215.25		0.287975
215.375		0.287975
215.5		0.287975
215.625		0.287975
215.75		0.287975
215.875		0.287975
216		0.287975
216.125		0.287975
216.25		0.287975
216.375		0.287975
216.5		0.287975
216.625		0.287975
216.75		0.287975
216.875		0.287975
217		0.287975
217.125		0.287975
217.25		0.287975
217.375		0.287975
217.5		0.287975
217.625		0.287975
217.75		0.287975
217.875		0.287975
218		0.287975
218.125		0.287975
218.25		0.287975
218.375		0.287975
218.5		0.287975
218.625		0.287975
218.75		0.287975
218.875		0.287975
219		0.287975
219.125		0.287975
219.25		0.287975
219.375		0.287975
219.5		0.287975
219.625		0.287975
219.75		0.287975
219.875		0.287975
220		0.287975
220.125		0.302517
220.25		0.302517
220.375		0.302517
220.5		0.302517
220.625		0.302517
220.75		0.302517
220.875		0.302517
221		0.302517
221.125		0.302517
221.25		0.302517
221.375		0.302517
221.5		0.302517
221.625		0.302517
221.75		0.302517
221.875		0.302517
222		0.302517
222.125		0.302517
222.25		0.302517
222.375		0.302517
222.5		0.302517
222.625		0.302517
222.75		0.302517
222.875		0.302517
223		0.302517
223.125		0.302517
223.25		0.302517
223.375		0.302517
223.5		0.302517
223.625		0.302517
223.75		0.302517
223.875		0.302517
224		0.302517
224.125		0.302517
224.25		0.302517
224.375		0.302517
224.5		0.302517
224.625		0.302517
224.75		0.302517
224.875		0.302517
225		0.302517
225.125		0.310868
225.25		0.310868
225.375		0.310868
225.5		0.310868
225.625		0.310868
225.75		0.310868
225.875		0.310868
226		0.310868
226.125		0.310868
226.25		0.310868
226.375		0.310868
226.5		0.310868
226.625		0.310868
226.75		0.310868
226.875		0.310868
227		0.310868
227.125		0.310868
227.25		0.310868
227.375		0.310868
227.5		0.310868
227.625		0.310868
227.75		0.310868
227.875		0.310868
228		0.310868
228.125		0.310868
228.25		0.310868
228.375		0.310868
228.5		0.310868
228.625		0.310868
228.75		0.310868
228.875		0.310868
229		0.310868
229.125		0.310868
229.25		0.310868
229.375		0.310868
229.5		0.310868
229.625		0.310868
229.75		0.310868
229.875		0.310868
230		0.310868
230.125		0.317351
230.25		0.317351
230.375		0.317351
230.5		0.317351
230.625		0.317351
230.75		0.317351
230.875		0.317351
231		0.317351
231.125		0.317351
231.25		0.317351
231.375		0.317351
231.5		0.317351
231.625		0.317351
231.75		0.317351
231.875		0.317351
232		0.317351
232.125		0.317351
232.25		0.317351
232.375		0.317351
232.5		0.317351
232.625		0.317351
232.75		0.317351
232.875		0.317351
233		0.317351
233.125		0.317351
233.25		0.317351
233.375		0.317351
233.5		0.317351
233.625		0.317351
233.75		0.317351
233.875		0.317351
234		0.317351
234.125		0.317351
234.25		0.317351
234.375		0.317351
234.5		0.317351
234.625		0.317351
234.75		0.317351
234.875		0.317351
235		0.317351
235.125		0.345967
235.25		0.345967
235.375		0.345967
235.5		0.345967
235.625		0.345967
235.75		0.345967
235.875		0.345967
236		0.345967
236.125		0.345967
236.25		0.345967
236.375		0.345967
236.5		0.345967
236.625		0.345967
236.75		0.345967
236.875		0.345967
237		0.345967
237.125		0.345967
237.25		0.345967
237.375		0.345967
237.5		0.345967
237.625		0.345967
237.75		0.345967
237.875		0.345967
238		0.345967
238.125		0.345967
238.25		0.345967
238.375		0.345967
238.5		0.345967
238.625		0.345967
238.75		0.345967
238.875		0.345967
239		0.345967
239.125		0.345967
239.25		0.345967
239.375		0.345967
239.5		0.345967
239.625		0.345967
239.75		0.345967
239.875		0.345967
240		0.345967
240.125		0.347252
240.25		0.347252
240.375		0.347252
240.5		0.347252
240.625		0.347252
240.75		0.347252
240.875		0.347252
241		0.347252
241.125		0.347252
241.25		0.347252
241.375		0.347252
241.5		0.347252
241.625		0.347252
241.75		0.347252
241.875		0.347252
242		0.347252
242.125		0.347252
242.25		0.347252
242.375		0.347252
242.5		0.347252
242.625		0.347252
242.75		0.347252
242.875		0.347252
243		0.347252
243.125		0.347252
243.25		0.347252
243.375		0.347252
243.5		0.347252
243.625		0.347252
243.75		0.347252
243.875		0.347252
244		0.347252
244.125		0.347252
244.25		0.347252
244.375		0.347252
244.5		0.347252
244.625		0.347252
244.75		0.347252
244.875		0.347252
245		0.347252
245.125		0.357531
245.25		0.357531
245.375		0.357531
245.5		0.357531
245.625		0.357531
245.75		0.357531
245.875		0.357531
246		0.357531
246.125		0.357531
246.25		0.357531
246.375		0.357531
246.5		0.357531
246.625		0.357531
246.75		0.357531
246.875		0.357531
247		0.357531
247.125		0.357531
247.25		0.357531
247.375		0.357531
247.5		0.357531
247.625		0.357531
247.75		0.357531
247.875		0.357531
248		0.357531
248.125		0.357531
248.25		0.357531
248.375		0.357531
248.5		0.357531
248.625		0.357531
248.75		0.357531
248.875		0.357531
249		0.357531
249.125		0.357531
249.25		0.357531
249.375		0.357531
249.5		0.357531
249.625		0.357531
249.75		0.357531
249.875		0.357531
250		0.357531
250.125		0.379957
250.25		0.379957
250.375		0.379957
250.5		0.379957
250.625		0.379957
250.75		0.379957
250.875		0.379957
251		0.379957
251.125		0.379957
251.25		0.379957
251.375		0.379957
251.5		0.379957
251.625		0.379957
251.75		0.379957
251.875		0.379957
252		0.379957
252.125		0.379957
252.25		0.379957
252.375		0.379957
252.5		0.379957
252.625		0.379957
252.75		0.379957
252.875		0.379957
253		0.379957
253.125		0.379957
253.25		0.379957
253.375		0.379957
253.5		0.379957
253.625		0.379957
253.75		0.379957
253.875		0.379957
254		0.379957
254.125		0.379957
254.25		0.379957
254.375		0.379957
254.5		0.379957
254.625		0.379957
254.75		0.379957
254.875		0.379957
255		0.379957
255.125		0.380541
255.25		0.380541
255.375		0.380541
255.5		0.380541
255.625		0.380541
255.75		0.380541
255.875		0.380541
256		0.380541
256.125		0.380541
256.25		0.380541
256.375		0.380541
256.5		0.380541
256.625		0.380541
256.75		0.380541
256.875		0.380541
257		0.380541
257.125		0.380541
257.25		0.380541
257.375		0.380541
257.5		0.380541
257.625		0.380541
257.75		0.380541
257.875		0.380541
258		0.380541
258.125		0.380541
258.25		0.380541
258.375		0.380541
258.5		0.380541
258.625		0.380541
258.75		0.380541
258.875		0.380541
259		0.380541
259.125		0.380541
259.25		0.380541
259.375		0.380541
259.5		0.380541
259.625		0.380541
259.75		0.380541
259.875		0.380541
260		0.380541
260.125		0.401156
260.25		0.401156
260.375		0.401156
260.5		0.401156
260.625		0.401156
260.75		0.401156
260.875		0.401156
261		0.401156
261.125		0.401156
261.25		0.401156
261.375		0.401156
261.5		0.401156
261.625		0.401156
261.75		0.401156
261.875		0.401156
262		0.401156
262.125		0.401156
262.25		0.401156
262.375		0.401156
262.5		0.401156
262.625		0.401156
262.75		0.401156
262.875		0.401156
263		0.401156
263.125		0.401156
263.25		0.401156
263.375		0.401156
263.5		0.401156
263.625		0.401156
263.75		0.401156
263.875		0.401156
264		0.401156
264.125		0.401156
264.25		0.401156
264.375		0.401156
264.5		0.401156
264.625		0.401156
264.75		0.401156
264.875		0.401156
265		0.401156
265.125		0.404894
265.25		0.404894
265.375		0.404894
265.5		0.404894
265.625		0.404894
265.75		0.404894
265.875		0.404894
266		0.404894
266.125		0.404894
266.25		0.404894
266.375		0.404894
266.5		0.404894
266.625		0.404894
266.75		0.404894
266.875		0.404894
267		0.404894
267.125		0.404894
267.25		0.404894
267.375		0.404894
267.5		0.404894
267.625		0.404894
267.75		0.404894
267.875		0.404894
268		0.404894
268.125		0.404894
268.25		0.404894
268.375		0.404894
268.5		0.404894
268.625		0.404894
268.75		0.404894
268.875		0.404894
269		0.404894
269.125		0.404894
269.25		0.404894
269.375		0.404894
269.5		0.404894
269.625		0.404894
269.75		0.404894
269.875		0.404894
270		0.404894
270.125		0.430357
270.25		0.430357
270.375		0.430357
270.5		0.430357
270.625		0.430357
270.75		0.430357
270.875		0.430357
271		0.430357
271.125		0.430357
271.25		0.430357
271.375		0.430357
271.5		0.430357
271.625		0.430357
271.75		0.430357
271.875		0.430357
272		0.430357
272.125		0.430357
272.25		0.430357
272.375		0.430357
272.5		0.430357
272.625		0.430357
272.75		0.430357
272.875		0.430357
273		0.430357
273.125		0.430357
273.25		0.430357
273.375		0.430357
273.5		0.430357
273.625		0.430357
273.75		0.430357
273.875		0.430357
274		0.430357
274.125		0.430357
274.25		0.430357
274.375		0.430357
274.5		0.430357
274.625		0.430357
274.75		0.430357
274.875		0.430357
275		0.430357
275.125		0.44776
275.25		0.44776
275.375		0.44776
275.5		0.44776
275.625		0.44776
275.75		0.44776
275.875		0.44776
276		0.44776
276.125		0.44776
276.25		0.44776
276.375		0.44776
276.5		0.44776
276.625		0.44776
276.75		0.44776
276.875		0.44776
277		0.44776
277.125		0.44776
277.25		0.44776
277.375		0.44776
277.5		0.44776
277.625		0.44776
277.75		0.44776
277.875		0.44776
278		0.44776
278.125		0.44776
278.25		0.44776
278.375		0.44776
278.5		0.44776
278.625		0.44776
278.75		0.44776
278.875		0.44776
279		0.44776
279.125		0.44776
279.25		0.44776
279.375		0.44776
279.5		0.44776
279.625		0.44776
279.75		0.44776
279.875		0.44776
280		0.44776
280.125		0.454827
280.25		0.454827
280.375		0.454827
280.5		0.454827
280.625		0.454827
280.75		0.454827
280.875		0.454827
281		0.454827
281.125		0.454827
281.25		0.454827
281.375		0.454827
281.5		0.454827
281.625		0.454827
281.75		0.454827
281.875		0.454827
282		0.454827
282.125		0.454827
282.25		0.454827
282.375		0.454827
282.5		0.454827
282.625		0.454827
282.75		0.454827
282.875		0.454827
283		0.454827
283.125		0.454827
283.25		0.454827
283.375		0.454827
283.5		0.454827
283.625		0.454827
283.75		0.454827
283.875		0.454827
284		0.454827
284.125		0.454827
284.25		0.454827
284.375		0.454827
284.5		0.454827
284.625		0.454827
284.75		0.454827
284.875		0.454827
285		0.454827
285.125		0.473048
285.25		0.473048
285.375		0.473048
285.5		0.473048
285.625		0.473048
285.75		0.473048
285.875		0.473048
286		0.473048
286.125		0.473048
286.25		0.473048
286.375		0.473048
286.5		0.473048
286.625		0.473048
286.75		0.473048
286.875		0.473048
287		0.473048
287.125		0.473048
287.25		0.473048
287.375		0.473048
287.5		0.473048
287.625		0.473048
287.75		0.473048
287.875		0.473048
288		0.473048
288.125		0.473048
288.25		0.473048
288.375		0.473048
288.5		0.473048
288.625		0.473048
288.75		0.473048
288.875		0.473048
289		0.473048
289.125		0.473048
289.25		0.473048
289.375		0.473048
289.5		0.473048
289.625		0.473048
289.75		0.473048
289.875		0.473048
290		0.473048
290.125		0.480056
290.25		0.480056
290.375		0.480056
290.5		0.480056
290.625		0.480056
290.75		0.480056
290.875		0.480056
291		0.480056
291.125		0.480056
291.25		0.480056
291.375		0.480056
291.5		0.480056
291.625		0.480056
291.75		0.480056
291.875		0.480056
292		0.480056
292.125		0.480056
292.25		0.480056
292.375		0.480056
292.5		0.480056
292.625		0.480056
292.75		0.480056
292.875		0.480056
293		0.480056
293.125		0.480056
293.25		0.480056
293.375		0.480056
293.5		0.480056
293.625		0.480056
293.75		0.480056
293.875		0.480056
294		0.480056
294.125		0.480056
294.25		0.480056
294.375		0.480056
294.5		0.480056
294.625		0.480056
294.75		0.480056
294.875		0.480056
295		0.480056
295.125		0.488816
295.25		0.488816
295.375		0.488816
295.5		0.488816
295.625		0.488816
295.75		0.488816
295.875		0.488816
296		0.488816
296.125		0.488816
296.25		0.488816
296.375		0.488816
296.5		0.488816
296.625		0.488816
296.75		0.488816
296.875		0.488816
297		0.488816
297.125		0.488816
297.25		0.488816
297.375		0.488816
297.5		0.488816
297.625		0.488816
297.75		0.488816
297.875		0.488816
298		0.488816
298.125		0.488816
298.25		0.488816
298.375		0.488816
298.5		0.488816
298.625		0.488816
298.75		0.488816
298.875		0.488816
299		0.488816
299.125		0.488816
299.25		0.488816
299.375		0.488816
299.5		0.488816
299.625		0.488816
299.75		0.488816
299.875		0.488816
300		0.488816
300.125		0.492729
300.25		0.492729
300.375		0.492729
300.5		0.492729
300.625		0.492729
300.75		0.492729
300.875		0.492729
301		0.492729
301.125		0.492729
301.25		0.492729
301.375		0.492729
301.5		0.492729
301.625		0.492729
301.75		0.492729
301.875		0.492729
302		0.492729
302.125		0.492729
302.25		0.492729
302.375		0.492729
302.5		0.492729
302.625		0.492729
302.75		0.492729
302.875		0.492729
303		0.492729
303.125		0.492729
303.25		0.492729
303.375		0.492729
303.5		0.492729
303.625		0.492729
303.75		0.492729
303.875		0.492729
304		0.492729
304.125		0.492729
304.25		0.492729
304.375		0.492729
304.5		0.492729
304.625		0.492729
304.75		0.492729
304.875		0.492729
305		0.492729
305.125		0.509432
305.25		0.509432
305.375		0.509432
305.5		0.509432
305.625		0.509432
305.75		0.509432
305.875		0.509432
306		0.509432
306.125		0.509432
306.25		0.509432
306.375		0.509432
306.5		0.509432
306.625		0.509432
306.75		0.509432
306.875		0.509432
307		0.509432
307.125		0.509432
307.25		0.509432
307.375		0.509432
307.5		0.509432
307.625		0.509432
307.75		0.509432
307.875		0.509432
308		0.509432
308.125		0.509432
308.25		0.509432
308.375		0.509432
308.5		0.509432
308.625		0.509432
308.75		0.509432
308.875		0.509432
309		0.509432
309.125		0.509432
309.25		0.509432
309.375		0.509432
309.5		0.509432
309.625		0.509432
309.75		0.509432
309.875		0.509432
310		0.509432
310.125		0.535362
310.25		0.535362
310.375		0.535362
310.5		0.535362
310.625		0.535362
310.75		0.535362
310.875		0.535362
311		0.535362
311.125		0.535362
311.25		0.535362
311.375		0.535362
311.5		0.535362
311.625		0.535362
311.75		0.535362
311.875		0.535362
312		0.535362
312.125		0.535362
312.25		0.535362
312.375		0.535362
312.5		0.535362
312.625		0.535362
312.75		0.535362
312.875		0.535362
313		0.535362
313.125		0.535362
313.25		0.535362
313.375		0.535362
313.5		0.535362
313.625		0.535362
313.75		0.535362
313.875		0.535362
314		0.535362
314.125		0.535362
314.25		0.535362
314.375		0.535362
314.5		0.535362
314.625		0.535362
314.75		0.535362
314.875		0.535362
315		0.535362
315.125		0.539567
315.25		0.539567
315.375		0.539567
315.5		0.539567
315.625		0.539567
315.75		0.539567
315.875		0.539567
316		0.539567
316.125		0.539567
316.25		0.539567
316.375		0.539567
316.5		0.539567
316.625		0.539567
316.75		0.539567
316.875		0.539567
317		0.539567
317.125		0.539567
317.25		0.539567
317.375		0.539567
317.5		0.539567
317.625		0.539567
317.75		0.539567
317.875		0.539567
318		0.539567
318.125		0.539567
318.25		0.539567
318.375		0.539567
318.5		0.539567
318.625		0.539567
318.75		0.539567
318.875		0.539567
319		0.539567
319.125		0.539567
319.25		0.539567
319.375		0.539567
319.5		0.539567
319.625		0.539567
319.75		0.539567
319.875		0.539567
320		0.539567
320.125		0.547918
320.25		0.547918
320.375		0.547918
320.5		0.547918
320.625		0.547918
320.75		0.547918
320.875		0.547918
321		0.547918
321.125		0.547918
321.25		0.547918
321.375		0.547918
321.5		0.547918
321.625		0.547918
321.75		0.547918
321.875		0.547918
322		0.547918
322.125		0.547918
322.25		0.547918
322.375		0.547918
322.5		0.547918
322.625		0.547918
322.75		0.547918
322.875		0.547918
323		0.547918
323.125		0.547918
323.25		0.547918
323.375		0.547918
323.5		0.547918
323.625		0.547918
323.75		0.547918
323.875		0.547918
324		0.547918
324.125		0.547918
324.25		0.547918
324.375		0.547918
324.5		0.547918
324.625		0.547918
324.75		0.547918
324.875		0.547918
325		0.547918
325.125		0.561
325.25		0.561
325.375		0.561
325.5		0.561
325.625		0.561
325.75		0.561
325.875		0.561
326		0.561
326.125		0.561
326.25		0.561
326.375		0.561
326.5		0.561
326.625		0.561
326.75		0.561
326.875		0.561
327		0.561
327.125		0.561
327.25		0.561
327.375		0.561
327.5		0.561
327.625		0.561
327.75		0.561
327.875		0.561
328		0.561
328.125		0.561
328.25		0.561
328.375		0.561
328.5		0.561
328.625		0.561
328.75		0.561
328.875		0.561
329		0.561
329.125		0.561
329.25		0.561
329.375		0.561
329.5		0.561
329.625		0.561
329.75		0.561
329.875		0.561
330		0.561
330.125		0.57379
330.25		0.57379
330.375		0.57379
330.5		0.57379
330.625		0.57379
330.75		0.57379
330.875		0.57379
331		0.57379
331.125		0.57379
331.25		0.57379
331.375		0.57379
331.5		0.57379
331.625		0.57379
331.75		0.57379
331.875		0.57379
332		0.57379
332.125		0.57379
332.25		0.57379
332.375		0.57379
332.5		0.57379
332.625		0.57379
332.75		0.57379
332.875		0.57379
333		0.57379
333.125		0.57379
333.25		0.57379
333.375		0.57379
333.5		0.57379
333.625		0.57379
333.75		0.57379
333.875		0.57379
334		0.57379
334.125		0.57379
334.25		0.57379
334.375		0.57379
334.5		0.57379
334.625		0.57379
334.75		0.57379
334.875		0.57379
335		0.57379
335.125		0.588039
335.25		0.588039
335.375		0.588039
335.5		0.588039
335.625		0.588039
335.75		0.588039
335.875		0.588039
336		0.588039
336.125		0.588039
336.25		0.588039
336.375		0.588039
336.5		0.588039
336.625		0.588039
336.75		0.588039
336.875		0.588039
337		0.588039
337.125		0.588039
337.25		0.588039
337.375		0.588039
337.5		0.588039
337.625		0.588039
337.75		0.588039
337.875		0.588039
338		0.588039
338.125		0.588039
338.25		0.588039
338.375		0.588039
338.5		0.588039
338.625		0.588039
338.75		0.588039
338.875		0.588039
339		0.588039
339.125		0.588039
339.25		0.588039
339.375		0.588039
339.5		0.588039
339.625		0.588039
339.75		0.588039
339.875		0.588039
340		0.588039
340.125		0.605501
340.25		0.605501
340.375		0.605501
340.5		0.605501
340.625		0.605501
340.75		0.605501
340.875		0.605501
341		0.605501
341.125		0.605501
341.25		0.605501
341.375		0.605501
341.5		0.605501
341.625		0.605501
341.75		0.605501
341.875		0.605501
342		0.605501
342.125		0.605501
342.25		0.605501
342.375		0.605501
342.5		0.605501
342.625		0.605501
342.75		0.605501
342.875		0.605501
343		0.605501
343.125		0.605501
343.25		0.605501
343.375		0.605501
343.5		0.605501
343.625		0.605501
343.75		0.605501
343.875		0.605501
344		0.605501
344.125		0.605501
344.25		0.605501
344.375		0.605501
344.5		0.605501
344.625		0.605501
344.75		0.605501
344.875		0.605501
345		0.605501
345.125		0.606669
345.25		0.606669
345.375		0.606669
345.5		0.606669
345.625		0.606669
345.75		0.606669
345.875		0.606669
346		0.606669
346.125		0.606669
346.25		0.606669
346.375		0.606669
346.5		0.606669
346.625		0.606669
346.75		0.606669
346.875		0.606669
347		0.606669
347.125		0.606669
347.25		0.606669
347.375		0.606669
347.5		0.606669
347.625		0.606669
347.75		0.606669
347.875		0.606669
348		0.606669
348.125		0.606669
348.25		0.606669
348.375		0.606669
348.5		0.606669
348.625		0.606669
348.75		0.606669
348.875		0.606669
349		0.606669
349.125		0.606669
349.25		0.606669
349.375		0.606669
349.5		0.606669
349.625		0.606669
349.75		0.606669
349.875		0.606669
350		0.606669
350.125		0.61905
350.25		0.61905
350.375		0.61905
350.5		0.61905
350.625		0.61905
350.75		0.61905
350.875		0.61905
351		0.61905
351.125		0.61905
351.25		0.61905
351.375		0.61905
351.5		0.61905
351.625		0.61905
351.75		0.61905
351.875		0.61905
352		0.61905
352.125		0.61905
352.25		0.61905
352.375		0.61905
352.5		0.61905
352.625		0.61905
352.75		0.61905
352.875		0.61905
353		0.61905
353.125		0.61905
353.25		0.61905
353.375		0.61905
353.5		0.61905
353.625		0.61905
353.75		0.61905
353.875		0.61905
354		0.61905
354.125		0.61905
354.25		0.61905
354.375		0.61905
354.5		0.61905
354.625		0.61905
354.75		0.61905
354.875		0.61905
355		0.61905
355.125		0.644864
355.25		0.644864
355.375		0.644864
355.5		0.644864
355.625		0.644864
355.75		0.644864
355.875		0.644864
356		0.644864
356.125		0.644864
356.25		0.644864
356.375		0.644864
356.5		0.644864
356.625		0.644864
356.75		0.644864
356.875		0.644864
357		0.644864
357.125		0.644864
357.25		0.644864
357.375		0.644864
357.5		0.644864
357.625		0.644864
357.75		0.644864
357.875		0.644864
358		0.644864
358.125		0.644864
358.25		0.644864
358.375		0.644864
358.5		0.644864
358.625		0.644864
358.75		0.644864
358.875		0.644864
359		0.644864
359.125		0.644864
359.25		0.644864
359.375		0.644864
359.5		0.644864
359.625		0.644864
359.75		0.644864
359.875		0.644864
360		0.644864
360.125		0.648952
360.25		0.648952
360.375		0.648952
360.5		0.648952
360.625		0.648952
360.75		0.648952
360.875		0.648952
361		0.648952
361.125		0.648952
361.25		0.648952
361.375		0.648952
361.5		0.648952
361.625		0.648952
361.75		0.648952
361.875		0.648952
362		0.648952
362.125		0.648952
362.25		0.648952
362.375		0.648952
362.5		0.648952
362.625		0.648952
362.75		0.648952
362.875		0.648952
363		0.648952
363.125		0.648952
363.25		0.648952
363.375		0.648952
363.5		0.648952
363.625		0.648952
363.75		0.648952
363.875		0.648952
364		0.648952
364.125		0.648952
364.25		0.648952
364.375		0.648952
364.5		0.648952
364.625		0.648952
364.75		0.648952
364.875		0.648952
365		0.648952
365.125		0.65742
365.25		0.65742
365.375		0.65742
365.5		0.65742
365.625		0.65742
365.75		0.65742
365.875		0.65742
366		0.65742
366.125		0.65742
366.25		0.65742
366.375		0.65742
366.5		0.65742
366.625		0.65742
366.75		0.65742
366.875		0.65742
367		0.65742
367.125		0.65742
367.25		0.65742
367.375		0.65742
367.5		0.65742
367.625		0.65742
367.75		0.65742
367.875		0.65742
368		0.65742
368.125		0.65742
368.25		0.65742
368.375		0.65742
368.5		0.65742
368.625		0.65742
368.75		0.65742
368.875		0.65742
369		0.65742
369.125		0.65742
369.25		0.65742
369.375		0.65742
369.5		0.65742
369.625		0.65742
369.75		0.65742
369.875		0.65742
370		0.65742
370.125		0.677802
370.25		0.677802
370.375		0.677802
370.5		0.677802
370.625		0.677802
370.75		0.677802
370.875		0.677802
371		0.677802
371.125		0.677802
371.25		0.677802
371.375		0.677802
371.5		0.677802
371.625		0.677802
371.75		0.677802
371.875		0.677802
372		0.677802
372.125		0.677802
372.25		0.677802
372.375		0.677802
372.5		0.677802
372.625		0.677802
372.75		0.677802
372.875		0.677802
373		0.677802
373.125		0.677802
373.25		0.677802
373.375		0.677802
373.5		0.677802
373.625		0.677802
373.75		0.677802
373.875		0.677802
374		0.677802
374.125		0.677802
374.25		0.677802
374.375		0.677802
374.5		0.677802
374.625		0.677802
374.75		0.677802
374.875		0.677802
375		0.677802
375.125		0.697775
375.25		0.697775
375.375		0.697775
375.5		0.697775
375.625		0.697775
375.75		0.697775
375.875		0.697775
376		0.697775
376.125		0.697775
376.25		0.697775
376.375		0.697775
376.5		0.697775
376.625		0.697775
376.75		0.697775
376.875		0.697775
377		0.697775
377.125		0.697775
377.25		0.697775
377.375		0.697775
377.5		0.697775
377.625		0.697775
377.75		0.697775
377.875		0.697775
378		0.697775
378.125		0.697775
378.25		0.697775
378.375		0.697775
378.5		0.697775
378.625		0.697775
378.75		0.697775
378.875		0.697775
379		0.697775
379.125		0.697775
379.25		0.697775
379.375		0.697775
379.5		0.697775
379.625		0.697775
379.75		0.697775
379.875		0.697775
380		0.697775
380.125		0.70782
380.25		0.70782
380.375		0.70782
380.5		0.70782
380.625		0.70782
380.75		0.70782
380.875		0.70782
381		0.70782
381.125		0.70782
381.25		0.70782
381.375		0.70782
381.5		0.70782
381.625		0.70782
381.75		0.70782
381.875		0.70782
382		0.70782
382.125		0.70782
382.25		0.70782
382.375		0.70782
382.5		0.70782
382.625		0.70782
382.75		0.70782
382.875		0.70782
383		0.70782
383.125		0.70782
383.25		0.70782
383.375		0.70782
383.5		0.70782
383.625		0.70782
383.75		0.70782
383.875		0.70782
384		0.70782
384.125		0.70782
384.25		0.70782
384.375		0.70782
384.5		0.70782
384.625		0.70782
384.75		0.70782
384.875		0.70782
385		0.70782
385.125		0.716346
385.25		0.716346
385.375		0.716346
385.5		0.716346
385.625		0.716346
385.75		0.716346
385.875		0.716346
386		0.716346
386.125		0.716346
386.25		0.716346
386.375		0.716346
386.5		0.716346
386.625		0.716346
386.75		0.716346
386.875		0.716346
387		0.716346
387.125		0.716346
387.25		0.716346
387.375		0.716346
387.5		0.716346
387.625		0.716346
387.75		0.716346
387.875		0.716346
388		0.716346
388.125		0.716346
388.25		0.716346
388.375		0.716346
388.5		0.716346
388.625		0.716346
388.75		0.716346
388.875		0.716346
389		0.716346
389.125		0.716346
389.25		0.716346
389.375		0.716346
389.5		0.716346
389.625		0.716346
389.75		0.716346
389.875		0.716346
390		0.716346
390.125		0.743678
390.25		0.743678
390.375		0.743678
390.5		0.743678
390.625		0.743678
390.75		0.743678
390.875		0.743678
391		0.743678
391.125		0.743678
391.25		0.743678
391.375		0.743678
391.5		0.743678
391.625		0.743678
391.75		0.743678
391.875		0.743678
392		0.743678
392.125		0.743678
392.25		0.743678
392.375		0.743678
392.5		0.743678
392.625		0.743678
392.75		0.743678
392.875		0.743678
393		0.743678
393.125		0.743678
393.25		0.743678
393.375		0.743678
393.5		0.743678
393.625		0.743678
393.75		0.743678
393.875		0.743678
394		0.743678
394.125		0.743678
394.25		0.743678
394.375		0.743678
394.5		0.743678
394.625		0.743678
394.75		0.743678
394.875		0.743678
395		0.743678
395.125		0.744496
395.25		0.744496
395.375		0.744496
395.5		0.744496
395.625		0.744496
395.75		0.744496
395.875		0.744496
396		0.744496
396.125		0.744496
396.25		0.744496
396.375		0.744496
396.5		0.744496
396.625		0.744496
396.75		0.744496
396.875		0.744496
397		0.744496
397.125		0.744496
397.25		0.744496
397.375		0.744496
397.5		0.744496
397.625		0.744496
397.75		0.744496
397.875		0.744496
398		0.744496
398.125		0.744496
398.25		0.744496
398.375		0.744496
398.5		0.744496
398.625		0.744496
398.75		0.744496
398.875		0.744496
399		0.744496
399.125		0.744496
399.25		0.744496
399.375		0.744496
399.5		0.744496
399.625		0.744496
399.75		0.744496
399.875		0.744496
400		0.744496
400.125		0.772236
400.25		0.772236
400.375		0.772236
400.5		0.772236
400.625		0.772236
400.75		0.772236
400.875		0.772236
401		0.772236
401.125		0.772236
401.25		0.772236
401.375		0.772236
401.5		0.772236
401.625		0.772236
401.75		0.772236
401.875		0.772236
402		0.772236
402.125		0.772236
402.25		0.772236
402.375		0.772236
402.5		0.772236
402.625		0.772236
402.75		0.772236
402.875		0.772236
403		0.772236
403.125		0.772236
403.25		0.772236
403.375		0.772236
403.5		0.772236
403.625		0.772236
403.75		0.772236
403.875		0.772236
404		0.772236
404.125		0.772236
404.25		0.772236
404.375		0.772236
404.5		0.772236
404.625		0.772236
404.75		0.772236
404.875		0.772236
405		0.772236
405.125		0.787946
405.25		0.787946
405.375		0.787946
405.5		0.787946
405.625		0.787946
405.75		0.787946
405.875		0.787946
406		0.787946
406.125		0.787946
406.25		0.787946
406.375		0.787946
406.5		0.787946
406.625		0.787946
406.75		0.787946
406.875		0.787946
407		0.787946
407.125		0.787946
407.25		0.787946
407.375		0.787946
407.5		0.787946
407.625		0.787946
407.75		0.787946
407.875		0.787946
408		0.787946
408.125		0.787946
408.25		0.787946
408.375		0.787946
408.5		0.787946
408.625		0.787946
408.75		0.787946
408.875		0.787946
409		0.787946
409.125		0.787946
409.25		0.787946
409.375		0.787946
409.5		0.787946
409.625		0.787946
409.75		0.787946
409.875		0.787946
410		0.787946
410.125		0.793085
410.25		0.793085
410.375		0.793085
410.5		0.793085
410.625		0.793085
410.75		0.793085
410.875		0.793085
411		0.793085
411.125		0.793085
411.25		0.793085
411.375		0.793085
411.5		0.793085
411.625		0.793085
411.75		0.793085
411.875		0.793085
412		0.793085
412.125		0.793085
412.25		0.793085
412.375		0.793085
412.5		0.793085
412.625		0.793085
412.75		0.793085
412.875		0.793085
413		0.793085
413.125		0.793085
413.25		0.793085
413.375		0.793085
413.5		0.793085
413.625		0.793085
413.75		0.793085
413.875		0.793085
414		0.793085
414.125		0.793085
414.25		0.793085
414.375		0.793085
414.5		0.793085
414.625		0.793085
414.75		0.793085
414.875		0.793085
415		0.793085
415.125		0.799276
415.25		0.799276
415.375		0.799276
415.5		0.799276
415.625		0.799276
415.75		0.799276
415.875		0.799276
416		0.799276
416.125		0.799276
416.25		0.799276
416.375		0.799276
416.5		0.799276
416.625		0.799276
416.75		0.799276
416.875		0.799276
417		0.799276
417.125		0.799276
417.25		0.799276
417.375		0.799276
417.5		0.799276
417.625		0.799276
417.75		0.799276
417.875		0.799276
418		0.799276
418.125		0.799276
418.25		0.799276
418.375		0.799276
418.5		0.799276
418.625		0.799276
418.75		0.799276
418.875		0.799276
419		0.799276
419.125		0.799276
419.25		0.799276
419.375		0.799276
419.5		0.799276
419.625		0.799276
419.75		0.799276
419.875		0.799276
420		0.799276
420.125		0.803831
420.25		0.803831
420.375		0.803831
420.5		0.803831
420.625		0.803831
420.75		0.803831
420.875		0.803831
421		0.803831
421.125		0.803831
421.25		0.803831
421.375		0.803831
421.5		0.803831
421.625		0.803831
421.75		0.803831
421.875		0.803831
422		0.803831
422.125		0.803831
422.25		0.803831
422.375		0.803831
422.5		0.803831
422.625		0.803831
422.75		0.803831
422.875		0.803831
423		0.803831
423.125		0.803831
423.25		0.803831
423.375		0.803831
423.5		0.803831
423.625		0.803831
423.75		0.803831
423.875		0.803831
424		0.803831
424.125		0.803831
424.25		0.803831
424.375		0.803831
424.5		0.803831
424.625		0.803831
424.75		0.803831
424.875		0.803831
425		0.803831
425.125		0.808678
425.25		0.808678
425.375		0.808678
425.5		0.808678
425.625		0.808678
425.75		0.808678
425.875		0.808678
426		0.808678
426.125		0.808678
426.25		0.808678
426.375		0.808678
426.5		0.808678
426.625		0.808678
426.75		0.808678
426.875		0.808678
427		0.808678
427.125		0.808678
427.25		0.808678
427.375		0.808678
427.5		0.808678
427.625		0.808678
427.75		0.808678
427.875		0.808678
428		0.808678
428.125		0.808678
428.25		0.808678
428.375		0.808678
428.5		0.808678
428.625		0.808678
428.75		0.808678
428.875		0.808678
429		0.808678
429.125		0.808678
429.25		0.808678
429.375		0.808678
429.5		0.808678
429.625		0.808678
429.75		0.808678
429.875		0.808678
430		0.808678
430.125		0.836536
430.25		0.836536
430.375		0.836536
430.5		0.836536
430.625		0.836536
430.75		0.836536
430.875		0.836536
431		0.836536
431.125		0.836536
431.25		0.836536
431.375		0.836536
431.5		0.836536
431.625		0.836536
431.75		0.836536
431.875		0.836536
432		0.836536
432.125		0.836536
432.25		0.836536
432.375		0.836536
432.5		0.836536
432.625		0.836536
432.75		0.836536
432.875		0.836536
433		0.836536
433.125		0.836536
433.25		0.836536
433.375		0.836536
433.5		0.836536
433.625		0.836536
433.75		0.836536
433.875		0.836536
434		0.836536
434.125		0.836536
434.25		0.836536
434.375		0.836536
434.5		0.836536
434.625		0.836536
434.75		0.836536
434.875		0.836536
435		0.836536
435.125		0.857326
435.25		0.857326
435.375		0.857326
435.5		0.857326
435.625		0.857326
435.75		0.857326
435.875		0.857326
436		0.857326
436.125		0.857326
436.25		0.857326
436.375		0.857326
436.5		0.857326
436.625		0.857326
436.75		0.857326
436.875		0.857326
437		0.857326
437.125		0.857326
437.25		0.857326
437.375		0.857326
437.5		0.857326
437.625		0.857326
437.75		0.857326
437.875		0.857326
438		0.857326
438.125		0.857326
438.25		0.857326
438.375		0.857326
438.5		0.857326
438.625		0.857326
438.75		0.857326
438.875		0.857326
439		0.857326
439.125		0.857326
439.25		0.857326
439.375		0.857326
439.5		0.857326
439.625		0.857326
439.75		0.857326
439.875		0.857326
440		0.857326
440.125		0.860947
440.25		0.860947
440.375		0.860947
440.5		0.860947
440.625		0.860947
440.75		0.860947
440.875		0.860947
441		0.860947
441.125		0.860947
441.25		0.860947
441.375		0.860947
441.5		0.860947
441.625		0.860947
441.75		0.860947
441.875		0.860947
442		0.860947
442.125		0.860947
442.25		0.860947
442.375		0.860947
442.5		0.860947
442.625		0.860947
442.75		0.860947
442.875		0.860947
443		0.860947
443.125		0.860947
443.25		0.860947
443.375		0.860947
443.5		0.860947
443.625		0.860947
443.75		0.860947
443.875		0.860947
444		0.860947
444.125		0.860947
444.25		0.860947
444.375		0.860947
444.5		0.860947
444.625		0.860947
444.75		0.860947
444.875		0.860947
445		0.860947
445.125		0.862115
445.25		0.862115
445.375		0.862115
445.5		0.862115
445.625		0.862115
445.75		0.862115
445.875		0.862115
446		0.862115
446.125		0.862115
446.25		0.862115
446.375		0.862115
446.5		0.862115
446.625		0.862115
446.75		0.862115
446.875		0.862115
447		0.862115
447.125		0.862115
447.25		0.862115
447.375		0.862115
447.5		0.862115
447.625		0.862115
447.75		0.862115
447.875		0.862115
448		0.862115
448.125		0.862115
448.25		0.862115
448.375		0.862115
448.5		0.862115
448.625		0.862115
448.75		0.862115
448.875		0.862115
449		0.862115
449.125		0.862115
449.25		0.862115
449.375		0.862115
449.5		0.862115
449.625		0.862115
449.75		0.862115
449.875		0.862115
450		0.862115
450.125		0.881096
450.25		0.881096
450.375		0.881096
450.5		0.881096
450.625		0.881096
450.75		0.881096
450.875		0.881096
451		0.881096
451.125		0.881096
451.25		0.881096
451.375		0.881096
451.5		0.881096
451.625		0.881096
451.75		0.881096
451.875		0.881096
452		0.881096
452.125		0.881096
452.25		0.881096
452.375		0.881096
452.5		0.881096
452.625		0.881096
452.75		0.881096
452.875		0.881096
453		0.881096
453.125		0.881096
453.25		0.881096
453.375		0.881096
453.5		0.881096
453.625		0.881096
453.75		0.881096
453.875		0.881096
454		0.881096
454.125		0.881096
454.25		0.881096
454.375		0.881096
454.5		0.881096
454.625		0.881096
454.75		0.881096
454.875		0.881096
455		0.881096
455.125		0.900076
455.25		0.900076
455.375		0.900076
455.5		0.900076
455.625		0.900076
455.75		0.900076
455.875		0.900076
456		0.900076
456.125		0.900076
456.25		0.900076
456.375		0.900076
456.5		0.900076
456.625		0.900076
456.75		0.900076
456.875		0.900076
457		0.900076
457.125		0.900076
457.25		0.900076
457.375		0.900076
457.5		0.900076
457.625		0.900076
457.75		0.900076
457.875		0.900076
458		0.900076
458.125		0.900076
458.25		0.900076
458.375		0.900076
458.5		0.900076
458.625		0.900076
458.75		0.900076
458.875		0.900076
459		0.900076
459.125		0.900076
459.25		0.900076
459.375		0.900076
459.5		0.900076
459.625		0.900076
459.75		0.900076
459.875		0.900076
460		0.900076
460.125		0.921217
460.25		0.921217
460.375		0.921217
460.5		0.921217
460.625		0.921217
460.75		0.921217
460.875		0.921217
461		0.921217
461.125		0.921217
461.25		0.921217
461.375		0.921217
461.5		0.921217
461.625		0.921217
461.75		0.921217
461.875		0.921217
462		0.921217
462.125		0.921217
462.25		0.921217
462.375		0.921217
462.5		0.921217
462.625		0.921217
462.75		0.921217
462.875		0.921217
463		0.921217
463.125		0.921217
463.25		0.921217
463.375		0.921217
463.5		0.921217
463.625		0.921217
463.75		0.921217
463.875		0.921217
464		0.921217
464.125		0.921217
464.25		0.921217
464.375		0.921217
464.5		0.921217
464.625		0.921217
464.75		0.921217
464.875		0.921217
465		0.921217
465.125		0.922619
465.25		0.922619
465.375		0.922619
465.5		0.922619
465.625		0.922619
465.75		0.922619
465.875		0.922619
466		0.922619
466.125		0.922619
466.25		0.922619
466.375		0.922619
466.5		0.922619
466.625		0.922619
466.75		0.922619
466.875		0.922619
467		0.922619
467.125		0.922619
467.25		0.922619
467.375		0.922619
467.5		0.922619
467.625		0.922619
467.75		0.922619
467.875		0.922619
468		0.922619
468.125		0.922619
468.25		0.922619
468.375		0.922619
468.5		0.922619
468.625		0.922619
468.75		0.922619
468.875		0.922619
469		0.922619
469.125		0.922619
469.25		0.922619
469.375		0.922619
469.5		0.922619
469.625		0.922619
469.75		0.922619
469.875		0.922619
470		0.922619
470.125		0.935175
470.25		0.935175
470.375		0.935175
470.5		0.935175
470.625		0.935175
470.75		0.935175
470.875		0.935175
471		0.935175
471.125		0.935175
471.25		0.935175
471.375		0.935175
471.5		0.935175
471.625		0.935175
471.75		0.935175
471.875		0.935175
472		0.935175
472.125		0.935175
472.25		0.935175
472.375		0.935175
472.5		0.935175
472.625		0.935175
472.75		0.935175
472.875		0.935175
473		0.935175
473.125		0.935175
473.25		0.935175
473.375		0.935175
473.5		0.935175
473.625		0.935175
473.75		0.935175
473.875		0.935175
474		0.935175
474.125		0.935175
474.25		0.935175
474.375		0.935175
474.5		0.935175
474.625		0.935175
474.75		0.935175
474.875		0.935175
475		0.935175
475.125		0.94265
475.25		0.94265
475.375		0.94265
475.5		0.94265
475.625		0.94265
475.75		0.94265
475.875		0.94265
476		0.94265
476.125		0.94265
476.25		0.94265
476.375		0.94265
476.5		0.94265
476.625		0.94265
476.75		0.94265
476.875		0.94265
477		0.94265
477.125		0.94265
477.25		0.94265
477.375		0.94265
477.5		0.94265
477.625		0.94265
477.75		0.94265
477.875		0.94265
478		0.94265
478.125		0.94265
478.25		0.94265
478.375		0.94265
478.5		0.94265
478.625		0.94265
478.75		0.94265
478.875		0.94265
479		0.94265
479.125		0.94265
479.25		0.94265
479.375		0.94265
479.5		0.94265
479.625		0.94265
479.75		0.94265
479.875		0.94265
480		0.94265
480.125		0.971909
480.25		0.971909
480.375		0.971909
480.5		0.971909
480.625		0.971909
480.75		0.971909
480.875		0.971909
481		0.971909
481.125		0.971909
481.25		0.971909
481.375		0.971909
481.5		0.971909
481.625		0.971909
481.75		0.971909
481.875		0.971909
482		0.971909
482.125		0.971909
482.25		0.971909
482.375		0.971909
482.5		0.971909
482.625		0.971909
482.75		0.971909
482.875		0.971909
483		0.971909
483.125		0.971909
483.25		0.971909
483.375		0.971909
483.5		0.971909
483.625		0.971909
483.75		0.971909
483.875		0.971909
484		0.971909
484.125		0.971909
484.25		0.971909
484.375		0.971909
484.5		0.971909
484.625		0.971909
484.75		0.971909
484.875		0.971909
485		0.971909
485.125		0.986568
485.25		0.986568
485.375		0.986568
485.5		0.986568
485.625		0.986568
485.75		0.986568
485.875		0.986568
486		0.986568
486.125		0.986568
486.25		0.986568
486.375		0.986568
486.5		0.986568
486.625		0.986568
486.75		0.986568
486.875		0.986568
487		0.986568
487.125		0.986568
487.25		0.986568
487.375		0.986568
487.5		0.986568
487.625		0.986568
487.75		0.986568
487.875		0.986568
488		0.986568
488.125		0.986568
488.25		0.986568
488.375		0.986568
488.5		0.986568
488.625		0.986568
488.75		0.986568
488.875		0.986568
489		0.986568
489.125		0.986568
489.25		0.986568
489.375		0.986568
489.5		0.986568
489.625		0.986568
489.75		0.986568
489.875		0.986568
490		0.986568
490.125		0.994978
490.25		0.994978
490.375		0.994978
490.5		0.994978
490.625		0.994978
490.75		0.994978
490.875		0.994978
491		0.994978
491.125		0.994978
491.25		0.994978
491.375		0.994978
491.5		0.994978
491.625		0.994978
491.75		0.994978
491.875		0.994978
492		0.994978
492.125		0.994978
492.25		0.994978
492.375		0.994978
492.5		0.994978
492.625		0.994978
492.75		0.994978
492.875		0.994978
493		0.994978
493.125		0.994978
493.25		0.994978
493.375		0.994978
493.5		0.994978
493.625		0.994978
493.75		0.994978
493.875		0.994978
494		0.994978
494.125		0.994978
494.25		0.994978
494.375		0.994978
494.5		0.994978
494.625		0.994978
494.75		0.994978
494.875		0.994978
495		0.994978
495.125		1
495.25		1
495.375		1
495.5		1
495.625		1
495.75		1
495.875		1
496		1
496.125		1
496.25		1
496.375		1
496.5		1
496.625		1
496.75		1
496.875		1
497		1
497.125		1
497.25		1
497.375		1
497.5		1
497.625		1
497.75		1
497.875		1
498		1
498.125		1
498.25		1
498.375		1
498.5		1
498.625		1
498.75		1
498.875		1
499		1
499.125		1
499.25		1
499.375		1
499.5		1
499.625		1
499.75		1
499.875		1
500		1
