# Calibration file of tamex_id 1 @ channel 22
# fine_T bin		 Calibration value
0.125		0
0.25		0
0.375		0
0.5		0
0.625		0
0.75		0
0.875		0
1		0
1.125		0
1.25		0
1.375		0
1.5		0
1.625		0
1.75		0
1.875		0
2		0
2.125		0
2.25		0
2.375		0
2.5		0
2.625		0
2.75		0
2.875		0
3		0
3.125		0
3.25		0
3.375		0
3.5		0
3.625		0
3.75		0
3.875		0
4		0
4.125		0
4.25		0
4.375		0
4.5		0
4.625		0
4.75		0
4.875		0
5		0
5.125		0
5.25		0
5.375		0
5.5		0
5.625		0
5.75		0
5.875		0
6		0
6.125		0
6.25		0
6.375		0
6.5		0
6.625		0
6.75		0
6.875		0
7		0
7.125		0
7.25		0
7.375		0
7.5		0
7.625		0
7.75		0
7.875		0
8		0
8.125		0
8.25		0
8.375		0
8.5		0
8.625		0
8.75		0
8.875		0
9		0
9.125		0
9.25		0
9.375		0
9.5		0
9.625		0
9.75		0
9.875		0
10		0
10.125		0
10.25		0
10.375		0
10.5		0
10.625		0
10.75		0
10.875		0
11		0
11.125		0
11.25		0
11.375		0
11.5		0
11.625		0
11.75		0
11.875		0
12		0
12.125		0
12.25		0
12.375		0
12.5		0
12.625		0
12.75		0
12.875		0
13		0
13.125		0
13.25		0
13.375		0
13.5		0
13.625		0
13.75		0
13.875		0
14		0
14.125		0
14.25		0
14.375		0
14.5		0
14.625		0
14.75		0
14.875		0
15		0
15.125		0
15.25		0
15.375		0
15.5		0
15.625		0
15.75		0
15.875		0
16		0
16.125		0
16.25		0
16.375		0
16.5		0
16.625		0
16.75		0
16.875		0
17		0
17.125		0
17.25		0
17.375		0
17.5		0
17.625		0
17.75		0
17.875		0
18		0
18.125		0
18.25		0
18.375		0
18.5		0
18.625		0
18.75		0
18.875		0
19		0
19.125		0
19.25		0
19.375		0
19.5		0
19.625		0
19.75		0
19.875		0
20		0
20.125		0
20.25		0
20.375		0
20.5		0
20.625		0
20.75		0
20.875		0
21		0
21.125		0
21.25		0
21.375		0
21.5		0
21.625		0
21.75		0
21.875		0
22		0
22.125		0
22.25		0
22.375		0
22.5		0
22.625		0
22.75		0
22.875		0
23		0
23.125		0
23.25		0
23.375		0
23.5		0
23.625		0
23.75		0
23.875		0
24		0
24.125		0
24.25		0
24.375		0
24.5		0
24.625		0
24.75		0
24.875		0
25		0
25.125		0
25.25		0
25.375		0
25.5		0
25.625		0
25.75		0
25.875		0
26		0
26.125		0
26.25		0
26.375		0
26.5		0
26.625		0
26.75		0
26.875		0
27		0
27.125		0
27.25		0
27.375		0
27.5		0
27.625		0
27.75		0
27.875		0
28		0
28.125		0
28.25		0
28.375		0
28.5		0
28.625		0
28.75		0
28.875		0
29		0
29.125		0
29.25		0
29.375		0
29.5		0
29.625		0
29.75		0
29.875		0
30		0
30.125		0
30.25		0
30.375		0
30.5		0
30.625		0
30.75		0
30.875		0
31		0
31.125		0
31.25		0
31.375		0
31.5		0
31.625		0
31.75		0
31.875		0
32		0
32.125		0
32.25		0
32.375		0
32.5		0
32.625		0
32.75		0
32.875		0
33		0
33.125		0
33.25		0
33.375		0
33.5		0
33.625		0
33.75		0
33.875		0
34		0
34.125		0
34.25		0
34.375		0
34.5		0
34.625		0
34.75		0
34.875		0
35		0
35.125		0
35.25		0
35.375		0
35.5		0
35.625		0
35.75		0
35.875		0
36		0
36.125		0
36.25		0
36.375		0
36.5		0
36.625		0
36.75		0
36.875		0
37		0
37.125		0
37.25		0
37.375		0
37.5		0
37.625		0
37.75		0
37.875		0
38		0
38.125		0
38.25		0
38.375		0
38.5		0
38.625		0
38.75		0
38.875		0
39		0
39.125		0
39.25		0
39.375		0
39.5		0
39.625		0
39.75		0
39.875		0
40		0
40.125		0
40.25		0
40.375		0
40.5		0
40.625		0
40.75		0
40.875		0
41		0
41.125		0
41.25		0
41.375		0
41.5		0
41.625		0
41.75		0
41.875		0
42		0
42.125		0
42.25		0
42.375		0
42.5		0
42.625		0
42.75		0
42.875		0
43		0
43.125		0
43.25		0
43.375		0
43.5		0
43.625		0
43.75		0
43.875		0
44		0
44.125		0
44.25		0
44.375		0
44.5		0
44.625		0
44.75		0
44.875		0
45		0
45.125		0
45.25		0
45.375		0
45.5		0
45.625		0
45.75		0
45.875		0
46		0
46.125		0
46.25		0
46.375		0
46.5		0
46.625		0
46.75		0
46.875		0
47		0
47.125		0
47.25		0
47.375		0
47.5		0
47.625		0
47.75		0
47.875		0
48		0
48.125		0
48.25		0
48.375		0
48.5		0
48.625		0
48.75		0
48.875		0
49		0
49.125		0
49.25		0
49.375		0
49.5		0
49.625		0
49.75		0
49.875		0
50		0
50.125		0
50.25		0
50.375		0
50.5		0
50.625		0
50.75		0
50.875		0
51		0
51.125		0
51.25		0
51.375		0
51.5		0
51.625		0
51.75		0
51.875		0
52		0
52.125		0
52.25		0
52.375		0
52.5		0
52.625		0
52.75		0
52.875		0
53		0
53.125		0
53.25		0
53.375		0
53.5		0
53.625		0
53.75		0
53.875		0
54		0
54.125		0
54.25		0
54.375		0
54.5		0
54.625		0
54.75		0
54.875		0
55		0
55.125		0
55.25		0
55.375		0
55.5		0
55.625		0
55.75		0
55.875		0
56		0
56.125		0
56.25		0
56.375		0
56.5		0
56.625		0
56.75		0
56.875		0
57		0
57.125		0
57.25		0
57.375		0
57.5		0
57.625		0
57.75		0
57.875		0
58		0
58.125		0
58.25		0
58.375		0
58.5		0
58.625		0
58.75		0
58.875		0
59		0
59.125		0
59.25		0
59.375		0
59.5		0
59.625		0
59.75		0
59.875		0
60		0
60.125		0
60.25		0
60.375		0
60.5		0
60.625		0
60.75		0
60.875		0
61		0
61.125		0
61.25		0
61.375		0
61.5		0
61.625		0
61.75		0
61.875		0
62		0
62.125		0
62.25		0
62.375		0
62.5		0
62.625		0
62.75		0
62.875		0
63		0
63.125		0
63.25		0
63.375		0
63.5		0
63.625		0
63.75		0
63.875		0
64		0
64.125		0
64.25		0
64.375		0
64.5		0
64.625		0
64.75		0
64.875		0
65		0
65.125		0
65.25		0
65.375		0
65.5		0
65.625		0
65.75		0
65.875		0
66		0
66.125		0
66.25		0
66.375		0
66.5		0
66.625		0
66.75		0
66.875		0
67		0
67.125		0
67.25		0
67.375		0
67.5		0
67.625		0
67.75		0
67.875		0
68		0
68.125		0
68.25		0
68.375		0
68.5		0
68.625		0
68.75		0
68.875		0
69		0
69.125		0
69.25		0
69.375		0
69.5		0
69.625		0
69.75		0
69.875		0
70		0
70.125		0
70.25		0
70.375		0
70.5		0
70.625		0
70.75		0
70.875		0
71		0
71.125		0
71.25		0
71.375		0
71.5		0
71.625		0
71.75		0
71.875		0
72		0
72.125		0
72.25		0
72.375		0
72.5		0
72.625		0
72.75		0
72.875		0
73		0
73.125		0
73.25		0
73.375		0
73.5		0
73.625		0
73.75		0
73.875		0
74		0
74.125		0
74.25		0
74.375		0
74.5		0
74.625		0
74.75		0
74.875		0
75		0
75.125		0
75.25		0
75.375		0
75.5		0
75.625		0
75.75		0
75.875		0
76		0
76.125		0
76.25		0
76.375		0
76.5		0
76.625		0
76.75		0
76.875		0
77		0
77.125		0
77.25		0
77.375		0
77.5		0
77.625		0
77.75		0
77.875		0
78		0
78.125		0
78.25		0
78.375		0
78.5		0
78.625		0
78.75		0
78.875		0
79		0
79.125		0
79.25		0
79.375		0
79.5		0
79.625		0
79.75		0
79.875		0
80		0
80.125		0.0231156
80.25		0.0231156
80.375		0.0231156
80.5		0.0231156
80.625		0.0231156
80.75		0.0231156
80.875		0.0231156
81		0.0231156
81.125		0.0231156
81.25		0.0231156
81.375		0.0231156
81.5		0.0231156
81.625		0.0231156
81.75		0.0231156
81.875		0.0231156
82		0.0231156
82.125		0.0231156
82.25		0.0231156
82.375		0.0231156
82.5		0.0231156
82.625		0.0231156
82.75		0.0231156
82.875		0.0231156
83		0.0231156
83.125		0.0231156
83.25		0.0231156
83.375		0.0231156
83.5		0.0231156
83.625		0.0231156
83.75		0.0231156
83.875		0.0231156
84		0.0231156
84.125		0.0231156
84.25		0.0231156
84.375		0.0231156
84.5		0.0231156
84.625		0.0231156
84.75		0.0231156
84.875		0.0231156
85		0.0231156
85.125		0.0536013
85.25		0.0536013
85.375		0.0536013
85.5		0.0536013
85.625		0.0536013
85.75		0.0536013
85.875		0.0536013
86		0.0536013
86.125		0.0536013
86.25		0.0536013
86.375		0.0536013
86.5		0.0536013
86.625		0.0536013
86.75		0.0536013
86.875		0.0536013
87		0.0536013
87.125		0.0536013
87.25		0.0536013
87.375		0.0536013
87.5		0.0536013
87.625		0.0536013
87.75		0.0536013
87.875		0.0536013
88		0.0536013
88.125		0.0536013
88.25		0.0536013
88.375		0.0536013
88.5		0.0536013
88.625		0.0536013
88.75		0.0536013
88.875		0.0536013
89		0.0536013
89.125		0.0536013
89.25		0.0536013
89.375		0.0536013
89.5		0.0536013
89.625		0.0536013
89.75		0.0536013
89.875		0.0536013
90		0.0536013
90.125		0.0542714
90.25		0.0542714
90.375		0.0542714
90.5		0.0542714
90.625		0.0542714
90.75		0.0542714
90.875		0.0542714
91		0.0542714
91.125		0.0542714
91.25		0.0542714
91.375		0.0542714
91.5		0.0542714
91.625		0.0542714
91.75		0.0542714
91.875		0.0542714
92		0.0542714
92.125		0.0542714
92.25		0.0542714
92.375		0.0542714
92.5		0.0542714
92.625		0.0542714
92.75		0.0542714
92.875		0.0542714
93		0.0542714
93.125		0.0542714
93.25		0.0542714
93.375		0.0542714
93.5		0.0542714
93.625		0.0542714
93.75		0.0542714
93.875		0.0542714
94		0.0542714
94.125		0.0542714
94.25		0.0542714
94.375		0.0542714
94.5		0.0542714
94.625		0.0542714
94.75		0.0542714
94.875		0.0542714
95		0.0542714
95.125		0.0659966
95.25		0.0659966
95.375		0.0659966
95.5		0.0659966
95.625		0.0659966
95.75		0.0659966
95.875		0.0659966
96		0.0659966
96.125		0.0659966
96.25		0.0659966
96.375		0.0659966
96.5		0.0659966
96.625		0.0659966
96.75		0.0659966
96.875		0.0659966
97		0.0659966
97.125		0.0659966
97.25		0.0659966
97.375		0.0659966
97.5		0.0659966
97.625		0.0659966
97.75		0.0659966
97.875		0.0659966
98		0.0659966
98.125		0.0659966
98.25		0.0659966
98.375		0.0659966
98.5		0.0659966
98.625		0.0659966
98.75		0.0659966
98.875		0.0659966
99		0.0659966
99.125		0.0659966
99.25		0.0659966
99.375		0.0659966
99.5		0.0659966
99.625		0.0659966
99.75		0.0659966
99.875		0.0659966
100		0.0659966
100.125		0.106533
100.25		0.106533
100.375		0.106533
100.5		0.106533
100.625		0.106533
100.75		0.106533
100.875		0.106533
101		0.106533
101.125		0.106533
101.25		0.106533
101.375		0.106533
101.5		0.106533
101.625		0.106533
101.75		0.106533
101.875		0.106533
102		0.106533
102.125		0.106533
102.25		0.106533
102.375		0.106533
102.5		0.106533
102.625		0.106533
102.75		0.106533
102.875		0.106533
103		0.106533
103.125		0.106533
103.25		0.106533
103.375		0.106533
103.5		0.106533
103.625		0.106533
103.75		0.106533
103.875		0.106533
104		0.106533
104.125		0.106533
104.25		0.106533
104.375		0.106533
104.5		0.106533
104.625		0.106533
104.75		0.106533
104.875		0.106533
105		0.106533
105.125		0.112898
105.25		0.112898
105.375		0.112898
105.5		0.112898
105.625		0.112898
105.75		0.112898
105.875		0.112898
106		0.112898
106.125		0.112898
106.25		0.112898
106.375		0.112898
106.5		0.112898
106.625		0.112898
106.75		0.112898
106.875		0.112898
107		0.112898
107.125		0.112898
107.25		0.112898
107.375		0.112898
107.5		0.112898
107.625		0.112898
107.75		0.112898
107.875		0.112898
108		0.112898
108.125		0.112898
108.25		0.112898
108.375		0.112898
108.5		0.112898
108.625		0.112898
108.75		0.112898
108.875		0.112898
109		0.112898
109.125		0.112898
109.25		0.112898
109.375		0.112898
109.5		0.112898
109.625		0.112898
109.75		0.112898
109.875		0.112898
110		0.112898
110.125		0.114573
110.25		0.114573
110.375		0.114573
110.5		0.114573
110.625		0.114573
110.75		0.114573
110.875		0.114573
111		0.114573
111.125		0.114573
111.25		0.114573
111.375		0.114573
111.5		0.114573
111.625		0.114573
111.75		0.114573
111.875		0.114573
112		0.114573
112.125		0.114573
112.25		0.114573
112.375		0.114573
112.5		0.114573
112.625		0.114573
112.75		0.114573
112.875		0.114573
113		0.114573
113.125		0.114573
113.25		0.114573
113.375		0.114573
113.5		0.114573
113.625		0.114573
113.75		0.114573
113.875		0.114573
114		0.114573
114.125		0.114573
114.25		0.114573
114.375		0.114573
114.5		0.114573
114.625		0.114573
114.75		0.114573
114.875		0.114573
115		0.114573
115.125		0.118258
115.25		0.118258
115.375		0.118258
115.5		0.118258
115.625		0.118258
115.75		0.118258
115.875		0.118258
116		0.118258
116.125		0.118258
116.25		0.118258
116.375		0.118258
116.5		0.118258
116.625		0.118258
116.75		0.118258
116.875		0.118258
117		0.118258
117.125		0.118258
117.25		0.118258
117.375		0.118258
117.5		0.118258
117.625		0.118258
117.75		0.118258
117.875		0.118258
118		0.118258
118.125		0.118258
118.25		0.118258
118.375		0.118258
118.5		0.118258
118.625		0.118258
118.75		0.118258
118.875		0.118258
119		0.118258
119.125		0.118258
119.25		0.118258
119.375		0.118258
119.5		0.118258
119.625		0.118258
119.75		0.118258
119.875		0.118258
120		0.118258
120.125		0.155779
120.25		0.155779
120.375		0.155779
120.5		0.155779
120.625		0.155779
120.75		0.155779
120.875		0.155779
121		0.155779
121.125		0.155779
121.25		0.155779
121.375		0.155779
121.5		0.155779
121.625		0.155779
121.75		0.155779
121.875		0.155779
122		0.155779
122.125		0.155779
122.25		0.155779
122.375		0.155779
122.5		0.155779
122.625		0.155779
122.75		0.155779
122.875		0.155779
123		0.155779
123.125		0.155779
123.25		0.155779
123.375		0.155779
123.5		0.155779
123.625		0.155779
123.75		0.155779
123.875		0.155779
124		0.155779
124.125		0.155779
124.25		0.155779
124.375		0.155779
124.5		0.155779
124.625		0.155779
124.75		0.155779
124.875		0.155779
125		0.155779
125.125		0.159799
125.25		0.159799
125.375		0.159799
125.5		0.159799
125.625		0.159799
125.75		0.159799
125.875		0.159799
126		0.159799
126.125		0.159799
126.25		0.159799
126.375		0.159799
126.5		0.159799
126.625		0.159799
126.75		0.159799
126.875		0.159799
127		0.159799
127.125		0.159799
127.25		0.159799
127.375		0.159799
127.5		0.159799
127.625		0.159799
127.75		0.159799
127.875		0.159799
128		0.159799
128.125		0.159799
128.25		0.159799
128.375		0.159799
128.5		0.159799
128.625		0.159799
128.75		0.159799
128.875		0.159799
129		0.159799
129.125		0.159799
129.25		0.159799
129.375		0.159799
129.5		0.159799
129.625		0.159799
129.75		0.159799
129.875		0.159799
130		0.159799
130.125		0.164154
130.25		0.164154
130.375		0.164154
130.5		0.164154
130.625		0.164154
130.75		0.164154
130.875		0.164154
131		0.164154
131.125		0.164154
131.25		0.164154
131.375		0.164154
131.5		0.164154
131.625		0.164154
131.75		0.164154
131.875		0.164154
132		0.164154
132.125		0.164154
132.25		0.164154
132.375		0.164154
132.5		0.164154
132.625		0.164154
132.75		0.164154
132.875		0.164154
133		0.164154
133.125		0.164154
133.25		0.164154
133.375		0.164154
133.5		0.164154
133.625		0.164154
133.75		0.164154
133.875		0.164154
134		0.164154
134.125		0.164154
134.25		0.164154
134.375		0.164154
134.5		0.164154
134.625		0.164154
134.75		0.164154
134.875		0.164154
135		0.164154
135.125		0.167169
135.25		0.167169
135.375		0.167169
135.5		0.167169
135.625		0.167169
135.75		0.167169
135.875		0.167169
136		0.167169
136.125		0.167169
136.25		0.167169
136.375		0.167169
136.5		0.167169
136.625		0.167169
136.75		0.167169
136.875		0.167169
137		0.167169
137.125		0.167169
137.25		0.167169
137.375		0.167169
137.5		0.167169
137.625		0.167169
137.75		0.167169
137.875		0.167169
138		0.167169
138.125		0.167169
138.25		0.167169
138.375		0.167169
138.5		0.167169
138.625		0.167169
138.75		0.167169
138.875		0.167169
139		0.167169
139.125		0.167169
139.25		0.167169
139.375		0.167169
139.5		0.167169
139.625		0.167169
139.75		0.167169
139.875		0.167169
140		0.167169
140.125		0.178894
140.25		0.178894
140.375		0.178894
140.5		0.178894
140.625		0.178894
140.75		0.178894
140.875		0.178894
141		0.178894
141.125		0.178894
141.25		0.178894
141.375		0.178894
141.5		0.178894
141.625		0.178894
141.75		0.178894
141.875		0.178894
142		0.178894
142.125		0.178894
142.25		0.178894
142.375		0.178894
142.5		0.178894
142.625		0.178894
142.75		0.178894
142.875		0.178894
143		0.178894
143.125		0.178894
143.25		0.178894
143.375		0.178894
143.5		0.178894
143.625		0.178894
143.75		0.178894
143.875		0.178894
144		0.178894
144.125		0.178894
144.25		0.178894
144.375		0.178894
144.5		0.178894
144.625		0.178894
144.75		0.178894
144.875		0.178894
145		0.178894
145.125		0.18861
145.25		0.18861
145.375		0.18861
145.5		0.18861
145.625		0.18861
145.75		0.18861
145.875		0.18861
146		0.18861
146.125		0.18861
146.25		0.18861
146.375		0.18861
146.5		0.18861
146.625		0.18861
146.75		0.18861
146.875		0.18861
147		0.18861
147.125		0.18861
147.25		0.18861
147.375		0.18861
147.5		0.18861
147.625		0.18861
147.75		0.18861
147.875		0.18861
148		0.18861
148.125		0.18861
148.25		0.18861
148.375		0.18861
148.5		0.18861
148.625		0.18861
148.75		0.18861
148.875		0.18861
149		0.18861
149.125		0.18861
149.25		0.18861
149.375		0.18861
149.5		0.18861
149.625		0.18861
149.75		0.18861
149.875		0.18861
150		0.18861
150.125		0.20268
150.25		0.20268
150.375		0.20268
150.5		0.20268
150.625		0.20268
150.75		0.20268
150.875		0.20268
151		0.20268
151.125		0.20268
151.25		0.20268
151.375		0.20268
151.5		0.20268
151.625		0.20268
151.75		0.20268
151.875		0.20268
152		0.20268
152.125		0.20268
152.25		0.20268
152.375		0.20268
152.5		0.20268
152.625		0.20268
152.75		0.20268
152.875		0.20268
153		0.20268
153.125		0.20268
153.25		0.20268
153.375		0.20268
153.5		0.20268
153.625		0.20268
153.75		0.20268
153.875		0.20268
154		0.20268
154.125		0.20268
154.25		0.20268
154.375		0.20268
154.5		0.20268
154.625		0.20268
154.75		0.20268
154.875		0.20268
155		0.20268
155.125		0.204355
155.25		0.204355
155.375		0.204355
155.5		0.204355
155.625		0.204355
155.75		0.204355
155.875		0.204355
156		0.204355
156.125		0.204355
156.25		0.204355
156.375		0.204355
156.5		0.204355
156.625		0.204355
156.75		0.204355
156.875		0.204355
157		0.204355
157.125		0.204355
157.25		0.204355
157.375		0.204355
157.5		0.204355
157.625		0.204355
157.75		0.204355
157.875		0.204355
158		0.204355
158.125		0.204355
158.25		0.204355
158.375		0.204355
158.5		0.204355
158.625		0.204355
158.75		0.204355
158.875		0.204355
159		0.204355
159.125		0.204355
159.25		0.204355
159.375		0.204355
159.5		0.204355
159.625		0.204355
159.75		0.204355
159.875		0.204355
160		0.204355
160.125		0.225126
160.25		0.225126
160.375		0.225126
160.5		0.225126
160.625		0.225126
160.75		0.225126
160.875		0.225126
161		0.225126
161.125		0.225126
161.25		0.225126
161.375		0.225126
161.5		0.225126
161.625		0.225126
161.75		0.225126
161.875		0.225126
162		0.225126
162.125		0.225126
162.25		0.225126
162.375		0.225126
162.5		0.225126
162.625		0.225126
162.75		0.225126
162.875		0.225126
163		0.225126
163.125		0.225126
163.25		0.225126
163.375		0.225126
163.5		0.225126
163.625		0.225126
163.75		0.225126
163.875		0.225126
164		0.225126
164.125		0.225126
164.25		0.225126
164.375		0.225126
164.5		0.225126
164.625		0.225126
164.75		0.225126
164.875		0.225126
165		0.225126
165.125		0.234841
165.25		0.234841
165.375		0.234841
165.5		0.234841
165.625		0.234841
165.75		0.234841
165.875		0.234841
166		0.234841
166.125		0.234841
166.25		0.234841
166.375		0.234841
166.5		0.234841
166.625		0.234841
166.75		0.234841
166.875		0.234841
167		0.234841
167.125		0.234841
167.25		0.234841
167.375		0.234841
167.5		0.234841
167.625		0.234841
167.75		0.234841
167.875		0.234841
168		0.234841
168.125		0.234841
168.25		0.234841
168.375		0.234841
168.5		0.234841
168.625		0.234841
168.75		0.234841
168.875		0.234841
169		0.234841
169.125		0.234841
169.25		0.234841
169.375		0.234841
169.5		0.234841
169.625		0.234841
169.75		0.234841
169.875		0.234841
170		0.234841
170.125		0.236181
170.25		0.236181
170.375		0.236181
170.5		0.236181
170.625		0.236181
170.75		0.236181
170.875		0.236181
171		0.236181
171.125		0.236181
171.25		0.236181
171.375		0.236181
171.5		0.236181
171.625		0.236181
171.75		0.236181
171.875		0.236181
172		0.236181
172.125		0.236181
172.25		0.236181
172.375		0.236181
172.5		0.236181
172.625		0.236181
172.75		0.236181
172.875		0.236181
173		0.236181
173.125		0.236181
173.25		0.236181
173.375		0.236181
173.5		0.236181
173.625		0.236181
173.75		0.236181
173.875		0.236181
174		0.236181
174.125		0.236181
174.25		0.236181
174.375		0.236181
174.5		0.236181
174.625		0.236181
174.75		0.236181
174.875		0.236181
175		0.236181
175.125		0.254271
175.25		0.254271
175.375		0.254271
175.5		0.254271
175.625		0.254271
175.75		0.254271
175.875		0.254271
176		0.254271
176.125		0.254271
176.25		0.254271
176.375		0.254271
176.5		0.254271
176.625		0.254271
176.75		0.254271
176.875		0.254271
177		0.254271
177.125		0.254271
177.25		0.254271
177.375		0.254271
177.5		0.254271
177.625		0.254271
177.75		0.254271
177.875		0.254271
178		0.254271
178.125		0.254271
178.25		0.254271
178.375		0.254271
178.5		0.254271
178.625		0.254271
178.75		0.254271
178.875		0.254271
179		0.254271
179.125		0.254271
179.25		0.254271
179.375		0.254271
179.5		0.254271
179.625		0.254271
179.75		0.254271
179.875		0.254271
180		0.254271
180.125		0.267002
180.25		0.267002
180.375		0.267002
180.5		0.267002
180.625		0.267002
180.75		0.267002
180.875		0.267002
181		0.267002
181.125		0.267002
181.25		0.267002
181.375		0.267002
181.5		0.267002
181.625		0.267002
181.75		0.267002
181.875		0.267002
182		0.267002
182.125		0.267002
182.25		0.267002
182.375		0.267002
182.5		0.267002
182.625		0.267002
182.75		0.267002
182.875		0.267002
183		0.267002
183.125		0.267002
183.25		0.267002
183.375		0.267002
183.5		0.267002
183.625		0.267002
183.75		0.267002
183.875		0.267002
184		0.267002
184.125		0.267002
184.25		0.267002
184.375		0.267002
184.5		0.267002
184.625		0.267002
184.75		0.267002
184.875		0.267002
185		0.267002
185.125		0.284757
185.25		0.284757
185.375		0.284757
185.5		0.284757
185.625		0.284757
185.75		0.284757
185.875		0.284757
186		0.284757
186.125		0.284757
186.25		0.284757
186.375		0.284757
186.5		0.284757
186.625		0.284757
186.75		0.284757
186.875		0.284757
187		0.284757
187.125		0.284757
187.25		0.284757
187.375		0.284757
187.5		0.284757
187.625		0.284757
187.75		0.284757
187.875		0.284757
188		0.284757
188.125		0.284757
188.25		0.284757
188.375		0.284757
188.5		0.284757
188.625		0.284757
188.75		0.284757
188.875		0.284757
189		0.284757
189.125		0.284757
189.25		0.284757
189.375		0.284757
189.5		0.284757
189.625		0.284757
189.75		0.284757
189.875		0.284757
190		0.284757
190.125		0.295812
190.25		0.295812
190.375		0.295812
190.5		0.295812
190.625		0.295812
190.75		0.295812
190.875		0.295812
191		0.295812
191.125		0.295812
191.25		0.295812
191.375		0.295812
191.5		0.295812
191.625		0.295812
191.75		0.295812
191.875		0.295812
192		0.295812
192.125		0.295812
192.25		0.295812
192.375		0.295812
192.5		0.295812
192.625		0.295812
192.75		0.295812
192.875		0.295812
193		0.295812
193.125		0.295812
193.25		0.295812
193.375		0.295812
193.5		0.295812
193.625		0.295812
193.75		0.295812
193.875		0.295812
194		0.295812
194.125		0.295812
194.25		0.295812
194.375		0.295812
194.5		0.295812
194.625		0.295812
194.75		0.295812
194.875		0.295812
195		0.295812
195.125		0.302848
195.25		0.302848
195.375		0.302848
195.5		0.302848
195.625		0.302848
195.75		0.302848
195.875		0.302848
196		0.302848
196.125		0.302848
196.25		0.302848
196.375		0.302848
196.5		0.302848
196.625		0.302848
196.75		0.302848
196.875		0.302848
197		0.302848
197.125		0.302848
197.25		0.302848
197.375		0.302848
197.5		0.302848
197.625		0.302848
197.75		0.302848
197.875		0.302848
198		0.302848
198.125		0.302848
198.25		0.302848
198.375		0.302848
198.5		0.302848
198.625		0.302848
198.75		0.302848
198.875		0.302848
199		0.302848
199.125		0.302848
199.25		0.302848
199.375		0.302848
199.5		0.302848
199.625		0.302848
199.75		0.302848
199.875		0.302848
200		0.302848
200.125		0.305193
200.25		0.305193
200.375		0.305193
200.5		0.305193
200.625		0.305193
200.75		0.305193
200.875		0.305193
201		0.305193
201.125		0.305193
201.25		0.305193
201.375		0.305193
201.5		0.305193
201.625		0.305193
201.75		0.305193
201.875		0.305193
202		0.305193
202.125		0.305193
202.25		0.305193
202.375		0.305193
202.5		0.305193
202.625		0.305193
202.75		0.305193
202.875		0.305193
203		0.305193
203.125		0.305193
203.25		0.305193
203.375		0.305193
203.5		0.305193
203.625		0.305193
203.75		0.305193
203.875		0.305193
204		0.305193
204.125		0.305193
204.25		0.305193
204.375		0.305193
204.5		0.305193
204.625		0.305193
204.75		0.305193
204.875		0.305193
205		0.305193
205.125		0.309213
205.25		0.309213
205.375		0.309213
205.5		0.309213
205.625		0.309213
205.75		0.309213
205.875		0.309213
206		0.309213
206.125		0.309213
206.25		0.309213
206.375		0.309213
206.5		0.309213
206.625		0.309213
206.75		0.309213
206.875		0.309213
207		0.309213
207.125		0.309213
207.25		0.309213
207.375		0.309213
207.5		0.309213
207.625		0.309213
207.75		0.309213
207.875		0.309213
208		0.309213
208.125		0.309213
208.25		0.309213
208.375		0.309213
208.5		0.309213
208.625		0.309213
208.75		0.309213
208.875		0.309213
209		0.309213
209.125		0.309213
209.25		0.309213
209.375		0.309213
209.5		0.309213
209.625		0.309213
209.75		0.309213
209.875		0.309213
210		0.309213
210.125		0.329983
210.25		0.329983
210.375		0.329983
210.5		0.329983
210.625		0.329983
210.75		0.329983
210.875		0.329983
211		0.329983
211.125		0.329983
211.25		0.329983
211.375		0.329983
211.5		0.329983
211.625		0.329983
211.75		0.329983
211.875		0.329983
212		0.329983
212.125		0.329983
212.25		0.329983
212.375		0.329983
212.5		0.329983
212.625		0.329983
212.75		0.329983
212.875		0.329983
213		0.329983
213.125		0.329983
213.25		0.329983
213.375		0.329983
213.5		0.329983
213.625		0.329983
213.75		0.329983
213.875		0.329983
214		0.329983
214.125		0.329983
214.25		0.329983
214.375		0.329983
214.5		0.329983
214.625		0.329983
214.75		0.329983
214.875		0.329983
215		0.329983
215.125		0.331323
215.25		0.331323
215.375		0.331323
215.5		0.331323
215.625		0.331323
215.75		0.331323
215.875		0.331323
216		0.331323
216.125		0.331323
216.25		0.331323
216.375		0.331323
216.5		0.331323
216.625		0.331323
216.75		0.331323
216.875		0.331323
217		0.331323
217.125		0.331323
217.25		0.331323
217.375		0.331323
217.5		0.331323
217.625		0.331323
217.75		0.331323
217.875		0.331323
218		0.331323
218.125		0.331323
218.25		0.331323
218.375		0.331323
218.5		0.331323
218.625		0.331323
218.75		0.331323
218.875		0.331323
219		0.331323
219.125		0.331323
219.25		0.331323
219.375		0.331323
219.5		0.331323
219.625		0.331323
219.75		0.331323
219.875		0.331323
220		0.331323
220.125		0.332998
220.25		0.332998
220.375		0.332998
220.5		0.332998
220.625		0.332998
220.75		0.332998
220.875		0.332998
221		0.332998
221.125		0.332998
221.25		0.332998
221.375		0.332998
221.5		0.332998
221.625		0.332998
221.75		0.332998
221.875		0.332998
222		0.332998
222.125		0.332998
222.25		0.332998
222.375		0.332998
222.5		0.332998
222.625		0.332998
222.75		0.332998
222.875		0.332998
223		0.332998
223.125		0.332998
223.25		0.332998
223.375		0.332998
223.5		0.332998
223.625		0.332998
223.75		0.332998
223.875		0.332998
224		0.332998
224.125		0.332998
224.25		0.332998
224.375		0.332998
224.5		0.332998
224.625		0.332998
224.75		0.332998
224.875		0.332998
225		0.332998
225.125		0.347069
225.25		0.347069
225.375		0.347069
225.5		0.347069
225.625		0.347069
225.75		0.347069
225.875		0.347069
226		0.347069
226.125		0.347069
226.25		0.347069
226.375		0.347069
226.5		0.347069
226.625		0.347069
226.75		0.347069
226.875		0.347069
227		0.347069
227.125		0.347069
227.25		0.347069
227.375		0.347069
227.5		0.347069
227.625		0.347069
227.75		0.347069
227.875		0.347069
228		0.347069
228.125		0.347069
228.25		0.347069
228.375		0.347069
228.5		0.347069
228.625		0.347069
228.75		0.347069
228.875		0.347069
229		0.347069
229.125		0.347069
229.25		0.347069
229.375		0.347069
229.5		0.347069
229.625		0.347069
229.75		0.347069
229.875		0.347069
230		0.347069
230.125		0.370854
230.25		0.370854
230.375		0.370854
230.5		0.370854
230.625		0.370854
230.75		0.370854
230.875		0.370854
231		0.370854
231.125		0.370854
231.25		0.370854
231.375		0.370854
231.5		0.370854
231.625		0.370854
231.75		0.370854
231.875		0.370854
232		0.370854
232.125		0.370854
232.25		0.370854
232.375		0.370854
232.5		0.370854
232.625		0.370854
232.75		0.370854
232.875		0.370854
233		0.370854
233.125		0.370854
233.25		0.370854
233.375		0.370854
233.5		0.370854
233.625		0.370854
233.75		0.370854
233.875		0.370854
234		0.370854
234.125		0.370854
234.25		0.370854
234.375		0.370854
234.5		0.370854
234.625		0.370854
234.75		0.370854
234.875		0.370854
235		0.370854
235.125		0.379229
235.25		0.379229
235.375		0.379229
235.5		0.379229
235.625		0.379229
235.75		0.379229
235.875		0.379229
236		0.379229
236.125		0.379229
236.25		0.379229
236.375		0.379229
236.5		0.379229
236.625		0.379229
236.75		0.379229
236.875		0.379229
237		0.379229
237.125		0.379229
237.25		0.379229
237.375		0.379229
237.5		0.379229
237.625		0.379229
237.75		0.379229
237.875		0.379229
238		0.379229
238.125		0.379229
238.25		0.379229
238.375		0.379229
238.5		0.379229
238.625		0.379229
238.75		0.379229
238.875		0.379229
239		0.379229
239.125		0.379229
239.25		0.379229
239.375		0.379229
239.5		0.379229
239.625		0.379229
239.75		0.379229
239.875		0.379229
240		0.379229
240.125		0.39464
240.25		0.39464
240.375		0.39464
240.5		0.39464
240.625		0.39464
240.75		0.39464
240.875		0.39464
241		0.39464
241.125		0.39464
241.25		0.39464
241.375		0.39464
241.5		0.39464
241.625		0.39464
241.75		0.39464
241.875		0.39464
242		0.39464
242.125		0.39464
242.25		0.39464
242.375		0.39464
242.5		0.39464
242.625		0.39464
242.75		0.39464
242.875		0.39464
243		0.39464
243.125		0.39464
243.25		0.39464
243.375		0.39464
243.5		0.39464
243.625		0.39464
243.75		0.39464
243.875		0.39464
244		0.39464
244.125		0.39464
244.25		0.39464
244.375		0.39464
244.5		0.39464
244.625		0.39464
244.75		0.39464
244.875		0.39464
245		0.39464
245.125		0.398325
245.25		0.398325
245.375		0.398325
245.5		0.398325
245.625		0.398325
245.75		0.398325
245.875		0.398325
246		0.398325
246.125		0.398325
246.25		0.398325
246.375		0.398325
246.5		0.398325
246.625		0.398325
246.75		0.398325
246.875		0.398325
247		0.398325
247.125		0.398325
247.25		0.398325
247.375		0.398325
247.5		0.398325
247.625		0.398325
247.75		0.398325
247.875		0.398325
248		0.398325
248.125		0.398325
248.25		0.398325
248.375		0.398325
248.5		0.398325
248.625		0.398325
248.75		0.398325
248.875		0.398325
249		0.398325
249.125		0.398325
249.25		0.398325
249.375		0.398325
249.5		0.398325
249.625		0.398325
249.75		0.398325
249.875		0.398325
250		0.398325
250.125		0.413735
250.25		0.413735
250.375		0.413735
250.5		0.413735
250.625		0.413735
250.75		0.413735
250.875		0.413735
251		0.413735
251.125		0.413735
251.25		0.413735
251.375		0.413735
251.5		0.413735
251.625		0.413735
251.75		0.413735
251.875		0.413735
252		0.413735
252.125		0.413735
252.25		0.413735
252.375		0.413735
252.5		0.413735
252.625		0.413735
252.75		0.413735
252.875		0.413735
253		0.413735
253.125		0.413735
253.25		0.413735
253.375		0.413735
253.5		0.413735
253.625		0.413735
253.75		0.413735
253.875		0.413735
254		0.413735
254.125		0.413735
254.25		0.413735
254.375		0.413735
254.5		0.413735
254.625		0.413735
254.75		0.413735
254.875		0.413735
255		0.413735
255.125		0.414405
255.25		0.414405
255.375		0.414405
255.5		0.414405
255.625		0.414405
255.75		0.414405
255.875		0.414405
256		0.414405
256.125		0.414405
256.25		0.414405
256.375		0.414405
256.5		0.414405
256.625		0.414405
256.75		0.414405
256.875		0.414405
257		0.414405
257.125		0.414405
257.25		0.414405
257.375		0.414405
257.5		0.414405
257.625		0.414405
257.75		0.414405
257.875		0.414405
258		0.414405
258.125		0.414405
258.25		0.414405
258.375		0.414405
258.5		0.414405
258.625		0.414405
258.75		0.414405
258.875		0.414405
259		0.414405
259.125		0.414405
259.25		0.414405
259.375		0.414405
259.5		0.414405
259.625		0.414405
259.75		0.414405
259.875		0.414405
260		0.414405
260.125		0.435511
260.25		0.435511
260.375		0.435511
260.5		0.435511
260.625		0.435511
260.75		0.435511
260.875		0.435511
261		0.435511
261.125		0.435511
261.25		0.435511
261.375		0.435511
261.5		0.435511
261.625		0.435511
261.75		0.435511
261.875		0.435511
262		0.435511
262.125		0.435511
262.25		0.435511
262.375		0.435511
262.5		0.435511
262.625		0.435511
262.75		0.435511
262.875		0.435511
263		0.435511
263.125		0.435511
263.25		0.435511
263.375		0.435511
263.5		0.435511
263.625		0.435511
263.75		0.435511
263.875		0.435511
264		0.435511
264.125		0.435511
264.25		0.435511
264.375		0.435511
264.5		0.435511
264.625		0.435511
264.75		0.435511
264.875		0.435511
265		0.435511
265.125		0.444891
265.25		0.444891
265.375		0.444891
265.5		0.444891
265.625		0.444891
265.75		0.444891
265.875		0.444891
266		0.444891
266.125		0.444891
266.25		0.444891
266.375		0.444891
266.5		0.444891
266.625		0.444891
266.75		0.444891
266.875		0.444891
267		0.444891
267.125		0.444891
267.25		0.444891
267.375		0.444891
267.5		0.444891
267.625		0.444891
267.75		0.444891
267.875		0.444891
268		0.444891
268.125		0.444891
268.25		0.444891
268.375		0.444891
268.5		0.444891
268.625		0.444891
268.75		0.444891
268.875		0.444891
269		0.444891
269.125		0.444891
269.25		0.444891
269.375		0.444891
269.5		0.444891
269.625		0.444891
269.75		0.444891
269.875		0.444891
270		0.444891
270.125		0.463652
270.25		0.463652
270.375		0.463652
270.5		0.463652
270.625		0.463652
270.75		0.463652
270.875		0.463652
271		0.463652
271.125		0.463652
271.25		0.463652
271.375		0.463652
271.5		0.463652
271.625		0.463652
271.75		0.463652
271.875		0.463652
272		0.463652
272.125		0.463652
272.25		0.463652
272.375		0.463652
272.5		0.463652
272.625		0.463652
272.75		0.463652
272.875		0.463652
273		0.463652
273.125		0.463652
273.25		0.463652
273.375		0.463652
273.5		0.463652
273.625		0.463652
273.75		0.463652
273.875		0.463652
274		0.463652
274.125		0.463652
274.25		0.463652
274.375		0.463652
274.5		0.463652
274.625		0.463652
274.75		0.463652
274.875		0.463652
275		0.463652
275.125		0.466667
275.25		0.466667
275.375		0.466667
275.5		0.466667
275.625		0.466667
275.75		0.466667
275.875		0.466667
276		0.466667
276.125		0.466667
276.25		0.466667
276.375		0.466667
276.5		0.466667
276.625		0.466667
276.75		0.466667
276.875		0.466667
277		0.466667
277.125		0.466667
277.25		0.466667
277.375		0.466667
277.5		0.466667
277.625		0.466667
277.75		0.466667
277.875		0.466667
278		0.466667
278.125		0.466667
278.25		0.466667
278.375		0.466667
278.5		0.466667
278.625		0.466667
278.75		0.466667
278.875		0.466667
279		0.466667
279.125		0.466667
279.25		0.466667
279.375		0.466667
279.5		0.466667
279.625		0.466667
279.75		0.466667
279.875		0.466667
280		0.466667
280.125		0.467672
280.25		0.467672
280.375		0.467672
280.5		0.467672
280.625		0.467672
280.75		0.467672
280.875		0.467672
281		0.467672
281.125		0.467672
281.25		0.467672
281.375		0.467672
281.5		0.467672
281.625		0.467672
281.75		0.467672
281.875		0.467672
282		0.467672
282.125		0.467672
282.25		0.467672
282.375		0.467672
282.5		0.467672
282.625		0.467672
282.75		0.467672
282.875		0.467672
283		0.467672
283.125		0.467672
283.25		0.467672
283.375		0.467672
283.5		0.467672
283.625		0.467672
283.75		0.467672
283.875		0.467672
284		0.467672
284.125		0.467672
284.25		0.467672
284.375		0.467672
284.5		0.467672
284.625		0.467672
284.75		0.467672
284.875		0.467672
285		0.467672
285.125		0.473032
285.25		0.473032
285.375		0.473032
285.5		0.473032
285.625		0.473032
285.75		0.473032
285.875		0.473032
286		0.473032
286.125		0.473032
286.25		0.473032
286.375		0.473032
286.5		0.473032
286.625		0.473032
286.75		0.473032
286.875		0.473032
287		0.473032
287.125		0.473032
287.25		0.473032
287.375		0.473032
287.5		0.473032
287.625		0.473032
287.75		0.473032
287.875		0.473032
288		0.473032
288.125		0.473032
288.25		0.473032
288.375		0.473032
288.5		0.473032
288.625		0.473032
288.75		0.473032
288.875		0.473032
289		0.473032
289.125		0.473032
289.25		0.473032
289.375		0.473032
289.5		0.473032
289.625		0.473032
289.75		0.473032
289.875		0.473032
290		0.473032
290.125		0.510553
290.25		0.510553
290.375		0.510553
290.5		0.510553
290.625		0.510553
290.75		0.510553
290.875		0.510553
291		0.510553
291.125		0.510553
291.25		0.510553
291.375		0.510553
291.5		0.510553
291.625		0.510553
291.75		0.510553
291.875		0.510553
292		0.510553
292.125		0.510553
292.25		0.510553
292.375		0.510553
292.5		0.510553
292.625		0.510553
292.75		0.510553
292.875		0.510553
293		0.510553
293.125		0.510553
293.25		0.510553
293.375		0.510553
293.5		0.510553
293.625		0.510553
293.75		0.510553
293.875		0.510553
294		0.510553
294.125		0.510553
294.25		0.510553
294.375		0.510553
294.5		0.510553
294.625		0.510553
294.75		0.510553
294.875		0.510553
295		0.510553
295.125		0.518258
295.25		0.518258
295.375		0.518258
295.5		0.518258
295.625		0.518258
295.75		0.518258
295.875		0.518258
296		0.518258
296.125		0.518258
296.25		0.518258
296.375		0.518258
296.5		0.518258
296.625		0.518258
296.75		0.518258
296.875		0.518258
297		0.518258
297.125		0.518258
297.25		0.518258
297.375		0.518258
297.5		0.518258
297.625		0.518258
297.75		0.518258
297.875		0.518258
298		0.518258
298.125		0.518258
298.25		0.518258
298.375		0.518258
298.5		0.518258
298.625		0.518258
298.75		0.518258
298.875		0.518258
299		0.518258
299.125		0.518258
299.25		0.518258
299.375		0.518258
299.5		0.518258
299.625		0.518258
299.75		0.518258
299.875		0.518258
300		0.518258
300.125		0.532663
300.25		0.532663
300.375		0.532663
300.5		0.532663
300.625		0.532663
300.75		0.532663
300.875		0.532663
301		0.532663
301.125		0.532663
301.25		0.532663
301.375		0.532663
301.5		0.532663
301.625		0.532663
301.75		0.532663
301.875		0.532663
302		0.532663
302.125		0.532663
302.25		0.532663
302.375		0.532663
302.5		0.532663
302.625		0.532663
302.75		0.532663
302.875		0.532663
303		0.532663
303.125		0.532663
303.25		0.532663
303.375		0.532663
303.5		0.532663
303.625		0.532663
303.75		0.532663
303.875		0.532663
304		0.532663
304.125		0.532663
304.25		0.532663
304.375		0.532663
304.5		0.532663
304.625		0.532663
304.75		0.532663
304.875		0.532663
305		0.532663
305.125		0.533668
305.25		0.533668
305.375		0.533668
305.5		0.533668
305.625		0.533668
305.75		0.533668
305.875		0.533668
306		0.533668
306.125		0.533668
306.25		0.533668
306.375		0.533668
306.5		0.533668
306.625		0.533668
306.75		0.533668
306.875		0.533668
307		0.533668
307.125		0.533668
307.25		0.533668
307.375		0.533668
307.5		0.533668
307.625		0.533668
307.75		0.533668
307.875		0.533668
308		0.533668
308.125		0.533668
308.25		0.533668
308.375		0.533668
308.5		0.533668
308.625		0.533668
308.75		0.533668
308.875		0.533668
309		0.533668
309.125		0.533668
309.25		0.533668
309.375		0.533668
309.5		0.533668
309.625		0.533668
309.75		0.533668
309.875		0.533668
310		0.533668
310.125		0.545729
310.25		0.545729
310.375		0.545729
310.5		0.545729
310.625		0.545729
310.75		0.545729
310.875		0.545729
311		0.545729
311.125		0.545729
311.25		0.545729
311.375		0.545729
311.5		0.545729
311.625		0.545729
311.75		0.545729
311.875		0.545729
312		0.545729
312.125		0.545729
312.25		0.545729
312.375		0.545729
312.5		0.545729
312.625		0.545729
312.75		0.545729
312.875		0.545729
313		0.545729
313.125		0.545729
313.25		0.545729
313.375		0.545729
313.5		0.545729
313.625		0.545729
313.75		0.545729
313.875		0.545729
314		0.545729
314.125		0.545729
314.25		0.545729
314.375		0.545729
314.5		0.545729
314.625		0.545729
314.75		0.545729
314.875		0.545729
315		0.545729
315.125		0.555779
315.25		0.555779
315.375		0.555779
315.5		0.555779
315.625		0.555779
315.75		0.555779
315.875		0.555779
316		0.555779
316.125		0.555779
316.25		0.555779
316.375		0.555779
316.5		0.555779
316.625		0.555779
316.75		0.555779
316.875		0.555779
317		0.555779
317.125		0.555779
317.25		0.555779
317.375		0.555779
317.5		0.555779
317.625		0.555779
317.75		0.555779
317.875		0.555779
318		0.555779
318.125		0.555779
318.25		0.555779
318.375		0.555779
318.5		0.555779
318.625		0.555779
318.75		0.555779
318.875		0.555779
319		0.555779
319.125		0.555779
319.25		0.555779
319.375		0.555779
319.5		0.555779
319.625		0.555779
319.75		0.555779
319.875		0.555779
320		0.555779
320.125		0.566499
320.25		0.566499
320.375		0.566499
320.5		0.566499
320.625		0.566499
320.75		0.566499
320.875		0.566499
321		0.566499
321.125		0.566499
321.25		0.566499
321.375		0.566499
321.5		0.566499
321.625		0.566499
321.75		0.566499
321.875		0.566499
322		0.566499
322.125		0.566499
322.25		0.566499
322.375		0.566499
322.5		0.566499
322.625		0.566499
322.75		0.566499
322.875		0.566499
323		0.566499
323.125		0.566499
323.25		0.566499
323.375		0.566499
323.5		0.566499
323.625		0.566499
323.75		0.566499
323.875		0.566499
324		0.566499
324.125		0.566499
324.25		0.566499
324.375		0.566499
324.5		0.566499
324.625		0.566499
324.75		0.566499
324.875		0.566499
325		0.566499
325.125		0.576214
325.25		0.576214
325.375		0.576214
325.5		0.576214
325.625		0.576214
325.75		0.576214
325.875		0.576214
326		0.576214
326.125		0.576214
326.25		0.576214
326.375		0.576214
326.5		0.576214
326.625		0.576214
326.75		0.576214
326.875		0.576214
327		0.576214
327.125		0.576214
327.25		0.576214
327.375		0.576214
327.5		0.576214
327.625		0.576214
327.75		0.576214
327.875		0.576214
328		0.576214
328.125		0.576214
328.25		0.576214
328.375		0.576214
328.5		0.576214
328.625		0.576214
328.75		0.576214
328.875		0.576214
329		0.576214
329.125		0.576214
329.25		0.576214
329.375		0.576214
329.5		0.576214
329.625		0.576214
329.75		0.576214
329.875		0.576214
330		0.576214
330.125		0.594305
330.25		0.594305
330.375		0.594305
330.5		0.594305
330.625		0.594305
330.75		0.594305
330.875		0.594305
331		0.594305
331.125		0.594305
331.25		0.594305
331.375		0.594305
331.5		0.594305
331.625		0.594305
331.75		0.594305
331.875		0.594305
332		0.594305
332.125		0.594305
332.25		0.594305
332.375		0.594305
332.5		0.594305
332.625		0.594305
332.75		0.594305
332.875		0.594305
333		0.594305
333.125		0.594305
333.25		0.594305
333.375		0.594305
333.5		0.594305
333.625		0.594305
333.75		0.594305
333.875		0.594305
334		0.594305
334.125		0.594305
334.25		0.594305
334.375		0.594305
334.5		0.594305
334.625		0.594305
334.75		0.594305
334.875		0.594305
335		0.594305
335.125		0.607035
335.25		0.607035
335.375		0.607035
335.5		0.607035
335.625		0.607035
335.75		0.607035
335.875		0.607035
336		0.607035
336.125		0.607035
336.25		0.607035
336.375		0.607035
336.5		0.607035
336.625		0.607035
336.75		0.607035
336.875		0.607035
337		0.607035
337.125		0.607035
337.25		0.607035
337.375		0.607035
337.5		0.607035
337.625		0.607035
337.75		0.607035
337.875		0.607035
338		0.607035
338.125		0.607035
338.25		0.607035
338.375		0.607035
338.5		0.607035
338.625		0.607035
338.75		0.607035
338.875		0.607035
339		0.607035
339.125		0.607035
339.25		0.607035
339.375		0.607035
339.5		0.607035
339.625		0.607035
339.75		0.607035
339.875		0.607035
340		0.607035
340.125		0.611725
340.25		0.611725
340.375		0.611725
340.5		0.611725
340.625		0.611725
340.75		0.611725
340.875		0.611725
341		0.611725
341.125		0.611725
341.25		0.611725
341.375		0.611725
341.5		0.611725
341.625		0.611725
341.75		0.611725
341.875		0.611725
342		0.611725
342.125		0.611725
342.25		0.611725
342.375		0.611725
342.5		0.611725
342.625		0.611725
342.75		0.611725
342.875		0.611725
343		0.611725
343.125		0.611725
343.25		0.611725
343.375		0.611725
343.5		0.611725
343.625		0.611725
343.75		0.611725
343.875		0.611725
344		0.611725
344.125		0.611725
344.25		0.611725
344.375		0.611725
344.5		0.611725
344.625		0.611725
344.75		0.611725
344.875		0.611725
345		0.611725
345.125		0.617085
345.25		0.617085
345.375		0.617085
345.5		0.617085
345.625		0.617085
345.75		0.617085
345.875		0.617085
346		0.617085
346.125		0.617085
346.25		0.617085
346.375		0.617085
346.5		0.617085
346.625		0.617085
346.75		0.617085
346.875		0.617085
347		0.617085
347.125		0.617085
347.25		0.617085
347.375		0.617085
347.5		0.617085
347.625		0.617085
347.75		0.617085
347.875		0.617085
348		0.617085
348.125		0.617085
348.25		0.617085
348.375		0.617085
348.5		0.617085
348.625		0.617085
348.75		0.617085
348.875		0.617085
349		0.617085
349.125		0.617085
349.25		0.617085
349.375		0.617085
349.5		0.617085
349.625		0.617085
349.75		0.617085
349.875		0.617085
350		0.617085
350.125		0.641541
350.25		0.641541
350.375		0.641541
350.5		0.641541
350.625		0.641541
350.75		0.641541
350.875		0.641541
351		0.641541
351.125		0.641541
351.25		0.641541
351.375		0.641541
351.5		0.641541
351.625		0.641541
351.75		0.641541
351.875		0.641541
352		0.641541
352.125		0.641541
352.25		0.641541
352.375		0.641541
352.5		0.641541
352.625		0.641541
352.75		0.641541
352.875		0.641541
353		0.641541
353.125		0.641541
353.25		0.641541
353.375		0.641541
353.5		0.641541
353.625		0.641541
353.75		0.641541
353.875		0.641541
354		0.641541
354.125		0.641541
354.25		0.641541
354.375		0.641541
354.5		0.641541
354.625		0.641541
354.75		0.641541
354.875		0.641541
355		0.641541
355.125		0.655946
355.25		0.655946
355.375		0.655946
355.5		0.655946
355.625		0.655946
355.75		0.655946
355.875		0.655946
356		0.655946
356.125		0.655946
356.25		0.655946
356.375		0.655946
356.5		0.655946
356.625		0.655946
356.75		0.655946
356.875		0.655946
357		0.655946
357.125		0.655946
357.25		0.655946
357.375		0.655946
357.5		0.655946
357.625		0.655946
357.75		0.655946
357.875		0.655946
358		0.655946
358.125		0.655946
358.25		0.655946
358.375		0.655946
358.5		0.655946
358.625		0.655946
358.75		0.655946
358.875		0.655946
359		0.655946
359.125		0.655946
359.25		0.655946
359.375		0.655946
359.5		0.655946
359.625		0.655946
359.75		0.655946
359.875		0.655946
360		0.655946
360.125		0.658961
360.25		0.658961
360.375		0.658961
360.5		0.658961
360.625		0.658961
360.75		0.658961
360.875		0.658961
361		0.658961
361.125		0.658961
361.25		0.658961
361.375		0.658961
361.5		0.658961
361.625		0.658961
361.75		0.658961
361.875		0.658961
362		0.658961
362.125		0.658961
362.25		0.658961
362.375		0.658961
362.5		0.658961
362.625		0.658961
362.75		0.658961
362.875		0.658961
363		0.658961
363.125		0.658961
363.25		0.658961
363.375		0.658961
363.5		0.658961
363.625		0.658961
363.75		0.658961
363.875		0.658961
364		0.658961
364.125		0.658961
364.25		0.658961
364.375		0.658961
364.5		0.658961
364.625		0.658961
364.75		0.658961
364.875		0.658961
365		0.658961
365.125		0.674707
365.25		0.674707
365.375		0.674707
365.5		0.674707
365.625		0.674707
365.75		0.674707
365.875		0.674707
366		0.674707
366.125		0.674707
366.25		0.674707
366.375		0.674707
366.5		0.674707
366.625		0.674707
366.75		0.674707
366.875		0.674707
367		0.674707
367.125		0.674707
367.25		0.674707
367.375		0.674707
367.5		0.674707
367.625		0.674707
367.75		0.674707
367.875		0.674707
368		0.674707
368.125		0.674707
368.25		0.674707
368.375		0.674707
368.5		0.674707
368.625		0.674707
368.75		0.674707
368.875		0.674707
369		0.674707
369.125		0.674707
369.25		0.674707
369.375		0.674707
369.5		0.674707
369.625		0.674707
369.75		0.674707
369.875		0.674707
370		0.674707
370.125		0.683417
370.25		0.683417
370.375		0.683417
370.5		0.683417
370.625		0.683417
370.75		0.683417
370.875		0.683417
371		0.683417
371.125		0.683417
371.25		0.683417
371.375		0.683417
371.5		0.683417
371.625		0.683417
371.75		0.683417
371.875		0.683417
372		0.683417
372.125		0.683417
372.25		0.683417
372.375		0.683417
372.5		0.683417
372.625		0.683417
372.75		0.683417
372.875		0.683417
373		0.683417
373.125		0.683417
373.25		0.683417
373.375		0.683417
373.5		0.683417
373.625		0.683417
373.75		0.683417
373.875		0.683417
374		0.683417
374.125		0.683417
374.25		0.683417
374.375		0.683417
374.5		0.683417
374.625		0.683417
374.75		0.683417
374.875		0.683417
375		0.683417
375.125		0.699162
375.25		0.699162
375.375		0.699162
375.5		0.699162
375.625		0.699162
375.75		0.699162
375.875		0.699162
376		0.699162
376.125		0.699162
376.25		0.699162
376.375		0.699162
376.5		0.699162
376.625		0.699162
376.75		0.699162
376.875		0.699162
377		0.699162
377.125		0.699162
377.25		0.699162
377.375		0.699162
377.5		0.699162
377.625		0.699162
377.75		0.699162
377.875		0.699162
378		0.699162
378.125		0.699162
378.25		0.699162
378.375		0.699162
378.5		0.699162
378.625		0.699162
378.75		0.699162
378.875		0.699162
379		0.699162
379.125		0.699162
379.25		0.699162
379.375		0.699162
379.5		0.699162
379.625		0.699162
379.75		0.699162
379.875		0.699162
380		0.699162
380.125		0.715578
380.25		0.715578
380.375		0.715578
380.5		0.715578
380.625		0.715578
380.75		0.715578
380.875		0.715578
381		0.715578
381.125		0.715578
381.25		0.715578
381.375		0.715578
381.5		0.715578
381.625		0.715578
381.75		0.715578
381.875		0.715578
382		0.715578
382.125		0.715578
382.25		0.715578
382.375		0.715578
382.5		0.715578
382.625		0.715578
382.75		0.715578
382.875		0.715578
383		0.715578
383.125		0.715578
383.25		0.715578
383.375		0.715578
383.5		0.715578
383.625		0.715578
383.75		0.715578
383.875		0.715578
384		0.715578
384.125		0.715578
384.25		0.715578
384.375		0.715578
384.5		0.715578
384.625		0.715578
384.75		0.715578
384.875		0.715578
385		0.715578
385.125		0.727973
385.25		0.727973
385.375		0.727973
385.5		0.727973
385.625		0.727973
385.75		0.727973
385.875		0.727973
386		0.727973
386.125		0.727973
386.25		0.727973
386.375		0.727973
386.5		0.727973
386.625		0.727973
386.75		0.727973
386.875		0.727973
387		0.727973
387.125		0.727973
387.25		0.727973
387.375		0.727973
387.5		0.727973
387.625		0.727973
387.75		0.727973
387.875		0.727973
388		0.727973
388.125		0.727973
388.25		0.727973
388.375		0.727973
388.5		0.727973
388.625		0.727973
388.75		0.727973
388.875		0.727973
389		0.727973
389.125		0.727973
389.25		0.727973
389.375		0.727973
389.5		0.727973
389.625		0.727973
389.75		0.727973
389.875		0.727973
390		0.727973
390.125		0.731658
390.25		0.731658
390.375		0.731658
390.5		0.731658
390.625		0.731658
390.75		0.731658
390.875		0.731658
391		0.731658
391.125		0.731658
391.25		0.731658
391.375		0.731658
391.5		0.731658
391.625		0.731658
391.75		0.731658
391.875		0.731658
392		0.731658
392.125		0.731658
392.25		0.731658
392.375		0.731658
392.5		0.731658
392.625		0.731658
392.75		0.731658
392.875		0.731658
393		0.731658
393.125		0.731658
393.25		0.731658
393.375		0.731658
393.5		0.731658
393.625		0.731658
393.75		0.731658
393.875		0.731658
394		0.731658
394.125		0.731658
394.25		0.731658
394.375		0.731658
394.5		0.731658
394.625		0.731658
394.75		0.731658
394.875		0.731658
395		0.731658
395.125		0.740034
395.25		0.740034
395.375		0.740034
395.5		0.740034
395.625		0.740034
395.75		0.740034
395.875		0.740034
396		0.740034
396.125		0.740034
396.25		0.740034
396.375		0.740034
396.5		0.740034
396.625		0.740034
396.75		0.740034
396.875		0.740034
397		0.740034
397.125		0.740034
397.25		0.740034
397.375		0.740034
397.5		0.740034
397.625		0.740034
397.75		0.740034
397.875		0.740034
398		0.740034
398.125		0.740034
398.25		0.740034
398.375		0.740034
398.5		0.740034
398.625		0.740034
398.75		0.740034
398.875		0.740034
399		0.740034
399.125		0.740034
399.25		0.740034
399.375		0.740034
399.5		0.740034
399.625		0.740034
399.75		0.740034
399.875		0.740034
400		0.740034
400.125		0.751424
400.25		0.751424
400.375		0.751424
400.5		0.751424
400.625		0.751424
400.75		0.751424
400.875		0.751424
401		0.751424
401.125		0.751424
401.25		0.751424
401.375		0.751424
401.5		0.751424
401.625		0.751424
401.75		0.751424
401.875		0.751424
402		0.751424
402.125		0.751424
402.25		0.751424
402.375		0.751424
402.5		0.751424
402.625		0.751424
402.75		0.751424
402.875		0.751424
403		0.751424
403.125		0.751424
403.25		0.751424
403.375		0.751424
403.5		0.751424
403.625		0.751424
403.75		0.751424
403.875		0.751424
404		0.751424
404.125		0.751424
404.25		0.751424
404.375		0.751424
404.5		0.751424
404.625		0.751424
404.75		0.751424
404.875		0.751424
405		0.751424
405.125		0.779564
405.25		0.779564
405.375		0.779564
405.5		0.779564
405.625		0.779564
405.75		0.779564
405.875		0.779564
406		0.779564
406.125		0.779564
406.25		0.779564
406.375		0.779564
406.5		0.779564
406.625		0.779564
406.75		0.779564
406.875		0.779564
407		0.779564
407.125		0.779564
407.25		0.779564
407.375		0.779564
407.5		0.779564
407.625		0.779564
407.75		0.779564
407.875		0.779564
408		0.779564
408.125		0.779564
408.25		0.779564
408.375		0.779564
408.5		0.779564
408.625		0.779564
408.75		0.779564
408.875		0.779564
409		0.779564
409.125		0.779564
409.25		0.779564
409.375		0.779564
409.5		0.779564
409.625		0.779564
409.75		0.779564
409.875		0.779564
410		0.779564
410.125		0.783585
410.25		0.783585
410.375		0.783585
410.5		0.783585
410.625		0.783585
410.75		0.783585
410.875		0.783585
411		0.783585
411.125		0.783585
411.25		0.783585
411.375		0.783585
411.5		0.783585
411.625		0.783585
411.75		0.783585
411.875		0.783585
412		0.783585
412.125		0.783585
412.25		0.783585
412.375		0.783585
412.5		0.783585
412.625		0.783585
412.75		0.783585
412.875		0.783585
413		0.783585
413.125		0.783585
413.25		0.783585
413.375		0.783585
413.5		0.783585
413.625		0.783585
413.75		0.783585
413.875		0.783585
414		0.783585
414.125		0.783585
414.25		0.783585
414.375		0.783585
414.5		0.783585
414.625		0.783585
414.75		0.783585
414.875		0.783585
415		0.783585
415.125		0.801675
415.25		0.801675
415.375		0.801675
415.5		0.801675
415.625		0.801675
415.75		0.801675
415.875		0.801675
416		0.801675
416.125		0.801675
416.25		0.801675
416.375		0.801675
416.5		0.801675
416.625		0.801675
416.75		0.801675
416.875		0.801675
417		0.801675
417.125		0.801675
417.25		0.801675
417.375		0.801675
417.5		0.801675
417.625		0.801675
417.75		0.801675
417.875		0.801675
418		0.801675
418.125		0.801675
418.25		0.801675
418.375		0.801675
418.5		0.801675
418.625		0.801675
418.75		0.801675
418.875		0.801675
419		0.801675
419.125		0.801675
419.25		0.801675
419.375		0.801675
419.5		0.801675
419.625		0.801675
419.75		0.801675
419.875		0.801675
420		0.801675
420.125		0.807705
420.25		0.807705
420.375		0.807705
420.5		0.807705
420.625		0.807705
420.75		0.807705
420.875		0.807705
421		0.807705
421.125		0.807705
421.25		0.807705
421.375		0.807705
421.5		0.807705
421.625		0.807705
421.75		0.807705
421.875		0.807705
422		0.807705
422.125		0.807705
422.25		0.807705
422.375		0.807705
422.5		0.807705
422.625		0.807705
422.75		0.807705
422.875		0.807705
423		0.807705
423.125		0.807705
423.25		0.807705
423.375		0.807705
423.5		0.807705
423.625		0.807705
423.75		0.807705
423.875		0.807705
424		0.807705
424.125		0.807705
424.25		0.807705
424.375		0.807705
424.5		0.807705
424.625		0.807705
424.75		0.807705
424.875		0.807705
425		0.807705
425.125		0.81273
425.25		0.81273
425.375		0.81273
425.5		0.81273
425.625		0.81273
425.75		0.81273
425.875		0.81273
426		0.81273
426.125		0.81273
426.25		0.81273
426.375		0.81273
426.5		0.81273
426.625		0.81273
426.75		0.81273
426.875		0.81273
427		0.81273
427.125		0.81273
427.25		0.81273
427.375		0.81273
427.5		0.81273
427.625		0.81273
427.75		0.81273
427.875		0.81273
428		0.81273
428.125		0.81273
428.25		0.81273
428.375		0.81273
428.5		0.81273
428.625		0.81273
428.75		0.81273
428.875		0.81273
429		0.81273
429.125		0.81273
429.25		0.81273
429.375		0.81273
429.5		0.81273
429.625		0.81273
429.75		0.81273
429.875		0.81273
430		0.81273
430.125		0.819095
430.25		0.819095
430.375		0.819095
430.5		0.819095
430.625		0.819095
430.75		0.819095
430.875		0.819095
431		0.819095
431.125		0.819095
431.25		0.819095
431.375		0.819095
431.5		0.819095
431.625		0.819095
431.75		0.819095
431.875		0.819095
432		0.819095
432.125		0.819095
432.25		0.819095
432.375		0.819095
432.5		0.819095
432.625		0.819095
432.75		0.819095
432.875		0.819095
433		0.819095
433.125		0.819095
433.25		0.819095
433.375		0.819095
433.5		0.819095
433.625		0.819095
433.75		0.819095
433.875		0.819095
434		0.819095
434.125		0.819095
434.25		0.819095
434.375		0.819095
434.5		0.819095
434.625		0.819095
434.75		0.819095
434.875		0.819095
435		0.819095
435.125		0.839866
435.25		0.839866
435.375		0.839866
435.5		0.839866
435.625		0.839866
435.75		0.839866
435.875		0.839866
436		0.839866
436.125		0.839866
436.25		0.839866
436.375		0.839866
436.5		0.839866
436.625		0.839866
436.75		0.839866
436.875		0.839866
437		0.839866
437.125		0.839866
437.25		0.839866
437.375		0.839866
437.5		0.839866
437.625		0.839866
437.75		0.839866
437.875		0.839866
438		0.839866
438.125		0.839866
438.25		0.839866
438.375		0.839866
438.5		0.839866
438.625		0.839866
438.75		0.839866
438.875		0.839866
439		0.839866
439.125		0.839866
439.25		0.839866
439.375		0.839866
439.5		0.839866
439.625		0.839866
439.75		0.839866
439.875		0.839866
440		0.839866
440.125		0.859631
440.25		0.859631
440.375		0.859631
440.5		0.859631
440.625		0.859631
440.75		0.859631
440.875		0.859631
441		0.859631
441.125		0.859631
441.25		0.859631
441.375		0.859631
441.5		0.859631
441.625		0.859631
441.75		0.859631
441.875		0.859631
442		0.859631
442.125		0.859631
442.25		0.859631
442.375		0.859631
442.5		0.859631
442.625		0.859631
442.75		0.859631
442.875		0.859631
443		0.859631
443.125		0.859631
443.25		0.859631
443.375		0.859631
443.5		0.859631
443.625		0.859631
443.75		0.859631
443.875		0.859631
444		0.859631
444.125		0.859631
444.25		0.859631
444.375		0.859631
444.5		0.859631
444.625		0.859631
444.75		0.859631
444.875		0.859631
445		0.859631
445.125		0.864322
445.25		0.864322
445.375		0.864322
445.5		0.864322
445.625		0.864322
445.75		0.864322
445.875		0.864322
446		0.864322
446.125		0.864322
446.25		0.864322
446.375		0.864322
446.5		0.864322
446.625		0.864322
446.75		0.864322
446.875		0.864322
447		0.864322
447.125		0.864322
447.25		0.864322
447.375		0.864322
447.5		0.864322
447.625		0.864322
447.75		0.864322
447.875		0.864322
448		0.864322
448.125		0.864322
448.25		0.864322
448.375		0.864322
448.5		0.864322
448.625		0.864322
448.75		0.864322
448.875		0.864322
449		0.864322
449.125		0.864322
449.25		0.864322
449.375		0.864322
449.5		0.864322
449.625		0.864322
449.75		0.864322
449.875		0.864322
450		0.864322
450.125		0.872362
450.25		0.872362
450.375		0.872362
450.5		0.872362
450.625		0.872362
450.75		0.872362
450.875		0.872362
451		0.872362
451.125		0.872362
451.25		0.872362
451.375		0.872362
451.5		0.872362
451.625		0.872362
451.75		0.872362
451.875		0.872362
452		0.872362
452.125		0.872362
452.25		0.872362
452.375		0.872362
452.5		0.872362
452.625		0.872362
452.75		0.872362
452.875		0.872362
453		0.872362
453.125		0.872362
453.25		0.872362
453.375		0.872362
453.5		0.872362
453.625		0.872362
453.75		0.872362
453.875		0.872362
454		0.872362
454.125		0.872362
454.25		0.872362
454.375		0.872362
454.5		0.872362
454.625		0.872362
454.75		0.872362
454.875		0.872362
455		0.872362
455.125		0.877052
455.25		0.877052
455.375		0.877052
455.5		0.877052
455.625		0.877052
455.75		0.877052
455.875		0.877052
456		0.877052
456.125		0.877052
456.25		0.877052
456.375		0.877052
456.5		0.877052
456.625		0.877052
456.75		0.877052
456.875		0.877052
457		0.877052
457.125		0.877052
457.25		0.877052
457.375		0.877052
457.5		0.877052
457.625		0.877052
457.75		0.877052
457.875		0.877052
458		0.877052
458.125		0.877052
458.25		0.877052
458.375		0.877052
458.5		0.877052
458.625		0.877052
458.75		0.877052
458.875		0.877052
459		0.877052
459.125		0.877052
459.25		0.877052
459.375		0.877052
459.5		0.877052
459.625		0.877052
459.75		0.877052
459.875		0.877052
460		0.877052
460.125		0.915578
460.25		0.915578
460.375		0.915578
460.5		0.915578
460.625		0.915578
460.75		0.915578
460.875		0.915578
461		0.915578
461.125		0.915578
461.25		0.915578
461.375		0.915578
461.5		0.915578
461.625		0.915578
461.75		0.915578
461.875		0.915578
462		0.915578
462.125		0.915578
462.25		0.915578
462.375		0.915578
462.5		0.915578
462.625		0.915578
462.75		0.915578
462.875		0.915578
463		0.915578
463.125		0.915578
463.25		0.915578
463.375		0.915578
463.5		0.915578
463.625		0.915578
463.75		0.915578
463.875		0.915578
464		0.915578
464.125		0.915578
464.25		0.915578
464.375		0.915578
464.5		0.915578
464.625		0.915578
464.75		0.915578
464.875		0.915578
465		0.915578
465.125		0.915578
465.25		0.915578
465.375		0.915578
465.5		0.915578
465.625		0.915578
465.75		0.915578
465.875		0.915578
466		0.915578
466.125		0.915578
466.25		0.915578
466.375		0.915578
466.5		0.915578
466.625		0.915578
466.75		0.915578
466.875		0.915578
467		0.915578
467.125		0.915578
467.25		0.915578
467.375		0.915578
467.5		0.915578
467.625		0.915578
467.75		0.915578
467.875		0.915578
468		0.915578
468.125		0.915578
468.25		0.915578
468.375		0.915578
468.5		0.915578
468.625		0.915578
468.75		0.915578
468.875		0.915578
469		0.915578
469.125		0.915578
469.25		0.915578
469.375		0.915578
469.5		0.915578
469.625		0.915578
469.75		0.915578
469.875		0.915578
470		0.915578
470.125		0.927638
470.25		0.927638
470.375		0.927638
470.5		0.927638
470.625		0.927638
470.75		0.927638
470.875		0.927638
471		0.927638
471.125		0.927638
471.25		0.927638
471.375		0.927638
471.5		0.927638
471.625		0.927638
471.75		0.927638
471.875		0.927638
472		0.927638
472.125		0.927638
472.25		0.927638
472.375		0.927638
472.5		0.927638
472.625		0.927638
472.75		0.927638
472.875		0.927638
473		0.927638
473.125		0.927638
473.25		0.927638
473.375		0.927638
473.5		0.927638
473.625		0.927638
473.75		0.927638
473.875		0.927638
474		0.927638
474.125		0.927638
474.25		0.927638
474.375		0.927638
474.5		0.927638
474.625		0.927638
474.75		0.927638
474.875		0.927638
475		0.927638
475.125		0.935678
475.25		0.935678
475.375		0.935678
475.5		0.935678
475.625		0.935678
475.75		0.935678
475.875		0.935678
476		0.935678
476.125		0.935678
476.25		0.935678
476.375		0.935678
476.5		0.935678
476.625		0.935678
476.75		0.935678
476.875		0.935678
477		0.935678
477.125		0.935678
477.25		0.935678
477.375		0.935678
477.5		0.935678
477.625		0.935678
477.75		0.935678
477.875		0.935678
478		0.935678
478.125		0.935678
478.25		0.935678
478.375		0.935678
478.5		0.935678
478.625		0.935678
478.75		0.935678
478.875		0.935678
479		0.935678
479.125		0.935678
479.25		0.935678
479.375		0.935678
479.5		0.935678
479.625		0.935678
479.75		0.935678
479.875		0.935678
480		0.935678
480.125		0.947069
480.25		0.947069
480.375		0.947069
480.5		0.947069
480.625		0.947069
480.75		0.947069
480.875		0.947069
481		0.947069
481.125		0.947069
481.25		0.947069
481.375		0.947069
481.5		0.947069
481.625		0.947069
481.75		0.947069
481.875		0.947069
482		0.947069
482.125		0.947069
482.25		0.947069
482.375		0.947069
482.5		0.947069
482.625		0.947069
482.75		0.947069
482.875		0.947069
483		0.947069
483.125		0.947069
483.25		0.947069
483.375		0.947069
483.5		0.947069
483.625		0.947069
483.75		0.947069
483.875		0.947069
484		0.947069
484.125		0.947069
484.25		0.947069
484.375		0.947069
484.5		0.947069
484.625		0.947069
484.75		0.947069
484.875		0.947069
485		0.947069
485.125		0.975209
485.25		0.975209
485.375		0.975209
485.5		0.975209
485.625		0.975209
485.75		0.975209
485.875		0.975209
486		0.975209
486.125		0.975209
486.25		0.975209
486.375		0.975209
486.5		0.975209
486.625		0.975209
486.75		0.975209
486.875		0.975209
487		0.975209
487.125		0.975209
487.25		0.975209
487.375		0.975209
487.5		0.975209
487.625		0.975209
487.75		0.975209
487.875		0.975209
488		0.975209
488.125		0.975209
488.25		0.975209
488.375		0.975209
488.5		0.975209
488.625		0.975209
488.75		0.975209
488.875		0.975209
489		0.975209
489.125		0.975209
489.25		0.975209
489.375		0.975209
489.5		0.975209
489.625		0.975209
489.75		0.975209
489.875		0.975209
490		0.975209
490.125		0.990285
490.25		0.990285
490.375		0.990285
490.5		0.990285
490.625		0.990285
490.75		0.990285
490.875		0.990285
491		0.990285
491.125		0.990285
491.25		0.990285
491.375		0.990285
491.5		0.990285
491.625		0.990285
491.75		0.990285
491.875		0.990285
492		0.990285
492.125		0.990285
492.25		0.990285
492.375		0.990285
492.5		0.990285
492.625		0.990285
492.75		0.990285
492.875		0.990285
493		0.990285
493.125		0.990285
493.25		0.990285
493.375		0.990285
493.5		0.990285
493.625		0.990285
493.75		0.990285
493.875		0.990285
494		0.990285
494.125		0.990285
494.25		0.990285
494.375		0.990285
494.5		0.990285
494.625		0.990285
494.75		0.990285
494.875		0.990285
495		0.990285
495.125		1
495.25		1
495.375		1
495.5		1
495.625		1
495.75		1
495.875		1
496		1
496.125		1
496.25		1
496.375		1
496.5		1
496.625		1
496.75		1
496.875		1
497		1
497.125		1
497.25		1
497.375		1
497.5		1
497.625		1
497.75		1
497.875		1
498		1
498.125		1
498.25		1
498.375		1
498.5		1
498.625		1
498.75		1
498.875		1
499		1
499.125		1
499.25		1
499.375		1
499.5		1
499.625		1
499.75		1
499.875		1
500		1
