# Calibration file of tamex_id 1 @ channel 27
# fine_T bin		 Calibration value
0.125		0
0.25		0
0.375		0
0.5		0
0.625		0
0.75		0
0.875		0
1		0
1.125		0
1.25		0
1.375		0
1.5		0
1.625		0
1.75		0
1.875		0
2		0
2.125		0
2.25		0
2.375		0
2.5		0
2.625		0
2.75		0
2.875		0
3		0
3.125		0
3.25		0
3.375		0
3.5		0
3.625		0
3.75		0
3.875		0
4		0
4.125		0
4.25		0
4.375		0
4.5		0
4.625		0
4.75		0
4.875		0
5		0
5.125		0
5.25		0
5.375		0
5.5		0
5.625		0
5.75		0
5.875		0
6		0
6.125		0
6.25		0
6.375		0
6.5		0
6.625		0
6.75		0
6.875		0
7		0
7.125		0
7.25		0
7.375		0
7.5		0
7.625		0
7.75		0
7.875		0
8		0
8.125		0
8.25		0
8.375		0
8.5		0
8.625		0
8.75		0
8.875		0
9		0
9.125		0
9.25		0
9.375		0
9.5		0
9.625		0
9.75		0
9.875		0
10		0
10.125		0
10.25		0
10.375		0
10.5		0
10.625		0
10.75		0
10.875		0
11		0
11.125		0
11.25		0
11.375		0
11.5		0
11.625		0
11.75		0
11.875		0
12		0
12.125		0
12.25		0
12.375		0
12.5		0
12.625		0
12.75		0
12.875		0
13		0
13.125		0
13.25		0
13.375		0
13.5		0
13.625		0
13.75		0
13.875		0
14		0
14.125		0
14.25		0
14.375		0
14.5		0
14.625		0
14.75		0
14.875		0
15		0
15.125		0
15.25		0
15.375		0
15.5		0
15.625		0
15.75		0
15.875		0
16		0
16.125		0
16.25		0
16.375		0
16.5		0
16.625		0
16.75		0
16.875		0
17		0
17.125		0
17.25		0
17.375		0
17.5		0
17.625		0
17.75		0
17.875		0
18		0
18.125		0
18.25		0
18.375		0
18.5		0
18.625		0
18.75		0
18.875		0
19		0
19.125		0
19.25		0
19.375		0
19.5		0
19.625		0
19.75		0
19.875		0
20		0
20.125		0
20.25		0
20.375		0
20.5		0
20.625		0
20.75		0
20.875		0
21		0
21.125		0
21.25		0
21.375		0
21.5		0
21.625		0
21.75		0
21.875		0
22		0
22.125		0
22.25		0
22.375		0
22.5		0
22.625		0
22.75		0
22.875		0
23		0
23.125		0
23.25		0
23.375		0
23.5		0
23.625		0
23.75		0
23.875		0
24		0
24.125		0
24.25		0
24.375		0
24.5		0
24.625		0
24.75		0
24.875		0
25		0
25.125		0
25.25		0
25.375		0
25.5		0
25.625		0
25.75		0
25.875		0
26		0
26.125		0
26.25		0
26.375		0
26.5		0
26.625		0
26.75		0
26.875		0
27		0
27.125		0
27.25		0
27.375		0
27.5		0
27.625		0
27.75		0
27.875		0
28		0
28.125		0
28.25		0
28.375		0
28.5		0
28.625		0
28.75		0
28.875		0
29		0
29.125		0
29.25		0
29.375		0
29.5		0
29.625		0
29.75		0
29.875		0
30		0
30.125		0
30.25		0
30.375		0
30.5		0
30.625		0
30.75		0
30.875		0
31		0
31.125		0
31.25		0
31.375		0
31.5		0
31.625		0
31.75		0
31.875		0
32		0
32.125		0
32.25		0
32.375		0
32.5		0
32.625		0
32.75		0
32.875		0
33		0
33.125		0
33.25		0
33.375		0
33.5		0
33.625		0
33.75		0
33.875		0
34		0
34.125		0
34.25		0
34.375		0
34.5		0
34.625		0
34.75		0
34.875		0
35		0
35.125		0
35.25		0
35.375		0
35.5		0
35.625		0
35.75		0
35.875		0
36		0
36.125		0
36.25		0
36.375		0
36.5		0
36.625		0
36.75		0
36.875		0
37		0
37.125		0
37.25		0
37.375		0
37.5		0
37.625		0
37.75		0
37.875		0
38		0
38.125		0
38.25		0
38.375		0
38.5		0
38.625		0
38.75		0
38.875		0
39		0
39.125		0
39.25		0
39.375		0
39.5		0
39.625		0
39.75		0
39.875		0
40		0
40.125		0
40.25		0
40.375		0
40.5		0
40.625		0
40.75		0
40.875		0
41		0
41.125		0
41.25		0
41.375		0
41.5		0
41.625		0
41.75		0
41.875		0
42		0
42.125		0
42.25		0
42.375		0
42.5		0
42.625		0
42.75		0
42.875		0
43		0
43.125		0
43.25		0
43.375		0
43.5		0
43.625		0
43.75		0
43.875		0
44		0
44.125		0
44.25		0
44.375		0
44.5		0
44.625		0
44.75		0
44.875		0
45		0
45.125		0
45.25		0
45.375		0
45.5		0
45.625		0
45.75		0
45.875		0
46		0
46.125		0
46.25		0
46.375		0
46.5		0
46.625		0
46.75		0
46.875		0
47		0
47.125		0
47.25		0
47.375		0
47.5		0
47.625		0
47.75		0
47.875		0
48		0
48.125		0
48.25		0
48.375		0
48.5		0
48.625		0
48.75		0
48.875		0
49		0
49.125		0
49.25		0
49.375		0
49.5		0
49.625		0
49.75		0
49.875		0
50		0
50.125		0
50.25		0
50.375		0
50.5		0
50.625		0
50.75		0
50.875		0
51		0
51.125		0
51.25		0
51.375		0
51.5		0
51.625		0
51.75		0
51.875		0
52		0
52.125		0
52.25		0
52.375		0
52.5		0
52.625		0
52.75		0
52.875		0
53		0
53.125		0
53.25		0
53.375		0
53.5		0
53.625		0
53.75		0
53.875		0
54		0
54.125		0
54.25		0
54.375		0
54.5		0
54.625		0
54.75		0
54.875		0
55		0
55.125		0
55.25		0
55.375		0
55.5		0
55.625		0
55.75		0
55.875		0
56		0
56.125		0
56.25		0
56.375		0
56.5		0
56.625		0
56.75		0
56.875		0
57		0
57.125		0
57.25		0
57.375		0
57.5		0
57.625		0
57.75		0
57.875		0
58		0
58.125		0
58.25		0
58.375		0
58.5		0
58.625		0
58.75		0
58.875		0
59		0
59.125		0
59.25		0
59.375		0
59.5		0
59.625		0
59.75		0
59.875		0
60		0
60.125		0
60.25		0
60.375		0
60.5		0
60.625		0
60.75		0
60.875		0
61		0
61.125		0
61.25		0
61.375		0
61.5		0
61.625		0
61.75		0
61.875		0
62		0
62.125		0
62.25		0
62.375		0
62.5		0
62.625		0
62.75		0
62.875		0
63		0
63.125		0
63.25		0
63.375		0
63.5		0
63.625		0
63.75		0
63.875		0
64		0
64.125		0
64.25		0
64.375		0
64.5		0
64.625		0
64.75		0
64.875		0
65		0
65.125		0
65.25		0
65.375		0
65.5		0
65.625		0
65.75		0
65.875		0
66		0
66.125		0
66.25		0
66.375		0
66.5		0
66.625		0
66.75		0
66.875		0
67		0
67.125		0
67.25		0
67.375		0
67.5		0
67.625		0
67.75		0
67.875		0
68		0
68.125		0
68.25		0
68.375		0
68.5		0
68.625		0
68.75		0
68.875		0
69		0
69.125		0
69.25		0
69.375		0
69.5		0
69.625		0
69.75		0
69.875		0
70		0
70.125		0
70.25		0
70.375		0
70.5		0
70.625		0
70.75		0
70.875		0
71		0
71.125		0
71.25		0
71.375		0
71.5		0
71.625		0
71.75		0
71.875		0
72		0
72.125		0
72.25		0
72.375		0
72.5		0
72.625		0
72.75		0
72.875		0
73		0
73.125		0
73.25		0
73.375		0
73.5		0
73.625		0
73.75		0
73.875		0
74		0
74.125		0
74.25		0
74.375		0
74.5		0
74.625		0
74.75		0
74.875		0
75		0
75.125		0
75.25		0
75.375		0
75.5		0
75.625		0
75.75		0
75.875		0
76		0
76.125		0
76.25		0
76.375		0
76.5		0
76.625		0
76.75		0
76.875		0
77		0
77.125		0
77.25		0
77.375		0
77.5		0
77.625		0
77.75		0
77.875		0
78		0
78.125		0
78.25		0
78.375		0
78.5		0
78.625		0
78.75		0
78.875		0
79		0
79.125		0
79.25		0
79.375		0
79.5		0
79.625		0
79.75		0
79.875		0
80		0
80.125		0.0233781
80.25		0.0233781
80.375		0.0233781
80.5		0.0233781
80.625		0.0233781
80.75		0.0233781
80.875		0.0233781
81		0.0233781
81.125		0.0233781
81.25		0.0233781
81.375		0.0233781
81.5		0.0233781
81.625		0.0233781
81.75		0.0233781
81.875		0.0233781
82		0.0233781
82.125		0.0233781
82.25		0.0233781
82.375		0.0233781
82.5		0.0233781
82.625		0.0233781
82.75		0.0233781
82.875		0.0233781
83		0.0233781
83.125		0.0233781
83.25		0.0233781
83.375		0.0233781
83.5		0.0233781
83.625		0.0233781
83.75		0.0233781
83.875		0.0233781
84		0.0233781
84.125		0.0233781
84.25		0.0233781
84.375		0.0233781
84.5		0.0233781
84.625		0.0233781
84.75		0.0233781
84.875		0.0233781
85		0.0233781
85.125		0.0508475
85.25		0.0508475
85.375		0.0508475
85.5		0.0508475
85.625		0.0508475
85.75		0.0508475
85.875		0.0508475
86		0.0508475
86.125		0.0508475
86.25		0.0508475
86.375		0.0508475
86.5		0.0508475
86.625		0.0508475
86.75		0.0508475
86.875		0.0508475
87		0.0508475
87.125		0.0508475
87.25		0.0508475
87.375		0.0508475
87.5		0.0508475
87.625		0.0508475
87.75		0.0508475
87.875		0.0508475
88		0.0508475
88.125		0.0508475
88.25		0.0508475
88.375		0.0508475
88.5		0.0508475
88.625		0.0508475
88.75		0.0508475
88.875		0.0508475
89		0.0508475
89.125		0.0508475
89.25		0.0508475
89.375		0.0508475
89.5		0.0508475
89.625		0.0508475
89.75		0.0508475
89.875		0.0508475
90		0.0508475
90.125		0.0514319
90.25		0.0514319
90.375		0.0514319
90.5		0.0514319
90.625		0.0514319
90.75		0.0514319
90.875		0.0514319
91		0.0514319
91.125		0.0514319
91.25		0.0514319
91.375		0.0514319
91.5		0.0514319
91.625		0.0514319
91.75		0.0514319
91.875		0.0514319
92		0.0514319
92.125		0.0514319
92.25		0.0514319
92.375		0.0514319
92.5		0.0514319
92.625		0.0514319
92.75		0.0514319
92.875		0.0514319
93		0.0514319
93.125		0.0514319
93.25		0.0514319
93.375		0.0514319
93.5		0.0514319
93.625		0.0514319
93.75		0.0514319
93.875		0.0514319
94		0.0514319
94.125		0.0514319
94.25		0.0514319
94.375		0.0514319
94.5		0.0514319
94.625		0.0514319
94.75		0.0514319
94.875		0.0514319
95		0.0514319
95.125		0.0584454
95.25		0.0584454
95.375		0.0584454
95.5		0.0584454
95.625		0.0584454
95.75		0.0584454
95.875		0.0584454
96		0.0584454
96.125		0.0584454
96.25		0.0584454
96.375		0.0584454
96.5		0.0584454
96.625		0.0584454
96.75		0.0584454
96.875		0.0584454
97		0.0584454
97.125		0.0584454
97.25		0.0584454
97.375		0.0584454
97.5		0.0584454
97.625		0.0584454
97.75		0.0584454
97.875		0.0584454
98		0.0584454
98.125		0.0584454
98.25		0.0584454
98.375		0.0584454
98.5		0.0584454
98.625		0.0584454
98.75		0.0584454
98.875		0.0584454
99		0.0584454
99.125		0.0584454
99.25		0.0584454
99.375		0.0584454
99.5		0.0584454
99.625		0.0584454
99.75		0.0584454
99.875		0.0584454
100		0.0584454
100.125		0.113384
100.25		0.113384
100.375		0.113384
100.5		0.113384
100.625		0.113384
100.75		0.113384
100.875		0.113384
101		0.113384
101.125		0.113384
101.25		0.113384
101.375		0.113384
101.5		0.113384
101.625		0.113384
101.75		0.113384
101.875		0.113384
102		0.113384
102.125		0.113384
102.25		0.113384
102.375		0.113384
102.5		0.113384
102.625		0.113384
102.75		0.113384
102.875		0.113384
103		0.113384
103.125		0.113384
103.25		0.113384
103.375		0.113384
103.5		0.113384
103.625		0.113384
103.75		0.113384
103.875		0.113384
104		0.113384
104.125		0.113384
104.25		0.113384
104.375		0.113384
104.5		0.113384
104.625		0.113384
104.75		0.113384
104.875		0.113384
105		0.113384
105.125		0.119813
105.25		0.119813
105.375		0.119813
105.5		0.119813
105.625		0.119813
105.75		0.119813
105.875		0.119813
106		0.119813
106.125		0.119813
106.25		0.119813
106.375		0.119813
106.5		0.119813
106.625		0.119813
106.75		0.119813
106.875		0.119813
107		0.119813
107.125		0.119813
107.25		0.119813
107.375		0.119813
107.5		0.119813
107.625		0.119813
107.75		0.119813
107.875		0.119813
108		0.119813
108.125		0.119813
108.25		0.119813
108.375		0.119813
108.5		0.119813
108.625		0.119813
108.75		0.119813
108.875		0.119813
109		0.119813
109.125		0.119813
109.25		0.119813
109.375		0.119813
109.5		0.119813
109.625		0.119813
109.75		0.119813
109.875		0.119813
110		0.119813
110.125		0.120397
110.25		0.120397
110.375		0.120397
110.5		0.120397
110.625		0.120397
110.75		0.120397
110.875		0.120397
111		0.120397
111.125		0.120397
111.25		0.120397
111.375		0.120397
111.5		0.120397
111.625		0.120397
111.75		0.120397
111.875		0.120397
112		0.120397
112.125		0.120397
112.25		0.120397
112.375		0.120397
112.5		0.120397
112.625		0.120397
112.75		0.120397
112.875		0.120397
113		0.120397
113.125		0.120397
113.25		0.120397
113.375		0.120397
113.5		0.120397
113.625		0.120397
113.75		0.120397
113.875		0.120397
114		0.120397
114.125		0.120397
114.25		0.120397
114.375		0.120397
114.5		0.120397
114.625		0.120397
114.75		0.120397
114.875		0.120397
115		0.120397
115.125		0.131502
115.25		0.131502
115.375		0.131502
115.5		0.131502
115.625		0.131502
115.75		0.131502
115.875		0.131502
116		0.131502
116.125		0.131502
116.25		0.131502
116.375		0.131502
116.5		0.131502
116.625		0.131502
116.75		0.131502
116.875		0.131502
117		0.131502
117.125		0.131502
117.25		0.131502
117.375		0.131502
117.5		0.131502
117.625		0.131502
117.75		0.131502
117.875		0.131502
118		0.131502
118.125		0.131502
118.25		0.131502
118.375		0.131502
118.5		0.131502
118.625		0.131502
118.75		0.131502
118.875		0.131502
119		0.131502
119.125		0.131502
119.25		0.131502
119.375		0.131502
119.5		0.131502
119.625		0.131502
119.75		0.131502
119.875		0.131502
120		0.131502
120.125		0.150205
120.25		0.150205
120.375		0.150205
120.5		0.150205
120.625		0.150205
120.75		0.150205
120.875		0.150205
121		0.150205
121.125		0.150205
121.25		0.150205
121.375		0.150205
121.5		0.150205
121.625		0.150205
121.75		0.150205
121.875		0.150205
122		0.150205
122.125		0.150205
122.25		0.150205
122.375		0.150205
122.5		0.150205
122.625		0.150205
122.75		0.150205
122.875		0.150205
123		0.150205
123.125		0.150205
123.25		0.150205
123.375		0.150205
123.5		0.150205
123.625		0.150205
123.75		0.150205
123.875		0.150205
124		0.150205
124.125		0.150205
124.25		0.150205
124.375		0.150205
124.5		0.150205
124.625		0.150205
124.75		0.150205
124.875		0.150205
125		0.150205
125.125		0.159556
125.25		0.159556
125.375		0.159556
125.5		0.159556
125.625		0.159556
125.75		0.159556
125.875		0.159556
126		0.159556
126.125		0.159556
126.25		0.159556
126.375		0.159556
126.5		0.159556
126.625		0.159556
126.75		0.159556
126.875		0.159556
127		0.159556
127.125		0.159556
127.25		0.159556
127.375		0.159556
127.5		0.159556
127.625		0.159556
127.75		0.159556
127.875		0.159556
128		0.159556
128.125		0.159556
128.25		0.159556
128.375		0.159556
128.5		0.159556
128.625		0.159556
128.75		0.159556
128.875		0.159556
129		0.159556
129.125		0.159556
129.25		0.159556
129.375		0.159556
129.5		0.159556
129.625		0.159556
129.75		0.159556
129.875		0.159556
130		0.159556
130.125		0.1654
130.25		0.1654
130.375		0.1654
130.5		0.1654
130.625		0.1654
130.75		0.1654
130.875		0.1654
131		0.1654
131.125		0.1654
131.25		0.1654
131.375		0.1654
131.5		0.1654
131.625		0.1654
131.75		0.1654
131.875		0.1654
132		0.1654
132.125		0.1654
132.25		0.1654
132.375		0.1654
132.5		0.1654
132.625		0.1654
132.75		0.1654
132.875		0.1654
133		0.1654
133.125		0.1654
133.25		0.1654
133.375		0.1654
133.5		0.1654
133.625		0.1654
133.75		0.1654
133.875		0.1654
134		0.1654
134.125		0.1654
134.25		0.1654
134.375		0.1654
134.5		0.1654
134.625		0.1654
134.75		0.1654
134.875		0.1654
135		0.1654
135.125		0.165985
135.25		0.165985
135.375		0.165985
135.5		0.165985
135.625		0.165985
135.75		0.165985
135.875		0.165985
136		0.165985
136.125		0.165985
136.25		0.165985
136.375		0.165985
136.5		0.165985
136.625		0.165985
136.75		0.165985
136.875		0.165985
137		0.165985
137.125		0.165985
137.25		0.165985
137.375		0.165985
137.5		0.165985
137.625		0.165985
137.75		0.165985
137.875		0.165985
138		0.165985
138.125		0.165985
138.25		0.165985
138.375		0.165985
138.5		0.165985
138.625		0.165985
138.75		0.165985
138.875		0.165985
139		0.165985
139.125		0.165985
139.25		0.165985
139.375		0.165985
139.5		0.165985
139.625		0.165985
139.75		0.165985
139.875		0.165985
140		0.165985
140.125		0.188778
140.25		0.188778
140.375		0.188778
140.5		0.188778
140.625		0.188778
140.75		0.188778
140.875		0.188778
141		0.188778
141.125		0.188778
141.25		0.188778
141.375		0.188778
141.5		0.188778
141.625		0.188778
141.75		0.188778
141.875		0.188778
142		0.188778
142.125		0.188778
142.25		0.188778
142.375		0.188778
142.5		0.188778
142.625		0.188778
142.75		0.188778
142.875		0.188778
143		0.188778
143.125		0.188778
143.25		0.188778
143.375		0.188778
143.5		0.188778
143.625		0.188778
143.75		0.188778
143.875		0.188778
144		0.188778
144.125		0.188778
144.25		0.188778
144.375		0.188778
144.5		0.188778
144.625		0.188778
144.75		0.188778
144.875		0.188778
145		0.188778
145.125		0.188778
145.25		0.188778
145.375		0.188778
145.5		0.188778
145.625		0.188778
145.75		0.188778
145.875		0.188778
146		0.188778
146.125		0.188778
146.25		0.188778
146.375		0.188778
146.5		0.188778
146.625		0.188778
146.75		0.188778
146.875		0.188778
147		0.188778
147.125		0.188778
147.25		0.188778
147.375		0.188778
147.5		0.188778
147.625		0.188778
147.75		0.188778
147.875		0.188778
148		0.188778
148.125		0.188778
148.25		0.188778
148.375		0.188778
148.5		0.188778
148.625		0.188778
148.75		0.188778
148.875		0.188778
149		0.188778
149.125		0.188778
149.25		0.188778
149.375		0.188778
149.5		0.188778
149.625		0.188778
149.75		0.188778
149.875		0.188778
150		0.188778
150.125		0.208065
150.25		0.208065
150.375		0.208065
150.5		0.208065
150.625		0.208065
150.75		0.208065
150.875		0.208065
151		0.208065
151.125		0.208065
151.25		0.208065
151.375		0.208065
151.5		0.208065
151.625		0.208065
151.75		0.208065
151.875		0.208065
152		0.208065
152.125		0.208065
152.25		0.208065
152.375		0.208065
152.5		0.208065
152.625		0.208065
152.75		0.208065
152.875		0.208065
153		0.208065
153.125		0.208065
153.25		0.208065
153.375		0.208065
153.5		0.208065
153.625		0.208065
153.75		0.208065
153.875		0.208065
154		0.208065
154.125		0.208065
154.25		0.208065
154.375		0.208065
154.5		0.208065
154.625		0.208065
154.75		0.208065
154.875		0.208065
155		0.208065
155.125		0.214494
155.25		0.214494
155.375		0.214494
155.5		0.214494
155.625		0.214494
155.75		0.214494
155.875		0.214494
156		0.214494
156.125		0.214494
156.25		0.214494
156.375		0.214494
156.5		0.214494
156.625		0.214494
156.75		0.214494
156.875		0.214494
157		0.214494
157.125		0.214494
157.25		0.214494
157.375		0.214494
157.5		0.214494
157.625		0.214494
157.75		0.214494
157.875		0.214494
158		0.214494
158.125		0.214494
158.25		0.214494
158.375		0.214494
158.5		0.214494
158.625		0.214494
158.75		0.214494
158.875		0.214494
159		0.214494
159.125		0.214494
159.25		0.214494
159.375		0.214494
159.5		0.214494
159.625		0.214494
159.75		0.214494
159.875		0.214494
160		0.214494
160.125		0.232613
160.25		0.232613
160.375		0.232613
160.5		0.232613
160.625		0.232613
160.75		0.232613
160.875		0.232613
161		0.232613
161.125		0.232613
161.25		0.232613
161.375		0.232613
161.5		0.232613
161.625		0.232613
161.75		0.232613
161.875		0.232613
162		0.232613
162.125		0.232613
162.25		0.232613
162.375		0.232613
162.5		0.232613
162.625		0.232613
162.75		0.232613
162.875		0.232613
163		0.232613
163.125		0.232613
163.25		0.232613
163.375		0.232613
163.5		0.232613
163.625		0.232613
163.75		0.232613
163.875		0.232613
164		0.232613
164.125		0.232613
164.25		0.232613
164.375		0.232613
164.5		0.232613
164.625		0.232613
164.75		0.232613
164.875		0.232613
165		0.232613
165.125		0.237288
165.25		0.237288
165.375		0.237288
165.5		0.237288
165.625		0.237288
165.75		0.237288
165.875		0.237288
166		0.237288
166.125		0.237288
166.25		0.237288
166.375		0.237288
166.5		0.237288
166.625		0.237288
166.75		0.237288
166.875		0.237288
167		0.237288
167.125		0.237288
167.25		0.237288
167.375		0.237288
167.5		0.237288
167.625		0.237288
167.75		0.237288
167.875		0.237288
168		0.237288
168.125		0.237288
168.25		0.237288
168.375		0.237288
168.5		0.237288
168.625		0.237288
168.75		0.237288
168.875		0.237288
169		0.237288
169.125		0.237288
169.25		0.237288
169.375		0.237288
169.5		0.237288
169.625		0.237288
169.75		0.237288
169.875		0.237288
170		0.237288
170.125		0.239041
170.25		0.239041
170.375		0.239041
170.5		0.239041
170.625		0.239041
170.75		0.239041
170.875		0.239041
171		0.239041
171.125		0.239041
171.25		0.239041
171.375		0.239041
171.5		0.239041
171.625		0.239041
171.75		0.239041
171.875		0.239041
172		0.239041
172.125		0.239041
172.25		0.239041
172.375		0.239041
172.5		0.239041
172.625		0.239041
172.75		0.239041
172.875		0.239041
173		0.239041
173.125		0.239041
173.25		0.239041
173.375		0.239041
173.5		0.239041
173.625		0.239041
173.75		0.239041
173.875		0.239041
174		0.239041
174.125		0.239041
174.25		0.239041
174.375		0.239041
174.5		0.239041
174.625		0.239041
174.75		0.239041
174.875		0.239041
175		0.239041
175.125		0.251315
175.25		0.251315
175.375		0.251315
175.5		0.251315
175.625		0.251315
175.75		0.251315
175.875		0.251315
176		0.251315
176.125		0.251315
176.25		0.251315
176.375		0.251315
176.5		0.251315
176.625		0.251315
176.75		0.251315
176.875		0.251315
177		0.251315
177.125		0.251315
177.25		0.251315
177.375		0.251315
177.5		0.251315
177.625		0.251315
177.75		0.251315
177.875		0.251315
178		0.251315
178.125		0.251315
178.25		0.251315
178.375		0.251315
178.5		0.251315
178.625		0.251315
178.75		0.251315
178.875		0.251315
179		0.251315
179.125		0.251315
179.25		0.251315
179.375		0.251315
179.5		0.251315
179.625		0.251315
179.75		0.251315
179.875		0.251315
180		0.251315
180.125		0.254237
180.25		0.254237
180.375		0.254237
180.5		0.254237
180.625		0.254237
180.75		0.254237
180.875		0.254237
181		0.254237
181.125		0.254237
181.25		0.254237
181.375		0.254237
181.5		0.254237
181.625		0.254237
181.75		0.254237
181.875		0.254237
182		0.254237
182.125		0.254237
182.25		0.254237
182.375		0.254237
182.5		0.254237
182.625		0.254237
182.75		0.254237
182.875		0.254237
183		0.254237
183.125		0.254237
183.25		0.254237
183.375		0.254237
183.5		0.254237
183.625		0.254237
183.75		0.254237
183.875		0.254237
184		0.254237
184.125		0.254237
184.25		0.254237
184.375		0.254237
184.5		0.254237
184.625		0.254237
184.75		0.254237
184.875		0.254237
185		0.254237
185.125		0.28346
185.25		0.28346
185.375		0.28346
185.5		0.28346
185.625		0.28346
185.75		0.28346
185.875		0.28346
186		0.28346
186.125		0.28346
186.25		0.28346
186.375		0.28346
186.5		0.28346
186.625		0.28346
186.75		0.28346
186.875		0.28346
187		0.28346
187.125		0.28346
187.25		0.28346
187.375		0.28346
187.5		0.28346
187.625		0.28346
187.75		0.28346
187.875		0.28346
188		0.28346
188.125		0.28346
188.25		0.28346
188.375		0.28346
188.5		0.28346
188.625		0.28346
188.75		0.28346
188.875		0.28346
189		0.28346
189.125		0.28346
189.25		0.28346
189.375		0.28346
189.5		0.28346
189.625		0.28346
189.75		0.28346
189.875		0.28346
190		0.28346
190.125		0.28346
190.25		0.28346
190.375		0.28346
190.5		0.28346
190.625		0.28346
190.75		0.28346
190.875		0.28346
191		0.28346
191.125		0.28346
191.25		0.28346
191.375		0.28346
191.5		0.28346
191.625		0.28346
191.75		0.28346
191.875		0.28346
192		0.28346
192.125		0.28346
192.25		0.28346
192.375		0.28346
192.5		0.28346
192.625		0.28346
192.75		0.28346
192.875		0.28346
193		0.28346
193.125		0.28346
193.25		0.28346
193.375		0.28346
193.5		0.28346
193.625		0.28346
193.75		0.28346
193.875		0.28346
194		0.28346
194.125		0.28346
194.25		0.28346
194.375		0.28346
194.5		0.28346
194.625		0.28346
194.75		0.28346
194.875		0.28346
195		0.28346
195.125		0.284044
195.25		0.284044
195.375		0.284044
195.5		0.284044
195.625		0.284044
195.75		0.284044
195.875		0.284044
196		0.284044
196.125		0.284044
196.25		0.284044
196.375		0.284044
196.5		0.284044
196.625		0.284044
196.75		0.284044
196.875		0.284044
197		0.284044
197.125		0.284044
197.25		0.284044
197.375		0.284044
197.5		0.284044
197.625		0.284044
197.75		0.284044
197.875		0.284044
198		0.284044
198.125		0.284044
198.25		0.284044
198.375		0.284044
198.5		0.284044
198.625		0.284044
198.75		0.284044
198.875		0.284044
199		0.284044
199.125		0.284044
199.25		0.284044
199.375		0.284044
199.5		0.284044
199.625		0.284044
199.75		0.284044
199.875		0.284044
200		0.284044
200.125		0.303916
200.25		0.303916
200.375		0.303916
200.5		0.303916
200.625		0.303916
200.75		0.303916
200.875		0.303916
201		0.303916
201.125		0.303916
201.25		0.303916
201.375		0.303916
201.5		0.303916
201.625		0.303916
201.75		0.303916
201.875		0.303916
202		0.303916
202.125		0.303916
202.25		0.303916
202.375		0.303916
202.5		0.303916
202.625		0.303916
202.75		0.303916
202.875		0.303916
203		0.303916
203.125		0.303916
203.25		0.303916
203.375		0.303916
203.5		0.303916
203.625		0.303916
203.75		0.303916
203.875		0.303916
204		0.303916
204.125		0.303916
204.25		0.303916
204.375		0.303916
204.5		0.303916
204.625		0.303916
204.75		0.303916
204.875		0.303916
205		0.303916
205.125		0.306838
205.25		0.306838
205.375		0.306838
205.5		0.306838
205.625		0.306838
205.75		0.306838
205.875		0.306838
206		0.306838
206.125		0.306838
206.25		0.306838
206.375		0.306838
206.5		0.306838
206.625		0.306838
206.75		0.306838
206.875		0.306838
207		0.306838
207.125		0.306838
207.25		0.306838
207.375		0.306838
207.5		0.306838
207.625		0.306838
207.75		0.306838
207.875		0.306838
208		0.306838
208.125		0.306838
208.25		0.306838
208.375		0.306838
208.5		0.306838
208.625		0.306838
208.75		0.306838
208.875		0.306838
209		0.306838
209.125		0.306838
209.25		0.306838
209.375		0.306838
209.5		0.306838
209.625		0.306838
209.75		0.306838
209.875		0.306838
210		0.306838
210.125		0.32671
210.25		0.32671
210.375		0.32671
210.5		0.32671
210.625		0.32671
210.75		0.32671
210.875		0.32671
211		0.32671
211.125		0.32671
211.25		0.32671
211.375		0.32671
211.5		0.32671
211.625		0.32671
211.75		0.32671
211.875		0.32671
212		0.32671
212.125		0.32671
212.25		0.32671
212.375		0.32671
212.5		0.32671
212.625		0.32671
212.75		0.32671
212.875		0.32671
213		0.32671
213.125		0.32671
213.25		0.32671
213.375		0.32671
213.5		0.32671
213.625		0.32671
213.75		0.32671
213.875		0.32671
214		0.32671
214.125		0.32671
214.25		0.32671
214.375		0.32671
214.5		0.32671
214.625		0.32671
214.75		0.32671
214.875		0.32671
215		0.32671
215.125		0.336061
215.25		0.336061
215.375		0.336061
215.5		0.336061
215.625		0.336061
215.75		0.336061
215.875		0.336061
216		0.336061
216.125		0.336061
216.25		0.336061
216.375		0.336061
216.5		0.336061
216.625		0.336061
216.75		0.336061
216.875		0.336061
217		0.336061
217.125		0.336061
217.25		0.336061
217.375		0.336061
217.5		0.336061
217.625		0.336061
217.75		0.336061
217.875		0.336061
218		0.336061
218.125		0.336061
218.25		0.336061
218.375		0.336061
218.5		0.336061
218.625		0.336061
218.75		0.336061
218.875		0.336061
219		0.336061
219.125		0.336061
219.25		0.336061
219.375		0.336061
219.5		0.336061
219.625		0.336061
219.75		0.336061
219.875		0.336061
220		0.336061
220.125		0.33723
220.25		0.33723
220.375		0.33723
220.5		0.33723
220.625		0.33723
220.75		0.33723
220.875		0.33723
221		0.33723
221.125		0.33723
221.25		0.33723
221.375		0.33723
221.5		0.33723
221.625		0.33723
221.75		0.33723
221.875		0.33723
222		0.33723
222.125		0.33723
222.25		0.33723
222.375		0.33723
222.5		0.33723
222.625		0.33723
222.75		0.33723
222.875		0.33723
223		0.33723
223.125		0.33723
223.25		0.33723
223.375		0.33723
223.5		0.33723
223.625		0.33723
223.75		0.33723
223.875		0.33723
224		0.33723
224.125		0.33723
224.25		0.33723
224.375		0.33723
224.5		0.33723
224.625		0.33723
224.75		0.33723
224.875		0.33723
225		0.33723
225.125		0.337814
225.25		0.337814
225.375		0.337814
225.5		0.337814
225.625		0.337814
225.75		0.337814
225.875		0.337814
226		0.337814
226.125		0.337814
226.25		0.337814
226.375		0.337814
226.5		0.337814
226.625		0.337814
226.75		0.337814
226.875		0.337814
227		0.337814
227.125		0.337814
227.25		0.337814
227.375		0.337814
227.5		0.337814
227.625		0.337814
227.75		0.337814
227.875		0.337814
228		0.337814
228.125		0.337814
228.25		0.337814
228.375		0.337814
228.5		0.337814
228.625		0.337814
228.75		0.337814
228.875		0.337814
229		0.337814
229.125		0.337814
229.25		0.337814
229.375		0.337814
229.5		0.337814
229.625		0.337814
229.75		0.337814
229.875		0.337814
230		0.337814
230.125		0.378141
230.25		0.378141
230.375		0.378141
230.5		0.378141
230.625		0.378141
230.75		0.378141
230.875		0.378141
231		0.378141
231.125		0.378141
231.25		0.378141
231.375		0.378141
231.5		0.378141
231.625		0.378141
231.75		0.378141
231.875		0.378141
232		0.378141
232.125		0.378141
232.25		0.378141
232.375		0.378141
232.5		0.378141
232.625		0.378141
232.75		0.378141
232.875		0.378141
233		0.378141
233.125		0.378141
233.25		0.378141
233.375		0.378141
233.5		0.378141
233.625		0.378141
233.75		0.378141
233.875		0.378141
234		0.378141
234.125		0.378141
234.25		0.378141
234.375		0.378141
234.5		0.378141
234.625		0.378141
234.75		0.378141
234.875		0.378141
235		0.378141
235.125		0.389831
235.25		0.389831
235.375		0.389831
235.5		0.389831
235.625		0.389831
235.75		0.389831
235.875		0.389831
236		0.389831
236.125		0.389831
236.25		0.389831
236.375		0.389831
236.5		0.389831
236.625		0.389831
236.75		0.389831
236.875		0.389831
237		0.389831
237.125		0.389831
237.25		0.389831
237.375		0.389831
237.5		0.389831
237.625		0.389831
237.75		0.389831
237.875		0.389831
238		0.389831
238.125		0.389831
238.25		0.389831
238.375		0.389831
238.5		0.389831
238.625		0.389831
238.75		0.389831
238.875		0.389831
239		0.389831
239.125		0.389831
239.25		0.389831
239.375		0.389831
239.5		0.389831
239.625		0.389831
239.75		0.389831
239.875		0.389831
240		0.389831
240.125		0.395091
240.25		0.395091
240.375		0.395091
240.5		0.395091
240.625		0.395091
240.75		0.395091
240.875		0.395091
241		0.395091
241.125		0.395091
241.25		0.395091
241.375		0.395091
241.5		0.395091
241.625		0.395091
241.75		0.395091
241.875		0.395091
242		0.395091
242.125		0.395091
242.25		0.395091
242.375		0.395091
242.5		0.395091
242.625		0.395091
242.75		0.395091
242.875		0.395091
243		0.395091
243.125		0.395091
243.25		0.395091
243.375		0.395091
243.5		0.395091
243.625		0.395091
243.75		0.395091
243.875		0.395091
244		0.395091
244.125		0.395091
244.25		0.395091
244.375		0.395091
244.5		0.395091
244.625		0.395091
244.75		0.395091
244.875		0.395091
245		0.395091
245.125		0.40152
245.25		0.40152
245.375		0.40152
245.5		0.40152
245.625		0.40152
245.75		0.40152
245.875		0.40152
246		0.40152
246.125		0.40152
246.25		0.40152
246.375		0.40152
246.5		0.40152
246.625		0.40152
246.75		0.40152
246.875		0.40152
247		0.40152
247.125		0.40152
247.25		0.40152
247.375		0.40152
247.5		0.40152
247.625		0.40152
247.75		0.40152
247.875		0.40152
248		0.40152
248.125		0.40152
248.25		0.40152
248.375		0.40152
248.5		0.40152
248.625		0.40152
248.75		0.40152
248.875		0.40152
249		0.40152
249.125		0.40152
249.25		0.40152
249.375		0.40152
249.5		0.40152
249.625		0.40152
249.75		0.40152
249.875		0.40152
250		0.40152
250.125		0.42256
250.25		0.42256
250.375		0.42256
250.5		0.42256
250.625		0.42256
250.75		0.42256
250.875		0.42256
251		0.42256
251.125		0.42256
251.25		0.42256
251.375		0.42256
251.5		0.42256
251.625		0.42256
251.75		0.42256
251.875		0.42256
252		0.42256
252.125		0.42256
252.25		0.42256
252.375		0.42256
252.5		0.42256
252.625		0.42256
252.75		0.42256
252.875		0.42256
253		0.42256
253.125		0.42256
253.25		0.42256
253.375		0.42256
253.5		0.42256
253.625		0.42256
253.75		0.42256
253.875		0.42256
254		0.42256
254.125		0.42256
254.25		0.42256
254.375		0.42256
254.5		0.42256
254.625		0.42256
254.75		0.42256
254.875		0.42256
255		0.42256
255.125		0.433665
255.25		0.433665
255.375		0.433665
255.5		0.433665
255.625		0.433665
255.75		0.433665
255.875		0.433665
256		0.433665
256.125		0.433665
256.25		0.433665
256.375		0.433665
256.5		0.433665
256.625		0.433665
256.75		0.433665
256.875		0.433665
257		0.433665
257.125		0.433665
257.25		0.433665
257.375		0.433665
257.5		0.433665
257.625		0.433665
257.75		0.433665
257.875		0.433665
258		0.433665
258.125		0.433665
258.25		0.433665
258.375		0.433665
258.5		0.433665
258.625		0.433665
258.75		0.433665
258.875		0.433665
259		0.433665
259.125		0.433665
259.25		0.433665
259.375		0.433665
259.5		0.433665
259.625		0.433665
259.75		0.433665
259.875		0.433665
260		0.433665
260.125		0.437171
260.25		0.437171
260.375		0.437171
260.5		0.437171
260.625		0.437171
260.75		0.437171
260.875		0.437171
261		0.437171
261.125		0.437171
261.25		0.437171
261.375		0.437171
261.5		0.437171
261.625		0.437171
261.75		0.437171
261.875		0.437171
262		0.437171
262.125		0.437171
262.25		0.437171
262.375		0.437171
262.5		0.437171
262.625		0.437171
262.75		0.437171
262.875		0.437171
263		0.437171
263.125		0.437171
263.25		0.437171
263.375		0.437171
263.5		0.437171
263.625		0.437171
263.75		0.437171
263.875		0.437171
264		0.437171
264.125		0.437171
264.25		0.437171
264.375		0.437171
264.5		0.437171
264.625		0.437171
264.75		0.437171
264.875		0.437171
265		0.437171
265.125		0.45412
265.25		0.45412
265.375		0.45412
265.5		0.45412
265.625		0.45412
265.75		0.45412
265.875		0.45412
266		0.45412
266.125		0.45412
266.25		0.45412
266.375		0.45412
266.5		0.45412
266.625		0.45412
266.75		0.45412
266.875		0.45412
267		0.45412
267.125		0.45412
267.25		0.45412
267.375		0.45412
267.5		0.45412
267.625		0.45412
267.75		0.45412
267.875		0.45412
268		0.45412
268.125		0.45412
268.25		0.45412
268.375		0.45412
268.5		0.45412
268.625		0.45412
268.75		0.45412
268.875		0.45412
269		0.45412
269.125		0.45412
269.25		0.45412
269.375		0.45412
269.5		0.45412
269.625		0.45412
269.75		0.45412
269.875		0.45412
270		0.45412
270.125		0.471654
270.25		0.471654
270.375		0.471654
270.5		0.471654
270.625		0.471654
270.75		0.471654
270.875		0.471654
271		0.471654
271.125		0.471654
271.25		0.471654
271.375		0.471654
271.5		0.471654
271.625		0.471654
271.75		0.471654
271.875		0.471654
272		0.471654
272.125		0.471654
272.25		0.471654
272.375		0.471654
272.5		0.471654
272.625		0.471654
272.75		0.471654
272.875		0.471654
273		0.471654
273.125		0.471654
273.25		0.471654
273.375		0.471654
273.5		0.471654
273.625		0.471654
273.75		0.471654
273.875		0.471654
274		0.471654
274.125		0.471654
274.25		0.471654
274.375		0.471654
274.5		0.471654
274.625		0.471654
274.75		0.471654
274.875		0.471654
275		0.471654
275.125		0.481005
275.25		0.481005
275.375		0.481005
275.5		0.481005
275.625		0.481005
275.75		0.481005
275.875		0.481005
276		0.481005
276.125		0.481005
276.25		0.481005
276.375		0.481005
276.5		0.481005
276.625		0.481005
276.75		0.481005
276.875		0.481005
277		0.481005
277.125		0.481005
277.25		0.481005
277.375		0.481005
277.5		0.481005
277.625		0.481005
277.75		0.481005
277.875		0.481005
278		0.481005
278.125		0.481005
278.25		0.481005
278.375		0.481005
278.5		0.481005
278.625		0.481005
278.75		0.481005
278.875		0.481005
279		0.481005
279.125		0.481005
279.25		0.481005
279.375		0.481005
279.5		0.481005
279.625		0.481005
279.75		0.481005
279.875		0.481005
280		0.481005
280.125		0.503214
280.25		0.503214
280.375		0.503214
280.5		0.503214
280.625		0.503214
280.75		0.503214
280.875		0.503214
281		0.503214
281.125		0.503214
281.25		0.503214
281.375		0.503214
281.5		0.503214
281.625		0.503214
281.75		0.503214
281.875		0.503214
282		0.503214
282.125		0.503214
282.25		0.503214
282.375		0.503214
282.5		0.503214
282.625		0.503214
282.75		0.503214
282.875		0.503214
283		0.503214
283.125		0.503214
283.25		0.503214
283.375		0.503214
283.5		0.503214
283.625		0.503214
283.75		0.503214
283.875		0.503214
284		0.503214
284.125		0.503214
284.25		0.503214
284.375		0.503214
284.5		0.503214
284.625		0.503214
284.75		0.503214
284.875		0.503214
285		0.503214
285.125		0.507306
285.25		0.507306
285.375		0.507306
285.5		0.507306
285.625		0.507306
285.75		0.507306
285.875		0.507306
286		0.507306
286.125		0.507306
286.25		0.507306
286.375		0.507306
286.5		0.507306
286.625		0.507306
286.75		0.507306
286.875		0.507306
287		0.507306
287.125		0.507306
287.25		0.507306
287.375		0.507306
287.5		0.507306
287.625		0.507306
287.75		0.507306
287.875		0.507306
288		0.507306
288.125		0.507306
288.25		0.507306
288.375		0.507306
288.5		0.507306
288.625		0.507306
288.75		0.507306
288.875		0.507306
289		0.507306
289.125		0.507306
289.25		0.507306
289.375		0.507306
289.5		0.507306
289.625		0.507306
289.75		0.507306
289.875		0.507306
290		0.507306
290.125		0.517826
290.25		0.517826
290.375		0.517826
290.5		0.517826
290.625		0.517826
290.75		0.517826
290.875		0.517826
291		0.517826
291.125		0.517826
291.25		0.517826
291.375		0.517826
291.5		0.517826
291.625		0.517826
291.75		0.517826
291.875		0.517826
292		0.517826
292.125		0.517826
292.25		0.517826
292.375		0.517826
292.5		0.517826
292.625		0.517826
292.75		0.517826
292.875		0.517826
293		0.517826
293.125		0.517826
293.25		0.517826
293.375		0.517826
293.5		0.517826
293.625		0.517826
293.75		0.517826
293.875		0.517826
294		0.517826
294.125		0.517826
294.25		0.517826
294.375		0.517826
294.5		0.517826
294.625		0.517826
294.75		0.517826
294.875		0.517826
295		0.517826
295.125		0.535944
295.25		0.535944
295.375		0.535944
295.5		0.535944
295.625		0.535944
295.75		0.535944
295.875		0.535944
296		0.535944
296.125		0.535944
296.25		0.535944
296.375		0.535944
296.5		0.535944
296.625		0.535944
296.75		0.535944
296.875		0.535944
297		0.535944
297.125		0.535944
297.25		0.535944
297.375		0.535944
297.5		0.535944
297.625		0.535944
297.75		0.535944
297.875		0.535944
298		0.535944
298.125		0.535944
298.25		0.535944
298.375		0.535944
298.5		0.535944
298.625		0.535944
298.75		0.535944
298.875		0.535944
299		0.535944
299.125		0.535944
299.25		0.535944
299.375		0.535944
299.5		0.535944
299.625		0.535944
299.75		0.535944
299.875		0.535944
300		0.535944
300.125		0.540035
300.25		0.540035
300.375		0.540035
300.5		0.540035
300.625		0.540035
300.75		0.540035
300.875		0.540035
301		0.540035
301.125		0.540035
301.25		0.540035
301.375		0.540035
301.5		0.540035
301.625		0.540035
301.75		0.540035
301.875		0.540035
302		0.540035
302.125		0.540035
302.25		0.540035
302.375		0.540035
302.5		0.540035
302.625		0.540035
302.75		0.540035
302.875		0.540035
303		0.540035
303.125		0.540035
303.25		0.540035
303.375		0.540035
303.5		0.540035
303.625		0.540035
303.75		0.540035
303.875		0.540035
304		0.540035
304.125		0.540035
304.25		0.540035
304.375		0.540035
304.5		0.540035
304.625		0.540035
304.75		0.540035
304.875		0.540035
305		0.540035
305.125		0.552893
305.25		0.552893
305.375		0.552893
305.5		0.552893
305.625		0.552893
305.75		0.552893
305.875		0.552893
306		0.552893
306.125		0.552893
306.25		0.552893
306.375		0.552893
306.5		0.552893
306.625		0.552893
306.75		0.552893
306.875		0.552893
307		0.552893
307.125		0.552893
307.25		0.552893
307.375		0.552893
307.5		0.552893
307.625		0.552893
307.75		0.552893
307.875		0.552893
308		0.552893
308.125		0.552893
308.25		0.552893
308.375		0.552893
308.5		0.552893
308.625		0.552893
308.75		0.552893
308.875		0.552893
309		0.552893
309.125		0.552893
309.25		0.552893
309.375		0.552893
309.5		0.552893
309.625		0.552893
309.75		0.552893
309.875		0.552893
310		0.552893
310.125		0.564582
310.25		0.564582
310.375		0.564582
310.5		0.564582
310.625		0.564582
310.75		0.564582
310.875		0.564582
311		0.564582
311.125		0.564582
311.25		0.564582
311.375		0.564582
311.5		0.564582
311.625		0.564582
311.75		0.564582
311.875		0.564582
312		0.564582
312.125		0.564582
312.25		0.564582
312.375		0.564582
312.5		0.564582
312.625		0.564582
312.75		0.564582
312.875		0.564582
313		0.564582
313.125		0.564582
313.25		0.564582
313.375		0.564582
313.5		0.564582
313.625		0.564582
313.75		0.564582
313.875		0.564582
314		0.564582
314.125		0.564582
314.25		0.564582
314.375		0.564582
314.5		0.564582
314.625		0.564582
314.75		0.564582
314.875		0.564582
315		0.564582
315.125		0.569258
315.25		0.569258
315.375		0.569258
315.5		0.569258
315.625		0.569258
315.75		0.569258
315.875		0.569258
316		0.569258
316.125		0.569258
316.25		0.569258
316.375		0.569258
316.5		0.569258
316.625		0.569258
316.75		0.569258
316.875		0.569258
317		0.569258
317.125		0.569258
317.25		0.569258
317.375		0.569258
317.5		0.569258
317.625		0.569258
317.75		0.569258
317.875		0.569258
318		0.569258
318.125		0.569258
318.25		0.569258
318.375		0.569258
318.5		0.569258
318.625		0.569258
318.75		0.569258
318.875		0.569258
319		0.569258
319.125		0.569258
319.25		0.569258
319.375		0.569258
319.5		0.569258
319.625		0.569258
319.75		0.569258
319.875		0.569258
320		0.569258
320.125		0.575687
320.25		0.575687
320.375		0.575687
320.5		0.575687
320.625		0.575687
320.75		0.575687
320.875		0.575687
321		0.575687
321.125		0.575687
321.25		0.575687
321.375		0.575687
321.5		0.575687
321.625		0.575687
321.75		0.575687
321.875		0.575687
322		0.575687
322.125		0.575687
322.25		0.575687
322.375		0.575687
322.5		0.575687
322.625		0.575687
322.75		0.575687
322.875		0.575687
323		0.575687
323.125		0.575687
323.25		0.575687
323.375		0.575687
323.5		0.575687
323.625		0.575687
323.75		0.575687
323.875		0.575687
324		0.575687
324.125		0.575687
324.25		0.575687
324.375		0.575687
324.5		0.575687
324.625		0.575687
324.75		0.575687
324.875		0.575687
325		0.575687
325.125		0.586791
325.25		0.586791
325.375		0.586791
325.5		0.586791
325.625		0.586791
325.75		0.586791
325.875		0.586791
326		0.586791
326.125		0.586791
326.25		0.586791
326.375		0.586791
326.5		0.586791
326.625		0.586791
326.75		0.586791
326.875		0.586791
327		0.586791
327.125		0.586791
327.25		0.586791
327.375		0.586791
327.5		0.586791
327.625		0.586791
327.75		0.586791
327.875		0.586791
328		0.586791
328.125		0.586791
328.25		0.586791
328.375		0.586791
328.5		0.586791
328.625		0.586791
328.75		0.586791
328.875		0.586791
329		0.586791
329.125		0.586791
329.25		0.586791
329.375		0.586791
329.5		0.586791
329.625		0.586791
329.75		0.586791
329.875		0.586791
330		0.586791
330.125		0.604909
330.25		0.604909
330.375		0.604909
330.5		0.604909
330.625		0.604909
330.75		0.604909
330.875		0.604909
331		0.604909
331.125		0.604909
331.25		0.604909
331.375		0.604909
331.5		0.604909
331.625		0.604909
331.75		0.604909
331.875		0.604909
332		0.604909
332.125		0.604909
332.25		0.604909
332.375		0.604909
332.5		0.604909
332.625		0.604909
332.75		0.604909
332.875		0.604909
333		0.604909
333.125		0.604909
333.25		0.604909
333.375		0.604909
333.5		0.604909
333.625		0.604909
333.75		0.604909
333.875		0.604909
334		0.604909
334.125		0.604909
334.25		0.604909
334.375		0.604909
334.5		0.604909
334.625		0.604909
334.75		0.604909
334.875		0.604909
335		0.604909
335.125		0.604909
335.25		0.604909
335.375		0.604909
335.5		0.604909
335.625		0.604909
335.75		0.604909
335.875		0.604909
336		0.604909
336.125		0.604909
336.25		0.604909
336.375		0.604909
336.5		0.604909
336.625		0.604909
336.75		0.604909
336.875		0.604909
337		0.604909
337.125		0.604909
337.25		0.604909
337.375		0.604909
337.5		0.604909
337.625		0.604909
337.75		0.604909
337.875		0.604909
338		0.604909
338.125		0.604909
338.25		0.604909
338.375		0.604909
338.5		0.604909
338.625		0.604909
338.75		0.604909
338.875		0.604909
339		0.604909
339.125		0.604909
339.25		0.604909
339.375		0.604909
339.5		0.604909
339.625		0.604909
339.75		0.604909
339.875		0.604909
340		0.604909
340.125		0.633548
340.25		0.633548
340.375		0.633548
340.5		0.633548
340.625		0.633548
340.75		0.633548
340.875		0.633548
341		0.633548
341.125		0.633548
341.25		0.633548
341.375		0.633548
341.5		0.633548
341.625		0.633548
341.75		0.633548
341.875		0.633548
342		0.633548
342.125		0.633548
342.25		0.633548
342.375		0.633548
342.5		0.633548
342.625		0.633548
342.75		0.633548
342.875		0.633548
343		0.633548
343.125		0.633548
343.25		0.633548
343.375		0.633548
343.5		0.633548
343.625		0.633548
343.75		0.633548
343.875		0.633548
344		0.633548
344.125		0.633548
344.25		0.633548
344.375		0.633548
344.5		0.633548
344.625		0.633548
344.75		0.633548
344.875		0.633548
345		0.633548
345.125		0.638223
345.25		0.638223
345.375		0.638223
345.5		0.638223
345.625		0.638223
345.75		0.638223
345.875		0.638223
346		0.638223
346.125		0.638223
346.25		0.638223
346.375		0.638223
346.5		0.638223
346.625		0.638223
346.75		0.638223
346.875		0.638223
347		0.638223
347.125		0.638223
347.25		0.638223
347.375		0.638223
347.5		0.638223
347.625		0.638223
347.75		0.638223
347.875		0.638223
348		0.638223
348.125		0.638223
348.25		0.638223
348.375		0.638223
348.5		0.638223
348.625		0.638223
348.75		0.638223
348.875		0.638223
349		0.638223
349.125		0.638223
349.25		0.638223
349.375		0.638223
349.5		0.638223
349.625		0.638223
349.75		0.638223
349.875		0.638223
350		0.638223
350.125		0.640561
350.25		0.640561
350.375		0.640561
350.5		0.640561
350.625		0.640561
350.75		0.640561
350.875		0.640561
351		0.640561
351.125		0.640561
351.25		0.640561
351.375		0.640561
351.5		0.640561
351.625		0.640561
351.75		0.640561
351.875		0.640561
352		0.640561
352.125		0.640561
352.25		0.640561
352.375		0.640561
352.5		0.640561
352.625		0.640561
352.75		0.640561
352.875		0.640561
353		0.640561
353.125		0.640561
353.25		0.640561
353.375		0.640561
353.5		0.640561
353.625		0.640561
353.75		0.640561
353.875		0.640561
354		0.640561
354.125		0.640561
354.25		0.640561
354.375		0.640561
354.5		0.640561
354.625		0.640561
354.75		0.640561
354.875		0.640561
355		0.640561
355.125		0.653419
355.25		0.653419
355.375		0.653419
355.5		0.653419
355.625		0.653419
355.75		0.653419
355.875		0.653419
356		0.653419
356.125		0.653419
356.25		0.653419
356.375		0.653419
356.5		0.653419
356.625		0.653419
356.75		0.653419
356.875		0.653419
357		0.653419
357.125		0.653419
357.25		0.653419
357.375		0.653419
357.5		0.653419
357.625		0.653419
357.75		0.653419
357.875		0.653419
358		0.653419
358.125		0.653419
358.25		0.653419
358.375		0.653419
358.5		0.653419
358.625		0.653419
358.75		0.653419
358.875		0.653419
359		0.653419
359.125		0.653419
359.25		0.653419
359.375		0.653419
359.5		0.653419
359.625		0.653419
359.75		0.653419
359.875		0.653419
360		0.653419
360.125		0.681473
360.25		0.681473
360.375		0.681473
360.5		0.681473
360.625		0.681473
360.75		0.681473
360.875		0.681473
361		0.681473
361.125		0.681473
361.25		0.681473
361.375		0.681473
361.5		0.681473
361.625		0.681473
361.75		0.681473
361.875		0.681473
362		0.681473
362.125		0.681473
362.25		0.681473
362.375		0.681473
362.5		0.681473
362.625		0.681473
362.75		0.681473
362.875		0.681473
363		0.681473
363.125		0.681473
363.25		0.681473
363.375		0.681473
363.5		0.681473
363.625		0.681473
363.75		0.681473
363.875		0.681473
364		0.681473
364.125		0.681473
364.25		0.681473
364.375		0.681473
364.5		0.681473
364.625		0.681473
364.75		0.681473
364.875		0.681473
365		0.681473
365.125		0.69024
365.25		0.69024
365.375		0.69024
365.5		0.69024
365.625		0.69024
365.75		0.69024
365.875		0.69024
366		0.69024
366.125		0.69024
366.25		0.69024
366.375		0.69024
366.5		0.69024
366.625		0.69024
366.75		0.69024
366.875		0.69024
367		0.69024
367.125		0.69024
367.25		0.69024
367.375		0.69024
367.5		0.69024
367.625		0.69024
367.75		0.69024
367.875		0.69024
368		0.69024
368.125		0.69024
368.25		0.69024
368.375		0.69024
368.5		0.69024
368.625		0.69024
368.75		0.69024
368.875		0.69024
369		0.69024
369.125		0.69024
369.25		0.69024
369.375		0.69024
369.5		0.69024
369.625		0.69024
369.75		0.69024
369.875		0.69024
370		0.69024
370.125		0.694331
370.25		0.694331
370.375		0.694331
370.5		0.694331
370.625		0.694331
370.75		0.694331
370.875		0.694331
371		0.694331
371.125		0.694331
371.25		0.694331
371.375		0.694331
371.5		0.694331
371.625		0.694331
371.75		0.694331
371.875		0.694331
372		0.694331
372.125		0.694331
372.25		0.694331
372.375		0.694331
372.5		0.694331
372.625		0.694331
372.75		0.694331
372.875		0.694331
373		0.694331
373.125		0.694331
373.25		0.694331
373.375		0.694331
373.5		0.694331
373.625		0.694331
373.75		0.694331
373.875		0.694331
374		0.694331
374.125		0.694331
374.25		0.694331
374.375		0.694331
374.5		0.694331
374.625		0.694331
374.75		0.694331
374.875		0.694331
375		0.694331
375.125		0.705435
375.25		0.705435
375.375		0.705435
375.5		0.705435
375.625		0.705435
375.75		0.705435
375.875		0.705435
376		0.705435
376.125		0.705435
376.25		0.705435
376.375		0.705435
376.5		0.705435
376.625		0.705435
376.75		0.705435
376.875		0.705435
377		0.705435
377.125		0.705435
377.25		0.705435
377.375		0.705435
377.5		0.705435
377.625		0.705435
377.75		0.705435
377.875		0.705435
378		0.705435
378.125		0.705435
378.25		0.705435
378.375		0.705435
378.5		0.705435
378.625		0.705435
378.75		0.705435
378.875		0.705435
379		0.705435
379.125		0.705435
379.25		0.705435
379.375		0.705435
379.5		0.705435
379.625		0.705435
379.75		0.705435
379.875		0.705435
380		0.705435
380.125		0.720631
380.25		0.720631
380.375		0.720631
380.5		0.720631
380.625		0.720631
380.75		0.720631
380.875		0.720631
381		0.720631
381.125		0.720631
381.25		0.720631
381.375		0.720631
381.5		0.720631
381.625		0.720631
381.75		0.720631
381.875		0.720631
382		0.720631
382.125		0.720631
382.25		0.720631
382.375		0.720631
382.5		0.720631
382.625		0.720631
382.75		0.720631
382.875		0.720631
383		0.720631
383.125		0.720631
383.25		0.720631
383.375		0.720631
383.5		0.720631
383.625		0.720631
383.75		0.720631
383.875		0.720631
384		0.720631
384.125		0.720631
384.25		0.720631
384.375		0.720631
384.5		0.720631
384.625		0.720631
384.75		0.720631
384.875		0.720631
385		0.720631
385.125		0.72706
385.25		0.72706
385.375		0.72706
385.5		0.72706
385.625		0.72706
385.75		0.72706
385.875		0.72706
386		0.72706
386.125		0.72706
386.25		0.72706
386.375		0.72706
386.5		0.72706
386.625		0.72706
386.75		0.72706
386.875		0.72706
387		0.72706
387.125		0.72706
387.25		0.72706
387.375		0.72706
387.5		0.72706
387.625		0.72706
387.75		0.72706
387.875		0.72706
388		0.72706
388.125		0.72706
388.25		0.72706
388.375		0.72706
388.5		0.72706
388.625		0.72706
388.75		0.72706
388.875		0.72706
389		0.72706
389.125		0.72706
389.25		0.72706
389.375		0.72706
389.5		0.72706
389.625		0.72706
389.75		0.72706
389.875		0.72706
390		0.72706
390.125		0.732905
390.25		0.732905
390.375		0.732905
390.5		0.732905
390.625		0.732905
390.75		0.732905
390.875		0.732905
391		0.732905
391.125		0.732905
391.25		0.732905
391.375		0.732905
391.5		0.732905
391.625		0.732905
391.75		0.732905
391.875		0.732905
392		0.732905
392.125		0.732905
392.25		0.732905
392.375		0.732905
392.5		0.732905
392.625		0.732905
392.75		0.732905
392.875		0.732905
393		0.732905
393.125		0.732905
393.25		0.732905
393.375		0.732905
393.5		0.732905
393.625		0.732905
393.75		0.732905
393.875		0.732905
394		0.732905
394.125		0.732905
394.25		0.732905
394.375		0.732905
394.5		0.732905
394.625		0.732905
394.75		0.732905
394.875		0.732905
395		0.732905
395.125		0.748685
395.25		0.748685
395.375		0.748685
395.5		0.748685
395.625		0.748685
395.75		0.748685
395.875		0.748685
396		0.748685
396.125		0.748685
396.25		0.748685
396.375		0.748685
396.5		0.748685
396.625		0.748685
396.75		0.748685
396.875		0.748685
397		0.748685
397.125		0.748685
397.25		0.748685
397.375		0.748685
397.5		0.748685
397.625		0.748685
397.75		0.748685
397.875		0.748685
398		0.748685
398.125		0.748685
398.25		0.748685
398.375		0.748685
398.5		0.748685
398.625		0.748685
398.75		0.748685
398.875		0.748685
399		0.748685
399.125		0.748685
399.25		0.748685
399.375		0.748685
399.5		0.748685
399.625		0.748685
399.75		0.748685
399.875		0.748685
400		0.748685
400.125		0.769141
400.25		0.769141
400.375		0.769141
400.5		0.769141
400.625		0.769141
400.75		0.769141
400.875		0.769141
401		0.769141
401.125		0.769141
401.25		0.769141
401.375		0.769141
401.5		0.769141
401.625		0.769141
401.75		0.769141
401.875		0.769141
402		0.769141
402.125		0.769141
402.25		0.769141
402.375		0.769141
402.5		0.769141
402.625		0.769141
402.75		0.769141
402.875		0.769141
403		0.769141
403.125		0.769141
403.25		0.769141
403.375		0.769141
403.5		0.769141
403.625		0.769141
403.75		0.769141
403.875		0.769141
404		0.769141
404.125		0.769141
404.25		0.769141
404.375		0.769141
404.5		0.769141
404.625		0.769141
404.75		0.769141
404.875		0.769141
405		0.769141
405.125		0.769725
405.25		0.769725
405.375		0.769725
405.5		0.769725
405.625		0.769725
405.75		0.769725
405.875		0.769725
406		0.769725
406.125		0.769725
406.25		0.769725
406.375		0.769725
406.5		0.769725
406.625		0.769725
406.75		0.769725
406.875		0.769725
407		0.769725
407.125		0.769725
407.25		0.769725
407.375		0.769725
407.5		0.769725
407.625		0.769725
407.75		0.769725
407.875		0.769725
408		0.769725
408.125		0.769725
408.25		0.769725
408.375		0.769725
408.5		0.769725
408.625		0.769725
408.75		0.769725
408.875		0.769725
409		0.769725
409.125		0.769725
409.25		0.769725
409.375		0.769725
409.5		0.769725
409.625		0.769725
409.75		0.769725
409.875		0.769725
410		0.769725
410.125		0.785506
410.25		0.785506
410.375		0.785506
410.5		0.785506
410.625		0.785506
410.75		0.785506
410.875		0.785506
411		0.785506
411.125		0.785506
411.25		0.785506
411.375		0.785506
411.5		0.785506
411.625		0.785506
411.75		0.785506
411.875		0.785506
412		0.785506
412.125		0.785506
412.25		0.785506
412.375		0.785506
412.5		0.785506
412.625		0.785506
412.75		0.785506
412.875		0.785506
413		0.785506
413.125		0.785506
413.25		0.785506
413.375		0.785506
413.5		0.785506
413.625		0.785506
413.75		0.785506
413.875		0.785506
414		0.785506
414.125		0.785506
414.25		0.785506
414.375		0.785506
414.5		0.785506
414.625		0.785506
414.75		0.785506
414.875		0.785506
415		0.785506
415.125		0.789012
415.25		0.789012
415.375		0.789012
415.5		0.789012
415.625		0.789012
415.75		0.789012
415.875		0.789012
416		0.789012
416.125		0.789012
416.25		0.789012
416.375		0.789012
416.5		0.789012
416.625		0.789012
416.75		0.789012
416.875		0.789012
417		0.789012
417.125		0.789012
417.25		0.789012
417.375		0.789012
417.5		0.789012
417.625		0.789012
417.75		0.789012
417.875		0.789012
418		0.789012
418.125		0.789012
418.25		0.789012
418.375		0.789012
418.5		0.789012
418.625		0.789012
418.75		0.789012
418.875		0.789012
419		0.789012
419.125		0.789012
419.25		0.789012
419.375		0.789012
419.5		0.789012
419.625		0.789012
419.75		0.789012
419.875		0.789012
420		0.789012
420.125		0.804208
420.25		0.804208
420.375		0.804208
420.5		0.804208
420.625		0.804208
420.75		0.804208
420.875		0.804208
421		0.804208
421.125		0.804208
421.25		0.804208
421.375		0.804208
421.5		0.804208
421.625		0.804208
421.75		0.804208
421.875		0.804208
422		0.804208
422.125		0.804208
422.25		0.804208
422.375		0.804208
422.5		0.804208
422.625		0.804208
422.75		0.804208
422.875		0.804208
423		0.804208
423.125		0.804208
423.25		0.804208
423.375		0.804208
423.5		0.804208
423.625		0.804208
423.75		0.804208
423.875		0.804208
424		0.804208
424.125		0.804208
424.25		0.804208
424.375		0.804208
424.5		0.804208
424.625		0.804208
424.75		0.804208
424.875		0.804208
425		0.804208
425.125		0.823495
425.25		0.823495
425.375		0.823495
425.5		0.823495
425.625		0.823495
425.75		0.823495
425.875		0.823495
426		0.823495
426.125		0.823495
426.25		0.823495
426.375		0.823495
426.5		0.823495
426.625		0.823495
426.75		0.823495
426.875		0.823495
427		0.823495
427.125		0.823495
427.25		0.823495
427.375		0.823495
427.5		0.823495
427.625		0.823495
427.75		0.823495
427.875		0.823495
428		0.823495
428.125		0.823495
428.25		0.823495
428.375		0.823495
428.5		0.823495
428.625		0.823495
428.75		0.823495
428.875		0.823495
429		0.823495
429.125		0.823495
429.25		0.823495
429.375		0.823495
429.5		0.823495
429.625		0.823495
429.75		0.823495
429.875		0.823495
430		0.823495
430.125		0.829924
430.25		0.829924
430.375		0.829924
430.5		0.829924
430.625		0.829924
430.75		0.829924
430.875		0.829924
431		0.829924
431.125		0.829924
431.25		0.829924
431.375		0.829924
431.5		0.829924
431.625		0.829924
431.75		0.829924
431.875		0.829924
432		0.829924
432.125		0.829924
432.25		0.829924
432.375		0.829924
432.5		0.829924
432.625		0.829924
432.75		0.829924
432.875		0.829924
433		0.829924
433.125		0.829924
433.25		0.829924
433.375		0.829924
433.5		0.829924
433.625		0.829924
433.75		0.829924
433.875		0.829924
434		0.829924
434.125		0.829924
434.25		0.829924
434.375		0.829924
434.5		0.829924
434.625		0.829924
434.75		0.829924
434.875		0.829924
435		0.829924
435.125		0.854471
435.25		0.854471
435.375		0.854471
435.5		0.854471
435.625		0.854471
435.75		0.854471
435.875		0.854471
436		0.854471
436.125		0.854471
436.25		0.854471
436.375		0.854471
436.5		0.854471
436.625		0.854471
436.75		0.854471
436.875		0.854471
437		0.854471
437.125		0.854471
437.25		0.854471
437.375		0.854471
437.5		0.854471
437.625		0.854471
437.75		0.854471
437.875		0.854471
438		0.854471
438.125		0.854471
438.25		0.854471
438.375		0.854471
438.5		0.854471
438.625		0.854471
438.75		0.854471
438.875		0.854471
439		0.854471
439.125		0.854471
439.25		0.854471
439.375		0.854471
439.5		0.854471
439.625		0.854471
439.75		0.854471
439.875		0.854471
440		0.854471
440.125		0.856809
440.25		0.856809
440.375		0.856809
440.5		0.856809
440.625		0.856809
440.75		0.856809
440.875		0.856809
441		0.856809
441.125		0.856809
441.25		0.856809
441.375		0.856809
441.5		0.856809
441.625		0.856809
441.75		0.856809
441.875		0.856809
442		0.856809
442.125		0.856809
442.25		0.856809
442.375		0.856809
442.5		0.856809
442.625		0.856809
442.75		0.856809
442.875		0.856809
443		0.856809
443.125		0.856809
443.25		0.856809
443.375		0.856809
443.5		0.856809
443.625		0.856809
443.75		0.856809
443.875		0.856809
444		0.856809
444.125		0.856809
444.25		0.856809
444.375		0.856809
444.5		0.856809
444.625		0.856809
444.75		0.856809
444.875		0.856809
445		0.856809
445.125		0.863822
445.25		0.863822
445.375		0.863822
445.5		0.863822
445.625		0.863822
445.75		0.863822
445.875		0.863822
446		0.863822
446.125		0.863822
446.25		0.863822
446.375		0.863822
446.5		0.863822
446.625		0.863822
446.75		0.863822
446.875		0.863822
447		0.863822
447.125		0.863822
447.25		0.863822
447.375		0.863822
447.5		0.863822
447.625		0.863822
447.75		0.863822
447.875		0.863822
448		0.863822
448.125		0.863822
448.25		0.863822
448.375		0.863822
448.5		0.863822
448.625		0.863822
448.75		0.863822
448.875		0.863822
449		0.863822
449.125		0.863822
449.25		0.863822
449.375		0.863822
449.5		0.863822
449.625		0.863822
449.75		0.863822
449.875		0.863822
450		0.863822
450.125		0.890707
450.25		0.890707
450.375		0.890707
450.5		0.890707
450.625		0.890707
450.75		0.890707
450.875		0.890707
451		0.890707
451.125		0.890707
451.25		0.890707
451.375		0.890707
451.5		0.890707
451.625		0.890707
451.75		0.890707
451.875		0.890707
452		0.890707
452.125		0.890707
452.25		0.890707
452.375		0.890707
452.5		0.890707
452.625		0.890707
452.75		0.890707
452.875		0.890707
453		0.890707
453.125		0.890707
453.25		0.890707
453.375		0.890707
453.5		0.890707
453.625		0.890707
453.75		0.890707
453.875		0.890707
454		0.890707
454.125		0.890707
454.25		0.890707
454.375		0.890707
454.5		0.890707
454.625		0.890707
454.75		0.890707
454.875		0.890707
455		0.890707
455.125		0.905903
455.25		0.905903
455.375		0.905903
455.5		0.905903
455.625		0.905903
455.75		0.905903
455.875		0.905903
456		0.905903
456.125		0.905903
456.25		0.905903
456.375		0.905903
456.5		0.905903
456.625		0.905903
456.75		0.905903
456.875		0.905903
457		0.905903
457.125		0.905903
457.25		0.905903
457.375		0.905903
457.5		0.905903
457.625		0.905903
457.75		0.905903
457.875		0.905903
458		0.905903
458.125		0.905903
458.25		0.905903
458.375		0.905903
458.5		0.905903
458.625		0.905903
458.75		0.905903
458.875		0.905903
459		0.905903
459.125		0.905903
459.25		0.905903
459.375		0.905903
459.5		0.905903
459.625		0.905903
459.75		0.905903
459.875		0.905903
460		0.905903
460.125		0.915254
460.25		0.915254
460.375		0.915254
460.5		0.915254
460.625		0.915254
460.75		0.915254
460.875		0.915254
461		0.915254
461.125		0.915254
461.25		0.915254
461.375		0.915254
461.5		0.915254
461.625		0.915254
461.75		0.915254
461.875		0.915254
462		0.915254
462.125		0.915254
462.25		0.915254
462.375		0.915254
462.5		0.915254
462.625		0.915254
462.75		0.915254
462.875		0.915254
463		0.915254
463.125		0.915254
463.25		0.915254
463.375		0.915254
463.5		0.915254
463.625		0.915254
463.75		0.915254
463.875		0.915254
464		0.915254
464.125		0.915254
464.25		0.915254
464.375		0.915254
464.5		0.915254
464.625		0.915254
464.75		0.915254
464.875		0.915254
465		0.915254
465.125		0.922268
465.25		0.922268
465.375		0.922268
465.5		0.922268
465.625		0.922268
465.75		0.922268
465.875		0.922268
466		0.922268
466.125		0.922268
466.25		0.922268
466.375		0.922268
466.5		0.922268
466.625		0.922268
466.75		0.922268
466.875		0.922268
467		0.922268
467.125		0.922268
467.25		0.922268
467.375		0.922268
467.5		0.922268
467.625		0.922268
467.75		0.922268
467.875		0.922268
468		0.922268
468.125		0.922268
468.25		0.922268
468.375		0.922268
468.5		0.922268
468.625		0.922268
468.75		0.922268
468.875		0.922268
469		0.922268
469.125		0.922268
469.25		0.922268
469.375		0.922268
469.5		0.922268
469.625		0.922268
469.75		0.922268
469.875		0.922268
470		0.922268
470.125		0.948568
470.25		0.948568
470.375		0.948568
470.5		0.948568
470.625		0.948568
470.75		0.948568
470.875		0.948568
471		0.948568
471.125		0.948568
471.25		0.948568
471.375		0.948568
471.5		0.948568
471.625		0.948568
471.75		0.948568
471.875		0.948568
472		0.948568
472.125		0.948568
472.25		0.948568
472.375		0.948568
472.5		0.948568
472.625		0.948568
472.75		0.948568
472.875		0.948568
473		0.948568
473.125		0.948568
473.25		0.948568
473.375		0.948568
473.5		0.948568
473.625		0.948568
473.75		0.948568
473.875		0.948568
474		0.948568
474.125		0.948568
474.25		0.948568
474.375		0.948568
474.5		0.948568
474.625		0.948568
474.75		0.948568
474.875		0.948568
475		0.948568
475.125		0.954997
475.25		0.954997
475.375		0.954997
475.5		0.954997
475.625		0.954997
475.75		0.954997
475.875		0.954997
476		0.954997
476.125		0.954997
476.25		0.954997
476.375		0.954997
476.5		0.954997
476.625		0.954997
476.75		0.954997
476.875		0.954997
477		0.954997
477.125		0.954997
477.25		0.954997
477.375		0.954997
477.5		0.954997
477.625		0.954997
477.75		0.954997
477.875		0.954997
478		0.954997
478.125		0.954997
478.25		0.954997
478.375		0.954997
478.5		0.954997
478.625		0.954997
478.75		0.954997
478.875		0.954997
479		0.954997
479.125		0.954997
479.25		0.954997
479.375		0.954997
479.5		0.954997
479.625		0.954997
479.75		0.954997
479.875		0.954997
480		0.954997
480.125		0.969608
480.25		0.969608
480.375		0.969608
480.5		0.969608
480.625		0.969608
480.75		0.969608
480.875		0.969608
481		0.969608
481.125		0.969608
481.25		0.969608
481.375		0.969608
481.5		0.969608
481.625		0.969608
481.75		0.969608
481.875		0.969608
482		0.969608
482.125		0.969608
482.25		0.969608
482.375		0.969608
482.5		0.969608
482.625		0.969608
482.75		0.969608
482.875		0.969608
483		0.969608
483.125		0.969608
483.25		0.969608
483.375		0.969608
483.5		0.969608
483.625		0.969608
483.75		0.969608
483.875		0.969608
484		0.969608
484.125		0.969608
484.25		0.969608
484.375		0.969608
484.5		0.969608
484.625		0.969608
484.75		0.969608
484.875		0.969608
485		0.969608
485.125		0.973115
485.25		0.973115
485.375		0.973115
485.5		0.973115
485.625		0.973115
485.75		0.973115
485.875		0.973115
486		0.973115
486.125		0.973115
486.25		0.973115
486.375		0.973115
486.5		0.973115
486.625		0.973115
486.75		0.973115
486.875		0.973115
487		0.973115
487.125		0.973115
487.25		0.973115
487.375		0.973115
487.5		0.973115
487.625		0.973115
487.75		0.973115
487.875		0.973115
488		0.973115
488.125		0.973115
488.25		0.973115
488.375		0.973115
488.5		0.973115
488.625		0.973115
488.75		0.973115
488.875		0.973115
489		0.973115
489.125		0.973115
489.25		0.973115
489.375		0.973115
489.5		0.973115
489.625		0.973115
489.75		0.973115
489.875		0.973115
490		0.973115
490.125		0.997078
490.25		0.997078
490.375		0.997078
490.5		0.997078
490.625		0.997078
490.75		0.997078
490.875		0.997078
491		0.997078
491.125		0.997078
491.25		0.997078
491.375		0.997078
491.5		0.997078
491.625		0.997078
491.75		0.997078
491.875		0.997078
492		0.997078
492.125		0.997078
492.25		0.997078
492.375		0.997078
492.5		0.997078
492.625		0.997078
492.75		0.997078
492.875		0.997078
493		0.997078
493.125		0.997078
493.25		0.997078
493.375		0.997078
493.5		0.997078
493.625		0.997078
493.75		0.997078
493.875		0.997078
494		0.997078
494.125		0.997078
494.25		0.997078
494.375		0.997078
494.5		0.997078
494.625		0.997078
494.75		0.997078
494.875		0.997078
495		0.997078
495.125		1
495.25		1
495.375		1
495.5		1
495.625		1
495.75		1
495.875		1
496		1
496.125		1
496.25		1
496.375		1
496.5		1
496.625		1
496.75		1
496.875		1
497		1
497.125		1
497.25		1
497.375		1
497.5		1
497.625		1
497.75		1
497.875		1
498		1
498.125		1
498.25		1
498.375		1
498.5		1
498.625		1
498.75		1
498.875		1
499		1
499.125		1
499.25		1
499.375		1
499.5		1
499.625		1
499.75		1
499.875		1
500		1
