# Calibration file of tamex_id 2 @ channel 9
# fine_T bin		 Calibration value
0.125		0
0.25		0
0.375		0
0.5		0
0.625		0
0.75		0
0.875		0
1		0
1.125		0
1.25		0
1.375		0
1.5		0
1.625		0
1.75		0
1.875		0
2		0
2.125		0
2.25		0
2.375		0
2.5		0
2.625		0
2.75		0
2.875		0
3		0
3.125		0
3.25		0
3.375		0
3.5		0
3.625		0
3.75		0
3.875		0
4		0
4.125		0
4.25		0
4.375		0
4.5		0
4.625		0
4.75		0
4.875		0
5		0
5.125		0
5.25		0
5.375		0
5.5		0
5.625		0
5.75		0
5.875		0
6		0
6.125		0
6.25		0
6.375		0
6.5		0
6.625		0
6.75		0
6.875		0
7		0
7.125		0
7.25		0
7.375		0
7.5		0
7.625		0
7.75		0
7.875		0
8		0
8.125		0
8.25		0
8.375		0
8.5		0
8.625		0
8.75		0
8.875		0
9		0
9.125		0
9.25		0
9.375		0
9.5		0
9.625		0
9.75		0
9.875		0
10		0
10.125		0
10.25		0
10.375		0
10.5		0
10.625		0
10.75		0
10.875		0
11		0
11.125		0
11.25		0
11.375		0
11.5		0
11.625		0
11.75		0
11.875		0
12		0
12.125		0
12.25		0
12.375		0
12.5		0
12.625		0
12.75		0
12.875		0
13		0
13.125		0
13.25		0
13.375		0
13.5		0
13.625		0
13.75		0
13.875		0
14		0
14.125		0
14.25		0
14.375		0
14.5		0
14.625		0
14.75		0
14.875		0
15		0
15.125		0
15.25		0
15.375		0
15.5		0
15.625		0
15.75		0
15.875		0
16		0
16.125		0
16.25		0
16.375		0
16.5		0
16.625		0
16.75		0
16.875		0
17		0
17.125		0
17.25		0
17.375		0
17.5		0
17.625		0
17.75		0
17.875		0
18		0
18.125		0
18.25		0
18.375		0
18.5		0
18.625		0
18.75		0
18.875		0
19		0
19.125		0
19.25		0
19.375		0
19.5		0
19.625		0
19.75		0
19.875		0
20		0
20.125		0
20.25		0
20.375		0
20.5		0
20.625		0
20.75		0
20.875		0
21		0
21.125		0
21.25		0
21.375		0
21.5		0
21.625		0
21.75		0
21.875		0
22		0
22.125		0
22.25		0
22.375		0
22.5		0
22.625		0
22.75		0
22.875		0
23		0
23.125		0
23.25		0
23.375		0
23.5		0
23.625		0
23.75		0
23.875		0
24		0
24.125		0
24.25		0
24.375		0
24.5		0
24.625		0
24.75		0
24.875		0
25		0
25.125		0
25.25		0
25.375		0
25.5		0
25.625		0
25.75		0
25.875		0
26		0
26.125		0
26.25		0
26.375		0
26.5		0
26.625		0
26.75		0
26.875		0
27		0
27.125		0
27.25		0
27.375		0
27.5		0
27.625		0
27.75		0
27.875		0
28		0
28.125		0
28.25		0
28.375		0
28.5		0
28.625		0
28.75		0
28.875		0
29		0
29.125		0
29.25		0
29.375		0
29.5		0
29.625		0
29.75		0
29.875		0
30		0
30.125		0
30.25		0
30.375		0
30.5		0
30.625		0
30.75		0
30.875		0
31		0
31.125		0
31.25		0
31.375		0
31.5		0
31.625		0
31.75		0
31.875		0
32		0
32.125		0
32.25		0
32.375		0
32.5		0
32.625		0
32.75		0
32.875		0
33		0
33.125		0
33.25		0
33.375		0
33.5		0
33.625		0
33.75		0
33.875		0
34		0
34.125		0
34.25		0
34.375		0
34.5		0
34.625		0
34.75		0
34.875		0
35		0
35.125		0
35.25		0
35.375		0
35.5		0
35.625		0
35.75		0
35.875		0
36		0
36.125		0
36.25		0
36.375		0
36.5		0
36.625		0
36.75		0
36.875		0
37		0
37.125		0
37.25		0
37.375		0
37.5		0
37.625		0
37.75		0
37.875		0
38		0
38.125		0
38.25		0
38.375		0
38.5		0
38.625		0
38.75		0
38.875		0
39		0
39.125		0
39.25		0
39.375		0
39.5		0
39.625		0
39.75		0
39.875		0
40		0
40.125		0
40.25		0
40.375		0
40.5		0
40.625		0
40.75		0
40.875		0
41		0
41.125		0
41.25		0
41.375		0
41.5		0
41.625		0
41.75		0
41.875		0
42		0
42.125		0
42.25		0
42.375		0
42.5		0
42.625		0
42.75		0
42.875		0
43		0
43.125		0
43.25		0
43.375		0
43.5		0
43.625		0
43.75		0
43.875		0
44		0
44.125		0
44.25		0
44.375		0
44.5		0
44.625		0
44.75		0
44.875		0
45		0
45.125		0
45.25		0
45.375		0
45.5		0
45.625		0
45.75		0
45.875		0
46		0
46.125		0
46.25		0
46.375		0
46.5		0
46.625		0
46.75		0
46.875		0
47		0
47.125		0
47.25		0
47.375		0
47.5		0
47.625		0
47.75		0
47.875		0
48		0
48.125		0
48.25		0
48.375		0
48.5		0
48.625		0
48.75		0
48.875		0
49		0
49.125		0
49.25		0
49.375		0
49.5		0
49.625		0
49.75		0
49.875		0
50		0
50.125		0
50.25		0
50.375		0
50.5		0
50.625		0
50.75		0
50.875		0
51		0
51.125		0
51.25		0
51.375		0
51.5		0
51.625		0
51.75		0
51.875		0
52		0
52.125		0
52.25		0
52.375		0
52.5		0
52.625		0
52.75		0
52.875		0
53		0
53.125		0
53.25		0
53.375		0
53.5		0
53.625		0
53.75		0
53.875		0
54		0
54.125		0
54.25		0
54.375		0
54.5		0
54.625		0
54.75		0
54.875		0
55		0
55.125		0
55.25		0
55.375		0
55.5		0
55.625		0
55.75		0
55.875		0
56		0
56.125		0
56.25		0
56.375		0
56.5		0
56.625		0
56.75		0
56.875		0
57		0
57.125		0
57.25		0
57.375		0
57.5		0
57.625		0
57.75		0
57.875		0
58		0
58.125		0
58.25		0
58.375		0
58.5		0
58.625		0
58.75		0
58.875		0
59		0
59.125		0
59.25		0
59.375		0
59.5		0
59.625		0
59.75		0
59.875		0
60		0
60.125		0
60.25		0
60.375		0
60.5		0
60.625		0
60.75		0
60.875		0
61		0
61.125		0
61.25		0
61.375		0
61.5		0
61.625		0
61.75		0
61.875		0
62		0
62.125		0
62.25		0
62.375		0
62.5		0
62.625		0
62.75		0
62.875		0
63		0
63.125		0
63.25		0
63.375		0
63.5		0
63.625		0
63.75		0
63.875		0
64		0
64.125		0
64.25		0
64.375		0
64.5		0
64.625		0
64.75		0
64.875		0
65		0
65.125		0
65.25		0
65.375		0
65.5		0
65.625		0
65.75		0
65.875		0
66		0
66.125		0
66.25		0
66.375		0
66.5		0
66.625		0
66.75		0
66.875		0
67		0
67.125		0
67.25		0
67.375		0
67.5		0
67.625		0
67.75		0
67.875		0
68		0
68.125		0
68.25		0
68.375		0
68.5		0
68.625		0
68.75		0
68.875		0
69		0
69.125		0
69.25		0
69.375		0
69.5		0
69.625		0
69.75		0
69.875		0
70		0
70.125		0
70.25		0
70.375		0
70.5		0
70.625		0
70.75		0
70.875		0
71		0
71.125		0
71.25		0
71.375		0
71.5		0
71.625		0
71.75		0
71.875		0
72		0
72.125		0
72.25		0
72.375		0
72.5		0
72.625		0
72.75		0
72.875		0
73		0
73.125		0
73.25		0
73.375		0
73.5		0
73.625		0
73.75		0
73.875		0
74		0
74.125		0
74.25		0
74.375		0
74.5		0
74.625		0
74.75		0
74.875		0
75		0
75.125		0
75.25		0
75.375		0
75.5		0
75.625		0
75.75		0
75.875		0
76		0
76.125		0
76.25		0
76.375		0
76.5		0
76.625		0
76.75		0
76.875		0
77		0
77.125		0
77.25		0
77.375		0
77.5		0
77.625		0
77.75		0
77.875		0
78		0
78.125		0
78.25		0
78.375		0
78.5		0
78.625		0
78.75		0
78.875		0
79		0
79.125		0
79.25		0
79.375		0
79.5		0
79.625		0
79.75		0
79.875		0
80		0
80.125		0
80.25		0
80.375		0
80.5		0
80.625		0
80.75		0
80.875		0
81		0
81.125		0
81.25		0
81.375		0
81.5		0
81.625		0
81.75		0
81.875		0
82		0
82.125		0
82.25		0
82.375		0
82.5		0
82.625		0
82.75		0
82.875		0
83		0
83.125		0
83.25		0
83.375		0
83.5		0
83.625		0
83.75		0
83.875		0
84		0
84.125		0
84.25		0
84.375		0
84.5		0
84.625		0
84.75		0
84.875		0
85		0
85.125		0
85.25		0
85.375		0
85.5		0
85.625		0
85.75		0
85.875		0
86		0
86.125		0
86.25		0
86.375		0
86.5		0
86.625		0
86.75		0
86.875		0
87		0
87.125		0
87.25		0
87.375		0
87.5		0
87.625		0
87.75		0
87.875		0
88		0
88.125		0
88.25		0
88.375		0
88.5		0
88.625		0
88.75		0
88.875		0
89		0
89.125		0
89.25		0
89.375		0
89.5		0
89.625		0
89.75		0
89.875		0
90		0
90.125		0
90.25		0
90.375		0
90.5		0
90.625		0
90.75		0
90.875		0
91		0
91.125		0
91.25		0
91.375		0
91.5		0
91.625		0
91.75		0
91.875		0
92		0
92.125		0
92.25		0
92.375		0
92.5		0
92.625		0
92.75		0
92.875		0
93		0
93.125		0
93.25		0
93.375		0
93.5		0
93.625		0
93.75		0
93.875		0
94		0
94.125		0
94.25		0
94.375		0
94.5		0
94.625		0
94.75		0
94.875		0
95		0
95.125		0
95.25		0
95.375		0
95.5		0
95.625		0
95.75		0
95.875		0
96		0
96.125		0
96.25		0
96.375		0
96.5		0
96.625		0
96.75		0
96.875		0
97		0
97.125		0
97.25		0
97.375		0
97.5		0
97.625		0
97.75		0
97.875		0
98		0
98.125		0
98.25		0
98.375		0
98.5		0
98.625		0
98.75		0
98.875		0
99		0
99.125		0
99.25		0
99.375		0
99.5		0
99.625		0
99.75		0
99.875		0
100		0
100.125		0
100.25		0
100.375		0
100.5		0
100.625		0
100.75		0
100.875		0
101		0
101.125		0
101.25		0
101.375		0
101.5		0
101.625		0
101.75		0
101.875		0
102		0
102.125		0
102.25		0
102.375		0
102.5		0
102.625		0
102.75		0
102.875		0
103		0
103.125		0
103.25		0
103.375		0
103.5		0
103.625		0
103.75		0
103.875		0
104		0
104.125		0
104.25		0
104.375		0
104.5		0
104.625		0
104.75		0
104.875		0
105		0
105.125		0
105.25		0
105.375		0
105.5		0
105.625		0
105.75		0
105.875		0
106		0
106.125		0
106.25		0
106.375		0
106.5		0
106.625		0
106.75		0
106.875		0
107		0
107.125		0
107.25		0
107.375		0
107.5		0
107.625		0
107.75		0
107.875		0
108		0
108.125		0
108.25		0
108.375		0
108.5		0
108.625		0
108.75		0
108.875		0
109		0
109.125		0
109.25		0
109.375		0
109.5		0
109.625		0
109.75		0
109.875		0
110		0
110.125		0
110.25		0
110.375		0
110.5		0
110.625		0
110.75		0
110.875		0
111		0
111.125		0
111.25		0
111.375		0
111.5		0
111.625		0
111.75		0
111.875		0
112		0
112.125		0
112.25		0
112.375		0
112.5		0
112.625		0
112.75		0
112.875		0
113		0
113.125		0
113.25		0
113.375		0
113.5		0
113.625		0
113.75		0
113.875		0
114		0
114.125		0
114.25		0
114.375		0
114.5		0
114.625		0
114.75		0
114.875		0
115		0
115.125		0
115.25		0
115.375		0
115.5		0
115.625		0
115.75		0
115.875		0
116		0
116.125		0
116.25		0
116.375		0
116.5		0
116.625		0
116.75		0
116.875		0
117		0
117.125		0
117.25		0
117.375		0
117.5		0
117.625		0
117.75		0
117.875		0
118		0
118.125		0
118.25		0
118.375		0
118.5		0
118.625		0
118.75		0
118.875		0
119		0
119.125		0
119.25		0
119.375		0
119.5		0
119.625		0
119.75		0
119.875		0
120		0
120.125		0
120.25		0
120.375		0
120.5		0
120.625		0
120.75		0
120.875		0
121		0
121.125		0
121.25		0
121.375		0
121.5		0
121.625		0
121.75		0
121.875		0
122		0
122.125		0
122.25		0
122.375		0
122.5		0
122.625		0
122.75		0
122.875		0
123		0
123.125		0
123.25		0
123.375		0
123.5		0
123.625		0
123.75		0
123.875		0
124		0
124.125		0
124.25		0
124.375		0
124.5		0
124.625		0
124.75		0
124.875		0
125		0
125.125		0
125.25		0
125.375		0
125.5		0
125.625		0
125.75		0
125.875		0
126		0
126.125		0
126.25		0
126.375		0
126.5		0
126.625		0
126.75		0
126.875		0
127		0
127.125		0
127.25		0
127.375		0
127.5		0
127.625		0
127.75		0
127.875		0
128		0
128.125		0
128.25		0
128.375		0
128.5		0
128.625		0
128.75		0
128.875		0
129		0
129.125		0
129.25		0
129.375		0
129.5		0
129.625		0
129.75		0
129.875		0
130		0
130.125		0
130.25		0
130.375		0
130.5		0
130.625		0
130.75		0
130.875		0
131		0
131.125		0
131.25		0
131.375		0
131.5		0
131.625		0
131.75		0
131.875		0
132		0
132.125		0
132.25		0
132.375		0
132.5		0
132.625		0
132.75		0
132.875		0
133		0
133.125		0
133.25		0
133.375		0
133.5		0
133.625		0
133.75		0
133.875		0
134		0
134.125		0
134.25		0
134.375		0
134.5		0
134.625		0
134.75		0
134.875		0
135		0
135.125		1
135.25		1
135.375		1
135.5		1
135.625		1
135.75		1
135.875		1
136		1
136.125		1
136.25		1
136.375		1
136.5		1
136.625		1
136.75		1
136.875		1
137		1
137.125		1
137.25		1
137.375		1
137.5		1
137.625		1
137.75		1
137.875		1
138		1
138.125		1
138.25		1
138.375		1
138.5		1
138.625		1
138.75		1
138.875		1
139		1
139.125		1
139.25		1
139.375		1
139.5		1
139.625		1
139.75		1
139.875		1
140		1
140.125		1
140.25		1
140.375		1
140.5		1
140.625		1
140.75		1
140.875		1
141		1
141.125		1
141.25		1
141.375		1
141.5		1
141.625		1
141.75		1
141.875		1
142		1
142.125		1
142.25		1
142.375		1
142.5		1
142.625		1
142.75		1
142.875		1
143		1
143.125		1
143.25		1
143.375		1
143.5		1
143.625		1
143.75		1
143.875		1
144		1
144.125		1
144.25		1
144.375		1
144.5		1
144.625		1
144.75		1
144.875		1
145		1
145.125		1
145.25		1
145.375		1
145.5		1
145.625		1
145.75		1
145.875		1
146		1
146.125		1
146.25		1
146.375		1
146.5		1
146.625		1
146.75		1
146.875		1
147		1
147.125		1
147.25		1
147.375		1
147.5		1
147.625		1
147.75		1
147.875		1
148		1
148.125		1
148.25		1
148.375		1
148.5		1
148.625		1
148.75		1
148.875		1
149		1
149.125		1
149.25		1
149.375		1
149.5		1
149.625		1
149.75		1
149.875		1
150		1
150.125		1
150.25		1
150.375		1
150.5		1
150.625		1
150.75		1
150.875		1
151		1
151.125		1
151.25		1
151.375		1
151.5		1
151.625		1
151.75		1
151.875		1
152		1
152.125		1
152.25		1
152.375		1
152.5		1
152.625		1
152.75		1
152.875		1
153		1
153.125		1
153.25		1
153.375		1
153.5		1
153.625		1
153.75		1
153.875		1
154		1
154.125		1
154.25		1
154.375		1
154.5		1
154.625		1
154.75		1
154.875		1
155		1
155.125		1
155.25		1
155.375		1
155.5		1
155.625		1
155.75		1
155.875		1
156		1
156.125		1
156.25		1
156.375		1
156.5		1
156.625		1
156.75		1
156.875		1
157		1
157.125		1
157.25		1
157.375		1
157.5		1
157.625		1
157.75		1
157.875		1
158		1
158.125		1
158.25		1
158.375		1
158.5		1
158.625		1
158.75		1
158.875		1
159		1
159.125		1
159.25		1
159.375		1
159.5		1
159.625		1
159.75		1
159.875		1
160		1
160.125		1
160.25		1
160.375		1
160.5		1
160.625		1
160.75		1
160.875		1
161		1
161.125		1
161.25		1
161.375		1
161.5		1
161.625		1
161.75		1
161.875		1
162		1
162.125		1
162.25		1
162.375		1
162.5		1
162.625		1
162.75		1
162.875		1
163		1
163.125		1
163.25		1
163.375		1
163.5		1
163.625		1
163.75		1
163.875		1
164		1
164.125		1
164.25		1
164.375		1
164.5		1
164.625		1
164.75		1
164.875		1
165		1
165.125		1
165.25		1
165.375		1
165.5		1
165.625		1
165.75		1
165.875		1
166		1
166.125		1
166.25		1
166.375		1
166.5		1
166.625		1
166.75		1
166.875		1
167		1
167.125		1
167.25		1
167.375		1
167.5		1
167.625		1
167.75		1
167.875		1
168		1
168.125		1
168.25		1
168.375		1
168.5		1
168.625		1
168.75		1
168.875		1
169		1
169.125		1
169.25		1
169.375		1
169.5		1
169.625		1
169.75		1
169.875		1
170		1
170.125		1
170.25		1
170.375		1
170.5		1
170.625		1
170.75		1
170.875		1
171		1
171.125		1
171.25		1
171.375		1
171.5		1
171.625		1
171.75		1
171.875		1
172		1
172.125		1
172.25		1
172.375		1
172.5		1
172.625		1
172.75		1
172.875		1
173		1
173.125		1
173.25		1
173.375		1
173.5		1
173.625		1
173.75		1
173.875		1
174		1
174.125		1
174.25		1
174.375		1
174.5		1
174.625		1
174.75		1
174.875		1
175		1
175.125		1
175.25		1
175.375		1
175.5		1
175.625		1
175.75		1
175.875		1
176		1
176.125		1
176.25		1
176.375		1
176.5		1
176.625		1
176.75		1
176.875		1
177		1
177.125		1
177.25		1
177.375		1
177.5		1
177.625		1
177.75		1
177.875		1
178		1
178.125		1
178.25		1
178.375		1
178.5		1
178.625		1
178.75		1
178.875		1
179		1
179.125		1
179.25		1
179.375		1
179.5		1
179.625		1
179.75		1
179.875		1
180		1
180.125		1
180.25		1
180.375		1
180.5		1
180.625		1
180.75		1
180.875		1
181		1
181.125		1
181.25		1
181.375		1
181.5		1
181.625		1
181.75		1
181.875		1
182		1
182.125		1
182.25		1
182.375		1
182.5		1
182.625		1
182.75		1
182.875		1
183		1
183.125		1
183.25		1
183.375		1
183.5		1
183.625		1
183.75		1
183.875		1
184		1
184.125		1
184.25		1
184.375		1
184.5		1
184.625		1
184.75		1
184.875		1
185		1
185.125		1
185.25		1
185.375		1
185.5		1
185.625		1
185.75		1
185.875		1
186		1
186.125		1
186.25		1
186.375		1
186.5		1
186.625		1
186.75		1
186.875		1
187		1
187.125		1
187.25		1
187.375		1
187.5		1
187.625		1
187.75		1
187.875		1
188		1
188.125		1
188.25		1
188.375		1
188.5		1
188.625		1
188.75		1
188.875		1
189		1
189.125		1
189.25		1
189.375		1
189.5		1
189.625		1
189.75		1
189.875		1
190		1
190.125		1
190.25		1
190.375		1
190.5		1
190.625		1
190.75		1
190.875		1
191		1
191.125		1
191.25		1
191.375		1
191.5		1
191.625		1
191.75		1
191.875		1
192		1
192.125		1
192.25		1
192.375		1
192.5		1
192.625		1
192.75		1
192.875		1
193		1
193.125		1
193.25		1
193.375		1
193.5		1
193.625		1
193.75		1
193.875		1
194		1
194.125		1
194.25		1
194.375		1
194.5		1
194.625		1
194.75		1
194.875		1
195		1
195.125		1
195.25		1
195.375		1
195.5		1
195.625		1
195.75		1
195.875		1
196		1
196.125		1
196.25		1
196.375		1
196.5		1
196.625		1
196.75		1
196.875		1
197		1
197.125		1
197.25		1
197.375		1
197.5		1
197.625		1
197.75		1
197.875		1
198		1
198.125		1
198.25		1
198.375		1
198.5		1
198.625		1
198.75		1
198.875		1
199		1
199.125		1
199.25		1
199.375		1
199.5		1
199.625		1
199.75		1
199.875		1
200		1
200.125		1
200.25		1
200.375		1
200.5		1
200.625		1
200.75		1
200.875		1
201		1
201.125		1
201.25		1
201.375		1
201.5		1
201.625		1
201.75		1
201.875		1
202		1
202.125		1
202.25		1
202.375		1
202.5		1
202.625		1
202.75		1
202.875		1
203		1
203.125		1
203.25		1
203.375		1
203.5		1
203.625		1
203.75		1
203.875		1
204		1
204.125		1
204.25		1
204.375		1
204.5		1
204.625		1
204.75		1
204.875		1
205		1
205.125		1
205.25		1
205.375		1
205.5		1
205.625		1
205.75		1
205.875		1
206		1
206.125		1
206.25		1
206.375		1
206.5		1
206.625		1
206.75		1
206.875		1
207		1
207.125		1
207.25		1
207.375		1
207.5		1
207.625		1
207.75		1
207.875		1
208		1
208.125		1
208.25		1
208.375		1
208.5		1
208.625		1
208.75		1
208.875		1
209		1
209.125		1
209.25		1
209.375		1
209.5		1
209.625		1
209.75		1
209.875		1
210		1
210.125		1
210.25		1
210.375		1
210.5		1
210.625		1
210.75		1
210.875		1
211		1
211.125		1
211.25		1
211.375		1
211.5		1
211.625		1
211.75		1
211.875		1
212		1
212.125		1
212.25		1
212.375		1
212.5		1
212.625		1
212.75		1
212.875		1
213		1
213.125		1
213.25		1
213.375		1
213.5		1
213.625		1
213.75		1
213.875		1
214		1
214.125		1
214.25		1
214.375		1
214.5		1
214.625		1
214.75		1
214.875		1
215		1
215.125		1
215.25		1
215.375		1
215.5		1
215.625		1
215.75		1
215.875		1
216		1
216.125		1
216.25		1
216.375		1
216.5		1
216.625		1
216.75		1
216.875		1
217		1
217.125		1
217.25		1
217.375		1
217.5		1
217.625		1
217.75		1
217.875		1
218		1
218.125		1
218.25		1
218.375		1
218.5		1
218.625		1
218.75		1
218.875		1
219		1
219.125		1
219.25		1
219.375		1
219.5		1
219.625		1
219.75		1
219.875		1
220		1
220.125		1
220.25		1
220.375		1
220.5		1
220.625		1
220.75		1
220.875		1
221		1
221.125		1
221.25		1
221.375		1
221.5		1
221.625		1
221.75		1
221.875		1
222		1
222.125		1
222.25		1
222.375		1
222.5		1
222.625		1
222.75		1
222.875		1
223		1
223.125		1
223.25		1
223.375		1
223.5		1
223.625		1
223.75		1
223.875		1
224		1
224.125		1
224.25		1
224.375		1
224.5		1
224.625		1
224.75		1
224.875		1
225		1
225.125		1
225.25		1
225.375		1
225.5		1
225.625		1
225.75		1
225.875		1
226		1
226.125		1
226.25		1
226.375		1
226.5		1
226.625		1
226.75		1
226.875		1
227		1
227.125		1
227.25		1
227.375		1
227.5		1
227.625		1
227.75		1
227.875		1
228		1
228.125		1
228.25		1
228.375		1
228.5		1
228.625		1
228.75		1
228.875		1
229		1
229.125		1
229.25		1
229.375		1
229.5		1
229.625		1
229.75		1
229.875		1
230		1
230.125		1
230.25		1
230.375		1
230.5		1
230.625		1
230.75		1
230.875		1
231		1
231.125		1
231.25		1
231.375		1
231.5		1
231.625		1
231.75		1
231.875		1
232		1
232.125		1
232.25		1
232.375		1
232.5		1
232.625		1
232.75		1
232.875		1
233		1
233.125		1
233.25		1
233.375		1
233.5		1
233.625		1
233.75		1
233.875		1
234		1
234.125		1
234.25		1
234.375		1
234.5		1
234.625		1
234.75		1
234.875		1
235		1
235.125		1
235.25		1
235.375		1
235.5		1
235.625		1
235.75		1
235.875		1
236		1
236.125		1
236.25		1
236.375		1
236.5		1
236.625		1
236.75		1
236.875		1
237		1
237.125		1
237.25		1
237.375		1
237.5		1
237.625		1
237.75		1
237.875		1
238		1
238.125		1
238.25		1
238.375		1
238.5		1
238.625		1
238.75		1
238.875		1
239		1
239.125		1
239.25		1
239.375		1
239.5		1
239.625		1
239.75		1
239.875		1
240		1
240.125		1
240.25		1
240.375		1
240.5		1
240.625		1
240.75		1
240.875		1
241		1
241.125		1
241.25		1
241.375		1
241.5		1
241.625		1
241.75		1
241.875		1
242		1
242.125		1
242.25		1
242.375		1
242.5		1
242.625		1
242.75		1
242.875		1
243		1
243.125		1
243.25		1
243.375		1
243.5		1
243.625		1
243.75		1
243.875		1
244		1
244.125		1
244.25		1
244.375		1
244.5		1
244.625		1
244.75		1
244.875		1
245		1
245.125		1
245.25		1
245.375		1
245.5		1
245.625		1
245.75		1
245.875		1
246		1
246.125		1
246.25		1
246.375		1
246.5		1
246.625		1
246.75		1
246.875		1
247		1
247.125		1
247.25		1
247.375		1
247.5		1
247.625		1
247.75		1
247.875		1
248		1
248.125		1
248.25		1
248.375		1
248.5		1
248.625		1
248.75		1
248.875		1
249		1
249.125		1
249.25		1
249.375		1
249.5		1
249.625		1
249.75		1
249.875		1
250		1
250.125		1
250.25		1
250.375		1
250.5		1
250.625		1
250.75		1
250.875		1
251		1
251.125		1
251.25		1
251.375		1
251.5		1
251.625		1
251.75		1
251.875		1
252		1
252.125		1
252.25		1
252.375		1
252.5		1
252.625		1
252.75		1
252.875		1
253		1
253.125		1
253.25		1
253.375		1
253.5		1
253.625		1
253.75		1
253.875		1
254		1
254.125		1
254.25		1
254.375		1
254.5		1
254.625		1
254.75		1
254.875		1
255		1
255.125		1
255.25		1
255.375		1
255.5		1
255.625		1
255.75		1
255.875		1
256		1
256.125		1
256.25		1
256.375		1
256.5		1
256.625		1
256.75		1
256.875		1
257		1
257.125		1
257.25		1
257.375		1
257.5		1
257.625		1
257.75		1
257.875		1
258		1
258.125		1
258.25		1
258.375		1
258.5		1
258.625		1
258.75		1
258.875		1
259		1
259.125		1
259.25		1
259.375		1
259.5		1
259.625		1
259.75		1
259.875		1
260		1
260.125		1
260.25		1
260.375		1
260.5		1
260.625		1
260.75		1
260.875		1
261		1
261.125		1
261.25		1
261.375		1
261.5		1
261.625		1
261.75		1
261.875		1
262		1
262.125		1
262.25		1
262.375		1
262.5		1
262.625		1
262.75		1
262.875		1
263		1
263.125		1
263.25		1
263.375		1
263.5		1
263.625		1
263.75		1
263.875		1
264		1
264.125		1
264.25		1
264.375		1
264.5		1
264.625		1
264.75		1
264.875		1
265		1
265.125		1
265.25		1
265.375		1
265.5		1
265.625		1
265.75		1
265.875		1
266		1
266.125		1
266.25		1
266.375		1
266.5		1
266.625		1
266.75		1
266.875		1
267		1
267.125		1
267.25		1
267.375		1
267.5		1
267.625		1
267.75		1
267.875		1
268		1
268.125		1
268.25		1
268.375		1
268.5		1
268.625		1
268.75		1
268.875		1
269		1
269.125		1
269.25		1
269.375		1
269.5		1
269.625		1
269.75		1
269.875		1
270		1
270.125		1
270.25		1
270.375		1
270.5		1
270.625		1
270.75		1
270.875		1
271		1
271.125		1
271.25		1
271.375		1
271.5		1
271.625		1
271.75		1
271.875		1
272		1
272.125		1
272.25		1
272.375		1
272.5		1
272.625		1
272.75		1
272.875		1
273		1
273.125		1
273.25		1
273.375		1
273.5		1
273.625		1
273.75		1
273.875		1
274		1
274.125		1
274.25		1
274.375		1
274.5		1
274.625		1
274.75		1
274.875		1
275		1
275.125		1
275.25		1
275.375		1
275.5		1
275.625		1
275.75		1
275.875		1
276		1
276.125		1
276.25		1
276.375		1
276.5		1
276.625		1
276.75		1
276.875		1
277		1
277.125		1
277.25		1
277.375		1
277.5		1
277.625		1
277.75		1
277.875		1
278		1
278.125		1
278.25		1
278.375		1
278.5		1
278.625		1
278.75		1
278.875		1
279		1
279.125		1
279.25		1
279.375		1
279.5		1
279.625		1
279.75		1
279.875		1
280		1
280.125		1
280.25		1
280.375		1
280.5		1
280.625		1
280.75		1
280.875		1
281		1
281.125		1
281.25		1
281.375		1
281.5		1
281.625		1
281.75		1
281.875		1
282		1
282.125		1
282.25		1
282.375		1
282.5		1
282.625		1
282.75		1
282.875		1
283		1
283.125		1
283.25		1
283.375		1
283.5		1
283.625		1
283.75		1
283.875		1
284		1
284.125		1
284.25		1
284.375		1
284.5		1
284.625		1
284.75		1
284.875		1
285		1
285.125		1
285.25		1
285.375		1
285.5		1
285.625		1
285.75		1
285.875		1
286		1
286.125		1
286.25		1
286.375		1
286.5		1
286.625		1
286.75		1
286.875		1
287		1
287.125		1
287.25		1
287.375		1
287.5		1
287.625		1
287.75		1
287.875		1
288		1
288.125		1
288.25		1
288.375		1
288.5		1
288.625		1
288.75		1
288.875		1
289		1
289.125		1
289.25		1
289.375		1
289.5		1
289.625		1
289.75		1
289.875		1
290		1
290.125		1
290.25		1
290.375		1
290.5		1
290.625		1
290.75		1
290.875		1
291		1
291.125		1
291.25		1
291.375		1
291.5		1
291.625		1
291.75		1
291.875		1
292		1
292.125		1
292.25		1
292.375		1
292.5		1
292.625		1
292.75		1
292.875		1
293		1
293.125		1
293.25		1
293.375		1
293.5		1
293.625		1
293.75		1
293.875		1
294		1
294.125		1
294.25		1
294.375		1
294.5		1
294.625		1
294.75		1
294.875		1
295		1
295.125		1
295.25		1
295.375		1
295.5		1
295.625		1
295.75		1
295.875		1
296		1
296.125		1
296.25		1
296.375		1
296.5		1
296.625		1
296.75		1
296.875		1
297		1
297.125		1
297.25		1
297.375		1
297.5		1
297.625		1
297.75		1
297.875		1
298		1
298.125		1
298.25		1
298.375		1
298.5		1
298.625		1
298.75		1
298.875		1
299		1
299.125		1
299.25		1
299.375		1
299.5		1
299.625		1
299.75		1
299.875		1
300		1
300.125		1
300.25		1
300.375		1
300.5		1
300.625		1
300.75		1
300.875		1
301		1
301.125		1
301.25		1
301.375		1
301.5		1
301.625		1
301.75		1
301.875		1
302		1
302.125		1
302.25		1
302.375		1
302.5		1
302.625		1
302.75		1
302.875		1
303		1
303.125		1
303.25		1
303.375		1
303.5		1
303.625		1
303.75		1
303.875		1
304		1
304.125		1
304.25		1
304.375		1
304.5		1
304.625		1
304.75		1
304.875		1
305		1
305.125		1
305.25		1
305.375		1
305.5		1
305.625		1
305.75		1
305.875		1
306		1
306.125		1
306.25		1
306.375		1
306.5		1
306.625		1
306.75		1
306.875		1
307		1
307.125		1
307.25		1
307.375		1
307.5		1
307.625		1
307.75		1
307.875		1
308		1
308.125		1
308.25		1
308.375		1
308.5		1
308.625		1
308.75		1
308.875		1
309		1
309.125		1
309.25		1
309.375		1
309.5		1
309.625		1
309.75		1
309.875		1
310		1
310.125		1
310.25		1
310.375		1
310.5		1
310.625		1
310.75		1
310.875		1
311		1
311.125		1
311.25		1
311.375		1
311.5		1
311.625		1
311.75		1
311.875		1
312		1
312.125		1
312.25		1
312.375		1
312.5		1
312.625		1
312.75		1
312.875		1
313		1
313.125		1
313.25		1
313.375		1
313.5		1
313.625		1
313.75		1
313.875		1
314		1
314.125		1
314.25		1
314.375		1
314.5		1
314.625		1
314.75		1
314.875		1
315		1
315.125		1
315.25		1
315.375		1
315.5		1
315.625		1
315.75		1
315.875		1
316		1
316.125		1
316.25		1
316.375		1
316.5		1
316.625		1
316.75		1
316.875		1
317		1
317.125		1
317.25		1
317.375		1
317.5		1
317.625		1
317.75		1
317.875		1
318		1
318.125		1
318.25		1
318.375		1
318.5		1
318.625		1
318.75		1
318.875		1
319		1
319.125		1
319.25		1
319.375		1
319.5		1
319.625		1
319.75		1
319.875		1
320		1
320.125		1
320.25		1
320.375		1
320.5		1
320.625		1
320.75		1
320.875		1
321		1
321.125		1
321.25		1
321.375		1
321.5		1
321.625		1
321.75		1
321.875		1
322		1
322.125		1
322.25		1
322.375		1
322.5		1
322.625		1
322.75		1
322.875		1
323		1
323.125		1
323.25		1
323.375		1
323.5		1
323.625		1
323.75		1
323.875		1
324		1
324.125		1
324.25		1
324.375		1
324.5		1
324.625		1
324.75		1
324.875		1
325		1
325.125		1
325.25		1
325.375		1
325.5		1
325.625		1
325.75		1
325.875		1
326		1
326.125		1
326.25		1
326.375		1
326.5		1
326.625		1
326.75		1
326.875		1
327		1
327.125		1
327.25		1
327.375		1
327.5		1
327.625		1
327.75		1
327.875		1
328		1
328.125		1
328.25		1
328.375		1
328.5		1
328.625		1
328.75		1
328.875		1
329		1
329.125		1
329.25		1
329.375		1
329.5		1
329.625		1
329.75		1
329.875		1
330		1
330.125		1
330.25		1
330.375		1
330.5		1
330.625		1
330.75		1
330.875		1
331		1
331.125		1
331.25		1
331.375		1
331.5		1
331.625		1
331.75		1
331.875		1
332		1
332.125		1
332.25		1
332.375		1
332.5		1
332.625		1
332.75		1
332.875		1
333		1
333.125		1
333.25		1
333.375		1
333.5		1
333.625		1
333.75		1
333.875		1
334		1
334.125		1
334.25		1
334.375		1
334.5		1
334.625		1
334.75		1
334.875		1
335		1
335.125		1
335.25		1
335.375		1
335.5		1
335.625		1
335.75		1
335.875		1
336		1
336.125		1
336.25		1
336.375		1
336.5		1
336.625		1
336.75		1
336.875		1
337		1
337.125		1
337.25		1
337.375		1
337.5		1
337.625		1
337.75		1
337.875		1
338		1
338.125		1
338.25		1
338.375		1
338.5		1
338.625		1
338.75		1
338.875		1
339		1
339.125		1
339.25		1
339.375		1
339.5		1
339.625		1
339.75		1
339.875		1
340		1
340.125		1
340.25		1
340.375		1
340.5		1
340.625		1
340.75		1
340.875		1
341		1
341.125		1
341.25		1
341.375		1
341.5		1
341.625		1
341.75		1
341.875		1
342		1
342.125		1
342.25		1
342.375		1
342.5		1
342.625		1
342.75		1
342.875		1
343		1
343.125		1
343.25		1
343.375		1
343.5		1
343.625		1
343.75		1
343.875		1
344		1
344.125		1
344.25		1
344.375		1
344.5		1
344.625		1
344.75		1
344.875		1
345		1
345.125		1
345.25		1
345.375		1
345.5		1
345.625		1
345.75		1
345.875		1
346		1
346.125		1
346.25		1
346.375		1
346.5		1
346.625		1
346.75		1
346.875		1
347		1
347.125		1
347.25		1
347.375		1
347.5		1
347.625		1
347.75		1
347.875		1
348		1
348.125		1
348.25		1
348.375		1
348.5		1
348.625		1
348.75		1
348.875		1
349		1
349.125		1
349.25		1
349.375		1
349.5		1
349.625		1
349.75		1
349.875		1
350		1
350.125		1
350.25		1
350.375		1
350.5		1
350.625		1
350.75		1
350.875		1
351		1
351.125		1
351.25		1
351.375		1
351.5		1
351.625		1
351.75		1
351.875		1
352		1
352.125		1
352.25		1
352.375		1
352.5		1
352.625		1
352.75		1
352.875		1
353		1
353.125		1
353.25		1
353.375		1
353.5		1
353.625		1
353.75		1
353.875		1
354		1
354.125		1
354.25		1
354.375		1
354.5		1
354.625		1
354.75		1
354.875		1
355		1
355.125		1
355.25		1
355.375		1
355.5		1
355.625		1
355.75		1
355.875		1
356		1
356.125		1
356.25		1
356.375		1
356.5		1
356.625		1
356.75		1
356.875		1
357		1
357.125		1
357.25		1
357.375		1
357.5		1
357.625		1
357.75		1
357.875		1
358		1
358.125		1
358.25		1
358.375		1
358.5		1
358.625		1
358.75		1
358.875		1
359		1
359.125		1
359.25		1
359.375		1
359.5		1
359.625		1
359.75		1
359.875		1
360		1
360.125		1
360.25		1
360.375		1
360.5		1
360.625		1
360.75		1
360.875		1
361		1
361.125		1
361.25		1
361.375		1
361.5		1
361.625		1
361.75		1
361.875		1
362		1
362.125		1
362.25		1
362.375		1
362.5		1
362.625		1
362.75		1
362.875		1
363		1
363.125		1
363.25		1
363.375		1
363.5		1
363.625		1
363.75		1
363.875		1
364		1
364.125		1
364.25		1
364.375		1
364.5		1
364.625		1
364.75		1
364.875		1
365		1
365.125		1
365.25		1
365.375		1
365.5		1
365.625		1
365.75		1
365.875		1
366		1
366.125		1
366.25		1
366.375		1
366.5		1
366.625		1
366.75		1
366.875		1
367		1
367.125		1
367.25		1
367.375		1
367.5		1
367.625		1
367.75		1
367.875		1
368		1
368.125		1
368.25		1
368.375		1
368.5		1
368.625		1
368.75		1
368.875		1
369		1
369.125		1
369.25		1
369.375		1
369.5		1
369.625		1
369.75		1
369.875		1
370		1
370.125		1
370.25		1
370.375		1
370.5		1
370.625		1
370.75		1
370.875		1
371		1
371.125		1
371.25		1
371.375		1
371.5		1
371.625		1
371.75		1
371.875		1
372		1
372.125		1
372.25		1
372.375		1
372.5		1
372.625		1
372.75		1
372.875		1
373		1
373.125		1
373.25		1
373.375		1
373.5		1
373.625		1
373.75		1
373.875		1
374		1
374.125		1
374.25		1
374.375		1
374.5		1
374.625		1
374.75		1
374.875		1
375		1
375.125		1
375.25		1
375.375		1
375.5		1
375.625		1
375.75		1
375.875		1
376		1
376.125		1
376.25		1
376.375		1
376.5		1
376.625		1
376.75		1
376.875		1
377		1
377.125		1
377.25		1
377.375		1
377.5		1
377.625		1
377.75		1
377.875		1
378		1
378.125		1
378.25		1
378.375		1
378.5		1
378.625		1
378.75		1
378.875		1
379		1
379.125		1
379.25		1
379.375		1
379.5		1
379.625		1
379.75		1
379.875		1
380		1
380.125		1
380.25		1
380.375		1
380.5		1
380.625		1
380.75		1
380.875		1
381		1
381.125		1
381.25		1
381.375		1
381.5		1
381.625		1
381.75		1
381.875		1
382		1
382.125		1
382.25		1
382.375		1
382.5		1
382.625		1
382.75		1
382.875		1
383		1
383.125		1
383.25		1
383.375		1
383.5		1
383.625		1
383.75		1
383.875		1
384		1
384.125		1
384.25		1
384.375		1
384.5		1
384.625		1
384.75		1
384.875		1
385		1
385.125		1
385.25		1
385.375		1
385.5		1
385.625		1
385.75		1
385.875		1
386		1
386.125		1
386.25		1
386.375		1
386.5		1
386.625		1
386.75		1
386.875		1
387		1
387.125		1
387.25		1
387.375		1
387.5		1
387.625		1
387.75		1
387.875		1
388		1
388.125		1
388.25		1
388.375		1
388.5		1
388.625		1
388.75		1
388.875		1
389		1
389.125		1
389.25		1
389.375		1
389.5		1
389.625		1
389.75		1
389.875		1
390		1
390.125		1
390.25		1
390.375		1
390.5		1
390.625		1
390.75		1
390.875		1
391		1
391.125		1
391.25		1
391.375		1
391.5		1
391.625		1
391.75		1
391.875		1
392		1
392.125		1
392.25		1
392.375		1
392.5		1
392.625		1
392.75		1
392.875		1
393		1
393.125		1
393.25		1
393.375		1
393.5		1
393.625		1
393.75		1
393.875		1
394		1
394.125		1
394.25		1
394.375		1
394.5		1
394.625		1
394.75		1
394.875		1
395		1
395.125		1
395.25		1
395.375		1
395.5		1
395.625		1
395.75		1
395.875		1
396		1
396.125		1
396.25		1
396.375		1
396.5		1
396.625		1
396.75		1
396.875		1
397		1
397.125		1
397.25		1
397.375		1
397.5		1
397.625		1
397.75		1
397.875		1
398		1
398.125		1
398.25		1
398.375		1
398.5		1
398.625		1
398.75		1
398.875		1
399		1
399.125		1
399.25		1
399.375		1
399.5		1
399.625		1
399.75		1
399.875		1
400		1
400.125		1
400.25		1
400.375		1
400.5		1
400.625		1
400.75		1
400.875		1
401		1
401.125		1
401.25		1
401.375		1
401.5		1
401.625		1
401.75		1
401.875		1
402		1
402.125		1
402.25		1
402.375		1
402.5		1
402.625		1
402.75		1
402.875		1
403		1
403.125		1
403.25		1
403.375		1
403.5		1
403.625		1
403.75		1
403.875		1
404		1
404.125		1
404.25		1
404.375		1
404.5		1
404.625		1
404.75		1
404.875		1
405		1
405.125		1
405.25		1
405.375		1
405.5		1
405.625		1
405.75		1
405.875		1
406		1
406.125		1
406.25		1
406.375		1
406.5		1
406.625		1
406.75		1
406.875		1
407		1
407.125		1
407.25		1
407.375		1
407.5		1
407.625		1
407.75		1
407.875		1
408		1
408.125		1
408.25		1
408.375		1
408.5		1
408.625		1
408.75		1
408.875		1
409		1
409.125		1
409.25		1
409.375		1
409.5		1
409.625		1
409.75		1
409.875		1
410		1
410.125		1
410.25		1
410.375		1
410.5		1
410.625		1
410.75		1
410.875		1
411		1
411.125		1
411.25		1
411.375		1
411.5		1
411.625		1
411.75		1
411.875		1
412		1
412.125		1
412.25		1
412.375		1
412.5		1
412.625		1
412.75		1
412.875		1
413		1
413.125		1
413.25		1
413.375		1
413.5		1
413.625		1
413.75		1
413.875		1
414		1
414.125		1
414.25		1
414.375		1
414.5		1
414.625		1
414.75		1
414.875		1
415		1
415.125		1
415.25		1
415.375		1
415.5		1
415.625		1
415.75		1
415.875		1
416		1
416.125		1
416.25		1
416.375		1
416.5		1
416.625		1
416.75		1
416.875		1
417		1
417.125		1
417.25		1
417.375		1
417.5		1
417.625		1
417.75		1
417.875		1
418		1
418.125		1
418.25		1
418.375		1
418.5		1
418.625		1
418.75		1
418.875		1
419		1
419.125		1
419.25		1
419.375		1
419.5		1
419.625		1
419.75		1
419.875		1
420		1
420.125		1
420.25		1
420.375		1
420.5		1
420.625		1
420.75		1
420.875		1
421		1
421.125		1
421.25		1
421.375		1
421.5		1
421.625		1
421.75		1
421.875		1
422		1
422.125		1
422.25		1
422.375		1
422.5		1
422.625		1
422.75		1
422.875		1
423		1
423.125		1
423.25		1
423.375		1
423.5		1
423.625		1
423.75		1
423.875		1
424		1
424.125		1
424.25		1
424.375		1
424.5		1
424.625		1
424.75		1
424.875		1
425		1
425.125		1
425.25		1
425.375		1
425.5		1
425.625		1
425.75		1
425.875		1
426		1
426.125		1
426.25		1
426.375		1
426.5		1
426.625		1
426.75		1
426.875		1
427		1
427.125		1
427.25		1
427.375		1
427.5		1
427.625		1
427.75		1
427.875		1
428		1
428.125		1
428.25		1
428.375		1
428.5		1
428.625		1
428.75		1
428.875		1
429		1
429.125		1
429.25		1
429.375		1
429.5		1
429.625		1
429.75		1
429.875		1
430		1
430.125		1
430.25		1
430.375		1
430.5		1
430.625		1
430.75		1
430.875		1
431		1
431.125		1
431.25		1
431.375		1
431.5		1
431.625		1
431.75		1
431.875		1
432		1
432.125		1
432.25		1
432.375		1
432.5		1
432.625		1
432.75		1
432.875		1
433		1
433.125		1
433.25		1
433.375		1
433.5		1
433.625		1
433.75		1
433.875		1
434		1
434.125		1
434.25		1
434.375		1
434.5		1
434.625		1
434.75		1
434.875		1
435		1
435.125		1
435.25		1
435.375		1
435.5		1
435.625		1
435.75		1
435.875		1
436		1
436.125		1
436.25		1
436.375		1
436.5		1
436.625		1
436.75		1
436.875		1
437		1
437.125		1
437.25		1
437.375		1
437.5		1
437.625		1
437.75		1
437.875		1
438		1
438.125		1
438.25		1
438.375		1
438.5		1
438.625		1
438.75		1
438.875		1
439		1
439.125		1
439.25		1
439.375		1
439.5		1
439.625		1
439.75		1
439.875		1
440		1
440.125		1
440.25		1
440.375		1
440.5		1
440.625		1
440.75		1
440.875		1
441		1
441.125		1
441.25		1
441.375		1
441.5		1
441.625		1
441.75		1
441.875		1
442		1
442.125		1
442.25		1
442.375		1
442.5		1
442.625		1
442.75		1
442.875		1
443		1
443.125		1
443.25		1
443.375		1
443.5		1
443.625		1
443.75		1
443.875		1
444		1
444.125		1
444.25		1
444.375		1
444.5		1
444.625		1
444.75		1
444.875		1
445		1
445.125		1
445.25		1
445.375		1
445.5		1
445.625		1
445.75		1
445.875		1
446		1
446.125		1
446.25		1
446.375		1
446.5		1
446.625		1
446.75		1
446.875		1
447		1
447.125		1
447.25		1
447.375		1
447.5		1
447.625		1
447.75		1
447.875		1
448		1
448.125		1
448.25		1
448.375		1
448.5		1
448.625		1
448.75		1
448.875		1
449		1
449.125		1
449.25		1
449.375		1
449.5		1
449.625		1
449.75		1
449.875		1
450		1
450.125		1
450.25		1
450.375		1
450.5		1
450.625		1
450.75		1
450.875		1
451		1
451.125		1
451.25		1
451.375		1
451.5		1
451.625		1
451.75		1
451.875		1
452		1
452.125		1
452.25		1
452.375		1
452.5		1
452.625		1
452.75		1
452.875		1
453		1
453.125		1
453.25		1
453.375		1
453.5		1
453.625		1
453.75		1
453.875		1
454		1
454.125		1
454.25		1
454.375		1
454.5		1
454.625		1
454.75		1
454.875		1
455		1
455.125		1
455.25		1
455.375		1
455.5		1
455.625		1
455.75		1
455.875		1
456		1
456.125		1
456.25		1
456.375		1
456.5		1
456.625		1
456.75		1
456.875		1
457		1
457.125		1
457.25		1
457.375		1
457.5		1
457.625		1
457.75		1
457.875		1
458		1
458.125		1
458.25		1
458.375		1
458.5		1
458.625		1
458.75		1
458.875		1
459		1
459.125		1
459.25		1
459.375		1
459.5		1
459.625		1
459.75		1
459.875		1
460		1
460.125		1
460.25		1
460.375		1
460.5		1
460.625		1
460.75		1
460.875		1
461		1
461.125		1
461.25		1
461.375		1
461.5		1
461.625		1
461.75		1
461.875		1
462		1
462.125		1
462.25		1
462.375		1
462.5		1
462.625		1
462.75		1
462.875		1
463		1
463.125		1
463.25		1
463.375		1
463.5		1
463.625		1
463.75		1
463.875		1
464		1
464.125		1
464.25		1
464.375		1
464.5		1
464.625		1
464.75		1
464.875		1
465		1
465.125		1
465.25		1
465.375		1
465.5		1
465.625		1
465.75		1
465.875		1
466		1
466.125		1
466.25		1
466.375		1
466.5		1
466.625		1
466.75		1
466.875		1
467		1
467.125		1
467.25		1
467.375		1
467.5		1
467.625		1
467.75		1
467.875		1
468		1
468.125		1
468.25		1
468.375		1
468.5		1
468.625		1
468.75		1
468.875		1
469		1
469.125		1
469.25		1
469.375		1
469.5		1
469.625		1
469.75		1
469.875		1
470		1
470.125		1
470.25		1
470.375		1
470.5		1
470.625		1
470.75		1
470.875		1
471		1
471.125		1
471.25		1
471.375		1
471.5		1
471.625		1
471.75		1
471.875		1
472		1
472.125		1
472.25		1
472.375		1
472.5		1
472.625		1
472.75		1
472.875		1
473		1
473.125		1
473.25		1
473.375		1
473.5		1
473.625		1
473.75		1
473.875		1
474		1
474.125		1
474.25		1
474.375		1
474.5		1
474.625		1
474.75		1
474.875		1
475		1
475.125		1
475.25		1
475.375		1
475.5		1
475.625		1
475.75		1
475.875		1
476		1
476.125		1
476.25		1
476.375		1
476.5		1
476.625		1
476.75		1
476.875		1
477		1
477.125		1
477.25		1
477.375		1
477.5		1
477.625		1
477.75		1
477.875		1
478		1
478.125		1
478.25		1
478.375		1
478.5		1
478.625		1
478.75		1
478.875		1
479		1
479.125		1
479.25		1
479.375		1
479.5		1
479.625		1
479.75		1
479.875		1
480		1
480.125		1
480.25		1
480.375		1
480.5		1
480.625		1
480.75		1
480.875		1
481		1
481.125		1
481.25		1
481.375		1
481.5		1
481.625		1
481.75		1
481.875		1
482		1
482.125		1
482.25		1
482.375		1
482.5		1
482.625		1
482.75		1
482.875		1
483		1
483.125		1
483.25		1
483.375		1
483.5		1
483.625		1
483.75		1
483.875		1
484		1
484.125		1
484.25		1
484.375		1
484.5		1
484.625		1
484.75		1
484.875		1
485		1
485.125		1
485.25		1
485.375		1
485.5		1
485.625		1
485.75		1
485.875		1
486		1
486.125		1
486.25		1
486.375		1
486.5		1
486.625		1
486.75		1
486.875		1
487		1
487.125		1
487.25		1
487.375		1
487.5		1
487.625		1
487.75		1
487.875		1
488		1
488.125		1
488.25		1
488.375		1
488.5		1
488.625		1
488.75		1
488.875		1
489		1
489.125		1
489.25		1
489.375		1
489.5		1
489.625		1
489.75		1
489.875		1
490		1
490.125		1
490.25		1
490.375		1
490.5		1
490.625		1
490.75		1
490.875		1
491		1
491.125		1
491.25		1
491.375		1
491.5		1
491.625		1
491.75		1
491.875		1
492		1
492.125		1
492.25		1
492.375		1
492.5		1
492.625		1
492.75		1
492.875		1
493		1
493.125		1
493.25		1
493.375		1
493.5		1
493.625		1
493.75		1
493.875		1
494		1
494.125		1
494.25		1
494.375		1
494.5		1
494.625		1
494.75		1
494.875		1
495		1
495.125		1
495.25		1
495.375		1
495.5		1
495.625		1
495.75		1
495.875		1
496		1
496.125		1
496.25		1
496.375		1
496.5		1
496.625		1
496.75		1
496.875		1
497		1
497.125		1
497.25		1
497.375		1
497.5		1
497.625		1
497.75		1
497.875		1
498		1
498.125		1
498.25		1
498.375		1
498.5		1
498.625		1
498.75		1
498.875		1
499		1
499.125		1
499.25		1
499.375		1
499.5		1
499.625		1
499.75		1
499.875		1
500		1
