# Calibration file of tamex_id 1 @ channel 11
# fine_T bin		 Calibration value
0.125		0
0.25		0
0.375		0
0.5		0
0.625		0
0.75		0
0.875		0
1		0
1.125		0
1.25		0
1.375		0
1.5		0
1.625		0
1.75		0
1.875		0
2		0
2.125		0
2.25		0
2.375		0
2.5		0
2.625		0
2.75		0
2.875		0
3		0
3.125		0
3.25		0
3.375		0
3.5		0
3.625		0
3.75		0
3.875		0
4		0
4.125		0
4.25		0
4.375		0
4.5		0
4.625		0
4.75		0
4.875		0
5		0
5.125		0
5.25		0
5.375		0
5.5		0
5.625		0
5.75		0
5.875		0
6		0
6.125		0
6.25		0
6.375		0
6.5		0
6.625		0
6.75		0
6.875		0
7		0
7.125		0
7.25		0
7.375		0
7.5		0
7.625		0
7.75		0
7.875		0
8		0
8.125		0
8.25		0
8.375		0
8.5		0
8.625		0
8.75		0
8.875		0
9		0
9.125		0
9.25		0
9.375		0
9.5		0
9.625		0
9.75		0
9.875		0
10		0
10.125		0
10.25		0
10.375		0
10.5		0
10.625		0
10.75		0
10.875		0
11		0
11.125		0
11.25		0
11.375		0
11.5		0
11.625		0
11.75		0
11.875		0
12		0
12.125		0
12.25		0
12.375		0
12.5		0
12.625		0
12.75		0
12.875		0
13		0
13.125		0
13.25		0
13.375		0
13.5		0
13.625		0
13.75		0
13.875		0
14		0
14.125		0
14.25		0
14.375		0
14.5		0
14.625		0
14.75		0
14.875		0
15		0
15.125		0
15.25		0
15.375		0
15.5		0
15.625		0
15.75		0
15.875		0
16		0
16.125		0
16.25		0
16.375		0
16.5		0
16.625		0
16.75		0
16.875		0
17		0
17.125		0
17.25		0
17.375		0
17.5		0
17.625		0
17.75		0
17.875		0
18		0
18.125		0
18.25		0
18.375		0
18.5		0
18.625		0
18.75		0
18.875		0
19		0
19.125		0
19.25		0
19.375		0
19.5		0
19.625		0
19.75		0
19.875		0
20		0
20.125		0
20.25		0
20.375		0
20.5		0
20.625		0
20.75		0
20.875		0
21		0
21.125		0
21.25		0
21.375		0
21.5		0
21.625		0
21.75		0
21.875		0
22		0
22.125		0
22.25		0
22.375		0
22.5		0
22.625		0
22.75		0
22.875		0
23		0
23.125		0
23.25		0
23.375		0
23.5		0
23.625		0
23.75		0
23.875		0
24		0
24.125		0
24.25		0
24.375		0
24.5		0
24.625		0
24.75		0
24.875		0
25		0
25.125		0
25.25		0
25.375		0
25.5		0
25.625		0
25.75		0
25.875		0
26		0
26.125		0
26.25		0
26.375		0
26.5		0
26.625		0
26.75		0
26.875		0
27		0
27.125		0
27.25		0
27.375		0
27.5		0
27.625		0
27.75		0
27.875		0
28		0
28.125		0
28.25		0
28.375		0
28.5		0
28.625		0
28.75		0
28.875		0
29		0
29.125		0
29.25		0
29.375		0
29.5		0
29.625		0
29.75		0
29.875		0
30		0
30.125		0
30.25		0
30.375		0
30.5		0
30.625		0
30.75		0
30.875		0
31		0
31.125		0
31.25		0
31.375		0
31.5		0
31.625		0
31.75		0
31.875		0
32		0
32.125		0
32.25		0
32.375		0
32.5		0
32.625		0
32.75		0
32.875		0
33		0
33.125		0
33.25		0
33.375		0
33.5		0
33.625		0
33.75		0
33.875		0
34		0
34.125		0
34.25		0
34.375		0
34.5		0
34.625		0
34.75		0
34.875		0
35		0
35.125		0
35.25		0
35.375		0
35.5		0
35.625		0
35.75		0
35.875		0
36		0
36.125		0
36.25		0
36.375		0
36.5		0
36.625		0
36.75		0
36.875		0
37		0
37.125		0
37.25		0
37.375		0
37.5		0
37.625		0
37.75		0
37.875		0
38		0
38.125		0
38.25		0
38.375		0
38.5		0
38.625		0
38.75		0
38.875		0
39		0
39.125		0
39.25		0
39.375		0
39.5		0
39.625		0
39.75		0
39.875		0
40		0
40.125		0
40.25		0
40.375		0
40.5		0
40.625		0
40.75		0
40.875		0
41		0
41.125		0
41.25		0
41.375		0
41.5		0
41.625		0
41.75		0
41.875		0
42		0
42.125		0
42.25		0
42.375		0
42.5		0
42.625		0
42.75		0
42.875		0
43		0
43.125		0
43.25		0
43.375		0
43.5		0
43.625		0
43.75		0
43.875		0
44		0
44.125		0
44.25		0
44.375		0
44.5		0
44.625		0
44.75		0
44.875		0
45		0
45.125		0
45.25		0
45.375		0
45.5		0
45.625		0
45.75		0
45.875		0
46		0
46.125		0
46.25		0
46.375		0
46.5		0
46.625		0
46.75		0
46.875		0
47		0
47.125		0
47.25		0
47.375		0
47.5		0
47.625		0
47.75		0
47.875		0
48		0
48.125		0
48.25		0
48.375		0
48.5		0
48.625		0
48.75		0
48.875		0
49		0
49.125		0
49.25		0
49.375		0
49.5		0
49.625		0
49.75		0
49.875		0
50		0
50.125		0
50.25		0
50.375		0
50.5		0
50.625		0
50.75		0
50.875		0
51		0
51.125		0
51.25		0
51.375		0
51.5		0
51.625		0
51.75		0
51.875		0
52		0
52.125		0
52.25		0
52.375		0
52.5		0
52.625		0
52.75		0
52.875		0
53		0
53.125		0
53.25		0
53.375		0
53.5		0
53.625		0
53.75		0
53.875		0
54		0
54.125		0
54.25		0
54.375		0
54.5		0
54.625		0
54.75		0
54.875		0
55		0
55.125		0
55.25		0
55.375		0
55.5		0
55.625		0
55.75		0
55.875		0
56		0
56.125		0
56.25		0
56.375		0
56.5		0
56.625		0
56.75		0
56.875		0
57		0
57.125		0
57.25		0
57.375		0
57.5		0
57.625		0
57.75		0
57.875		0
58		0
58.125		0
58.25		0
58.375		0
58.5		0
58.625		0
58.75		0
58.875		0
59		0
59.125		0
59.25		0
59.375		0
59.5		0
59.625		0
59.75		0
59.875		0
60		0
60.125		0
60.25		0
60.375		0
60.5		0
60.625		0
60.75		0
60.875		0
61		0
61.125		0
61.25		0
61.375		0
61.5		0
61.625		0
61.75		0
61.875		0
62		0
62.125		0
62.25		0
62.375		0
62.5		0
62.625		0
62.75		0
62.875		0
63		0
63.125		0
63.25		0
63.375		0
63.5		0
63.625		0
63.75		0
63.875		0
64		0
64.125		0
64.25		0
64.375		0
64.5		0
64.625		0
64.75		0
64.875		0
65		0
65.125		0
65.25		0
65.375		0
65.5		0
65.625		0
65.75		0
65.875		0
66		0
66.125		0
66.25		0
66.375		0
66.5		0
66.625		0
66.75		0
66.875		0
67		0
67.125		0
67.25		0
67.375		0
67.5		0
67.625		0
67.75		0
67.875		0
68		0
68.125		0
68.25		0
68.375		0
68.5		0
68.625		0
68.75		0
68.875		0
69		0
69.125		0
69.25		0
69.375		0
69.5		0
69.625		0
69.75		0
69.875		0
70		0
70.125		0
70.25		0
70.375		0
70.5		0
70.625		0
70.75		0
70.875		0
71		0
71.125		0
71.25		0
71.375		0
71.5		0
71.625		0
71.75		0
71.875		0
72		0
72.125		0
72.25		0
72.375		0
72.5		0
72.625		0
72.75		0
72.875		0
73		0
73.125		0
73.25		0
73.375		0
73.5		0
73.625		0
73.75		0
73.875		0
74		0
74.125		0
74.25		0
74.375		0
74.5		0
74.625		0
74.75		0
74.875		0
75		0
75.125		0
75.25		0
75.375		0
75.5		0
75.625		0
75.75		0
75.875		0
76		0
76.125		0
76.25		0
76.375		0
76.5		0
76.625		0
76.75		0
76.875		0
77		0
77.125		0
77.25		0
77.375		0
77.5		0
77.625		0
77.75		0
77.875		0
78		0
78.125		0
78.25		0
78.375		0
78.5		0
78.625		0
78.75		0
78.875		0
79		0
79.125		0
79.25		0
79.375		0
79.5		0
79.625		0
79.75		0
79.875		0
80		0
80.125		0
80.25		0
80.375		0
80.5		0
80.625		0
80.75		0
80.875		0
81		0
81.125		0
81.25		0
81.375		0
81.5		0
81.625		0
81.75		0
81.875		0
82		0
82.125		0
82.25		0
82.375		0
82.5		0
82.625		0
82.75		0
82.875		0
83		0
83.125		0
83.25		0
83.375		0
83.5		0
83.625		0
83.75		0
83.875		0
84		0
84.125		0
84.25		0
84.375		0
84.5		0
84.625		0
84.75		0
84.875		0
85		0
85.125		0.0394842
85.25		0.0394842
85.375		0.0394842
85.5		0.0394842
85.625		0.0394842
85.75		0.0394842
85.875		0.0394842
86		0.0394842
86.125		0.0394842
86.25		0.0394842
86.375		0.0394842
86.5		0.0394842
86.625		0.0394842
86.75		0.0394842
86.875		0.0394842
87		0.0394842
87.125		0.0394842
87.25		0.0394842
87.375		0.0394842
87.5		0.0394842
87.625		0.0394842
87.75		0.0394842
87.875		0.0394842
88		0.0394842
88.125		0.0394842
88.25		0.0394842
88.375		0.0394842
88.5		0.0394842
88.625		0.0394842
88.75		0.0394842
88.875		0.0394842
89		0.0394842
89.125		0.0394842
89.25		0.0394842
89.375		0.0394842
89.5		0.0394842
89.625		0.0394842
89.75		0.0394842
89.875		0.0394842
90		0.0394842
90.125		0.0541057
90.25		0.0541057
90.375		0.0541057
90.5		0.0541057
90.625		0.0541057
90.75		0.0541057
90.875		0.0541057
91		0.0541057
91.125		0.0541057
91.25		0.0541057
91.375		0.0541057
91.5		0.0541057
91.625		0.0541057
91.75		0.0541057
91.875		0.0541057
92		0.0541057
92.125		0.0541057
92.25		0.0541057
92.375		0.0541057
92.5		0.0541057
92.625		0.0541057
92.75		0.0541057
92.875		0.0541057
93		0.0541057
93.125		0.0541057
93.25		0.0541057
93.375		0.0541057
93.5		0.0541057
93.625		0.0541057
93.75		0.0541057
93.875		0.0541057
94		0.0541057
94.125		0.0541057
94.25		0.0541057
94.375		0.0541057
94.5		0.0541057
94.625		0.0541057
94.75		0.0541057
94.875		0.0541057
95		0.0541057
95.125		0.054661
95.25		0.054661
95.375		0.054661
95.5		0.054661
95.625		0.054661
95.75		0.054661
95.875		0.054661
96		0.054661
96.125		0.054661
96.25		0.054661
96.375		0.054661
96.5		0.054661
96.625		0.054661
96.75		0.054661
96.875		0.054661
97		0.054661
97.125		0.054661
97.25		0.054661
97.375		0.054661
97.5		0.054661
97.625		0.054661
97.75		0.054661
97.875		0.054661
98		0.054661
98.125		0.054661
98.25		0.054661
98.375		0.054661
98.5		0.054661
98.625		0.054661
98.75		0.054661
98.875		0.054661
99		0.054661
99.125		0.054661
99.25		0.054661
99.375		0.054661
99.5		0.054661
99.625		0.054661
99.75		0.054661
99.875		0.054661
100		0.054661
100.125		0.076439
100.25		0.076439
100.375		0.076439
100.5		0.076439
100.625		0.076439
100.75		0.076439
100.875		0.076439
101		0.076439
101.125		0.076439
101.25		0.076439
101.375		0.076439
101.5		0.076439
101.625		0.076439
101.75		0.076439
101.875		0.076439
102		0.076439
102.125		0.076439
102.25		0.076439
102.375		0.076439
102.5		0.076439
102.625		0.076439
102.75		0.076439
102.875		0.076439
103		0.076439
103.125		0.076439
103.25		0.076439
103.375		0.076439
103.5		0.076439
103.625		0.076439
103.75		0.076439
103.875		0.076439
104		0.076439
104.125		0.076439
104.25		0.076439
104.375		0.076439
104.5		0.076439
104.625		0.076439
104.75		0.076439
104.875		0.076439
105		0.076439
105.125		0.10414
105.25		0.10414
105.375		0.10414
105.5		0.10414
105.625		0.10414
105.75		0.10414
105.875		0.10414
106		0.10414
106.125		0.10414
106.25		0.10414
106.375		0.10414
106.5		0.10414
106.625		0.10414
106.75		0.10414
106.875		0.10414
107		0.10414
107.125		0.10414
107.25		0.10414
107.375		0.10414
107.5		0.10414
107.625		0.10414
107.75		0.10414
107.875		0.10414
108		0.10414
108.125		0.10414
108.25		0.10414
108.375		0.10414
108.5		0.10414
108.625		0.10414
108.75		0.10414
108.875		0.10414
109		0.10414
109.125		0.10414
109.25		0.10414
109.375		0.10414
109.5		0.10414
109.625		0.10414
109.75		0.10414
109.875		0.10414
110		0.10414
110.125		0.113826
110.25		0.113826
110.375		0.113826
110.5		0.113826
110.625		0.113826
110.75		0.113826
110.875		0.113826
111		0.113826
111.125		0.113826
111.25		0.113826
111.375		0.113826
111.5		0.113826
111.625		0.113826
111.75		0.113826
111.875		0.113826
112		0.113826
112.125		0.113826
112.25		0.113826
112.375		0.113826
112.5		0.113826
112.625		0.113826
112.75		0.113826
112.875		0.113826
113		0.113826
113.125		0.113826
113.25		0.113826
113.375		0.113826
113.5		0.113826
113.625		0.113826
113.75		0.113826
113.875		0.113826
114		0.113826
114.125		0.113826
114.25		0.113826
114.375		0.113826
114.5		0.113826
114.625		0.113826
114.75		0.113826
114.875		0.113826
115		0.113826
115.125		0.11506
115.25		0.11506
115.375		0.11506
115.5		0.11506
115.625		0.11506
115.75		0.11506
115.875		0.11506
116		0.11506
116.125		0.11506
116.25		0.11506
116.375		0.11506
116.5		0.11506
116.625		0.11506
116.75		0.11506
116.875		0.11506
117		0.11506
117.125		0.11506
117.25		0.11506
117.375		0.11506
117.5		0.11506
117.625		0.11506
117.75		0.11506
117.875		0.11506
118		0.11506
118.125		0.11506
118.25		0.11506
118.375		0.11506
118.5		0.11506
118.625		0.11506
118.75		0.11506
118.875		0.11506
119		0.11506
119.125		0.11506
119.25		0.11506
119.375		0.11506
119.5		0.11506
119.625		0.11506
119.75		0.11506
119.875		0.11506
120		0.11506
120.125		0.122463
120.25		0.122463
120.375		0.122463
120.5		0.122463
120.625		0.122463
120.75		0.122463
120.875		0.122463
121		0.122463
121.125		0.122463
121.25		0.122463
121.375		0.122463
121.5		0.122463
121.625		0.122463
121.75		0.122463
121.875		0.122463
122		0.122463
122.125		0.122463
122.25		0.122463
122.375		0.122463
122.5		0.122463
122.625		0.122463
122.75		0.122463
122.875		0.122463
123		0.122463
123.125		0.122463
123.25		0.122463
123.375		0.122463
123.5		0.122463
123.625		0.122463
123.75		0.122463
123.875		0.122463
124		0.122463
124.125		0.122463
124.25		0.122463
124.375		0.122463
124.5		0.122463
124.625		0.122463
124.75		0.122463
124.875		0.122463
125		0.122463
125.125		0.141403
125.25		0.141403
125.375		0.141403
125.5		0.141403
125.625		0.141403
125.75		0.141403
125.875		0.141403
126		0.141403
126.125		0.141403
126.25		0.141403
126.375		0.141403
126.5		0.141403
126.625		0.141403
126.75		0.141403
126.875		0.141403
127		0.141403
127.125		0.141403
127.25		0.141403
127.375		0.141403
127.5		0.141403
127.625		0.141403
127.75		0.141403
127.875		0.141403
128		0.141403
128.125		0.141403
128.25		0.141403
128.375		0.141403
128.5		0.141403
128.625		0.141403
128.75		0.141403
128.875		0.141403
129		0.141403
129.125		0.141403
129.25		0.141403
129.375		0.141403
129.5		0.141403
129.625		0.141403
129.75		0.141403
129.875		0.141403
130		0.141403
130.125		0.16571
130.25		0.16571
130.375		0.16571
130.5		0.16571
130.625		0.16571
130.75		0.16571
130.875		0.16571
131		0.16571
131.125		0.16571
131.25		0.16571
131.375		0.16571
131.5		0.16571
131.625		0.16571
131.75		0.16571
131.875		0.16571
132		0.16571
132.125		0.16571
132.25		0.16571
132.375		0.16571
132.5		0.16571
132.625		0.16571
132.75		0.16571
132.875		0.16571
133		0.16571
133.125		0.16571
133.25		0.16571
133.375		0.16571
133.5		0.16571
133.625		0.16571
133.75		0.16571
133.875		0.16571
134		0.16571
134.125		0.16571
134.25		0.16571
134.375		0.16571
134.5		0.16571
134.625		0.16571
134.75		0.16571
134.875		0.16571
135		0.16571
135.125		0.171078
135.25		0.171078
135.375		0.171078
135.5		0.171078
135.625		0.171078
135.75		0.171078
135.875		0.171078
136		0.171078
136.125		0.171078
136.25		0.171078
136.375		0.171078
136.5		0.171078
136.625		0.171078
136.75		0.171078
136.875		0.171078
137		0.171078
137.125		0.171078
137.25		0.171078
137.375		0.171078
137.5		0.171078
137.625		0.171078
137.75		0.171078
137.875		0.171078
138		0.171078
138.125		0.171078
138.25		0.171078
138.375		0.171078
138.5		0.171078
138.625		0.171078
138.75		0.171078
138.875		0.171078
139		0.171078
139.125		0.171078
139.25		0.171078
139.375		0.171078
139.5		0.171078
139.625		0.171078
139.75		0.171078
139.875		0.171078
140		0.171078
140.125		0.184712
140.25		0.184712
140.375		0.184712
140.5		0.184712
140.625		0.184712
140.75		0.184712
140.875		0.184712
141		0.184712
141.125		0.184712
141.25		0.184712
141.375		0.184712
141.5		0.184712
141.625		0.184712
141.75		0.184712
141.875		0.184712
142		0.184712
142.125		0.184712
142.25		0.184712
142.375		0.184712
142.5		0.184712
142.625		0.184712
142.75		0.184712
142.875		0.184712
143		0.184712
143.125		0.184712
143.25		0.184712
143.375		0.184712
143.5		0.184712
143.625		0.184712
143.75		0.184712
143.875		0.184712
144		0.184712
144.125		0.184712
144.25		0.184712
144.375		0.184712
144.5		0.184712
144.625		0.184712
144.75		0.184712
144.875		0.184712
145		0.184712
145.125		0.188105
145.25		0.188105
145.375		0.188105
145.5		0.188105
145.625		0.188105
145.75		0.188105
145.875		0.188105
146		0.188105
146.125		0.188105
146.25		0.188105
146.375		0.188105
146.5		0.188105
146.625		0.188105
146.75		0.188105
146.875		0.188105
147		0.188105
147.125		0.188105
147.25		0.188105
147.375		0.188105
147.5		0.188105
147.625		0.188105
147.75		0.188105
147.875		0.188105
148		0.188105
148.125		0.188105
148.25		0.188105
148.375		0.188105
148.5		0.188105
148.625		0.188105
148.75		0.188105
148.875		0.188105
149		0.188105
149.125		0.188105
149.25		0.188105
149.375		0.188105
149.5		0.188105
149.625		0.188105
149.75		0.188105
149.875		0.188105
150		0.188105
150.125		0.220063
150.25		0.220063
150.375		0.220063
150.5		0.220063
150.625		0.220063
150.75		0.220063
150.875		0.220063
151		0.220063
151.125		0.220063
151.25		0.220063
151.375		0.220063
151.5		0.220063
151.625		0.220063
151.75		0.220063
151.875		0.220063
152		0.220063
152.125		0.220063
152.25		0.220063
152.375		0.220063
152.5		0.220063
152.625		0.220063
152.75		0.220063
152.875		0.220063
153		0.220063
153.125		0.220063
153.25		0.220063
153.375		0.220063
153.5		0.220063
153.625		0.220063
153.75		0.220063
153.875		0.220063
154		0.220063
154.125		0.220063
154.25		0.220063
154.375		0.220063
154.5		0.220063
154.625		0.220063
154.75		0.220063
154.875		0.220063
155		0.220063
155.125		0.221914
155.25		0.221914
155.375		0.221914
155.5		0.221914
155.625		0.221914
155.75		0.221914
155.875		0.221914
156		0.221914
156.125		0.221914
156.25		0.221914
156.375		0.221914
156.5		0.221914
156.625		0.221914
156.75		0.221914
156.875		0.221914
157		0.221914
157.125		0.221914
157.25		0.221914
157.375		0.221914
157.5		0.221914
157.625		0.221914
157.75		0.221914
157.875		0.221914
158		0.221914
158.125		0.221914
158.25		0.221914
158.375		0.221914
158.5		0.221914
158.625		0.221914
158.75		0.221914
158.875		0.221914
159		0.221914
159.125		0.221914
159.25		0.221914
159.375		0.221914
159.5		0.221914
159.625		0.221914
159.75		0.221914
159.875		0.221914
160		0.221914
160.125		0.224875
160.25		0.224875
160.375		0.224875
160.5		0.224875
160.625		0.224875
160.75		0.224875
160.875		0.224875
161		0.224875
161.125		0.224875
161.25		0.224875
161.375		0.224875
161.5		0.224875
161.625		0.224875
161.75		0.224875
161.875		0.224875
162		0.224875
162.125		0.224875
162.25		0.224875
162.375		0.224875
162.5		0.224875
162.625		0.224875
162.75		0.224875
162.875		0.224875
163		0.224875
163.125		0.224875
163.25		0.224875
163.375		0.224875
163.5		0.224875
163.625		0.224875
163.75		0.224875
163.875		0.224875
164		0.224875
164.125		0.224875
164.25		0.224875
164.375		0.224875
164.5		0.224875
164.625		0.224875
164.75		0.224875
164.875		0.224875
165		0.224875
165.125		0.234684
165.25		0.234684
165.375		0.234684
165.5		0.234684
165.625		0.234684
165.75		0.234684
165.875		0.234684
166		0.234684
166.125		0.234684
166.25		0.234684
166.375		0.234684
166.5		0.234684
166.625		0.234684
166.75		0.234684
166.875		0.234684
167		0.234684
167.125		0.234684
167.25		0.234684
167.375		0.234684
167.5		0.234684
167.625		0.234684
167.75		0.234684
167.875		0.234684
168		0.234684
168.125		0.234684
168.25		0.234684
168.375		0.234684
168.5		0.234684
168.625		0.234684
168.75		0.234684
168.875		0.234684
169		0.234684
169.125		0.234684
169.25		0.234684
169.375		0.234684
169.5		0.234684
169.625		0.234684
169.75		0.234684
169.875		0.234684
170		0.234684
170.125		0.250231
170.25		0.250231
170.375		0.250231
170.5		0.250231
170.625		0.250231
170.75		0.250231
170.875		0.250231
171		0.250231
171.125		0.250231
171.25		0.250231
171.375		0.250231
171.5		0.250231
171.625		0.250231
171.75		0.250231
171.875		0.250231
172		0.250231
172.125		0.250231
172.25		0.250231
172.375		0.250231
172.5		0.250231
172.625		0.250231
172.75		0.250231
172.875		0.250231
173		0.250231
173.125		0.250231
173.25		0.250231
173.375		0.250231
173.5		0.250231
173.625		0.250231
173.75		0.250231
173.875		0.250231
174		0.250231
174.125		0.250231
174.25		0.250231
174.375		0.250231
174.5		0.250231
174.625		0.250231
174.75		0.250231
174.875		0.250231
175		0.250231
175.125		0.268493
175.25		0.268493
175.375		0.268493
175.5		0.268493
175.625		0.268493
175.75		0.268493
175.875		0.268493
176		0.268493
176.125		0.268493
176.25		0.268493
176.375		0.268493
176.5		0.268493
176.625		0.268493
176.75		0.268493
176.875		0.268493
177		0.268493
177.125		0.268493
177.25		0.268493
177.375		0.268493
177.5		0.268493
177.625		0.268493
177.75		0.268493
177.875		0.268493
178		0.268493
178.125		0.268493
178.25		0.268493
178.375		0.268493
178.5		0.268493
178.625		0.268493
178.75		0.268493
178.875		0.268493
179		0.268493
179.125		0.268493
179.25		0.268493
179.375		0.268493
179.5		0.268493
179.625		0.268493
179.75		0.268493
179.875		0.268493
180		0.268493
180.125		0.282868
180.25		0.282868
180.375		0.282868
180.5		0.282868
180.625		0.282868
180.75		0.282868
180.875		0.282868
181		0.282868
181.125		0.282868
181.25		0.282868
181.375		0.282868
181.5		0.282868
181.625		0.282868
181.75		0.282868
181.875		0.282868
182		0.282868
182.125		0.282868
182.25		0.282868
182.375		0.282868
182.5		0.282868
182.625		0.282868
182.75		0.282868
182.875		0.282868
183		0.282868
183.125		0.282868
183.25		0.282868
183.375		0.282868
183.5		0.282868
183.625		0.282868
183.75		0.282868
183.875		0.282868
184		0.282868
184.125		0.282868
184.25		0.282868
184.375		0.282868
184.5		0.282868
184.625		0.282868
184.75		0.282868
184.875		0.282868
185		0.282868
185.125		0.290518
185.25		0.290518
185.375		0.290518
185.5		0.290518
185.625		0.290518
185.75		0.290518
185.875		0.290518
186		0.290518
186.125		0.290518
186.25		0.290518
186.375		0.290518
186.5		0.290518
186.625		0.290518
186.75		0.290518
186.875		0.290518
187		0.290518
187.125		0.290518
187.25		0.290518
187.375		0.290518
187.5		0.290518
187.625		0.290518
187.75		0.290518
187.875		0.290518
188		0.290518
188.125		0.290518
188.25		0.290518
188.375		0.290518
188.5		0.290518
188.625		0.290518
188.75		0.290518
188.875		0.290518
189		0.290518
189.125		0.290518
189.25		0.290518
189.375		0.290518
189.5		0.290518
189.625		0.290518
189.75		0.290518
189.875		0.290518
190		0.290518
190.125		0.291628
190.25		0.291628
190.375		0.291628
190.5		0.291628
190.625		0.291628
190.75		0.291628
190.875		0.291628
191		0.291628
191.125		0.291628
191.25		0.291628
191.375		0.291628
191.5		0.291628
191.625		0.291628
191.75		0.291628
191.875		0.291628
192		0.291628
192.125		0.291628
192.25		0.291628
192.375		0.291628
192.5		0.291628
192.625		0.291628
192.75		0.291628
192.875		0.291628
193		0.291628
193.125		0.291628
193.25		0.291628
193.375		0.291628
193.5		0.291628
193.625		0.291628
193.75		0.291628
193.875		0.291628
194		0.291628
194.125		0.291628
194.25		0.291628
194.375		0.291628
194.5		0.291628
194.625		0.291628
194.75		0.291628
194.875		0.291628
195		0.291628
195.125		0.315874
195.25		0.315874
195.375		0.315874
195.5		0.315874
195.625		0.315874
195.75		0.315874
195.875		0.315874
196		0.315874
196.125		0.315874
196.25		0.315874
196.375		0.315874
196.5		0.315874
196.625		0.315874
196.75		0.315874
196.875		0.315874
197		0.315874
197.125		0.315874
197.25		0.315874
197.375		0.315874
197.5		0.315874
197.625		0.315874
197.75		0.315874
197.875		0.315874
198		0.315874
198.125		0.315874
198.25		0.315874
198.375		0.315874
198.5		0.315874
198.625		0.315874
198.75		0.315874
198.875		0.315874
199		0.315874
199.125		0.315874
199.25		0.315874
199.375		0.315874
199.5		0.315874
199.625		0.315874
199.75		0.315874
199.875		0.315874
200		0.315874
200.125		0.319514
200.25		0.319514
200.375		0.319514
200.5		0.319514
200.625		0.319514
200.75		0.319514
200.875		0.319514
201		0.319514
201.125		0.319514
201.25		0.319514
201.375		0.319514
201.5		0.319514
201.625		0.319514
201.75		0.319514
201.875		0.319514
202		0.319514
202.125		0.319514
202.25		0.319514
202.375		0.319514
202.5		0.319514
202.625		0.319514
202.75		0.319514
202.875		0.319514
203		0.319514
203.125		0.319514
203.25		0.319514
203.375		0.319514
203.5		0.319514
203.625		0.319514
203.75		0.319514
203.875		0.319514
204		0.319514
204.125		0.319514
204.25		0.319514
204.375		0.319514
204.5		0.319514
204.625		0.319514
204.75		0.319514
204.875		0.319514
205		0.319514
205.125		0.322784
205.25		0.322784
205.375		0.322784
205.5		0.322784
205.625		0.322784
205.75		0.322784
205.875		0.322784
206		0.322784
206.125		0.322784
206.25		0.322784
206.375		0.322784
206.5		0.322784
206.625		0.322784
206.75		0.322784
206.875		0.322784
207		0.322784
207.125		0.322784
207.25		0.322784
207.375		0.322784
207.5		0.322784
207.625		0.322784
207.75		0.322784
207.875		0.322784
208		0.322784
208.125		0.322784
208.25		0.322784
208.375		0.322784
208.5		0.322784
208.625		0.322784
208.75		0.322784
208.875		0.322784
209		0.322784
209.125		0.322784
209.25		0.322784
209.375		0.322784
209.5		0.322784
209.625		0.322784
209.75		0.322784
209.875		0.322784
210		0.322784
210.125		0.329632
210.25		0.329632
210.375		0.329632
210.5		0.329632
210.625		0.329632
210.75		0.329632
210.875		0.329632
211		0.329632
211.125		0.329632
211.25		0.329632
211.375		0.329632
211.5		0.329632
211.625		0.329632
211.75		0.329632
211.875		0.329632
212		0.329632
212.125		0.329632
212.25		0.329632
212.375		0.329632
212.5		0.329632
212.625		0.329632
212.75		0.329632
212.875		0.329632
213		0.329632
213.125		0.329632
213.25		0.329632
213.375		0.329632
213.5		0.329632
213.625		0.329632
213.75		0.329632
213.875		0.329632
214		0.329632
214.125		0.329632
214.25		0.329632
214.375		0.329632
214.5		0.329632
214.625		0.329632
214.75		0.329632
214.875		0.329632
215		0.329632
215.125		0.357703
215.25		0.357703
215.375		0.357703
215.5		0.357703
215.625		0.357703
215.75		0.357703
215.875		0.357703
216		0.357703
216.125		0.357703
216.25		0.357703
216.375		0.357703
216.5		0.357703
216.625		0.357703
216.75		0.357703
216.875		0.357703
217		0.357703
217.125		0.357703
217.25		0.357703
217.375		0.357703
217.5		0.357703
217.625		0.357703
217.75		0.357703
217.875		0.357703
218		0.357703
218.125		0.357703
218.25		0.357703
218.375		0.357703
218.5		0.357703
218.625		0.357703
218.75		0.357703
218.875		0.357703
219		0.357703
219.125		0.357703
219.25		0.357703
219.375		0.357703
219.5		0.357703
219.625		0.357703
219.75		0.357703
219.875		0.357703
220		0.357703
220.125		0.360787
220.25		0.360787
220.375		0.360787
220.5		0.360787
220.625		0.360787
220.75		0.360787
220.875		0.360787
221		0.360787
221.125		0.360787
221.25		0.360787
221.375		0.360787
221.5		0.360787
221.625		0.360787
221.75		0.360787
221.875		0.360787
222		0.360787
222.125		0.360787
222.25		0.360787
222.375		0.360787
222.5		0.360787
222.625		0.360787
222.75		0.360787
222.875		0.360787
223		0.360787
223.125		0.360787
223.25		0.360787
223.375		0.360787
223.5		0.360787
223.625		0.360787
223.75		0.360787
223.875		0.360787
224		0.360787
224.125		0.360787
224.25		0.360787
224.375		0.360787
224.5		0.360787
224.625		0.360787
224.75		0.360787
224.875		0.360787
225		0.360787
225.125		0.373866
225.25		0.373866
225.375		0.373866
225.5		0.373866
225.625		0.373866
225.75		0.373866
225.875		0.373866
226		0.373866
226.125		0.373866
226.25		0.373866
226.375		0.373866
226.5		0.373866
226.625		0.373866
226.75		0.373866
226.875		0.373866
227		0.373866
227.125		0.373866
227.25		0.373866
227.375		0.373866
227.5		0.373866
227.625		0.373866
227.75		0.373866
227.875		0.373866
228		0.373866
228.125		0.373866
228.25		0.373866
228.375		0.373866
228.5		0.373866
228.625		0.373866
228.75		0.373866
228.875		0.373866
229		0.373866
229.125		0.373866
229.25		0.373866
229.375		0.373866
229.5		0.373866
229.625		0.373866
229.75		0.373866
229.875		0.373866
230		0.373866
230.125		0.37837
230.25		0.37837
230.375		0.37837
230.5		0.37837
230.625		0.37837
230.75		0.37837
230.875		0.37837
231		0.37837
231.125		0.37837
231.25		0.37837
231.375		0.37837
231.5		0.37837
231.625		0.37837
231.75		0.37837
231.875		0.37837
232		0.37837
232.125		0.37837
232.25		0.37837
232.375		0.37837
232.5		0.37837
232.625		0.37837
232.75		0.37837
232.875		0.37837
233		0.37837
233.125		0.37837
233.25		0.37837
233.375		0.37837
233.5		0.37837
233.625		0.37837
233.75		0.37837
233.875		0.37837
234		0.37837
234.125		0.37837
234.25		0.37837
234.375		0.37837
234.5		0.37837
234.625		0.37837
234.75		0.37837
234.875		0.37837
235		0.37837
235.125		0.40095
235.25		0.40095
235.375		0.40095
235.5		0.40095
235.625		0.40095
235.75		0.40095
235.875		0.40095
236		0.40095
236.125		0.40095
236.25		0.40095
236.375		0.40095
236.5		0.40095
236.625		0.40095
236.75		0.40095
236.875		0.40095
237		0.40095
237.125		0.40095
237.25		0.40095
237.375		0.40095
237.5		0.40095
237.625		0.40095
237.75		0.40095
237.875		0.40095
238		0.40095
238.125		0.40095
238.25		0.40095
238.375		0.40095
238.5		0.40095
238.625		0.40095
238.75		0.40095
238.875		0.40095
239		0.40095
239.125		0.40095
239.25		0.40095
239.375		0.40095
239.5		0.40095
239.625		0.40095
239.75		0.40095
239.875		0.40095
240		0.40095
240.125		0.415448
240.25		0.415448
240.375		0.415448
240.5		0.415448
240.625		0.415448
240.75		0.415448
240.875		0.415448
241		0.415448
241.125		0.415448
241.25		0.415448
241.375		0.415448
241.5		0.415448
241.625		0.415448
241.75		0.415448
241.875		0.415448
242		0.415448
242.125		0.415448
242.25		0.415448
242.375		0.415448
242.5		0.415448
242.625		0.415448
242.75		0.415448
242.875		0.415448
243		0.415448
243.125		0.415448
243.25		0.415448
243.375		0.415448
243.5		0.415448
243.625		0.415448
243.75		0.415448
243.875		0.415448
244		0.415448
244.125		0.415448
244.25		0.415448
244.375		0.415448
244.5		0.415448
244.625		0.415448
244.75		0.415448
244.875		0.415448
245		0.415448
245.125		0.425011
245.25		0.425011
245.375		0.425011
245.5		0.425011
245.625		0.425011
245.75		0.425011
245.875		0.425011
246		0.425011
246.125		0.425011
246.25		0.425011
246.375		0.425011
246.5		0.425011
246.625		0.425011
246.75		0.425011
246.875		0.425011
247		0.425011
247.125		0.425011
247.25		0.425011
247.375		0.425011
247.5		0.425011
247.625		0.425011
247.75		0.425011
247.875		0.425011
248		0.425011
248.125		0.425011
248.25		0.425011
248.375		0.425011
248.5		0.425011
248.625		0.425011
248.75		0.425011
248.875		0.425011
249		0.425011
249.125		0.425011
249.25		0.425011
249.375		0.425011
249.5		0.425011
249.625		0.425011
249.75		0.425011
249.875		0.425011
250		0.425011
250.125		0.430563
250.25		0.430563
250.375		0.430563
250.5		0.430563
250.625		0.430563
250.75		0.430563
250.875		0.430563
251		0.430563
251.125		0.430563
251.25		0.430563
251.375		0.430563
251.5		0.430563
251.625		0.430563
251.75		0.430563
251.875		0.430563
252		0.430563
252.125		0.430563
252.25		0.430563
252.375		0.430563
252.5		0.430563
252.625		0.430563
252.75		0.430563
252.875		0.430563
253		0.430563
253.125		0.430563
253.25		0.430563
253.375		0.430563
253.5		0.430563
253.625		0.430563
253.75		0.430563
253.875		0.430563
254		0.430563
254.125		0.430563
254.25		0.430563
254.375		0.430563
254.5		0.430563
254.625		0.430563
254.75		0.430563
254.875		0.430563
255		0.430563
255.125		0.446542
255.25		0.446542
255.375		0.446542
255.5		0.446542
255.625		0.446542
255.75		0.446542
255.875		0.446542
256		0.446542
256.125		0.446542
256.25		0.446542
256.375		0.446542
256.5		0.446542
256.625		0.446542
256.75		0.446542
256.875		0.446542
257		0.446542
257.125		0.446542
257.25		0.446542
257.375		0.446542
257.5		0.446542
257.625		0.446542
257.75		0.446542
257.875		0.446542
258		0.446542
258.125		0.446542
258.25		0.446542
258.375		0.446542
258.5		0.446542
258.625		0.446542
258.75		0.446542
258.875		0.446542
259		0.446542
259.125		0.446542
259.25		0.446542
259.375		0.446542
259.5		0.446542
259.625		0.446542
259.75		0.446542
259.875		0.446542
260		0.446542
260.125		0.467703
260.25		0.467703
260.375		0.467703
260.5		0.467703
260.625		0.467703
260.75		0.467703
260.875		0.467703
261		0.467703
261.125		0.467703
261.25		0.467703
261.375		0.467703
261.5		0.467703
261.625		0.467703
261.75		0.467703
261.875		0.467703
262		0.467703
262.125		0.467703
262.25		0.467703
262.375		0.467703
262.5		0.467703
262.625		0.467703
262.75		0.467703
262.875		0.467703
263		0.467703
263.125		0.467703
263.25		0.467703
263.375		0.467703
263.5		0.467703
263.625		0.467703
263.75		0.467703
263.875		0.467703
264		0.467703
264.125		0.467703
264.25		0.467703
264.375		0.467703
264.5		0.467703
264.625		0.467703
264.75		0.467703
264.875		0.467703
265		0.467703
265.125		0.474243
265.25		0.474243
265.375		0.474243
265.5		0.474243
265.625		0.474243
265.75		0.474243
265.875		0.474243
266		0.474243
266.125		0.474243
266.25		0.474243
266.375		0.474243
266.5		0.474243
266.625		0.474243
266.75		0.474243
266.875		0.474243
267		0.474243
267.125		0.474243
267.25		0.474243
267.375		0.474243
267.5		0.474243
267.625		0.474243
267.75		0.474243
267.875		0.474243
268		0.474243
268.125		0.474243
268.25		0.474243
268.375		0.474243
268.5		0.474243
268.625		0.474243
268.75		0.474243
268.875		0.474243
269		0.474243
269.125		0.474243
269.25		0.474243
269.375		0.474243
269.5		0.474243
269.625		0.474243
269.75		0.474243
269.875		0.474243
270		0.474243
270.125		0.487507
270.25		0.487507
270.375		0.487507
270.5		0.487507
270.625		0.487507
270.75		0.487507
270.875		0.487507
271		0.487507
271.125		0.487507
271.25		0.487507
271.375		0.487507
271.5		0.487507
271.625		0.487507
271.75		0.487507
271.875		0.487507
272		0.487507
272.125		0.487507
272.25		0.487507
272.375		0.487507
272.5		0.487507
272.625		0.487507
272.75		0.487507
272.875		0.487507
273		0.487507
273.125		0.487507
273.25		0.487507
273.375		0.487507
273.5		0.487507
273.625		0.487507
273.75		0.487507
273.875		0.487507
274		0.487507
274.125		0.487507
274.25		0.487507
274.375		0.487507
274.5		0.487507
274.625		0.487507
274.75		0.487507
274.875		0.487507
275		0.487507
275.125		0.488988
275.25		0.488988
275.375		0.488988
275.5		0.488988
275.625		0.488988
275.75		0.488988
275.875		0.488988
276		0.488988
276.125		0.488988
276.25		0.488988
276.375		0.488988
276.5		0.488988
276.625		0.488988
276.75		0.488988
276.875		0.488988
277		0.488988
277.125		0.488988
277.25		0.488988
277.375		0.488988
277.5		0.488988
277.625		0.488988
277.75		0.488988
277.875		0.488988
278		0.488988
278.125		0.488988
278.25		0.488988
278.375		0.488988
278.5		0.488988
278.625		0.488988
278.75		0.488988
278.875		0.488988
279		0.488988
279.125		0.488988
279.25		0.488988
279.375		0.488988
279.5		0.488988
279.625		0.488988
279.75		0.488988
279.875		0.488988
280		0.488988
280.125		0.517737
280.25		0.517737
280.375		0.517737
280.5		0.517737
280.625		0.517737
280.75		0.517737
280.875		0.517737
281		0.517737
281.125		0.517737
281.25		0.517737
281.375		0.517737
281.5		0.517737
281.625		0.517737
281.75		0.517737
281.875		0.517737
282		0.517737
282.125		0.517737
282.25		0.517737
282.375		0.517737
282.5		0.517737
282.625		0.517737
282.75		0.517737
282.875		0.517737
283		0.517737
283.125		0.517737
283.25		0.517737
283.375		0.517737
283.5		0.517737
283.625		0.517737
283.75		0.517737
283.875		0.517737
284		0.517737
284.125		0.517737
284.25		0.517737
284.375		0.517737
284.5		0.517737
284.625		0.517737
284.75		0.517737
284.875		0.517737
285		0.517737
285.125		0.531001
285.25		0.531001
285.375		0.531001
285.5		0.531001
285.625		0.531001
285.75		0.531001
285.875		0.531001
286		0.531001
286.125		0.531001
286.25		0.531001
286.375		0.531001
286.5		0.531001
286.625		0.531001
286.75		0.531001
286.875		0.531001
287		0.531001
287.125		0.531001
287.25		0.531001
287.375		0.531001
287.5		0.531001
287.625		0.531001
287.75		0.531001
287.875		0.531001
288		0.531001
288.125		0.531001
288.25		0.531001
288.375		0.531001
288.5		0.531001
288.625		0.531001
288.75		0.531001
288.875		0.531001
289		0.531001
289.125		0.531001
289.25		0.531001
289.375		0.531001
289.5		0.531001
289.625		0.531001
289.75		0.531001
289.875		0.531001
290		0.531001
290.125		0.539577
290.25		0.539577
290.375		0.539577
290.5		0.539577
290.625		0.539577
290.75		0.539577
290.875		0.539577
291		0.539577
291.125		0.539577
291.25		0.539577
291.375		0.539577
291.5		0.539577
291.625		0.539577
291.75		0.539577
291.875		0.539577
292		0.539577
292.125		0.539577
292.25		0.539577
292.375		0.539577
292.5		0.539577
292.625		0.539577
292.75		0.539577
292.875		0.539577
293		0.539577
293.125		0.539577
293.25		0.539577
293.375		0.539577
293.5		0.539577
293.625		0.539577
293.75		0.539577
293.875		0.539577
294		0.539577
294.125		0.539577
294.25		0.539577
294.375		0.539577
294.5		0.539577
294.625		0.539577
294.75		0.539577
294.875		0.539577
295		0.539577
295.125		0.542908
295.25		0.542908
295.375		0.542908
295.5		0.542908
295.625		0.542908
295.75		0.542908
295.875		0.542908
296		0.542908
296.125		0.542908
296.25		0.542908
296.375		0.542908
296.5		0.542908
296.625		0.542908
296.75		0.542908
296.875		0.542908
297		0.542908
297.125		0.542908
297.25		0.542908
297.375		0.542908
297.5		0.542908
297.625		0.542908
297.75		0.542908
297.875		0.542908
298		0.542908
298.125		0.542908
298.25		0.542908
298.375		0.542908
298.5		0.542908
298.625		0.542908
298.75		0.542908
298.875		0.542908
299		0.542908
299.125		0.542908
299.25		0.542908
299.375		0.542908
299.5		0.542908
299.625		0.542908
299.75		0.542908
299.875		0.542908
300		0.542908
300.125		0.564625
300.25		0.564625
300.375		0.564625
300.5		0.564625
300.625		0.564625
300.75		0.564625
300.875		0.564625
301		0.564625
301.125		0.564625
301.25		0.564625
301.375		0.564625
301.5		0.564625
301.625		0.564625
301.75		0.564625
301.875		0.564625
302		0.564625
302.125		0.564625
302.25		0.564625
302.375		0.564625
302.5		0.564625
302.625		0.564625
302.75		0.564625
302.875		0.564625
303		0.564625
303.125		0.564625
303.25		0.564625
303.375		0.564625
303.5		0.564625
303.625		0.564625
303.75		0.564625
303.875		0.564625
304		0.564625
304.125		0.564625
304.25		0.564625
304.375		0.564625
304.5		0.564625
304.625		0.564625
304.75		0.564625
304.875		0.564625
305		0.564625
305.125		0.567956
305.25		0.567956
305.375		0.567956
305.5		0.567956
305.625		0.567956
305.75		0.567956
305.875		0.567956
306		0.567956
306.125		0.567956
306.25		0.567956
306.375		0.567956
306.5		0.567956
306.625		0.567956
306.75		0.567956
306.875		0.567956
307		0.567956
307.125		0.567956
307.25		0.567956
307.375		0.567956
307.5		0.567956
307.625		0.567956
307.75		0.567956
307.875		0.567956
308		0.567956
308.125		0.567956
308.25		0.567956
308.375		0.567956
308.5		0.567956
308.625		0.567956
308.75		0.567956
308.875		0.567956
309		0.567956
309.125		0.567956
309.25		0.567956
309.375		0.567956
309.5		0.567956
309.625		0.567956
309.75		0.567956
309.875		0.567956
310		0.567956
310.125		0.58412
310.25		0.58412
310.375		0.58412
310.5		0.58412
310.625		0.58412
310.75		0.58412
310.875		0.58412
311		0.58412
311.125		0.58412
311.25		0.58412
311.375		0.58412
311.5		0.58412
311.625		0.58412
311.75		0.58412
311.875		0.58412
312		0.58412
312.125		0.58412
312.25		0.58412
312.375		0.58412
312.5		0.58412
312.625		0.58412
312.75		0.58412
312.875		0.58412
313		0.58412
313.125		0.58412
313.25		0.58412
313.375		0.58412
313.5		0.58412
313.625		0.58412
313.75		0.58412
313.875		0.58412
314		0.58412
314.125		0.58412
314.25		0.58412
314.375		0.58412
314.5		0.58412
314.625		0.58412
314.75		0.58412
314.875		0.58412
315		0.58412
315.125		0.591215
315.25		0.591215
315.375		0.591215
315.5		0.591215
315.625		0.591215
315.75		0.591215
315.875		0.591215
316		0.591215
316.125		0.591215
316.25		0.591215
316.375		0.591215
316.5		0.591215
316.625		0.591215
316.75		0.591215
316.875		0.591215
317		0.591215
317.125		0.591215
317.25		0.591215
317.375		0.591215
317.5		0.591215
317.625		0.591215
317.75		0.591215
317.875		0.591215
318		0.591215
318.125		0.591215
318.25		0.591215
318.375		0.591215
318.5		0.591215
318.625		0.591215
318.75		0.591215
318.875		0.591215
319		0.591215
319.125		0.591215
319.25		0.591215
319.375		0.591215
319.5		0.591215
319.625		0.591215
319.75		0.591215
319.875		0.591215
320		0.591215
320.125		0.598865
320.25		0.598865
320.375		0.598865
320.5		0.598865
320.625		0.598865
320.75		0.598865
320.875		0.598865
321		0.598865
321.125		0.598865
321.25		0.598865
321.375		0.598865
321.5		0.598865
321.625		0.598865
321.75		0.598865
321.875		0.598865
322		0.598865
322.125		0.598865
322.25		0.598865
322.375		0.598865
322.5		0.598865
322.625		0.598865
322.75		0.598865
322.875		0.598865
323		0.598865
323.125		0.598865
323.25		0.598865
323.375		0.598865
323.5		0.598865
323.625		0.598865
323.75		0.598865
323.875		0.598865
324		0.598865
324.125		0.598865
324.25		0.598865
324.375		0.598865
324.5		0.598865
324.625		0.598865
324.75		0.598865
324.875		0.598865
325		0.598865
325.125		0.607502
325.25		0.607502
325.375		0.607502
325.5		0.607502
325.625		0.607502
325.75		0.607502
325.875		0.607502
326		0.607502
326.125		0.607502
326.25		0.607502
326.375		0.607502
326.5		0.607502
326.625		0.607502
326.75		0.607502
326.875		0.607502
327		0.607502
327.125		0.607502
327.25		0.607502
327.375		0.607502
327.5		0.607502
327.625		0.607502
327.75		0.607502
327.875		0.607502
328		0.607502
328.125		0.607502
328.25		0.607502
328.375		0.607502
328.5		0.607502
328.625		0.607502
328.75		0.607502
328.875		0.607502
329		0.607502
329.125		0.607502
329.25		0.607502
329.375		0.607502
329.5		0.607502
329.625		0.607502
329.75		0.607502
329.875		0.607502
330		0.607502
330.125		0.626072
330.25		0.626072
330.375		0.626072
330.5		0.626072
330.625		0.626072
330.75		0.626072
330.875		0.626072
331		0.626072
331.125		0.626072
331.25		0.626072
331.375		0.626072
331.5		0.626072
331.625		0.626072
331.75		0.626072
331.875		0.626072
332		0.626072
332.125		0.626072
332.25		0.626072
332.375		0.626072
332.5		0.626072
332.625		0.626072
332.75		0.626072
332.875		0.626072
333		0.626072
333.125		0.626072
333.25		0.626072
333.375		0.626072
333.5		0.626072
333.625		0.626072
333.75		0.626072
333.875		0.626072
334		0.626072
334.125		0.626072
334.25		0.626072
334.375		0.626072
334.5		0.626072
334.625		0.626072
334.75		0.626072
334.875		0.626072
335		0.626072
335.125		0.631809
335.25		0.631809
335.375		0.631809
335.5		0.631809
335.625		0.631809
335.75		0.631809
335.875		0.631809
336		0.631809
336.125		0.631809
336.25		0.631809
336.375		0.631809
336.5		0.631809
336.625		0.631809
336.75		0.631809
336.875		0.631809
337		0.631809
337.125		0.631809
337.25		0.631809
337.375		0.631809
337.5		0.631809
337.625		0.631809
337.75		0.631809
337.875		0.631809
338		0.631809
338.125		0.631809
338.25		0.631809
338.375		0.631809
338.5		0.631809
338.625		0.631809
338.75		0.631809
338.875		0.631809
339		0.631809
339.125		0.631809
339.25		0.631809
339.375		0.631809
339.5		0.631809
339.625		0.631809
339.75		0.631809
339.875		0.631809
340		0.631809
340.125		0.651058
340.25		0.651058
340.375		0.651058
340.5		0.651058
340.625		0.651058
340.75		0.651058
340.875		0.651058
341		0.651058
341.125		0.651058
341.25		0.651058
341.375		0.651058
341.5		0.651058
341.625		0.651058
341.75		0.651058
341.875		0.651058
342		0.651058
342.125		0.651058
342.25		0.651058
342.375		0.651058
342.5		0.651058
342.625		0.651058
342.75		0.651058
342.875		0.651058
343		0.651058
343.125		0.651058
343.25		0.651058
343.375		0.651058
343.5		0.651058
343.625		0.651058
343.75		0.651058
343.875		0.651058
344		0.651058
344.125		0.651058
344.25		0.651058
344.375		0.651058
344.5		0.651058
344.625		0.651058
344.75		0.651058
344.875		0.651058
345		0.651058
345.125		0.652539
345.25		0.652539
345.375		0.652539
345.5		0.652539
345.625		0.652539
345.75		0.652539
345.875		0.652539
346		0.652539
346.125		0.652539
346.25		0.652539
346.375		0.652539
346.5		0.652539
346.625		0.652539
346.75		0.652539
346.875		0.652539
347		0.652539
347.125		0.652539
347.25		0.652539
347.375		0.652539
347.5		0.652539
347.625		0.652539
347.75		0.652539
347.875		0.652539
348		0.652539
348.125		0.652539
348.25		0.652539
348.375		0.652539
348.5		0.652539
348.625		0.652539
348.75		0.652539
348.875		0.652539
349		0.652539
349.125		0.652539
349.25		0.652539
349.375		0.652539
349.5		0.652539
349.625		0.652539
349.75		0.652539
349.875		0.652539
350		0.652539
350.125		0.659695
350.25		0.659695
350.375		0.659695
350.5		0.659695
350.625		0.659695
350.75		0.659695
350.875		0.659695
351		0.659695
351.125		0.659695
351.25		0.659695
351.375		0.659695
351.5		0.659695
351.625		0.659695
351.75		0.659695
351.875		0.659695
352		0.659695
352.125		0.659695
352.25		0.659695
352.375		0.659695
352.5		0.659695
352.625		0.659695
352.75		0.659695
352.875		0.659695
353		0.659695
353.125		0.659695
353.25		0.659695
353.375		0.659695
353.5		0.659695
353.625		0.659695
353.75		0.659695
353.875		0.659695
354		0.659695
354.125		0.659695
354.25		0.659695
354.375		0.659695
354.5		0.659695
354.625		0.659695
354.75		0.659695
354.875		0.659695
355		0.659695
355.125		0.673268
355.25		0.673268
355.375		0.673268
355.5		0.673268
355.625		0.673268
355.75		0.673268
355.875		0.673268
356		0.673268
356.125		0.673268
356.25		0.673268
356.375		0.673268
356.5		0.673268
356.625		0.673268
356.75		0.673268
356.875		0.673268
357		0.673268
357.125		0.673268
357.25		0.673268
357.375		0.673268
357.5		0.673268
357.625		0.673268
357.75		0.673268
357.875		0.673268
358		0.673268
358.125		0.673268
358.25		0.673268
358.375		0.673268
358.5		0.673268
358.625		0.673268
358.75		0.673268
358.875		0.673268
359		0.673268
359.125		0.673268
359.25		0.673268
359.375		0.673268
359.5		0.673268
359.625		0.673268
359.75		0.673268
359.875		0.673268
360		0.673268
360.125		0.689123
360.25		0.689123
360.375		0.689123
360.5		0.689123
360.625		0.689123
360.75		0.689123
360.875		0.689123
361		0.689123
361.125		0.689123
361.25		0.689123
361.375		0.689123
361.5		0.689123
361.625		0.689123
361.75		0.689123
361.875		0.689123
362		0.689123
362.125		0.689123
362.25		0.689123
362.375		0.689123
362.5		0.689123
362.625		0.689123
362.75		0.689123
362.875		0.689123
363		0.689123
363.125		0.689123
363.25		0.689123
363.375		0.689123
363.5		0.689123
363.625		0.689123
363.75		0.689123
363.875		0.689123
364		0.689123
364.125		0.689123
364.25		0.689123
364.375		0.689123
364.5		0.689123
364.625		0.689123
364.75		0.689123
364.875		0.689123
365		0.689123
365.125		0.705164
365.25		0.705164
365.375		0.705164
365.5		0.705164
365.625		0.705164
365.75		0.705164
365.875		0.705164
366		0.705164
366.125		0.705164
366.25		0.705164
366.375		0.705164
366.5		0.705164
366.625		0.705164
366.75		0.705164
366.875		0.705164
367		0.705164
367.125		0.705164
367.25		0.705164
367.375		0.705164
367.5		0.705164
367.625		0.705164
367.75		0.705164
367.875		0.705164
368		0.705164
368.125		0.705164
368.25		0.705164
368.375		0.705164
368.5		0.705164
368.625		0.705164
368.75		0.705164
368.875		0.705164
369		0.705164
369.125		0.705164
369.25		0.705164
369.375		0.705164
369.5		0.705164
369.625		0.705164
369.75		0.705164
369.875		0.705164
370		0.705164
370.125		0.709051
370.25		0.709051
370.375		0.709051
370.5		0.709051
370.625		0.709051
370.75		0.709051
370.875		0.709051
371		0.709051
371.125		0.709051
371.25		0.709051
371.375		0.709051
371.5		0.709051
371.625		0.709051
371.75		0.709051
371.875		0.709051
372		0.709051
372.125		0.709051
372.25		0.709051
372.375		0.709051
372.5		0.709051
372.625		0.709051
372.75		0.709051
372.875		0.709051
373		0.709051
373.125		0.709051
373.25		0.709051
373.375		0.709051
373.5		0.709051
373.625		0.709051
373.75		0.709051
373.875		0.709051
374		0.709051
374.125		0.709051
374.25		0.709051
374.375		0.709051
374.5		0.709051
374.625		0.709051
374.75		0.709051
374.875		0.709051
375		0.709051
375.125		0.718675
375.25		0.718675
375.375		0.718675
375.5		0.718675
375.625		0.718675
375.75		0.718675
375.875		0.718675
376		0.718675
376.125		0.718675
376.25		0.718675
376.375		0.718675
376.5		0.718675
376.625		0.718675
376.75		0.718675
376.875		0.718675
377		0.718675
377.125		0.718675
377.25		0.718675
377.375		0.718675
377.5		0.718675
377.625		0.718675
377.75		0.718675
377.875		0.718675
378		0.718675
378.125		0.718675
378.25		0.718675
378.375		0.718675
378.5		0.718675
378.625		0.718675
378.75		0.718675
378.875		0.718675
379		0.718675
379.125		0.718675
379.25		0.718675
379.375		0.718675
379.5		0.718675
379.625		0.718675
379.75		0.718675
379.875		0.718675
380		0.718675
380.125		0.728731
380.25		0.728731
380.375		0.728731
380.5		0.728731
380.625		0.728731
380.75		0.728731
380.875		0.728731
381		0.728731
381.125		0.728731
381.25		0.728731
381.375		0.728731
381.5		0.728731
381.625		0.728731
381.75		0.728731
381.875		0.728731
382		0.728731
382.125		0.728731
382.25		0.728731
382.375		0.728731
382.5		0.728731
382.625		0.728731
382.75		0.728731
382.875		0.728731
383		0.728731
383.125		0.728731
383.25		0.728731
383.375		0.728731
383.5		0.728731
383.625		0.728731
383.75		0.728731
383.875		0.728731
384		0.728731
384.125		0.728731
384.25		0.728731
384.375		0.728731
384.5		0.728731
384.625		0.728731
384.75		0.728731
384.875		0.728731
385		0.728731
385.125		0.73854
385.25		0.73854
385.375		0.73854
385.5		0.73854
385.625		0.73854
385.75		0.73854
385.875		0.73854
386		0.73854
386.125		0.73854
386.25		0.73854
386.375		0.73854
386.5		0.73854
386.625		0.73854
386.75		0.73854
386.875		0.73854
387		0.73854
387.125		0.73854
387.25		0.73854
387.375		0.73854
387.5		0.73854
387.625		0.73854
387.75		0.73854
387.875		0.73854
388		0.73854
388.125		0.73854
388.25		0.73854
388.375		0.73854
388.5		0.73854
388.625		0.73854
388.75		0.73854
388.875		0.73854
389		0.73854
389.125		0.73854
389.25		0.73854
389.375		0.73854
389.5		0.73854
389.625		0.73854
389.75		0.73854
389.875		0.73854
390		0.73854
390.125		0.76729
390.25		0.76729
390.375		0.76729
390.5		0.76729
390.625		0.76729
390.75		0.76729
390.875		0.76729
391		0.76729
391.125		0.76729
391.25		0.76729
391.375		0.76729
391.5		0.76729
391.625		0.76729
391.75		0.76729
391.875		0.76729
392		0.76729
392.125		0.76729
392.25		0.76729
392.375		0.76729
392.5		0.76729
392.625		0.76729
392.75		0.76729
392.875		0.76729
393		0.76729
393.125		0.76729
393.25		0.76729
393.375		0.76729
393.5		0.76729
393.625		0.76729
393.75		0.76729
393.875		0.76729
394		0.76729
394.125		0.76729
394.25		0.76729
394.375		0.76729
394.5		0.76729
394.625		0.76729
394.75		0.76729
394.875		0.76729
395		0.76729
395.125		0.7713
395.25		0.7713
395.375		0.7713
395.5		0.7713
395.625		0.7713
395.75		0.7713
395.875		0.7713
396		0.7713
396.125		0.7713
396.25		0.7713
396.375		0.7713
396.5		0.7713
396.625		0.7713
396.75		0.7713
396.875		0.7713
397		0.7713
397.125		0.7713
397.25		0.7713
397.375		0.7713
397.5		0.7713
397.625		0.7713
397.75		0.7713
397.875		0.7713
398		0.7713
398.125		0.7713
398.25		0.7713
398.375		0.7713
398.5		0.7713
398.625		0.7713
398.75		0.7713
398.875		0.7713
399		0.7713
399.125		0.7713
399.25		0.7713
399.375		0.7713
399.5		0.7713
399.625		0.7713
399.75		0.7713
399.875		0.7713
400		0.7713
400.125		0.776852
400.25		0.776852
400.375		0.776852
400.5		0.776852
400.625		0.776852
400.75		0.776852
400.875		0.776852
401		0.776852
401.125		0.776852
401.25		0.776852
401.375		0.776852
401.5		0.776852
401.625		0.776852
401.75		0.776852
401.875		0.776852
402		0.776852
402.125		0.776852
402.25		0.776852
402.375		0.776852
402.5		0.776852
402.625		0.776852
402.75		0.776852
402.875		0.776852
403		0.776852
403.125		0.776852
403.25		0.776852
403.375		0.776852
403.5		0.776852
403.625		0.776852
403.75		0.776852
403.875		0.776852
404		0.776852
404.125		0.776852
404.25		0.776852
404.375		0.776852
404.5		0.776852
404.625		0.776852
404.75		0.776852
404.875		0.776852
405		0.776852
405.125		0.796409
405.25		0.796409
405.375		0.796409
405.5		0.796409
405.625		0.796409
405.75		0.796409
405.875		0.796409
406		0.796409
406.125		0.796409
406.25		0.796409
406.375		0.796409
406.5		0.796409
406.625		0.796409
406.75		0.796409
406.875		0.796409
407		0.796409
407.125		0.796409
407.25		0.796409
407.375		0.796409
407.5		0.796409
407.625		0.796409
407.75		0.796409
407.875		0.796409
408		0.796409
408.125		0.796409
408.25		0.796409
408.375		0.796409
408.5		0.796409
408.625		0.796409
408.75		0.796409
408.875		0.796409
409		0.796409
409.125		0.796409
409.25		0.796409
409.375		0.796409
409.5		0.796409
409.625		0.796409
409.75		0.796409
409.875		0.796409
410		0.796409
410.125		0.807638
410.25		0.807638
410.375		0.807638
410.5		0.807638
410.625		0.807638
410.75		0.807638
410.875		0.807638
411		0.807638
411.125		0.807638
411.25		0.807638
411.375		0.807638
411.5		0.807638
411.625		0.807638
411.75		0.807638
411.875		0.807638
412		0.807638
412.125		0.807638
412.25		0.807638
412.375		0.807638
412.5		0.807638
412.625		0.807638
412.75		0.807638
412.875		0.807638
413		0.807638
413.125		0.807638
413.25		0.807638
413.375		0.807638
413.5		0.807638
413.625		0.807638
413.75		0.807638
413.875		0.807638
414		0.807638
414.125		0.807638
414.25		0.807638
414.375		0.807638
414.5		0.807638
414.625		0.807638
414.75		0.807638
414.875		0.807638
415		0.807638
415.125		0.816275
415.25		0.816275
415.375		0.816275
415.5		0.816275
415.625		0.816275
415.75		0.816275
415.875		0.816275
416		0.816275
416.125		0.816275
416.25		0.816275
416.375		0.816275
416.5		0.816275
416.625		0.816275
416.75		0.816275
416.875		0.816275
417		0.816275
417.125		0.816275
417.25		0.816275
417.375		0.816275
417.5		0.816275
417.625		0.816275
417.75		0.816275
417.875		0.816275
418		0.816275
418.125		0.816275
418.25		0.816275
418.375		0.816275
418.5		0.816275
418.625		0.816275
418.75		0.816275
418.875		0.816275
419		0.816275
419.125		0.816275
419.25		0.816275
419.375		0.816275
419.5		0.816275
419.625		0.816275
419.75		0.816275
419.875		0.816275
420		0.816275
420.125		0.828737
420.25		0.828737
420.375		0.828737
420.5		0.828737
420.625		0.828737
420.75		0.828737
420.875		0.828737
421		0.828737
421.125		0.828737
421.25		0.828737
421.375		0.828737
421.5		0.828737
421.625		0.828737
421.75		0.828737
421.875		0.828737
422		0.828737
422.125		0.828737
422.25		0.828737
422.375		0.828737
422.5		0.828737
422.625		0.828737
422.75		0.828737
422.875		0.828737
423		0.828737
423.125		0.828737
423.25		0.828737
423.375		0.828737
423.5		0.828737
423.625		0.828737
423.75		0.828737
423.875		0.828737
424		0.828737
424.125		0.828737
424.25		0.828737
424.375		0.828737
424.5		0.828737
424.625		0.828737
424.75		0.828737
424.875		0.828737
425		0.828737
425.125		0.838485
425.25		0.838485
425.375		0.838485
425.5		0.838485
425.625		0.838485
425.75		0.838485
425.875		0.838485
426		0.838485
426.125		0.838485
426.25		0.838485
426.375		0.838485
426.5		0.838485
426.625		0.838485
426.75		0.838485
426.875		0.838485
427		0.838485
427.125		0.838485
427.25		0.838485
427.375		0.838485
427.5		0.838485
427.625		0.838485
427.75		0.838485
427.875		0.838485
428		0.838485
428.125		0.838485
428.25		0.838485
428.375		0.838485
428.5		0.838485
428.625		0.838485
428.75		0.838485
428.875		0.838485
429		0.838485
429.125		0.838485
429.25		0.838485
429.375		0.838485
429.5		0.838485
429.625		0.838485
429.75		0.838485
429.875		0.838485
430		0.838485
430.125		0.847677
430.25		0.847677
430.375		0.847677
430.5		0.847677
430.625		0.847677
430.75		0.847677
430.875		0.847677
431		0.847677
431.125		0.847677
431.25		0.847677
431.375		0.847677
431.5		0.847677
431.625		0.847677
431.75		0.847677
431.875		0.847677
432		0.847677
432.125		0.847677
432.25		0.847677
432.375		0.847677
432.5		0.847677
432.625		0.847677
432.75		0.847677
432.875		0.847677
433		0.847677
433.125		0.847677
433.25		0.847677
433.375		0.847677
433.5		0.847677
433.625		0.847677
433.75		0.847677
433.875		0.847677
434		0.847677
434.125		0.847677
434.25		0.847677
434.375		0.847677
434.5		0.847677
434.625		0.847677
434.75		0.847677
434.875		0.847677
435		0.847677
435.125		0.865569
435.25		0.865569
435.375		0.865569
435.5		0.865569
435.625		0.865569
435.75		0.865569
435.875		0.865569
436		0.865569
436.125		0.865569
436.25		0.865569
436.375		0.865569
436.5		0.865569
436.625		0.865569
436.75		0.865569
436.875		0.865569
437		0.865569
437.125		0.865569
437.25		0.865569
437.375		0.865569
437.5		0.865569
437.625		0.865569
437.75		0.865569
437.875		0.865569
438		0.865569
438.125		0.865569
438.25		0.865569
438.375		0.865569
438.5		0.865569
438.625		0.865569
438.75		0.865569
438.875		0.865569
439		0.865569
439.125		0.865569
439.25		0.865569
439.375		0.865569
439.5		0.865569
439.625		0.865569
439.75		0.865569
439.875		0.865569
440		0.865569
440.125		0.866741
440.25		0.866741
440.375		0.866741
440.5		0.866741
440.625		0.866741
440.75		0.866741
440.875		0.866741
441		0.866741
441.125		0.866741
441.25		0.866741
441.375		0.866741
441.5		0.866741
441.625		0.866741
441.75		0.866741
441.875		0.866741
442		0.866741
442.125		0.866741
442.25		0.866741
442.375		0.866741
442.5		0.866741
442.625		0.866741
442.75		0.866741
442.875		0.866741
443		0.866741
443.125		0.866741
443.25		0.866741
443.375		0.866741
443.5		0.866741
443.625		0.866741
443.75		0.866741
443.875		0.866741
444		0.866741
444.125		0.866741
444.25		0.866741
444.375		0.866741
444.5		0.866741
444.625		0.866741
444.75		0.866741
444.875		0.866741
445		0.866741
445.125		0.885249
445.25		0.885249
445.375		0.885249
445.5		0.885249
445.625		0.885249
445.75		0.885249
445.875		0.885249
446		0.885249
446.125		0.885249
446.25		0.885249
446.375		0.885249
446.5		0.885249
446.625		0.885249
446.75		0.885249
446.875		0.885249
447		0.885249
447.125		0.885249
447.25		0.885249
447.375		0.885249
447.5		0.885249
447.625		0.885249
447.75		0.885249
447.875		0.885249
448		0.885249
448.125		0.885249
448.25		0.885249
448.375		0.885249
448.5		0.885249
448.625		0.885249
448.75		0.885249
448.875		0.885249
449		0.885249
449.125		0.885249
449.25		0.885249
449.375		0.885249
449.5		0.885249
449.625		0.885249
449.75		0.885249
449.875		0.885249
450		0.885249
450.125		0.893824
450.25		0.893824
450.375		0.893824
450.5		0.893824
450.625		0.893824
450.75		0.893824
450.875		0.893824
451		0.893824
451.125		0.893824
451.25		0.893824
451.375		0.893824
451.5		0.893824
451.625		0.893824
451.75		0.893824
451.875		0.893824
452		0.893824
452.125		0.893824
452.25		0.893824
452.375		0.893824
452.5		0.893824
452.625		0.893824
452.75		0.893824
452.875		0.893824
453		0.893824
453.125		0.893824
453.25		0.893824
453.375		0.893824
453.5		0.893824
453.625		0.893824
453.75		0.893824
453.875		0.893824
454		0.893824
454.125		0.893824
454.25		0.893824
454.375		0.893824
454.5		0.893824
454.625		0.893824
454.75		0.893824
454.875		0.893824
455		0.893824
455.125		0.918194
455.25		0.918194
455.375		0.918194
455.5		0.918194
455.625		0.918194
455.75		0.918194
455.875		0.918194
456		0.918194
456.125		0.918194
456.25		0.918194
456.375		0.918194
456.5		0.918194
456.625		0.918194
456.75		0.918194
456.875		0.918194
457		0.918194
457.125		0.918194
457.25		0.918194
457.375		0.918194
457.5		0.918194
457.625		0.918194
457.75		0.918194
457.875		0.918194
458		0.918194
458.125		0.918194
458.25		0.918194
458.375		0.918194
458.5		0.918194
458.625		0.918194
458.75		0.918194
458.875		0.918194
459		0.918194
459.125		0.918194
459.25		0.918194
459.375		0.918194
459.5		0.918194
459.625		0.918194
459.75		0.918194
459.875		0.918194
460		0.918194
460.125		0.928311
460.25		0.928311
460.375		0.928311
460.5		0.928311
460.625		0.928311
460.75		0.928311
460.875		0.928311
461		0.928311
461.125		0.928311
461.25		0.928311
461.375		0.928311
461.5		0.928311
461.625		0.928311
461.75		0.928311
461.875		0.928311
462		0.928311
462.125		0.928311
462.25		0.928311
462.375		0.928311
462.5		0.928311
462.625		0.928311
462.75		0.928311
462.875		0.928311
463		0.928311
463.125		0.928311
463.25		0.928311
463.375		0.928311
463.5		0.928311
463.625		0.928311
463.75		0.928311
463.875		0.928311
464		0.928311
464.125		0.928311
464.25		0.928311
464.375		0.928311
464.5		0.928311
464.625		0.928311
464.75		0.928311
464.875		0.928311
465		0.928311
465.125		0.937257
465.25		0.937257
465.375		0.937257
465.5		0.937257
465.625		0.937257
465.75		0.937257
465.875		0.937257
466		0.937257
466.125		0.937257
466.25		0.937257
466.375		0.937257
466.5		0.937257
466.625		0.937257
466.75		0.937257
466.875		0.937257
467		0.937257
467.125		0.937257
467.25		0.937257
467.375		0.937257
467.5		0.937257
467.625		0.937257
467.75		0.937257
467.875		0.937257
468		0.937257
468.125		0.937257
468.25		0.937257
468.375		0.937257
468.5		0.937257
468.625		0.937257
468.75		0.937257
468.875		0.937257
469		0.937257
469.125		0.937257
469.25		0.937257
469.375		0.937257
469.5		0.937257
469.625		0.937257
469.75		0.937257
469.875		0.937257
470		0.937257
470.125		0.938985
470.25		0.938985
470.375		0.938985
470.5		0.938985
470.625		0.938985
470.75		0.938985
470.875		0.938985
471		0.938985
471.125		0.938985
471.25		0.938985
471.375		0.938985
471.5		0.938985
471.625		0.938985
471.75		0.938985
471.875		0.938985
472		0.938985
472.125		0.938985
472.25		0.938985
472.375		0.938985
472.5		0.938985
472.625		0.938985
472.75		0.938985
472.875		0.938985
473		0.938985
473.125		0.938985
473.25		0.938985
473.375		0.938985
473.5		0.938985
473.625		0.938985
473.75		0.938985
473.875		0.938985
474		0.938985
474.125		0.938985
474.25		0.938985
474.375		0.938985
474.5		0.938985
474.625		0.938985
474.75		0.938985
474.875		0.938985
475		0.938985
475.125		0.963539
475.25		0.963539
475.375		0.963539
475.5		0.963539
475.625		0.963539
475.75		0.963539
475.875		0.963539
476		0.963539
476.125		0.963539
476.25		0.963539
476.375		0.963539
476.5		0.963539
476.625		0.963539
476.75		0.963539
476.875		0.963539
477		0.963539
477.125		0.963539
477.25		0.963539
477.375		0.963539
477.5		0.963539
477.625		0.963539
477.75		0.963539
477.875		0.963539
478		0.963539
478.125		0.963539
478.25		0.963539
478.375		0.963539
478.5		0.963539
478.625		0.963539
478.75		0.963539
478.875		0.963539
479		0.963539
479.125		0.963539
479.25		0.963539
479.375		0.963539
479.5		0.963539
479.625		0.963539
479.75		0.963539
479.875		0.963539
480		0.963539
480.125		0.96576
480.25		0.96576
480.375		0.96576
480.5		0.96576
480.625		0.96576
480.75		0.96576
480.875		0.96576
481		0.96576
481.125		0.96576
481.25		0.96576
481.375		0.96576
481.5		0.96576
481.625		0.96576
481.75		0.96576
481.875		0.96576
482		0.96576
482.125		0.96576
482.25		0.96576
482.375		0.96576
482.5		0.96576
482.625		0.96576
482.75		0.96576
482.875		0.96576
483		0.96576
483.125		0.96576
483.25		0.96576
483.375		0.96576
483.5		0.96576
483.625		0.96576
483.75		0.96576
483.875		0.96576
484		0.96576
484.125		0.96576
484.25		0.96576
484.375		0.96576
484.5		0.96576
484.625		0.96576
484.75		0.96576
484.875		0.96576
485		0.96576
485.125		0.985502
485.25		0.985502
485.375		0.985502
485.5		0.985502
485.625		0.985502
485.75		0.985502
485.875		0.985502
486		0.985502
486.125		0.985502
486.25		0.985502
486.375		0.985502
486.5		0.985502
486.625		0.985502
486.75		0.985502
486.875		0.985502
487		0.985502
487.125		0.985502
487.25		0.985502
487.375		0.985502
487.5		0.985502
487.625		0.985502
487.75		0.985502
487.875		0.985502
488		0.985502
488.125		0.985502
488.25		0.985502
488.375		0.985502
488.5		0.985502
488.625		0.985502
488.75		0.985502
488.875		0.985502
489		0.985502
489.125		0.985502
489.25		0.985502
489.375		0.985502
489.5		0.985502
489.625		0.985502
489.75		0.985502
489.875		0.985502
490		0.985502
490.125		0.994756
490.25		0.994756
490.375		0.994756
490.5		0.994756
490.625		0.994756
490.75		0.994756
490.875		0.994756
491		0.994756
491.125		0.994756
491.25		0.994756
491.375		0.994756
491.5		0.994756
491.625		0.994756
491.75		0.994756
491.875		0.994756
492		0.994756
492.125		0.994756
492.25		0.994756
492.375		0.994756
492.5		0.994756
492.625		0.994756
492.75		0.994756
492.875		0.994756
493		0.994756
493.125		0.994756
493.25		0.994756
493.375		0.994756
493.5		0.994756
493.625		0.994756
493.75		0.994756
493.875		0.994756
494		0.994756
494.125		0.994756
494.25		0.994756
494.375		0.994756
494.5		0.994756
494.625		0.994756
494.75		0.994756
494.875		0.994756
495		0.994756
495.125		1
495.25		1
495.375		1
495.5		1
495.625		1
495.75		1
495.875		1
496		1
496.125		1
496.25		1
496.375		1
496.5		1
496.625		1
496.75		1
496.875		1
497		1
497.125		1
497.25		1
497.375		1
497.5		1
497.625		1
497.75		1
497.875		1
498		1
498.125		1
498.25		1
498.375		1
498.5		1
498.625		1
498.75		1
498.875		1
499		1
499.125		1
499.25		1
499.375		1
499.5		1
499.625		1
499.75		1
499.875		1
500		1
