# Calibration file of tamex_id 1 @ channel 15
# fine_T bin		 Calibration value
0.125		0
0.25		0
0.375		0
0.5		0
0.625		0
0.75		0
0.875		0
1		0
1.125		0
1.25		0
1.375		0
1.5		0
1.625		0
1.75		0
1.875		0
2		0
2.125		0
2.25		0
2.375		0
2.5		0
2.625		0
2.75		0
2.875		0
3		0
3.125		0
3.25		0
3.375		0
3.5		0
3.625		0
3.75		0
3.875		0
4		0
4.125		0
4.25		0
4.375		0
4.5		0
4.625		0
4.75		0
4.875		0
5		0
5.125		0
5.25		0
5.375		0
5.5		0
5.625		0
5.75		0
5.875		0
6		0
6.125		0
6.25		0
6.375		0
6.5		0
6.625		0
6.75		0
6.875		0
7		0
7.125		0
7.25		0
7.375		0
7.5		0
7.625		0
7.75		0
7.875		0
8		0
8.125		0
8.25		0
8.375		0
8.5		0
8.625		0
8.75		0
8.875		0
9		0
9.125		0
9.25		0
9.375		0
9.5		0
9.625		0
9.75		0
9.875		0
10		0
10.125		0
10.25		0
10.375		0
10.5		0
10.625		0
10.75		0
10.875		0
11		0
11.125		0
11.25		0
11.375		0
11.5		0
11.625		0
11.75		0
11.875		0
12		0
12.125		0
12.25		0
12.375		0
12.5		0
12.625		0
12.75		0
12.875		0
13		0
13.125		0
13.25		0
13.375		0
13.5		0
13.625		0
13.75		0
13.875		0
14		0
14.125		0
14.25		0
14.375		0
14.5		0
14.625		0
14.75		0
14.875		0
15		0
15.125		0
15.25		0
15.375		0
15.5		0
15.625		0
15.75		0
15.875		0
16		0
16.125		0
16.25		0
16.375		0
16.5		0
16.625		0
16.75		0
16.875		0
17		0
17.125		0
17.25		0
17.375		0
17.5		0
17.625		0
17.75		0
17.875		0
18		0
18.125		0
18.25		0
18.375		0
18.5		0
18.625		0
18.75		0
18.875		0
19		0
19.125		0
19.25		0
19.375		0
19.5		0
19.625		0
19.75		0
19.875		0
20		0
20.125		0
20.25		0
20.375		0
20.5		0
20.625		0
20.75		0
20.875		0
21		0
21.125		0
21.25		0
21.375		0
21.5		0
21.625		0
21.75		0
21.875		0
22		0
22.125		0
22.25		0
22.375		0
22.5		0
22.625		0
22.75		0
22.875		0
23		0
23.125		0
23.25		0
23.375		0
23.5		0
23.625		0
23.75		0
23.875		0
24		0
24.125		0
24.25		0
24.375		0
24.5		0
24.625		0
24.75		0
24.875		0
25		0
25.125		0
25.25		0
25.375		0
25.5		0
25.625		0
25.75		0
25.875		0
26		0
26.125		0
26.25		0
26.375		0
26.5		0
26.625		0
26.75		0
26.875		0
27		0
27.125		0
27.25		0
27.375		0
27.5		0
27.625		0
27.75		0
27.875		0
28		0
28.125		0
28.25		0
28.375		0
28.5		0
28.625		0
28.75		0
28.875		0
29		0
29.125		0
29.25		0
29.375		0
29.5		0
29.625		0
29.75		0
29.875		0
30		0
30.125		0
30.25		0
30.375		0
30.5		0
30.625		0
30.75		0
30.875		0
31		0
31.125		0
31.25		0
31.375		0
31.5		0
31.625		0
31.75		0
31.875		0
32		0
32.125		0
32.25		0
32.375		0
32.5		0
32.625		0
32.75		0
32.875		0
33		0
33.125		0
33.25		0
33.375		0
33.5		0
33.625		0
33.75		0
33.875		0
34		0
34.125		0
34.25		0
34.375		0
34.5		0
34.625		0
34.75		0
34.875		0
35		0
35.125		0
35.25		0
35.375		0
35.5		0
35.625		0
35.75		0
35.875		0
36		0
36.125		0
36.25		0
36.375		0
36.5		0
36.625		0
36.75		0
36.875		0
37		0
37.125		0
37.25		0
37.375		0
37.5		0
37.625		0
37.75		0
37.875		0
38		0
38.125		0
38.25		0
38.375		0
38.5		0
38.625		0
38.75		0
38.875		0
39		0
39.125		0
39.25		0
39.375		0
39.5		0
39.625		0
39.75		0
39.875		0
40		0
40.125		0
40.25		0
40.375		0
40.5		0
40.625		0
40.75		0
40.875		0
41		0
41.125		0
41.25		0
41.375		0
41.5		0
41.625		0
41.75		0
41.875		0
42		0
42.125		0
42.25		0
42.375		0
42.5		0
42.625		0
42.75		0
42.875		0
43		0
43.125		0
43.25		0
43.375		0
43.5		0
43.625		0
43.75		0
43.875		0
44		0
44.125		0
44.25		0
44.375		0
44.5		0
44.625		0
44.75		0
44.875		0
45		0
45.125		0
45.25		0
45.375		0
45.5		0
45.625		0
45.75		0
45.875		0
46		0
46.125		0
46.25		0
46.375		0
46.5		0
46.625		0
46.75		0
46.875		0
47		0
47.125		0
47.25		0
47.375		0
47.5		0
47.625		0
47.75		0
47.875		0
48		0
48.125		0
48.25		0
48.375		0
48.5		0
48.625		0
48.75		0
48.875		0
49		0
49.125		0
49.25		0
49.375		0
49.5		0
49.625		0
49.75		0
49.875		0
50		0
50.125		0
50.25		0
50.375		0
50.5		0
50.625		0
50.75		0
50.875		0
51		0
51.125		0
51.25		0
51.375		0
51.5		0
51.625		0
51.75		0
51.875		0
52		0
52.125		0
52.25		0
52.375		0
52.5		0
52.625		0
52.75		0
52.875		0
53		0
53.125		0
53.25		0
53.375		0
53.5		0
53.625		0
53.75		0
53.875		0
54		0
54.125		0
54.25		0
54.375		0
54.5		0
54.625		0
54.75		0
54.875		0
55		0
55.125		0
55.25		0
55.375		0
55.5		0
55.625		0
55.75		0
55.875		0
56		0
56.125		0
56.25		0
56.375		0
56.5		0
56.625		0
56.75		0
56.875		0
57		0
57.125		0
57.25		0
57.375		0
57.5		0
57.625		0
57.75		0
57.875		0
58		0
58.125		0
58.25		0
58.375		0
58.5		0
58.625		0
58.75		0
58.875		0
59		0
59.125		0
59.25		0
59.375		0
59.5		0
59.625		0
59.75		0
59.875		0
60		0
60.125		0
60.25		0
60.375		0
60.5		0
60.625		0
60.75		0
60.875		0
61		0
61.125		0
61.25		0
61.375		0
61.5		0
61.625		0
61.75		0
61.875		0
62		0
62.125		0
62.25		0
62.375		0
62.5		0
62.625		0
62.75		0
62.875		0
63		0
63.125		0
63.25		0
63.375		0
63.5		0
63.625		0
63.75		0
63.875		0
64		0
64.125		0
64.25		0
64.375		0
64.5		0
64.625		0
64.75		0
64.875		0
65		0
65.125		0
65.25		0
65.375		0
65.5		0
65.625		0
65.75		0
65.875		0
66		0
66.125		0
66.25		0
66.375		0
66.5		0
66.625		0
66.75		0
66.875		0
67		0
67.125		0
67.25		0
67.375		0
67.5		0
67.625		0
67.75		0
67.875		0
68		0
68.125		0
68.25		0
68.375		0
68.5		0
68.625		0
68.75		0
68.875		0
69		0
69.125		0
69.25		0
69.375		0
69.5		0
69.625		0
69.75		0
69.875		0
70		0
70.125		0
70.25		0
70.375		0
70.5		0
70.625		0
70.75		0
70.875		0
71		0
71.125		0
71.25		0
71.375		0
71.5		0
71.625		0
71.75		0
71.875		0
72		0
72.125		0
72.25		0
72.375		0
72.5		0
72.625		0
72.75		0
72.875		0
73		0
73.125		0
73.25		0
73.375		0
73.5		0
73.625		0
73.75		0
73.875		0
74		0
74.125		0
74.25		0
74.375		0
74.5		0
74.625		0
74.75		0
74.875		0
75		0
75.125		0
75.25		0
75.375		0
75.5		0
75.625		0
75.75		0
75.875		0
76		0
76.125		0
76.25		0
76.375		0
76.5		0
76.625		0
76.75		0
76.875		0
77		0
77.125		0
77.25		0
77.375		0
77.5		0
77.625		0
77.75		0
77.875		0
78		0
78.125		0
78.25		0
78.375		0
78.5		0
78.625		0
78.75		0
78.875		0
79		0
79.125		0
79.25		0
79.375		0
79.5		0
79.625		0
79.75		0
79.875		0
80		0
80.125		0
80.25		0
80.375		0
80.5		0
80.625		0
80.75		0
80.875		0
81		0
81.125		0
81.25		0
81.375		0
81.5		0
81.625		0
81.75		0
81.875		0
82		0
82.125		0
82.25		0
82.375		0
82.5		0
82.625		0
82.75		0
82.875		0
83		0
83.125		0
83.25		0
83.375		0
83.5		0
83.625		0
83.75		0
83.875		0
84		0
84.125		0
84.25		0
84.375		0
84.5		0
84.625		0
84.75		0
84.875		0
85		0
85.125		0
85.25		0
85.375		0
85.5		0
85.625		0
85.75		0
85.875		0
86		0
86.125		0
86.25		0
86.375		0
86.5		0
86.625		0
86.75		0
86.875		0
87		0
87.125		0
87.25		0
87.375		0
87.5		0
87.625		0
87.75		0
87.875		0
88		0
88.125		0
88.25		0
88.375		0
88.5		0
88.625		0
88.75		0
88.875		0
89		0
89.125		0
89.25		0
89.375		0
89.5		0
89.625		0
89.75		0
89.875		0
90		0
90.125		0
90.25		0
90.375		0
90.5		0
90.625		0
90.75		0
90.875		0
91		0
91.125		0
91.25		0
91.375		0
91.5		0
91.625		0
91.75		0
91.875		0
92		0
92.125		0
92.25		0
92.375		0
92.5		0
92.625		0
92.75		0
92.875		0
93		0
93.125		0
93.25		0
93.375		0
93.5		0
93.625		0
93.75		0
93.875		0
94		0
94.125		0
94.25		0
94.375		0
94.5		0
94.625		0
94.75		0
94.875		0
95		0
95.125		0
95.25		0
95.375		0
95.5		0
95.625		0
95.75		0
95.875		0
96		0
96.125		0
96.25		0
96.375		0
96.5		0
96.625		0
96.75		0
96.875		0
97		0
97.125		0
97.25		0
97.375		0
97.5		0
97.625		0
97.75		0
97.875		0
98		0
98.125		0
98.25		0
98.375		0
98.5		0
98.625		0
98.75		0
98.875		0
99		0
99.125		0
99.25		0
99.375		0
99.5		0
99.625		0
99.75		0
99.875		0
100		0
100.125		0
100.25		0
100.375		0
100.5		0
100.625		0
100.75		0
100.875		0
101		0
101.125		0
101.25		0
101.375		0
101.5		0
101.625		0
101.75		0
101.875		0
102		0
102.125		0
102.25		0
102.375		0
102.5		0
102.625		0
102.75		0
102.875		0
103		0
103.125		0
103.25		0
103.375		0
103.5		0
103.625		0
103.75		0
103.875		0
104		0
104.125		0
104.25		0
104.375		0
104.5		0
104.625		0
104.75		0
104.875		0
105		0
105.125		0
105.25		0
105.375		0
105.5		0
105.625		0
105.75		0
105.875		0
106		0
106.125		0
106.25		0
106.375		0
106.5		0
106.625		0
106.75		0
106.875		0
107		0
107.125		0
107.25		0
107.375		0
107.5		0
107.625		0
107.75		0
107.875		0
108		0
108.125		0
108.25		0
108.375		0
108.5		0
108.625		0
108.75		0
108.875		0
109		0
109.125		0
109.25		0
109.375		0
109.5		0
109.625		0
109.75		0
109.875		0
110		0
110.125		0
110.25		0
110.375		0
110.5		0
110.625		0
110.75		0
110.875		0
111		0
111.125		0
111.25		0
111.375		0
111.5		0
111.625		0
111.75		0
111.875		0
112		0
112.125		0
112.25		0
112.375		0
112.5		0
112.625		0
112.75		0
112.875		0
113		0
113.125		0
113.25		0
113.375		0
113.5		0
113.625		0
113.75		0
113.875		0
114		0
114.125		0
114.25		0
114.375		0
114.5		0
114.625		0
114.75		0
114.875		0
115		0
115.125		0.0170672
115.25		0.0170672
115.375		0.0170672
115.5		0.0170672
115.625		0.0170672
115.75		0.0170672
115.875		0.0170672
116		0.0170672
116.125		0.0170672
116.25		0.0170672
116.375		0.0170672
116.5		0.0170672
116.625		0.0170672
116.75		0.0170672
116.875		0.0170672
117		0.0170672
117.125		0.0170672
117.25		0.0170672
117.375		0.0170672
117.5		0.0170672
117.625		0.0170672
117.75		0.0170672
117.875		0.0170672
118		0.0170672
118.125		0.0170672
118.25		0.0170672
118.375		0.0170672
118.5		0.0170672
118.625		0.0170672
118.75		0.0170672
118.875		0.0170672
119		0.0170672
119.125		0.0170672
119.25		0.0170672
119.375		0.0170672
119.5		0.0170672
119.625		0.0170672
119.75		0.0170672
119.875		0.0170672
120		0.0170672
120.125		0.0357018
120.25		0.0357018
120.375		0.0357018
120.5		0.0357018
120.625		0.0357018
120.75		0.0357018
120.875		0.0357018
121		0.0357018
121.125		0.0357018
121.25		0.0357018
121.375		0.0357018
121.5		0.0357018
121.625		0.0357018
121.75		0.0357018
121.875		0.0357018
122		0.0357018
122.125		0.0357018
122.25		0.0357018
122.375		0.0357018
122.5		0.0357018
122.625		0.0357018
122.75		0.0357018
122.875		0.0357018
123		0.0357018
123.125		0.0357018
123.25		0.0357018
123.375		0.0357018
123.5		0.0357018
123.625		0.0357018
123.75		0.0357018
123.875		0.0357018
124		0.0357018
124.125		0.0357018
124.25		0.0357018
124.375		0.0357018
124.5		0.0357018
124.625		0.0357018
124.75		0.0357018
124.875		0.0357018
125		0.0357018
125.125		0.058342
125.25		0.058342
125.375		0.058342
125.5		0.058342
125.625		0.058342
125.75		0.058342
125.875		0.058342
126		0.058342
126.125		0.058342
126.25		0.058342
126.375		0.058342
126.5		0.058342
126.625		0.058342
126.75		0.058342
126.875		0.058342
127		0.058342
127.125		0.058342
127.25		0.058342
127.375		0.058342
127.5		0.058342
127.625		0.058342
127.75		0.058342
127.875		0.058342
128		0.058342
128.125		0.058342
128.25		0.058342
128.375		0.058342
128.5		0.058342
128.625		0.058342
128.75		0.058342
128.875		0.058342
129		0.058342
129.125		0.058342
129.25		0.058342
129.375		0.058342
129.5		0.058342
129.625		0.058342
129.75		0.058342
129.875		0.058342
130		0.058342
130.125		0.0654824
130.25		0.0654824
130.375		0.0654824
130.5		0.0654824
130.625		0.0654824
130.75		0.0654824
130.875		0.0654824
131		0.0654824
131.125		0.0654824
131.25		0.0654824
131.375		0.0654824
131.5		0.0654824
131.625		0.0654824
131.75		0.0654824
131.875		0.0654824
132		0.0654824
132.125		0.0654824
132.25		0.0654824
132.375		0.0654824
132.5		0.0654824
132.625		0.0654824
132.75		0.0654824
132.875		0.0654824
133		0.0654824
133.125		0.0654824
133.25		0.0654824
133.375		0.0654824
133.5		0.0654824
133.625		0.0654824
133.75		0.0654824
133.875		0.0654824
134		0.0654824
134.125		0.0654824
134.25		0.0654824
134.375		0.0654824
134.5		0.0654824
134.625		0.0654824
134.75		0.0654824
134.875		0.0654824
135		0.0654824
135.125		0.0675723
135.25		0.0675723
135.375		0.0675723
135.5		0.0675723
135.625		0.0675723
135.75		0.0675723
135.875		0.0675723
136		0.0675723
136.125		0.0675723
136.25		0.0675723
136.375		0.0675723
136.5		0.0675723
136.625		0.0675723
136.75		0.0675723
136.875		0.0675723
137		0.0675723
137.125		0.0675723
137.25		0.0675723
137.375		0.0675723
137.5		0.0675723
137.625		0.0675723
137.75		0.0675723
137.875		0.0675723
138		0.0675723
138.125		0.0675723
138.25		0.0675723
138.375		0.0675723
138.5		0.0675723
138.625		0.0675723
138.75		0.0675723
138.875		0.0675723
139		0.0675723
139.125		0.0675723
139.25		0.0675723
139.375		0.0675723
139.5		0.0675723
139.625		0.0675723
139.75		0.0675723
139.875		0.0675723
140		0.0675723
140.125		0.0808081
140.25		0.0808081
140.375		0.0808081
140.5		0.0808081
140.625		0.0808081
140.75		0.0808081
140.875		0.0808081
141		0.0808081
141.125		0.0808081
141.25		0.0808081
141.375		0.0808081
141.5		0.0808081
141.625		0.0808081
141.75		0.0808081
141.875		0.0808081
142		0.0808081
142.125		0.0808081
142.25		0.0808081
142.375		0.0808081
142.5		0.0808081
142.625		0.0808081
142.75		0.0808081
142.875		0.0808081
143		0.0808081
143.125		0.0808081
143.25		0.0808081
143.375		0.0808081
143.5		0.0808081
143.625		0.0808081
143.75		0.0808081
143.875		0.0808081
144		0.0808081
144.125		0.0808081
144.25		0.0808081
144.375		0.0808081
144.5		0.0808081
144.625		0.0808081
144.75		0.0808081
144.875		0.0808081
145		0.0808081
145.125		0.101184
145.25		0.101184
145.375		0.101184
145.5		0.101184
145.625		0.101184
145.75		0.101184
145.875		0.101184
146		0.101184
146.125		0.101184
146.25		0.101184
146.375		0.101184
146.5		0.101184
146.625		0.101184
146.75		0.101184
146.875		0.101184
147		0.101184
147.125		0.101184
147.25		0.101184
147.375		0.101184
147.5		0.101184
147.625		0.101184
147.75		0.101184
147.875		0.101184
148		0.101184
148.125		0.101184
148.25		0.101184
148.375		0.101184
148.5		0.101184
148.625		0.101184
148.75		0.101184
148.875		0.101184
149		0.101184
149.125		0.101184
149.25		0.101184
149.375		0.101184
149.5		0.101184
149.625		0.101184
149.75		0.101184
149.875		0.101184
150		0.101184
150.125		0.114768
150.25		0.114768
150.375		0.114768
150.5		0.114768
150.625		0.114768
150.75		0.114768
150.875		0.114768
151		0.114768
151.125		0.114768
151.25		0.114768
151.375		0.114768
151.5		0.114768
151.625		0.114768
151.75		0.114768
151.875		0.114768
152		0.114768
152.125		0.114768
152.25		0.114768
152.375		0.114768
152.5		0.114768
152.625		0.114768
152.75		0.114768
152.875		0.114768
153		0.114768
153.125		0.114768
153.25		0.114768
153.375		0.114768
153.5		0.114768
153.625		0.114768
153.75		0.114768
153.875		0.114768
154		0.114768
154.125		0.114768
154.25		0.114768
154.375		0.114768
154.5		0.114768
154.625		0.114768
154.75		0.114768
154.875		0.114768
155		0.114768
155.125		0.126785
155.25		0.126785
155.375		0.126785
155.5		0.126785
155.625		0.126785
155.75		0.126785
155.875		0.126785
156		0.126785
156.125		0.126785
156.25		0.126785
156.375		0.126785
156.5		0.126785
156.625		0.126785
156.75		0.126785
156.875		0.126785
157		0.126785
157.125		0.126785
157.25		0.126785
157.375		0.126785
157.5		0.126785
157.625		0.126785
157.75		0.126785
157.875		0.126785
158		0.126785
158.125		0.126785
158.25		0.126785
158.375		0.126785
158.5		0.126785
158.625		0.126785
158.75		0.126785
158.875		0.126785
159		0.126785
159.125		0.126785
159.25		0.126785
159.375		0.126785
159.5		0.126785
159.625		0.126785
159.75		0.126785
159.875		0.126785
160		0.126785
160.125		0.139673
160.25		0.139673
160.375		0.139673
160.5		0.139673
160.625		0.139673
160.75		0.139673
160.875		0.139673
161		0.139673
161.125		0.139673
161.25		0.139673
161.375		0.139673
161.5		0.139673
161.625		0.139673
161.75		0.139673
161.875		0.139673
162		0.139673
162.125		0.139673
162.25		0.139673
162.375		0.139673
162.5		0.139673
162.625		0.139673
162.75		0.139673
162.875		0.139673
163		0.139673
163.125		0.139673
163.25		0.139673
163.375		0.139673
163.5		0.139673
163.625		0.139673
163.75		0.139673
163.875		0.139673
164		0.139673
164.125		0.139673
164.25		0.139673
164.375		0.139673
164.5		0.139673
164.625		0.139673
164.75		0.139673
164.875		0.139673
165		0.139673
165.125		0.155869
165.25		0.155869
165.375		0.155869
165.5		0.155869
165.625		0.155869
165.75		0.155869
165.875		0.155869
166		0.155869
166.125		0.155869
166.25		0.155869
166.375		0.155869
166.5		0.155869
166.625		0.155869
166.75		0.155869
166.875		0.155869
167		0.155869
167.125		0.155869
167.25		0.155869
167.375		0.155869
167.5		0.155869
167.625		0.155869
167.75		0.155869
167.875		0.155869
168		0.155869
168.125		0.155869
168.25		0.155869
168.375		0.155869
168.5		0.155869
168.625		0.155869
168.75		0.155869
168.875		0.155869
169		0.155869
169.125		0.155869
169.25		0.155869
169.375		0.155869
169.5		0.155869
169.625		0.155869
169.75		0.155869
169.875		0.155869
170		0.155869
170.125		0.183037
170.25		0.183037
170.375		0.183037
170.5		0.183037
170.625		0.183037
170.75		0.183037
170.875		0.183037
171		0.183037
171.125		0.183037
171.25		0.183037
171.375		0.183037
171.5		0.183037
171.625		0.183037
171.75		0.183037
171.875		0.183037
172		0.183037
172.125		0.183037
172.25		0.183037
172.375		0.183037
172.5		0.183037
172.625		0.183037
172.75		0.183037
172.875		0.183037
173		0.183037
173.125		0.183037
173.25		0.183037
173.375		0.183037
173.5		0.183037
173.625		0.183037
173.75		0.183037
173.875		0.183037
174		0.183037
174.125		0.183037
174.25		0.183037
174.375		0.183037
174.5		0.183037
174.625		0.183037
174.75		0.183037
174.875		0.183037
175		0.183037
175.125		0.190526
175.25		0.190526
175.375		0.190526
175.5		0.190526
175.625		0.190526
175.75		0.190526
175.875		0.190526
176		0.190526
176.125		0.190526
176.25		0.190526
176.375		0.190526
176.5		0.190526
176.625		0.190526
176.75		0.190526
176.875		0.190526
177		0.190526
177.125		0.190526
177.25		0.190526
177.375		0.190526
177.5		0.190526
177.625		0.190526
177.75		0.190526
177.875		0.190526
178		0.190526
178.125		0.190526
178.25		0.190526
178.375		0.190526
178.5		0.190526
178.625		0.190526
178.75		0.190526
178.875		0.190526
179		0.190526
179.125		0.190526
179.25		0.190526
179.375		0.190526
179.5		0.190526
179.625		0.190526
179.75		0.190526
179.875		0.190526
180		0.190526
180.125		0.191571
180.25		0.191571
180.375		0.191571
180.5		0.191571
180.625		0.191571
180.75		0.191571
180.875		0.191571
181		0.191571
181.125		0.191571
181.25		0.191571
181.375		0.191571
181.5		0.191571
181.625		0.191571
181.75		0.191571
181.875		0.191571
182		0.191571
182.125		0.191571
182.25		0.191571
182.375		0.191571
182.5		0.191571
182.625		0.191571
182.75		0.191571
182.875		0.191571
183		0.191571
183.125		0.191571
183.25		0.191571
183.375		0.191571
183.5		0.191571
183.625		0.191571
183.75		0.191571
183.875		0.191571
184		0.191571
184.125		0.191571
184.25		0.191571
184.375		0.191571
184.5		0.191571
184.625		0.191571
184.75		0.191571
184.875		0.191571
185		0.191571
185.125		0.205503
185.25		0.205503
185.375		0.205503
185.5		0.205503
185.625		0.205503
185.75		0.205503
185.875		0.205503
186		0.205503
186.125		0.205503
186.25		0.205503
186.375		0.205503
186.5		0.205503
186.625		0.205503
186.75		0.205503
186.875		0.205503
187		0.205503
187.125		0.205503
187.25		0.205503
187.375		0.205503
187.5		0.205503
187.625		0.205503
187.75		0.205503
187.875		0.205503
188		0.205503
188.125		0.205503
188.25		0.205503
188.375		0.205503
188.5		0.205503
188.625		0.205503
188.75		0.205503
188.875		0.205503
189		0.205503
189.125		0.205503
189.25		0.205503
189.375		0.205503
189.5		0.205503
189.625		0.205503
189.75		0.205503
189.875		0.205503
190		0.205503
190.125		0.229014
190.25		0.229014
190.375		0.229014
190.5		0.229014
190.625		0.229014
190.75		0.229014
190.875		0.229014
191		0.229014
191.125		0.229014
191.25		0.229014
191.375		0.229014
191.5		0.229014
191.625		0.229014
191.75		0.229014
191.875		0.229014
192		0.229014
192.125		0.229014
192.25		0.229014
192.375		0.229014
192.5		0.229014
192.625		0.229014
192.75		0.229014
192.875		0.229014
193		0.229014
193.125		0.229014
193.25		0.229014
193.375		0.229014
193.5		0.229014
193.625		0.229014
193.75		0.229014
193.875		0.229014
194		0.229014
194.125		0.229014
194.25		0.229014
194.375		0.229014
194.5		0.229014
194.625		0.229014
194.75		0.229014
194.875		0.229014
195		0.229014
195.125		0.243469
195.25		0.243469
195.375		0.243469
195.5		0.243469
195.625		0.243469
195.75		0.243469
195.875		0.243469
196		0.243469
196.125		0.243469
196.25		0.243469
196.375		0.243469
196.5		0.243469
196.625		0.243469
196.75		0.243469
196.875		0.243469
197		0.243469
197.125		0.243469
197.25		0.243469
197.375		0.243469
197.5		0.243469
197.625		0.243469
197.75		0.243469
197.875		0.243469
198		0.243469
198.125		0.243469
198.25		0.243469
198.375		0.243469
198.5		0.243469
198.625		0.243469
198.75		0.243469
198.875		0.243469
199		0.243469
199.125		0.243469
199.25		0.243469
199.375		0.243469
199.5		0.243469
199.625		0.243469
199.75		0.243469
199.875		0.243469
200		0.243469
200.125		0.254615
200.25		0.254615
200.375		0.254615
200.5		0.254615
200.625		0.254615
200.75		0.254615
200.875		0.254615
201		0.254615
201.125		0.254615
201.25		0.254615
201.375		0.254615
201.5		0.254615
201.625		0.254615
201.75		0.254615
201.875		0.254615
202		0.254615
202.125		0.254615
202.25		0.254615
202.375		0.254615
202.5		0.254615
202.625		0.254615
202.75		0.254615
202.875		0.254615
203		0.254615
203.125		0.254615
203.25		0.254615
203.375		0.254615
203.5		0.254615
203.625		0.254615
203.75		0.254615
203.875		0.254615
204		0.254615
204.125		0.254615
204.25		0.254615
204.375		0.254615
204.5		0.254615
204.625		0.254615
204.75		0.254615
204.875		0.254615
205		0.254615
205.125		0.258621
205.25		0.258621
205.375		0.258621
205.5		0.258621
205.625		0.258621
205.75		0.258621
205.875		0.258621
206		0.258621
206.125		0.258621
206.25		0.258621
206.375		0.258621
206.5		0.258621
206.625		0.258621
206.75		0.258621
206.875		0.258621
207		0.258621
207.125		0.258621
207.25		0.258621
207.375		0.258621
207.5		0.258621
207.625		0.258621
207.75		0.258621
207.875		0.258621
208		0.258621
208.125		0.258621
208.25		0.258621
208.375		0.258621
208.5		0.258621
208.625		0.258621
208.75		0.258621
208.875		0.258621
209		0.258621
209.125		0.258621
209.25		0.258621
209.375		0.258621
209.5		0.258621
209.625		0.258621
209.75		0.258621
209.875		0.258621
210		0.258621
210.125		0.28457
210.25		0.28457
210.375		0.28457
210.5		0.28457
210.625		0.28457
210.75		0.28457
210.875		0.28457
211		0.28457
211.125		0.28457
211.25		0.28457
211.375		0.28457
211.5		0.28457
211.625		0.28457
211.75		0.28457
211.875		0.28457
212		0.28457
212.125		0.28457
212.25		0.28457
212.375		0.28457
212.5		0.28457
212.625		0.28457
212.75		0.28457
212.875		0.28457
213		0.28457
213.125		0.28457
213.25		0.28457
213.375		0.28457
213.5		0.28457
213.625		0.28457
213.75		0.28457
213.875		0.28457
214		0.28457
214.125		0.28457
214.25		0.28457
214.375		0.28457
214.5		0.28457
214.625		0.28457
214.75		0.28457
214.875		0.28457
215		0.28457
215.125		0.285092
215.25		0.285092
215.375		0.285092
215.5		0.285092
215.625		0.285092
215.75		0.285092
215.875		0.285092
216		0.285092
216.125		0.285092
216.25		0.285092
216.375		0.285092
216.5		0.285092
216.625		0.285092
216.75		0.285092
216.875		0.285092
217		0.285092
217.125		0.285092
217.25		0.285092
217.375		0.285092
217.5		0.285092
217.625		0.285092
217.75		0.285092
217.875		0.285092
218		0.285092
218.125		0.285092
218.25		0.285092
218.375		0.285092
218.5		0.285092
218.625		0.285092
218.75		0.285092
218.875		0.285092
219		0.285092
219.125		0.285092
219.25		0.285092
219.375		0.285092
219.5		0.285092
219.625		0.285092
219.75		0.285092
219.875		0.285092
220		0.285092
220.125		0.311738
220.25		0.311738
220.375		0.311738
220.5		0.311738
220.625		0.311738
220.75		0.311738
220.875		0.311738
221		0.311738
221.125		0.311738
221.25		0.311738
221.375		0.311738
221.5		0.311738
221.625		0.311738
221.75		0.311738
221.875		0.311738
222		0.311738
222.125		0.311738
222.25		0.311738
222.375		0.311738
222.5		0.311738
222.625		0.311738
222.75		0.311738
222.875		0.311738
223		0.311738
223.125		0.311738
223.25		0.311738
223.375		0.311738
223.5		0.311738
223.625		0.311738
223.75		0.311738
223.875		0.311738
224		0.311738
224.125		0.311738
224.25		0.311738
224.375		0.311738
224.5		0.311738
224.625		0.311738
224.75		0.311738
224.875		0.311738
225		0.311738
225.125		0.317659
225.25		0.317659
225.375		0.317659
225.5		0.317659
225.625		0.317659
225.75		0.317659
225.875		0.317659
226		0.317659
226.125		0.317659
226.25		0.317659
226.375		0.317659
226.5		0.317659
226.625		0.317659
226.75		0.317659
226.875		0.317659
227		0.317659
227.125		0.317659
227.25		0.317659
227.375		0.317659
227.5		0.317659
227.625		0.317659
227.75		0.317659
227.875		0.317659
228		0.317659
228.125		0.317659
228.25		0.317659
228.375		0.317659
228.5		0.317659
228.625		0.317659
228.75		0.317659
228.875		0.317659
229		0.317659
229.125		0.317659
229.25		0.317659
229.375		0.317659
229.5		0.317659
229.625		0.317659
229.75		0.317659
229.875		0.317659
230		0.317659
230.125		0.329676
230.25		0.329676
230.375		0.329676
230.5		0.329676
230.625		0.329676
230.75		0.329676
230.875		0.329676
231		0.329676
231.125		0.329676
231.25		0.329676
231.375		0.329676
231.5		0.329676
231.625		0.329676
231.75		0.329676
231.875		0.329676
232		0.329676
232.125		0.329676
232.25		0.329676
232.375		0.329676
232.5		0.329676
232.625		0.329676
232.75		0.329676
232.875		0.329676
233		0.329676
233.125		0.329676
233.25		0.329676
233.375		0.329676
233.5		0.329676
233.625		0.329676
233.75		0.329676
233.875		0.329676
234		0.329676
234.125		0.329676
234.25		0.329676
234.375		0.329676
234.5		0.329676
234.625		0.329676
234.75		0.329676
234.875		0.329676
235		0.329676
235.125		0.345176
235.25		0.345176
235.375		0.345176
235.5		0.345176
235.625		0.345176
235.75		0.345176
235.875		0.345176
236		0.345176
236.125		0.345176
236.25		0.345176
236.375		0.345176
236.5		0.345176
236.625		0.345176
236.75		0.345176
236.875		0.345176
237		0.345176
237.125		0.345176
237.25		0.345176
237.375		0.345176
237.5		0.345176
237.625		0.345176
237.75		0.345176
237.875		0.345176
238		0.345176
238.125		0.345176
238.25		0.345176
238.375		0.345176
238.5		0.345176
238.625		0.345176
238.75		0.345176
238.875		0.345176
239		0.345176
239.125		0.345176
239.25		0.345176
239.375		0.345176
239.5		0.345176
239.625		0.345176
239.75		0.345176
239.875		0.345176
240		0.345176
240.125		0.345873
240.25		0.345873
240.375		0.345873
240.5		0.345873
240.625		0.345873
240.75		0.345873
240.875		0.345873
241		0.345873
241.125		0.345873
241.25		0.345873
241.375		0.345873
241.5		0.345873
241.625		0.345873
241.75		0.345873
241.875		0.345873
242		0.345873
242.125		0.345873
242.25		0.345873
242.375		0.345873
242.5		0.345873
242.625		0.345873
242.75		0.345873
242.875		0.345873
243		0.345873
243.125		0.345873
243.25		0.345873
243.375		0.345873
243.5		0.345873
243.625		0.345873
243.75		0.345873
243.875		0.345873
244		0.345873
244.125		0.345873
244.25		0.345873
244.375		0.345873
244.5		0.345873
244.625		0.345873
244.75		0.345873
244.875		0.345873
245		0.345873
245.125		0.353884
245.25		0.353884
245.375		0.353884
245.5		0.353884
245.625		0.353884
245.75		0.353884
245.875		0.353884
246		0.353884
246.125		0.353884
246.25		0.353884
246.375		0.353884
246.5		0.353884
246.625		0.353884
246.75		0.353884
246.875		0.353884
247		0.353884
247.125		0.353884
247.25		0.353884
247.375		0.353884
247.5		0.353884
247.625		0.353884
247.75		0.353884
247.875		0.353884
248		0.353884
248.125		0.353884
248.25		0.353884
248.375		0.353884
248.5		0.353884
248.625		0.353884
248.75		0.353884
248.875		0.353884
249		0.353884
249.125		0.353884
249.25		0.353884
249.375		0.353884
249.5		0.353884
249.625		0.353884
249.75		0.353884
249.875		0.353884
250		0.353884
250.125		0.371822
250.25		0.371822
250.375		0.371822
250.5		0.371822
250.625		0.371822
250.75		0.371822
250.875		0.371822
251		0.371822
251.125		0.371822
251.25		0.371822
251.375		0.371822
251.5		0.371822
251.625		0.371822
251.75		0.371822
251.875		0.371822
252		0.371822
252.125		0.371822
252.25		0.371822
252.375		0.371822
252.5		0.371822
252.625		0.371822
252.75		0.371822
252.875		0.371822
253		0.371822
253.125		0.371822
253.25		0.371822
253.375		0.371822
253.5		0.371822
253.625		0.371822
253.75		0.371822
253.875		0.371822
254		0.371822
254.125		0.371822
254.25		0.371822
254.375		0.371822
254.5		0.371822
254.625		0.371822
254.75		0.371822
254.875		0.371822
255		0.371822
255.125		0.394288
255.25		0.394288
255.375		0.394288
255.5		0.394288
255.625		0.394288
255.75		0.394288
255.875		0.394288
256		0.394288
256.125		0.394288
256.25		0.394288
256.375		0.394288
256.5		0.394288
256.625		0.394288
256.75		0.394288
256.875		0.394288
257		0.394288
257.125		0.394288
257.25		0.394288
257.375		0.394288
257.5		0.394288
257.625		0.394288
257.75		0.394288
257.875		0.394288
258		0.394288
258.125		0.394288
258.25		0.394288
258.375		0.394288
258.5		0.394288
258.625		0.394288
258.75		0.394288
258.875		0.394288
259		0.394288
259.125		0.394288
259.25		0.394288
259.375		0.394288
259.5		0.394288
259.625		0.394288
259.75		0.394288
259.875		0.394288
260		0.394288
260.125		0.404737
260.25		0.404737
260.375		0.404737
260.5		0.404737
260.625		0.404737
260.75		0.404737
260.875		0.404737
261		0.404737
261.125		0.404737
261.25		0.404737
261.375		0.404737
261.5		0.404737
261.625		0.404737
261.75		0.404737
261.875		0.404737
262		0.404737
262.125		0.404737
262.25		0.404737
262.375		0.404737
262.5		0.404737
262.625		0.404737
262.75		0.404737
262.875		0.404737
263		0.404737
263.125		0.404737
263.25		0.404737
263.375		0.404737
263.5		0.404737
263.625		0.404737
263.75		0.404737
263.875		0.404737
264		0.404737
264.125		0.404737
264.25		0.404737
264.375		0.404737
264.5		0.404737
264.625		0.404737
264.75		0.404737
264.875		0.404737
265		0.404737
265.125		0.410658
265.25		0.410658
265.375		0.410658
265.5		0.410658
265.625		0.410658
265.75		0.410658
265.875		0.410658
266		0.410658
266.125		0.410658
266.25		0.410658
266.375		0.410658
266.5		0.410658
266.625		0.410658
266.75		0.410658
266.875		0.410658
267		0.410658
267.125		0.410658
267.25		0.410658
267.375		0.410658
267.5		0.410658
267.625		0.410658
267.75		0.410658
267.875		0.410658
268		0.410658
268.125		0.410658
268.25		0.410658
268.375		0.410658
268.5		0.410658
268.625		0.410658
268.75		0.410658
268.875		0.410658
269		0.410658
269.125		0.410658
269.25		0.410658
269.375		0.410658
269.5		0.410658
269.625		0.410658
269.75		0.410658
269.875		0.410658
270		0.410658
270.125		0.412226
270.25		0.412226
270.375		0.412226
270.5		0.412226
270.625		0.412226
270.75		0.412226
270.875		0.412226
271		0.412226
271.125		0.412226
271.25		0.412226
271.375		0.412226
271.5		0.412226
271.625		0.412226
271.75		0.412226
271.875		0.412226
272		0.412226
272.125		0.412226
272.25		0.412226
272.375		0.412226
272.5		0.412226
272.625		0.412226
272.75		0.412226
272.875		0.412226
273		0.412226
273.125		0.412226
273.25		0.412226
273.375		0.412226
273.5		0.412226
273.625		0.412226
273.75		0.412226
273.875		0.412226
274		0.412226
274.125		0.412226
274.25		0.412226
274.375		0.412226
274.5		0.412226
274.625		0.412226
274.75		0.412226
274.875		0.412226
275		0.412226
275.125		0.449495
275.25		0.449495
275.375		0.449495
275.5		0.449495
275.625		0.449495
275.75		0.449495
275.875		0.449495
276		0.449495
276.125		0.449495
276.25		0.449495
276.375		0.449495
276.5		0.449495
276.625		0.449495
276.75		0.449495
276.875		0.449495
277		0.449495
277.125		0.449495
277.25		0.449495
277.375		0.449495
277.5		0.449495
277.625		0.449495
277.75		0.449495
277.875		0.449495
278		0.449495
278.125		0.449495
278.25		0.449495
278.375		0.449495
278.5		0.449495
278.625		0.449495
278.75		0.449495
278.875		0.449495
279		0.449495
279.125		0.449495
279.25		0.449495
279.375		0.449495
279.5		0.449495
279.625		0.449495
279.75		0.449495
279.875		0.449495
280		0.449495
280.125		0.47318
280.25		0.47318
280.375		0.47318
280.5		0.47318
280.625		0.47318
280.75		0.47318
280.875		0.47318
281		0.47318
281.125		0.47318
281.25		0.47318
281.375		0.47318
281.5		0.47318
281.625		0.47318
281.75		0.47318
281.875		0.47318
282		0.47318
282.125		0.47318
282.25		0.47318
282.375		0.47318
282.5		0.47318
282.625		0.47318
282.75		0.47318
282.875		0.47318
283		0.47318
283.125		0.47318
283.25		0.47318
283.375		0.47318
283.5		0.47318
283.625		0.47318
283.75		0.47318
283.875		0.47318
284		0.47318
284.125		0.47318
284.25		0.47318
284.375		0.47318
284.5		0.47318
284.625		0.47318
284.75		0.47318
284.875		0.47318
285		0.47318
285.125		0.474922
285.25		0.474922
285.375		0.474922
285.5		0.474922
285.625		0.474922
285.75		0.474922
285.875		0.474922
286		0.474922
286.125		0.474922
286.25		0.474922
286.375		0.474922
286.5		0.474922
286.625		0.474922
286.75		0.474922
286.875		0.474922
287		0.474922
287.125		0.474922
287.25		0.474922
287.375		0.474922
287.5		0.474922
287.625		0.474922
287.75		0.474922
287.875		0.474922
288		0.474922
288.125		0.474922
288.25		0.474922
288.375		0.474922
288.5		0.474922
288.625		0.474922
288.75		0.474922
288.875		0.474922
289		0.474922
289.125		0.474922
289.25		0.474922
289.375		0.474922
289.5		0.474922
289.625		0.474922
289.75		0.474922
289.875		0.474922
290		0.474922
290.125		0.476837
290.25		0.476837
290.375		0.476837
290.5		0.476837
290.625		0.476837
290.75		0.476837
290.875		0.476837
291		0.476837
291.125		0.476837
291.25		0.476837
291.375		0.476837
291.5		0.476837
291.625		0.476837
291.75		0.476837
291.875		0.476837
292		0.476837
292.125		0.476837
292.25		0.476837
292.375		0.476837
292.5		0.476837
292.625		0.476837
292.75		0.476837
292.875		0.476837
293		0.476837
293.125		0.476837
293.25		0.476837
293.375		0.476837
293.5		0.476837
293.625		0.476837
293.75		0.476837
293.875		0.476837
294		0.476837
294.125		0.476837
294.25		0.476837
294.375		0.476837
294.5		0.476837
294.625		0.476837
294.75		0.476837
294.875		0.476837
295		0.476837
295.125		0.487809
295.25		0.487809
295.375		0.487809
295.5		0.487809
295.625		0.487809
295.75		0.487809
295.875		0.487809
296		0.487809
296.125		0.487809
296.25		0.487809
296.375		0.487809
296.5		0.487809
296.625		0.487809
296.75		0.487809
296.875		0.487809
297		0.487809
297.125		0.487809
297.25		0.487809
297.375		0.487809
297.5		0.487809
297.625		0.487809
297.75		0.487809
297.875		0.487809
298		0.487809
298.125		0.487809
298.25		0.487809
298.375		0.487809
298.5		0.487809
298.625		0.487809
298.75		0.487809
298.875		0.487809
299		0.487809
299.125		0.487809
299.25		0.487809
299.375		0.487809
299.5		0.487809
299.625		0.487809
299.75		0.487809
299.875		0.487809
300		0.487809
300.125		0.524208
300.25		0.524208
300.375		0.524208
300.5		0.524208
300.625		0.524208
300.75		0.524208
300.875		0.524208
301		0.524208
301.125		0.524208
301.25		0.524208
301.375		0.524208
301.5		0.524208
301.625		0.524208
301.75		0.524208
301.875		0.524208
302		0.524208
302.125		0.524208
302.25		0.524208
302.375		0.524208
302.5		0.524208
302.625		0.524208
302.75		0.524208
302.875		0.524208
303		0.524208
303.125		0.524208
303.25		0.524208
303.375		0.524208
303.5		0.524208
303.625		0.524208
303.75		0.524208
303.875		0.524208
304		0.524208
304.125		0.524208
304.25		0.524208
304.375		0.524208
304.5		0.524208
304.625		0.524208
304.75		0.524208
304.875		0.524208
305		0.524208
305.125		0.530651
305.25		0.530651
305.375		0.530651
305.5		0.530651
305.625		0.530651
305.75		0.530651
305.875		0.530651
306		0.530651
306.125		0.530651
306.25		0.530651
306.375		0.530651
306.5		0.530651
306.625		0.530651
306.75		0.530651
306.875		0.530651
307		0.530651
307.125		0.530651
307.25		0.530651
307.375		0.530651
307.5		0.530651
307.625		0.530651
307.75		0.530651
307.875		0.530651
308		0.530651
308.125		0.530651
308.25		0.530651
308.375		0.530651
308.5		0.530651
308.625		0.530651
308.75		0.530651
308.875		0.530651
309		0.530651
309.125		0.530651
309.25		0.530651
309.375		0.530651
309.5		0.530651
309.625		0.530651
309.75		0.530651
309.875		0.530651
310		0.530651
310.125		0.535179
310.25		0.535179
310.375		0.535179
310.5		0.535179
310.625		0.535179
310.75		0.535179
310.875		0.535179
311		0.535179
311.125		0.535179
311.25		0.535179
311.375		0.535179
311.5		0.535179
311.625		0.535179
311.75		0.535179
311.875		0.535179
312		0.535179
312.125		0.535179
312.25		0.535179
312.375		0.535179
312.5		0.535179
312.625		0.535179
312.75		0.535179
312.875		0.535179
313		0.535179
313.125		0.535179
313.25		0.535179
313.375		0.535179
313.5		0.535179
313.625		0.535179
313.75		0.535179
313.875		0.535179
314		0.535179
314.125		0.535179
314.25		0.535179
314.375		0.535179
314.5		0.535179
314.625		0.535179
314.75		0.535179
314.875		0.535179
315		0.535179
315.125		0.541623
315.25		0.541623
315.375		0.541623
315.5		0.541623
315.625		0.541623
315.75		0.541623
315.875		0.541623
316		0.541623
316.125		0.541623
316.25		0.541623
316.375		0.541623
316.5		0.541623
316.625		0.541623
316.75		0.541623
316.875		0.541623
317		0.541623
317.125		0.541623
317.25		0.541623
317.375		0.541623
317.5		0.541623
317.625		0.541623
317.75		0.541623
317.875		0.541623
318		0.541623
318.125		0.541623
318.25		0.541623
318.375		0.541623
318.5		0.541623
318.625		0.541623
318.75		0.541623
318.875		0.541623
319		0.541623
319.125		0.541623
319.25		0.541623
319.375		0.541623
319.5		0.541623
319.625		0.541623
319.75		0.541623
319.875		0.541623
320		0.541623
320.125		0.574538
320.25		0.574538
320.375		0.574538
320.5		0.574538
320.625		0.574538
320.75		0.574538
320.875		0.574538
321		0.574538
321.125		0.574538
321.25		0.574538
321.375		0.574538
321.5		0.574538
321.625		0.574538
321.75		0.574538
321.875		0.574538
322		0.574538
322.125		0.574538
322.25		0.574538
322.375		0.574538
322.5		0.574538
322.625		0.574538
322.75		0.574538
322.875		0.574538
323		0.574538
323.125		0.574538
323.25		0.574538
323.375		0.574538
323.5		0.574538
323.625		0.574538
323.75		0.574538
323.875		0.574538
324		0.574538
324.125		0.574538
324.25		0.574538
324.375		0.574538
324.5		0.574538
324.625		0.574538
324.75		0.574538
324.875		0.574538
325		0.574538
325.125		0.588471
325.25		0.588471
325.375		0.588471
325.5		0.588471
325.625		0.588471
325.75		0.588471
325.875		0.588471
326		0.588471
326.125		0.588471
326.25		0.588471
326.375		0.588471
326.5		0.588471
326.625		0.588471
326.75		0.588471
326.875		0.588471
327		0.588471
327.125		0.588471
327.25		0.588471
327.375		0.588471
327.5		0.588471
327.625		0.588471
327.75		0.588471
327.875		0.588471
328		0.588471
328.125		0.588471
328.25		0.588471
328.375		0.588471
328.5		0.588471
328.625		0.588471
328.75		0.588471
328.875		0.588471
329		0.588471
329.125		0.588471
329.25		0.588471
329.375		0.588471
329.5		0.588471
329.625		0.588471
329.75		0.588471
329.875		0.588471
330		0.588471
330.125		0.592825
330.25		0.592825
330.375		0.592825
330.5		0.592825
330.625		0.592825
330.75		0.592825
330.875		0.592825
331		0.592825
331.125		0.592825
331.25		0.592825
331.375		0.592825
331.5		0.592825
331.625		0.592825
331.75		0.592825
331.875		0.592825
332		0.592825
332.125		0.592825
332.25		0.592825
332.375		0.592825
332.5		0.592825
332.625		0.592825
332.75		0.592825
332.875		0.592825
333		0.592825
333.125		0.592825
333.25		0.592825
333.375		0.592825
333.5		0.592825
333.625		0.592825
333.75		0.592825
333.875		0.592825
334		0.592825
334.125		0.592825
334.25		0.592825
334.375		0.592825
334.5		0.592825
334.625		0.592825
334.75		0.592825
334.875		0.592825
335		0.592825
335.125		0.594044
335.25		0.594044
335.375		0.594044
335.5		0.594044
335.625		0.594044
335.75		0.594044
335.875		0.594044
336		0.594044
336.125		0.594044
336.25		0.594044
336.375		0.594044
336.5		0.594044
336.625		0.594044
336.75		0.594044
336.875		0.594044
337		0.594044
337.125		0.594044
337.25		0.594044
337.375		0.594044
337.5		0.594044
337.625		0.594044
337.75		0.594044
337.875		0.594044
338		0.594044
338.125		0.594044
338.25		0.594044
338.375		0.594044
338.5		0.594044
338.625		0.594044
338.75		0.594044
338.875		0.594044
339		0.594044
339.125		0.594044
339.25		0.594044
339.375		0.594044
339.5		0.594044
339.625		0.594044
339.75		0.594044
339.875		0.594044
340		0.594044
340.125		0.637234
340.25		0.637234
340.375		0.637234
340.5		0.637234
340.625		0.637234
340.75		0.637234
340.875		0.637234
341		0.637234
341.125		0.637234
341.25		0.637234
341.375		0.637234
341.5		0.637234
341.625		0.637234
341.75		0.637234
341.875		0.637234
342		0.637234
342.125		0.637234
342.25		0.637234
342.375		0.637234
342.5		0.637234
342.625		0.637234
342.75		0.637234
342.875		0.637234
343		0.637234
343.125		0.637234
343.25		0.637234
343.375		0.637234
343.5		0.637234
343.625		0.637234
343.75		0.637234
343.875		0.637234
344		0.637234
344.125		0.637234
344.25		0.637234
344.375		0.637234
344.5		0.637234
344.625		0.637234
344.75		0.637234
344.875		0.637234
345		0.637234
345.125		0.639673
345.25		0.639673
345.375		0.639673
345.5		0.639673
345.625		0.639673
345.75		0.639673
345.875		0.639673
346		0.639673
346.125		0.639673
346.25		0.639673
346.375		0.639673
346.5		0.639673
346.625		0.639673
346.75		0.639673
346.875		0.639673
347		0.639673
347.125		0.639673
347.25		0.639673
347.375		0.639673
347.5		0.639673
347.625		0.639673
347.75		0.639673
347.875		0.639673
348		0.639673
348.125		0.639673
348.25		0.639673
348.375		0.639673
348.5		0.639673
348.625		0.639673
348.75		0.639673
348.875		0.639673
349		0.639673
349.125		0.639673
349.25		0.639673
349.375		0.639673
349.5		0.639673
349.625		0.639673
349.75		0.639673
349.875		0.639673
350		0.639673
350.125		0.64542
350.25		0.64542
350.375		0.64542
350.5		0.64542
350.625		0.64542
350.75		0.64542
350.875		0.64542
351		0.64542
351.125		0.64542
351.25		0.64542
351.375		0.64542
351.5		0.64542
351.625		0.64542
351.75		0.64542
351.875		0.64542
352		0.64542
352.125		0.64542
352.25		0.64542
352.375		0.64542
352.5		0.64542
352.625		0.64542
352.75		0.64542
352.875		0.64542
353		0.64542
353.125		0.64542
353.25		0.64542
353.375		0.64542
353.5		0.64542
353.625		0.64542
353.75		0.64542
353.875		0.64542
354		0.64542
354.125		0.64542
354.25		0.64542
354.375		0.64542
354.5		0.64542
354.625		0.64542
354.75		0.64542
354.875		0.64542
355		0.64542
355.125		0.653431
355.25		0.653431
355.375		0.653431
355.5		0.653431
355.625		0.653431
355.75		0.653431
355.875		0.653431
356		0.653431
356.125		0.653431
356.25		0.653431
356.375		0.653431
356.5		0.653431
356.625		0.653431
356.75		0.653431
356.875		0.653431
357		0.653431
357.125		0.653431
357.25		0.653431
357.375		0.653431
357.5		0.653431
357.625		0.653431
357.75		0.653431
357.875		0.653431
358		0.653431
358.125		0.653431
358.25		0.653431
358.375		0.653431
358.5		0.653431
358.625		0.653431
358.75		0.653431
358.875		0.653431
359		0.653431
359.125		0.653431
359.25		0.653431
359.375		0.653431
359.5		0.653431
359.625		0.653431
359.75		0.653431
359.875		0.653431
360		0.653431
360.125		0.673459
360.25		0.673459
360.375		0.673459
360.5		0.673459
360.625		0.673459
360.75		0.673459
360.875		0.673459
361		0.673459
361.125		0.673459
361.25		0.673459
361.375		0.673459
361.5		0.673459
361.625		0.673459
361.75		0.673459
361.875		0.673459
362		0.673459
362.125		0.673459
362.25		0.673459
362.375		0.673459
362.5		0.673459
362.625		0.673459
362.75		0.673459
362.875		0.673459
363		0.673459
363.125		0.673459
363.25		0.673459
363.375		0.673459
363.5		0.673459
363.625		0.673459
363.75		0.673459
363.875		0.673459
364		0.673459
364.125		0.673459
364.25		0.673459
364.375		0.673459
364.5		0.673459
364.625		0.673459
364.75		0.673459
364.875		0.673459
365		0.673459
365.125		0.691397
365.25		0.691397
365.375		0.691397
365.5		0.691397
365.625		0.691397
365.75		0.691397
365.875		0.691397
366		0.691397
366.125		0.691397
366.25		0.691397
366.375		0.691397
366.5		0.691397
366.625		0.691397
366.75		0.691397
366.875		0.691397
367		0.691397
367.125		0.691397
367.25		0.691397
367.375		0.691397
367.5		0.691397
367.625		0.691397
367.75		0.691397
367.875		0.691397
368		0.691397
368.125		0.691397
368.25		0.691397
368.375		0.691397
368.5		0.691397
368.625		0.691397
368.75		0.691397
368.875		0.691397
369		0.691397
369.125		0.691397
369.25		0.691397
369.375		0.691397
369.5		0.691397
369.625		0.691397
369.75		0.691397
369.875		0.691397
370		0.691397
370.125		0.701149
370.25		0.701149
370.375		0.701149
370.5		0.701149
370.625		0.701149
370.75		0.701149
370.875		0.701149
371		0.701149
371.125		0.701149
371.25		0.701149
371.375		0.701149
371.5		0.701149
371.625		0.701149
371.75		0.701149
371.875		0.701149
372		0.701149
372.125		0.701149
372.25		0.701149
372.375		0.701149
372.5		0.701149
372.625		0.701149
372.75		0.701149
372.875		0.701149
373		0.701149
373.125		0.701149
373.25		0.701149
373.375		0.701149
373.5		0.701149
373.625		0.701149
373.75		0.701149
373.875		0.701149
374		0.701149
374.125		0.701149
374.25		0.701149
374.375		0.701149
374.5		0.701149
374.625		0.701149
374.75		0.701149
374.875		0.701149
375		0.701149
375.125		0.710031
375.25		0.710031
375.375		0.710031
375.5		0.710031
375.625		0.710031
375.75		0.710031
375.875		0.710031
376		0.710031
376.125		0.710031
376.25		0.710031
376.375		0.710031
376.5		0.710031
376.625		0.710031
376.75		0.710031
376.875		0.710031
377		0.710031
377.125		0.710031
377.25		0.710031
377.375		0.710031
377.5		0.710031
377.625		0.710031
377.75		0.710031
377.875		0.710031
378		0.710031
378.125		0.710031
378.25		0.710031
378.375		0.710031
378.5		0.710031
378.625		0.710031
378.75		0.710031
378.875		0.710031
379		0.710031
379.125		0.710031
379.25		0.710031
379.375		0.710031
379.5		0.710031
379.625		0.710031
379.75		0.710031
379.875		0.710031
380		0.710031
380.125		0.721526
380.25		0.721526
380.375		0.721526
380.5		0.721526
380.625		0.721526
380.75		0.721526
380.875		0.721526
381		0.721526
381.125		0.721526
381.25		0.721526
381.375		0.721526
381.5		0.721526
381.625		0.721526
381.75		0.721526
381.875		0.721526
382		0.721526
382.125		0.721526
382.25		0.721526
382.375		0.721526
382.5		0.721526
382.625		0.721526
382.75		0.721526
382.875		0.721526
383		0.721526
383.125		0.721526
383.25		0.721526
383.375		0.721526
383.5		0.721526
383.625		0.721526
383.75		0.721526
383.875		0.721526
384		0.721526
384.125		0.721526
384.25		0.721526
384.375		0.721526
384.5		0.721526
384.625		0.721526
384.75		0.721526
384.875		0.721526
385		0.721526
385.125		0.730582
385.25		0.730582
385.375		0.730582
385.5		0.730582
385.625		0.730582
385.75		0.730582
385.875		0.730582
386		0.730582
386.125		0.730582
386.25		0.730582
386.375		0.730582
386.5		0.730582
386.625		0.730582
386.75		0.730582
386.875		0.730582
387		0.730582
387.125		0.730582
387.25		0.730582
387.375		0.730582
387.5		0.730582
387.625		0.730582
387.75		0.730582
387.875		0.730582
388		0.730582
388.125		0.730582
388.25		0.730582
388.375		0.730582
388.5		0.730582
388.625		0.730582
388.75		0.730582
388.875		0.730582
389		0.730582
389.125		0.730582
389.25		0.730582
389.375		0.730582
389.5		0.730582
389.625		0.730582
389.75		0.730582
389.875		0.730582
390		0.730582
390.125		0.754441
390.25		0.754441
390.375		0.754441
390.5		0.754441
390.625		0.754441
390.75		0.754441
390.875		0.754441
391		0.754441
391.125		0.754441
391.25		0.754441
391.375		0.754441
391.5		0.754441
391.625		0.754441
391.75		0.754441
391.875		0.754441
392		0.754441
392.125		0.754441
392.25		0.754441
392.375		0.754441
392.5		0.754441
392.625		0.754441
392.75		0.754441
392.875		0.754441
393		0.754441
393.125		0.754441
393.25		0.754441
393.375		0.754441
393.5		0.754441
393.625		0.754441
393.75		0.754441
393.875		0.754441
394		0.754441
394.125		0.754441
394.25		0.754441
394.375		0.754441
394.5		0.754441
394.625		0.754441
394.75		0.754441
394.875		0.754441
395		0.754441
395.125		0.760188
395.25		0.760188
395.375		0.760188
395.5		0.760188
395.625		0.760188
395.75		0.760188
395.875		0.760188
396		0.760188
396.125		0.760188
396.25		0.760188
396.375		0.760188
396.5		0.760188
396.625		0.760188
396.75		0.760188
396.875		0.760188
397		0.760188
397.125		0.760188
397.25		0.760188
397.375		0.760188
397.5		0.760188
397.625		0.760188
397.75		0.760188
397.875		0.760188
398		0.760188
398.125		0.760188
398.25		0.760188
398.375		0.760188
398.5		0.760188
398.625		0.760188
398.75		0.760188
398.875		0.760188
399		0.760188
399.125		0.760188
399.25		0.760188
399.375		0.760188
399.5		0.760188
399.625		0.760188
399.75		0.760188
399.875		0.760188
400		0.760188
400.125		0.772901
400.25		0.772901
400.375		0.772901
400.5		0.772901
400.625		0.772901
400.75		0.772901
400.875		0.772901
401		0.772901
401.125		0.772901
401.25		0.772901
401.375		0.772901
401.5		0.772901
401.625		0.772901
401.75		0.772901
401.875		0.772901
402		0.772901
402.125		0.772901
402.25		0.772901
402.375		0.772901
402.5		0.772901
402.625		0.772901
402.75		0.772901
402.875		0.772901
403		0.772901
403.125		0.772901
403.25		0.772901
403.375		0.772901
403.5		0.772901
403.625		0.772901
403.75		0.772901
403.875		0.772901
404		0.772901
404.125		0.772901
404.25		0.772901
404.375		0.772901
404.5		0.772901
404.625		0.772901
404.75		0.772901
404.875		0.772901
405		0.772901
405.125		0.791536
405.25		0.791536
405.375		0.791536
405.5		0.791536
405.625		0.791536
405.75		0.791536
405.875		0.791536
406		0.791536
406.125		0.791536
406.25		0.791536
406.375		0.791536
406.5		0.791536
406.625		0.791536
406.75		0.791536
406.875		0.791536
407		0.791536
407.125		0.791536
407.25		0.791536
407.375		0.791536
407.5		0.791536
407.625		0.791536
407.75		0.791536
407.875		0.791536
408		0.791536
408.125		0.791536
408.25		0.791536
408.375		0.791536
408.5		0.791536
408.625		0.791536
408.75		0.791536
408.875		0.791536
409		0.791536
409.125		0.791536
409.25		0.791536
409.375		0.791536
409.5		0.791536
409.625		0.791536
409.75		0.791536
409.875		0.791536
410		0.791536
410.125		0.807907
410.25		0.807907
410.375		0.807907
410.5		0.807907
410.625		0.807907
410.75		0.807907
410.875		0.807907
411		0.807907
411.125		0.807907
411.25		0.807907
411.375		0.807907
411.5		0.807907
411.625		0.807907
411.75		0.807907
411.875		0.807907
412		0.807907
412.125		0.807907
412.25		0.807907
412.375		0.807907
412.5		0.807907
412.625		0.807907
412.75		0.807907
412.875		0.807907
413		0.807907
413.125		0.807907
413.25		0.807907
413.375		0.807907
413.5		0.807907
413.625		0.807907
413.75		0.807907
413.875		0.807907
414		0.807907
414.125		0.807907
414.25		0.807907
414.375		0.807907
414.5		0.807907
414.625		0.807907
414.75		0.807907
414.875		0.807907
415		0.807907
415.125		0.81348
415.25		0.81348
415.375		0.81348
415.5		0.81348
415.625		0.81348
415.75		0.81348
415.875		0.81348
416		0.81348
416.125		0.81348
416.25		0.81348
416.375		0.81348
416.5		0.81348
416.625		0.81348
416.75		0.81348
416.875		0.81348
417		0.81348
417.125		0.81348
417.25		0.81348
417.375		0.81348
417.5		0.81348
417.625		0.81348
417.75		0.81348
417.875		0.81348
418		0.81348
418.125		0.81348
418.25		0.81348
418.375		0.81348
418.5		0.81348
418.625		0.81348
418.75		0.81348
418.875		0.81348
419		0.81348
419.125		0.81348
419.25		0.81348
419.375		0.81348
419.5		0.81348
419.625		0.81348
419.75		0.81348
419.875		0.81348
420		0.81348
420.125		0.815744
420.25		0.815744
420.375		0.815744
420.5		0.815744
420.625		0.815744
420.75		0.815744
420.875		0.815744
421		0.815744
421.125		0.815744
421.25		0.815744
421.375		0.815744
421.5		0.815744
421.625		0.815744
421.75		0.815744
421.875		0.815744
422		0.815744
422.125		0.815744
422.25		0.815744
422.375		0.815744
422.5		0.815744
422.625		0.815744
422.75		0.815744
422.875		0.815744
423		0.815744
423.125		0.815744
423.25		0.815744
423.375		0.815744
423.5		0.815744
423.625		0.815744
423.75		0.815744
423.875		0.815744
424		0.815744
424.125		0.815744
424.25		0.815744
424.375		0.815744
424.5		0.815744
424.625		0.815744
424.75		0.815744
424.875		0.815744
425		0.815744
425.125		0.843086
425.25		0.843086
425.375		0.843086
425.5		0.843086
425.625		0.843086
425.75		0.843086
425.875		0.843086
426		0.843086
426.125		0.843086
426.25		0.843086
426.375		0.843086
426.5		0.843086
426.625		0.843086
426.75		0.843086
426.875		0.843086
427		0.843086
427.125		0.843086
427.25		0.843086
427.375		0.843086
427.5		0.843086
427.625		0.843086
427.75		0.843086
427.875		0.843086
428		0.843086
428.125		0.843086
428.25		0.843086
428.375		0.843086
428.5		0.843086
428.625		0.843086
428.75		0.843086
428.875		0.843086
429		0.843086
429.125		0.843086
429.25		0.843086
429.375		0.843086
429.5		0.843086
429.625		0.843086
429.75		0.843086
429.875		0.843086
430		0.843086
430.125		0.853361
430.25		0.853361
430.375		0.853361
430.5		0.853361
430.625		0.853361
430.75		0.853361
430.875		0.853361
431		0.853361
431.125		0.853361
431.25		0.853361
431.375		0.853361
431.5		0.853361
431.625		0.853361
431.75		0.853361
431.875		0.853361
432		0.853361
432.125		0.853361
432.25		0.853361
432.375		0.853361
432.5		0.853361
432.625		0.853361
432.75		0.853361
432.875		0.853361
433		0.853361
433.125		0.853361
433.25		0.853361
433.375		0.853361
433.5		0.853361
433.625		0.853361
433.75		0.853361
433.875		0.853361
434		0.853361
434.125		0.853361
434.25		0.853361
434.375		0.853361
434.5		0.853361
434.625		0.853361
434.75		0.853361
434.875		0.853361
435		0.853361
435.125		0.858238
435.25		0.858238
435.375		0.858238
435.5		0.858238
435.625		0.858238
435.75		0.858238
435.875		0.858238
436		0.858238
436.125		0.858238
436.25		0.858238
436.375		0.858238
436.5		0.858238
436.625		0.858238
436.75		0.858238
436.875		0.858238
437		0.858238
437.125		0.858238
437.25		0.858238
437.375		0.858238
437.5		0.858238
437.625		0.858238
437.75		0.858238
437.875		0.858238
438		0.858238
438.125		0.858238
438.25		0.858238
438.375		0.858238
438.5		0.858238
438.625		0.858238
438.75		0.858238
438.875		0.858238
439		0.858238
439.125		0.858238
439.25		0.858238
439.375		0.858238
439.5		0.858238
439.625		0.858238
439.75		0.858238
439.875		0.858238
440		0.858238
440.125		0.867119
440.25		0.867119
440.375		0.867119
440.5		0.867119
440.625		0.867119
440.75		0.867119
440.875		0.867119
441		0.867119
441.125		0.867119
441.25		0.867119
441.375		0.867119
441.5		0.867119
441.625		0.867119
441.75		0.867119
441.875		0.867119
442		0.867119
442.125		0.867119
442.25		0.867119
442.375		0.867119
442.5		0.867119
442.625		0.867119
442.75		0.867119
442.875		0.867119
443		0.867119
443.125		0.867119
443.25		0.867119
443.375		0.867119
443.5		0.867119
443.625		0.867119
443.75		0.867119
443.875		0.867119
444		0.867119
444.125		0.867119
444.25		0.867119
444.375		0.867119
444.5		0.867119
444.625		0.867119
444.75		0.867119
444.875		0.867119
445		0.867119
445.125		0.868861
445.25		0.868861
445.375		0.868861
445.5		0.868861
445.625		0.868861
445.75		0.868861
445.875		0.868861
446		0.868861
446.125		0.868861
446.25		0.868861
446.375		0.868861
446.5		0.868861
446.625		0.868861
446.75		0.868861
446.875		0.868861
447		0.868861
447.125		0.868861
447.25		0.868861
447.375		0.868861
447.5		0.868861
447.625		0.868861
447.75		0.868861
447.875		0.868861
448		0.868861
448.125		0.868861
448.25		0.868861
448.375		0.868861
448.5		0.868861
448.625		0.868861
448.75		0.868861
448.875		0.868861
449		0.868861
449.125		0.868861
449.25		0.868861
449.375		0.868861
449.5		0.868861
449.625		0.868861
449.75		0.868861
449.875		0.868861
450		0.868861
450.125		0.910658
450.25		0.910658
450.375		0.910658
450.5		0.910658
450.625		0.910658
450.75		0.910658
450.875		0.910658
451		0.910658
451.125		0.910658
451.25		0.910658
451.375		0.910658
451.5		0.910658
451.625		0.910658
451.75		0.910658
451.875		0.910658
452		0.910658
452.125		0.910658
452.25		0.910658
452.375		0.910658
452.5		0.910658
452.625		0.910658
452.75		0.910658
452.875		0.910658
453		0.910658
453.125		0.910658
453.25		0.910658
453.375		0.910658
453.5		0.910658
453.625		0.910658
453.75		0.910658
453.875		0.910658
454		0.910658
454.125		0.910658
454.25		0.910658
454.375		0.910658
454.5		0.910658
454.625		0.910658
454.75		0.910658
454.875		0.910658
455		0.910658
455.125		0.911355
455.25		0.911355
455.375		0.911355
455.5		0.911355
455.625		0.911355
455.75		0.911355
455.875		0.911355
456		0.911355
456.125		0.911355
456.25		0.911355
456.375		0.911355
456.5		0.911355
456.625		0.911355
456.75		0.911355
456.875		0.911355
457		0.911355
457.125		0.911355
457.25		0.911355
457.375		0.911355
457.5		0.911355
457.625		0.911355
457.75		0.911355
457.875		0.911355
458		0.911355
458.125		0.911355
458.25		0.911355
458.375		0.911355
458.5		0.911355
458.625		0.911355
458.75		0.911355
458.875		0.911355
459		0.911355
459.125		0.911355
459.25		0.911355
459.375		0.911355
459.5		0.911355
459.625		0.911355
459.75		0.911355
459.875		0.911355
460		0.911355
460.125		0.911703
460.25		0.911703
460.375		0.911703
460.5		0.911703
460.625		0.911703
460.75		0.911703
460.875		0.911703
461		0.911703
461.125		0.911703
461.25		0.911703
461.375		0.911703
461.5		0.911703
461.625		0.911703
461.75		0.911703
461.875		0.911703
462		0.911703
462.125		0.911703
462.25		0.911703
462.375		0.911703
462.5		0.911703
462.625		0.911703
462.75		0.911703
462.875		0.911703
463		0.911703
463.125		0.911703
463.25		0.911703
463.375		0.911703
463.5		0.911703
463.625		0.911703
463.75		0.911703
463.875		0.911703
464		0.911703
464.125		0.911703
464.25		0.911703
464.375		0.911703
464.5		0.911703
464.625		0.911703
464.75		0.911703
464.875		0.911703
465		0.911703
465.125		0.921804
465.25		0.921804
465.375		0.921804
465.5		0.921804
465.625		0.921804
465.75		0.921804
465.875		0.921804
466		0.921804
466.125		0.921804
466.25		0.921804
466.375		0.921804
466.5		0.921804
466.625		0.921804
466.75		0.921804
466.875		0.921804
467		0.921804
467.125		0.921804
467.25		0.921804
467.375		0.921804
467.5		0.921804
467.625		0.921804
467.75		0.921804
467.875		0.921804
468		0.921804
468.125		0.921804
468.25		0.921804
468.375		0.921804
468.5		0.921804
468.625		0.921804
468.75		0.921804
468.875		0.921804
469		0.921804
469.125		0.921804
469.25		0.921804
469.375		0.921804
469.5		0.921804
469.625		0.921804
469.75		0.921804
469.875		0.921804
470		0.921804
470.125		0.950192
470.25		0.950192
470.375		0.950192
470.5		0.950192
470.625		0.950192
470.75		0.950192
470.875		0.950192
471		0.950192
471.125		0.950192
471.25		0.950192
471.375		0.950192
471.5		0.950192
471.625		0.950192
471.75		0.950192
471.875		0.950192
472		0.950192
472.125		0.950192
472.25		0.950192
472.375		0.950192
472.5		0.950192
472.625		0.950192
472.75		0.950192
472.875		0.950192
473		0.950192
473.125		0.950192
473.25		0.950192
473.375		0.950192
473.5		0.950192
473.625		0.950192
473.75		0.950192
473.875		0.950192
474		0.950192
474.125		0.950192
474.25		0.950192
474.375		0.950192
474.5		0.950192
474.625		0.950192
474.75		0.950192
474.875		0.950192
475		0.950192
475.125		0.967259
475.25		0.967259
475.375		0.967259
475.5		0.967259
475.625		0.967259
475.75		0.967259
475.875		0.967259
476		0.967259
476.125		0.967259
476.25		0.967259
476.375		0.967259
476.5		0.967259
476.625		0.967259
476.75		0.967259
476.875		0.967259
477		0.967259
477.125		0.967259
477.25		0.967259
477.375		0.967259
477.5		0.967259
477.625		0.967259
477.75		0.967259
477.875		0.967259
478		0.967259
478.125		0.967259
478.25		0.967259
478.375		0.967259
478.5		0.967259
478.625		0.967259
478.75		0.967259
478.875		0.967259
479		0.967259
479.125		0.967259
479.25		0.967259
479.375		0.967259
479.5		0.967259
479.625		0.967259
479.75		0.967259
479.875		0.967259
480		0.967259
480.125		0.974051
480.25		0.974051
480.375		0.974051
480.5		0.974051
480.625		0.974051
480.75		0.974051
480.875		0.974051
481		0.974051
481.125		0.974051
481.25		0.974051
481.375		0.974051
481.5		0.974051
481.625		0.974051
481.75		0.974051
481.875		0.974051
482		0.974051
482.125		0.974051
482.25		0.974051
482.375		0.974051
482.5		0.974051
482.625		0.974051
482.75		0.974051
482.875		0.974051
483		0.974051
483.125		0.974051
483.25		0.974051
483.375		0.974051
483.5		0.974051
483.625		0.974051
483.75		0.974051
483.875		0.974051
484		0.974051
484.125		0.974051
484.25		0.974051
484.375		0.974051
484.5		0.974051
484.625		0.974051
484.75		0.974051
484.875		0.974051
485		0.974051
485.125		0.97945
485.25		0.97945
485.375		0.97945
485.5		0.97945
485.625		0.97945
485.75		0.97945
485.875		0.97945
486		0.97945
486.125		0.97945
486.25		0.97945
486.375		0.97945
486.5		0.97945
486.625		0.97945
486.75		0.97945
486.875		0.97945
487		0.97945
487.125		0.97945
487.25		0.97945
487.375		0.97945
487.5		0.97945
487.625		0.97945
487.75		0.97945
487.875		0.97945
488		0.97945
488.125		0.97945
488.25		0.97945
488.375		0.97945
488.5		0.97945
488.625		0.97945
488.75		0.97945
488.875		0.97945
489		0.97945
489.125		0.97945
489.25		0.97945
489.375		0.97945
489.5		0.97945
489.625		0.97945
489.75		0.97945
489.875		0.97945
490		0.97945
490.125		0.985023
490.25		0.985023
490.375		0.985023
490.5		0.985023
490.625		0.985023
490.75		0.985023
490.875		0.985023
491		0.985023
491.125		0.985023
491.25		0.985023
491.375		0.985023
491.5		0.985023
491.625		0.985023
491.75		0.985023
491.875		0.985023
492		0.985023
492.125		0.985023
492.25		0.985023
492.375		0.985023
492.5		0.985023
492.625		0.985023
492.75		0.985023
492.875		0.985023
493		0.985023
493.125		0.985023
493.25		0.985023
493.375		0.985023
493.5		0.985023
493.625		0.985023
493.75		0.985023
493.875		0.985023
494		0.985023
494.125		0.985023
494.25		0.985023
494.375		0.985023
494.5		0.985023
494.625		0.985023
494.75		0.985023
494.875		0.985023
495		0.985023
495.125		1
495.25		1
495.375		1
495.5		1
495.625		1
495.75		1
495.875		1
496		1
496.125		1
496.25		1
496.375		1
496.5		1
496.625		1
496.75		1
496.875		1
497		1
497.125		1
497.25		1
497.375		1
497.5		1
497.625		1
497.75		1
497.875		1
498		1
498.125		1
498.25		1
498.375		1
498.5		1
498.625		1
498.75		1
498.875		1
499		1
499.125		1
499.25		1
499.375		1
499.5		1
499.625		1
499.75		1
499.875		1
500		1
