# Calibration file of tamex_id 2 @ channel 8
# fine_T bin		 Calibration value
0.125		0
0.25		0
0.375		0
0.5		0
0.625		0
0.75		0
0.875		0
1		0
1.125		0
1.25		0
1.375		0
1.5		0
1.625		0
1.75		0
1.875		0
2		0
2.125		0
2.25		0
2.375		0
2.5		0
2.625		0
2.75		0
2.875		0
3		0
3.125		0
3.25		0
3.375		0
3.5		0
3.625		0
3.75		0
3.875		0
4		0
4.125		0
4.25		0
4.375		0
4.5		0
4.625		0
4.75		0
4.875		0
5		0
5.125		0
5.25		0
5.375		0
5.5		0
5.625		0
5.75		0
5.875		0
6		0
6.125		0
6.25		0
6.375		0
6.5		0
6.625		0
6.75		0
6.875		0
7		0
7.125		0
7.25		0
7.375		0
7.5		0
7.625		0
7.75		0
7.875		0
8		0
8.125		0
8.25		0
8.375		0
8.5		0
8.625		0
8.75		0
8.875		0
9		0
9.125		0
9.25		0
9.375		0
9.5		0
9.625		0
9.75		0
9.875		0
10		0
10.125		0
10.25		0
10.375		0
10.5		0
10.625		0
10.75		0
10.875		0
11		0
11.125		0
11.25		0
11.375		0
11.5		0
11.625		0
11.75		0
11.875		0
12		0
12.125		0
12.25		0
12.375		0
12.5		0
12.625		0
12.75		0
12.875		0
13		0
13.125		0
13.25		0
13.375		0
13.5		0
13.625		0
13.75		0
13.875		0
14		0
14.125		0
14.25		0
14.375		0
14.5		0
14.625		0
14.75		0
14.875		0
15		0
15.125		0
15.25		0
15.375		0
15.5		0
15.625		0
15.75		0
15.875		0
16		0
16.125		0
16.25		0
16.375		0
16.5		0
16.625		0
16.75		0
16.875		0
17		0
17.125		0
17.25		0
17.375		0
17.5		0
17.625		0
17.75		0
17.875		0
18		0
18.125		0
18.25		0
18.375		0
18.5		0
18.625		0
18.75		0
18.875		0
19		0
19.125		0
19.25		0
19.375		0
19.5		0
19.625		0
19.75		0
19.875		0
20		0
20.125		0
20.25		0
20.375		0
20.5		0
20.625		0
20.75		0
20.875		0
21		0
21.125		0
21.25		0
21.375		0
21.5		0
21.625		0
21.75		0
21.875		0
22		0
22.125		0
22.25		0
22.375		0
22.5		0
22.625		0
22.75		0
22.875		0
23		0
23.125		0
23.25		0
23.375		0
23.5		0
23.625		0
23.75		0
23.875		0
24		0
24.125		0
24.25		0
24.375		0
24.5		0
24.625		0
24.75		0
24.875		0
25		0
25.125		0
25.25		0
25.375		0
25.5		0
25.625		0
25.75		0
25.875		0
26		0
26.125		0
26.25		0
26.375		0
26.5		0
26.625		0
26.75		0
26.875		0
27		0
27.125		0
27.25		0
27.375		0
27.5		0
27.625		0
27.75		0
27.875		0
28		0
28.125		0
28.25		0
28.375		0
28.5		0
28.625		0
28.75		0
28.875		0
29		0
29.125		0
29.25		0
29.375		0
29.5		0
29.625		0
29.75		0
29.875		0
30		0
30.125		0
30.25		0
30.375		0
30.5		0
30.625		0
30.75		0
30.875		0
31		0
31.125		0
31.25		0
31.375		0
31.5		0
31.625		0
31.75		0
31.875		0
32		0
32.125		0
32.25		0
32.375		0
32.5		0
32.625		0
32.75		0
32.875		0
33		0
33.125		0
33.25		0
33.375		0
33.5		0
33.625		0
33.75		0
33.875		0
34		0
34.125		0
34.25		0
34.375		0
34.5		0
34.625		0
34.75		0
34.875		0
35		0
35.125		0
35.25		0
35.375		0
35.5		0
35.625		0
35.75		0
35.875		0
36		0
36.125		0
36.25		0
36.375		0
36.5		0
36.625		0
36.75		0
36.875		0
37		0
37.125		0
37.25		0
37.375		0
37.5		0
37.625		0
37.75		0
37.875		0
38		0
38.125		0
38.25		0
38.375		0
38.5		0
38.625		0
38.75		0
38.875		0
39		0
39.125		0
39.25		0
39.375		0
39.5		0
39.625		0
39.75		0
39.875		0
40		0
40.125		0
40.25		0
40.375		0
40.5		0
40.625		0
40.75		0
40.875		0
41		0
41.125		0
41.25		0
41.375		0
41.5		0
41.625		0
41.75		0
41.875		0
42		0
42.125		0
42.25		0
42.375		0
42.5		0
42.625		0
42.75		0
42.875		0
43		0
43.125		0
43.25		0
43.375		0
43.5		0
43.625		0
43.75		0
43.875		0
44		0
44.125		0
44.25		0
44.375		0
44.5		0
44.625		0
44.75		0
44.875		0
45		0
45.125		0
45.25		0
45.375		0
45.5		0
45.625		0
45.75		0
45.875		0
46		0
46.125		0
46.25		0
46.375		0
46.5		0
46.625		0
46.75		0
46.875		0
47		0
47.125		0
47.25		0
47.375		0
47.5		0
47.625		0
47.75		0
47.875		0
48		0
48.125		0
48.25		0
48.375		0
48.5		0
48.625		0
48.75		0
48.875		0
49		0
49.125		0
49.25		0
49.375		0
49.5		0
49.625		0
49.75		0
49.875		0
50		0
50.125		0
50.25		0
50.375		0
50.5		0
50.625		0
50.75		0
50.875		0
51		0
51.125		0
51.25		0
51.375		0
51.5		0
51.625		0
51.75		0
51.875		0
52		0
52.125		0
52.25		0
52.375		0
52.5		0
52.625		0
52.75		0
52.875		0
53		0
53.125		0
53.25		0
53.375		0
53.5		0
53.625		0
53.75		0
53.875		0
54		0
54.125		0
54.25		0
54.375		0
54.5		0
54.625		0
54.75		0
54.875		0
55		0
55.125		0
55.25		0
55.375		0
55.5		0
55.625		0
55.75		0
55.875		0
56		0
56.125		0
56.25		0
56.375		0
56.5		0
56.625		0
56.75		0
56.875		0
57		0
57.125		0
57.25		0
57.375		0
57.5		0
57.625		0
57.75		0
57.875		0
58		0
58.125		0
58.25		0
58.375		0
58.5		0
58.625		0
58.75		0
58.875		0
59		0
59.125		0
59.25		0
59.375		0
59.5		0
59.625		0
59.75		0
59.875		0
60		0
60.125		0
60.25		0
60.375		0
60.5		0
60.625		0
60.75		0
60.875		0
61		0
61.125		0
61.25		0
61.375		0
61.5		0
61.625		0
61.75		0
61.875		0
62		0
62.125		0
62.25		0
62.375		0
62.5		0
62.625		0
62.75		0
62.875		0
63		0
63.125		0
63.25		0
63.375		0
63.5		0
63.625		0
63.75		0
63.875		0
64		0
64.125		0
64.25		0
64.375		0
64.5		0
64.625		0
64.75		0
64.875		0
65		0
65.125		0
65.25		0
65.375		0
65.5		0
65.625		0
65.75		0
65.875		0
66		0
66.125		0
66.25		0
66.375		0
66.5		0
66.625		0
66.75		0
66.875		0
67		0
67.125		0
67.25		0
67.375		0
67.5		0
67.625		0
67.75		0
67.875		0
68		0
68.125		0
68.25		0
68.375		0
68.5		0
68.625		0
68.75		0
68.875		0
69		0
69.125		0
69.25		0
69.375		0
69.5		0
69.625		0
69.75		0
69.875		0
70		0
70.125		0
70.25		0
70.375		0
70.5		0
70.625		0
70.75		0
70.875		0
71		0
71.125		0
71.25		0
71.375		0
71.5		0
71.625		0
71.75		0
71.875		0
72		0
72.125		0
72.25		0
72.375		0
72.5		0
72.625		0
72.75		0
72.875		0
73		0
73.125		0
73.25		0
73.375		0
73.5		0
73.625		0
73.75		0
73.875		0
74		0
74.125		0
74.25		0
74.375		0
74.5		0
74.625		0
74.75		0
74.875		0
75		0
75.125		0
75.25		0
75.375		0
75.5		0
75.625		0
75.75		0
75.875		0
76		0
76.125		0
76.25		0
76.375		0
76.5		0
76.625		0
76.75		0
76.875		0
77		0
77.125		0
77.25		0
77.375		0
77.5		0
77.625		0
77.75		0
77.875		0
78		0
78.125		0
78.25		0
78.375		0
78.5		0
78.625		0
78.75		0
78.875		0
79		0
79.125		0
79.25		0
79.375		0
79.5		0
79.625		0
79.75		0
79.875		0
80		0
80.125		0
80.25		0
80.375		0
80.5		0
80.625		0
80.75		0
80.875		0
81		0
81.125		0
81.25		0
81.375		0
81.5		0
81.625		0
81.75		0
81.875		0
82		0
82.125		0
82.25		0
82.375		0
82.5		0
82.625		0
82.75		0
82.875		0
83		0
83.125		0
83.25		0
83.375		0
83.5		0
83.625		0
83.75		0
83.875		0
84		0
84.125		0
84.25		0
84.375		0
84.5		0
84.625		0
84.75		0
84.875		0
85		0
85.125		0
85.25		0
85.375		0
85.5		0
85.625		0
85.75		0
85.875		0
86		0
86.125		0
86.25		0
86.375		0
86.5		0
86.625		0
86.75		0
86.875		0
87		0
87.125		0
87.25		0
87.375		0
87.5		0
87.625		0
87.75		0
87.875		0
88		0
88.125		0
88.25		0
88.375		0
88.5		0
88.625		0
88.75		0
88.875		0
89		0
89.125		0
89.25		0
89.375		0
89.5		0
89.625		0
89.75		0
89.875		0
90		0
90.125		0
90.25		0
90.375		0
90.5		0
90.625		0
90.75		0
90.875		0
91		0
91.125		0
91.25		0
91.375		0
91.5		0
91.625		0
91.75		0
91.875		0
92		0
92.125		0
92.25		0
92.375		0
92.5		0
92.625		0
92.75		0
92.875		0
93		0
93.125		0
93.25		0
93.375		0
93.5		0
93.625		0
93.75		0
93.875		0
94		0
94.125		0
94.25		0
94.375		0
94.5		0
94.625		0
94.75		0
94.875		0
95		0
95.125		0
95.25		0
95.375		0
95.5		0
95.625		0
95.75		0
95.875		0
96		0
96.125		0
96.25		0
96.375		0
96.5		0
96.625		0
96.75		0
96.875		0
97		0
97.125		0
97.25		0
97.375		0
97.5		0
97.625		0
97.75		0
97.875		0
98		0
98.125		0
98.25		0
98.375		0
98.5		0
98.625		0
98.75		0
98.875		0
99		0
99.125		0
99.25		0
99.375		0
99.5		0
99.625		0
99.75		0
99.875		0
100		0
100.125		0
100.25		0
100.375		0
100.5		0
100.625		0
100.75		0
100.875		0
101		0
101.125		0
101.25		0
101.375		0
101.5		0
101.625		0
101.75		0
101.875		0
102		0
102.125		0
102.25		0
102.375		0
102.5		0
102.625		0
102.75		0
102.875		0
103		0
103.125		0
103.25		0
103.375		0
103.5		0
103.625		0
103.75		0
103.875		0
104		0
104.125		0
104.25		0
104.375		0
104.5		0
104.625		0
104.75		0
104.875		0
105		0
105.125		0
105.25		0
105.375		0
105.5		0
105.625		0
105.75		0
105.875		0
106		0
106.125		0
106.25		0
106.375		0
106.5		0
106.625		0
106.75		0
106.875		0
107		0
107.125		0
107.25		0
107.375		0
107.5		0
107.625		0
107.75		0
107.875		0
108		0
108.125		0
108.25		0
108.375		0
108.5		0
108.625		0
108.75		0
108.875		0
109		0
109.125		0
109.25		0
109.375		0
109.5		0
109.625		0
109.75		0
109.875		0
110		0
110.125		0.0204082
110.25		0.0204082
110.375		0.0204082
110.5		0.0204082
110.625		0.0204082
110.75		0.0204082
110.875		0.0204082
111		0.0204082
111.125		0.0204082
111.25		0.0204082
111.375		0.0204082
111.5		0.0204082
111.625		0.0204082
111.75		0.0204082
111.875		0.0204082
112		0.0204082
112.125		0.0204082
112.25		0.0204082
112.375		0.0204082
112.5		0.0204082
112.625		0.0204082
112.75		0.0204082
112.875		0.0204082
113		0.0204082
113.125		0.0204082
113.25		0.0204082
113.375		0.0204082
113.5		0.0204082
113.625		0.0204082
113.75		0.0204082
113.875		0.0204082
114		0.0204082
114.125		0.0204082
114.25		0.0204082
114.375		0.0204082
114.5		0.0204082
114.625		0.0204082
114.75		0.0204082
114.875		0.0204082
115		0.0204082
115.125		0.0204082
115.25		0.0204082
115.375		0.0204082
115.5		0.0204082
115.625		0.0204082
115.75		0.0204082
115.875		0.0204082
116		0.0204082
116.125		0.0204082
116.25		0.0204082
116.375		0.0204082
116.5		0.0204082
116.625		0.0204082
116.75		0.0204082
116.875		0.0204082
117		0.0204082
117.125		0.0204082
117.25		0.0204082
117.375		0.0204082
117.5		0.0204082
117.625		0.0204082
117.75		0.0204082
117.875		0.0204082
118		0.0204082
118.125		0.0204082
118.25		0.0204082
118.375		0.0204082
118.5		0.0204082
118.625		0.0204082
118.75		0.0204082
118.875		0.0204082
119		0.0204082
119.125		0.0204082
119.25		0.0204082
119.375		0.0204082
119.5		0.0204082
119.625		0.0204082
119.75		0.0204082
119.875		0.0204082
120		0.0204082
120.125		0.0204082
120.25		0.0204082
120.375		0.0204082
120.5		0.0204082
120.625		0.0204082
120.75		0.0204082
120.875		0.0204082
121		0.0204082
121.125		0.0204082
121.25		0.0204082
121.375		0.0204082
121.5		0.0204082
121.625		0.0204082
121.75		0.0204082
121.875		0.0204082
122		0.0204082
122.125		0.0204082
122.25		0.0204082
122.375		0.0204082
122.5		0.0204082
122.625		0.0204082
122.75		0.0204082
122.875		0.0204082
123		0.0204082
123.125		0.0204082
123.25		0.0204082
123.375		0.0204082
123.5		0.0204082
123.625		0.0204082
123.75		0.0204082
123.875		0.0204082
124		0.0204082
124.125		0.0204082
124.25		0.0204082
124.375		0.0204082
124.5		0.0204082
124.625		0.0204082
124.75		0.0204082
124.875		0.0204082
125		0.0204082
125.125		0.0612245
125.25		0.0612245
125.375		0.0612245
125.5		0.0612245
125.625		0.0612245
125.75		0.0612245
125.875		0.0612245
126		0.0612245
126.125		0.0612245
126.25		0.0612245
126.375		0.0612245
126.5		0.0612245
126.625		0.0612245
126.75		0.0612245
126.875		0.0612245
127		0.0612245
127.125		0.0612245
127.25		0.0612245
127.375		0.0612245
127.5		0.0612245
127.625		0.0612245
127.75		0.0612245
127.875		0.0612245
128		0.0612245
128.125		0.0612245
128.25		0.0612245
128.375		0.0612245
128.5		0.0612245
128.625		0.0612245
128.75		0.0612245
128.875		0.0612245
129		0.0612245
129.125		0.0612245
129.25		0.0612245
129.375		0.0612245
129.5		0.0612245
129.625		0.0612245
129.75		0.0612245
129.875		0.0612245
130		0.0612245
130.125		0.0816327
130.25		0.0816327
130.375		0.0816327
130.5		0.0816327
130.625		0.0816327
130.75		0.0816327
130.875		0.0816327
131		0.0816327
131.125		0.0816327
131.25		0.0816327
131.375		0.0816327
131.5		0.0816327
131.625		0.0816327
131.75		0.0816327
131.875		0.0816327
132		0.0816327
132.125		0.0816327
132.25		0.0816327
132.375		0.0816327
132.5		0.0816327
132.625		0.0816327
132.75		0.0816327
132.875		0.0816327
133		0.0816327
133.125		0.0816327
133.25		0.0816327
133.375		0.0816327
133.5		0.0816327
133.625		0.0816327
133.75		0.0816327
133.875		0.0816327
134		0.0816327
134.125		0.0816327
134.25		0.0816327
134.375		0.0816327
134.5		0.0816327
134.625		0.0816327
134.75		0.0816327
134.875		0.0816327
135		0.0816327
135.125		0.0816327
135.25		0.0816327
135.375		0.0816327
135.5		0.0816327
135.625		0.0816327
135.75		0.0816327
135.875		0.0816327
136		0.0816327
136.125		0.0816327
136.25		0.0816327
136.375		0.0816327
136.5		0.0816327
136.625		0.0816327
136.75		0.0816327
136.875		0.0816327
137		0.0816327
137.125		0.0816327
137.25		0.0816327
137.375		0.0816327
137.5		0.0816327
137.625		0.0816327
137.75		0.0816327
137.875		0.0816327
138		0.0816327
138.125		0.0816327
138.25		0.0816327
138.375		0.0816327
138.5		0.0816327
138.625		0.0816327
138.75		0.0816327
138.875		0.0816327
139		0.0816327
139.125		0.0816327
139.25		0.0816327
139.375		0.0816327
139.5		0.0816327
139.625		0.0816327
139.75		0.0816327
139.875		0.0816327
140		0.0816327
140.125		0.0816327
140.25		0.0816327
140.375		0.0816327
140.5		0.0816327
140.625		0.0816327
140.75		0.0816327
140.875		0.0816327
141		0.0816327
141.125		0.0816327
141.25		0.0816327
141.375		0.0816327
141.5		0.0816327
141.625		0.0816327
141.75		0.0816327
141.875		0.0816327
142		0.0816327
142.125		0.0816327
142.25		0.0816327
142.375		0.0816327
142.5		0.0816327
142.625		0.0816327
142.75		0.0816327
142.875		0.0816327
143		0.0816327
143.125		0.0816327
143.25		0.0816327
143.375		0.0816327
143.5		0.0816327
143.625		0.0816327
143.75		0.0816327
143.875		0.0816327
144		0.0816327
144.125		0.0816327
144.25		0.0816327
144.375		0.0816327
144.5		0.0816327
144.625		0.0816327
144.75		0.0816327
144.875		0.0816327
145		0.0816327
145.125		0.0816327
145.25		0.0816327
145.375		0.0816327
145.5		0.0816327
145.625		0.0816327
145.75		0.0816327
145.875		0.0816327
146		0.0816327
146.125		0.0816327
146.25		0.0816327
146.375		0.0816327
146.5		0.0816327
146.625		0.0816327
146.75		0.0816327
146.875		0.0816327
147		0.0816327
147.125		0.0816327
147.25		0.0816327
147.375		0.0816327
147.5		0.0816327
147.625		0.0816327
147.75		0.0816327
147.875		0.0816327
148		0.0816327
148.125		0.0816327
148.25		0.0816327
148.375		0.0816327
148.5		0.0816327
148.625		0.0816327
148.75		0.0816327
148.875		0.0816327
149		0.0816327
149.125		0.0816327
149.25		0.0816327
149.375		0.0816327
149.5		0.0816327
149.625		0.0816327
149.75		0.0816327
149.875		0.0816327
150		0.0816327
150.125		0.0816327
150.25		0.0816327
150.375		0.0816327
150.5		0.0816327
150.625		0.0816327
150.75		0.0816327
150.875		0.0816327
151		0.0816327
151.125		0.0816327
151.25		0.0816327
151.375		0.0816327
151.5		0.0816327
151.625		0.0816327
151.75		0.0816327
151.875		0.0816327
152		0.0816327
152.125		0.0816327
152.25		0.0816327
152.375		0.0816327
152.5		0.0816327
152.625		0.0816327
152.75		0.0816327
152.875		0.0816327
153		0.0816327
153.125		0.0816327
153.25		0.0816327
153.375		0.0816327
153.5		0.0816327
153.625		0.0816327
153.75		0.0816327
153.875		0.0816327
154		0.0816327
154.125		0.0816327
154.25		0.0816327
154.375		0.0816327
154.5		0.0816327
154.625		0.0816327
154.75		0.0816327
154.875		0.0816327
155		0.0816327
155.125		0.102041
155.25		0.102041
155.375		0.102041
155.5		0.102041
155.625		0.102041
155.75		0.102041
155.875		0.102041
156		0.102041
156.125		0.102041
156.25		0.102041
156.375		0.102041
156.5		0.102041
156.625		0.102041
156.75		0.102041
156.875		0.102041
157		0.102041
157.125		0.102041
157.25		0.102041
157.375		0.102041
157.5		0.102041
157.625		0.102041
157.75		0.102041
157.875		0.102041
158		0.102041
158.125		0.102041
158.25		0.102041
158.375		0.102041
158.5		0.102041
158.625		0.102041
158.75		0.102041
158.875		0.102041
159		0.102041
159.125		0.102041
159.25		0.102041
159.375		0.102041
159.5		0.102041
159.625		0.102041
159.75		0.102041
159.875		0.102041
160		0.102041
160.125		0.122449
160.25		0.122449
160.375		0.122449
160.5		0.122449
160.625		0.122449
160.75		0.122449
160.875		0.122449
161		0.122449
161.125		0.122449
161.25		0.122449
161.375		0.122449
161.5		0.122449
161.625		0.122449
161.75		0.122449
161.875		0.122449
162		0.122449
162.125		0.122449
162.25		0.122449
162.375		0.122449
162.5		0.122449
162.625		0.122449
162.75		0.122449
162.875		0.122449
163		0.122449
163.125		0.122449
163.25		0.122449
163.375		0.122449
163.5		0.122449
163.625		0.122449
163.75		0.122449
163.875		0.122449
164		0.122449
164.125		0.122449
164.25		0.122449
164.375		0.122449
164.5		0.122449
164.625		0.122449
164.75		0.122449
164.875		0.122449
165		0.122449
165.125		0.122449
165.25		0.122449
165.375		0.122449
165.5		0.122449
165.625		0.122449
165.75		0.122449
165.875		0.122449
166		0.122449
166.125		0.122449
166.25		0.122449
166.375		0.122449
166.5		0.122449
166.625		0.122449
166.75		0.122449
166.875		0.122449
167		0.122449
167.125		0.122449
167.25		0.122449
167.375		0.122449
167.5		0.122449
167.625		0.122449
167.75		0.122449
167.875		0.122449
168		0.122449
168.125		0.122449
168.25		0.122449
168.375		0.122449
168.5		0.122449
168.625		0.122449
168.75		0.122449
168.875		0.122449
169		0.122449
169.125		0.122449
169.25		0.122449
169.375		0.122449
169.5		0.122449
169.625		0.122449
169.75		0.122449
169.875		0.122449
170		0.122449
170.125		0.122449
170.25		0.122449
170.375		0.122449
170.5		0.122449
170.625		0.122449
170.75		0.122449
170.875		0.122449
171		0.122449
171.125		0.122449
171.25		0.122449
171.375		0.122449
171.5		0.122449
171.625		0.122449
171.75		0.122449
171.875		0.122449
172		0.122449
172.125		0.122449
172.25		0.122449
172.375		0.122449
172.5		0.122449
172.625		0.122449
172.75		0.122449
172.875		0.122449
173		0.122449
173.125		0.122449
173.25		0.122449
173.375		0.122449
173.5		0.122449
173.625		0.122449
173.75		0.122449
173.875		0.122449
174		0.122449
174.125		0.122449
174.25		0.122449
174.375		0.122449
174.5		0.122449
174.625		0.122449
174.75		0.122449
174.875		0.122449
175		0.122449
175.125		0.122449
175.25		0.122449
175.375		0.122449
175.5		0.122449
175.625		0.122449
175.75		0.122449
175.875		0.122449
176		0.122449
176.125		0.122449
176.25		0.122449
176.375		0.122449
176.5		0.122449
176.625		0.122449
176.75		0.122449
176.875		0.122449
177		0.122449
177.125		0.122449
177.25		0.122449
177.375		0.122449
177.5		0.122449
177.625		0.122449
177.75		0.122449
177.875		0.122449
178		0.122449
178.125		0.122449
178.25		0.122449
178.375		0.122449
178.5		0.122449
178.625		0.122449
178.75		0.122449
178.875		0.122449
179		0.122449
179.125		0.122449
179.25		0.122449
179.375		0.122449
179.5		0.122449
179.625		0.122449
179.75		0.122449
179.875		0.122449
180		0.122449
180.125		0.122449
180.25		0.122449
180.375		0.122449
180.5		0.122449
180.625		0.122449
180.75		0.122449
180.875		0.122449
181		0.122449
181.125		0.122449
181.25		0.122449
181.375		0.122449
181.5		0.122449
181.625		0.122449
181.75		0.122449
181.875		0.122449
182		0.122449
182.125		0.122449
182.25		0.122449
182.375		0.122449
182.5		0.122449
182.625		0.122449
182.75		0.122449
182.875		0.122449
183		0.122449
183.125		0.122449
183.25		0.122449
183.375		0.122449
183.5		0.122449
183.625		0.122449
183.75		0.122449
183.875		0.122449
184		0.122449
184.125		0.122449
184.25		0.122449
184.375		0.122449
184.5		0.122449
184.625		0.122449
184.75		0.122449
184.875		0.122449
185		0.122449
185.125		0.122449
185.25		0.122449
185.375		0.122449
185.5		0.122449
185.625		0.122449
185.75		0.122449
185.875		0.122449
186		0.122449
186.125		0.122449
186.25		0.122449
186.375		0.122449
186.5		0.122449
186.625		0.122449
186.75		0.122449
186.875		0.122449
187		0.122449
187.125		0.122449
187.25		0.122449
187.375		0.122449
187.5		0.122449
187.625		0.122449
187.75		0.122449
187.875		0.122449
188		0.122449
188.125		0.122449
188.25		0.122449
188.375		0.122449
188.5		0.122449
188.625		0.122449
188.75		0.122449
188.875		0.122449
189		0.122449
189.125		0.122449
189.25		0.122449
189.375		0.122449
189.5		0.122449
189.625		0.122449
189.75		0.122449
189.875		0.122449
190		0.122449
190.125		0.122449
190.25		0.122449
190.375		0.122449
190.5		0.122449
190.625		0.122449
190.75		0.122449
190.875		0.122449
191		0.122449
191.125		0.122449
191.25		0.122449
191.375		0.122449
191.5		0.122449
191.625		0.122449
191.75		0.122449
191.875		0.122449
192		0.122449
192.125		0.122449
192.25		0.122449
192.375		0.122449
192.5		0.122449
192.625		0.122449
192.75		0.122449
192.875		0.122449
193		0.122449
193.125		0.122449
193.25		0.122449
193.375		0.122449
193.5		0.122449
193.625		0.122449
193.75		0.122449
193.875		0.122449
194		0.122449
194.125		0.122449
194.25		0.122449
194.375		0.122449
194.5		0.122449
194.625		0.122449
194.75		0.122449
194.875		0.122449
195		0.122449
195.125		0.122449
195.25		0.122449
195.375		0.122449
195.5		0.122449
195.625		0.122449
195.75		0.122449
195.875		0.122449
196		0.122449
196.125		0.122449
196.25		0.122449
196.375		0.122449
196.5		0.122449
196.625		0.122449
196.75		0.122449
196.875		0.122449
197		0.122449
197.125		0.122449
197.25		0.122449
197.375		0.122449
197.5		0.122449
197.625		0.122449
197.75		0.122449
197.875		0.122449
198		0.122449
198.125		0.122449
198.25		0.122449
198.375		0.122449
198.5		0.122449
198.625		0.122449
198.75		0.122449
198.875		0.122449
199		0.122449
199.125		0.122449
199.25		0.122449
199.375		0.122449
199.5		0.122449
199.625		0.122449
199.75		0.122449
199.875		0.122449
200		0.122449
200.125		0.142857
200.25		0.142857
200.375		0.142857
200.5		0.142857
200.625		0.142857
200.75		0.142857
200.875		0.142857
201		0.142857
201.125		0.142857
201.25		0.142857
201.375		0.142857
201.5		0.142857
201.625		0.142857
201.75		0.142857
201.875		0.142857
202		0.142857
202.125		0.142857
202.25		0.142857
202.375		0.142857
202.5		0.142857
202.625		0.142857
202.75		0.142857
202.875		0.142857
203		0.142857
203.125		0.142857
203.25		0.142857
203.375		0.142857
203.5		0.142857
203.625		0.142857
203.75		0.142857
203.875		0.142857
204		0.142857
204.125		0.142857
204.25		0.142857
204.375		0.142857
204.5		0.142857
204.625		0.142857
204.75		0.142857
204.875		0.142857
205		0.142857
205.125		0.163265
205.25		0.163265
205.375		0.163265
205.5		0.163265
205.625		0.163265
205.75		0.163265
205.875		0.163265
206		0.163265
206.125		0.163265
206.25		0.163265
206.375		0.163265
206.5		0.163265
206.625		0.163265
206.75		0.163265
206.875		0.163265
207		0.163265
207.125		0.163265
207.25		0.163265
207.375		0.163265
207.5		0.163265
207.625		0.163265
207.75		0.163265
207.875		0.163265
208		0.163265
208.125		0.163265
208.25		0.163265
208.375		0.163265
208.5		0.163265
208.625		0.163265
208.75		0.163265
208.875		0.163265
209		0.163265
209.125		0.163265
209.25		0.163265
209.375		0.163265
209.5		0.163265
209.625		0.163265
209.75		0.163265
209.875		0.163265
210		0.163265
210.125		0.163265
210.25		0.163265
210.375		0.163265
210.5		0.163265
210.625		0.163265
210.75		0.163265
210.875		0.163265
211		0.163265
211.125		0.163265
211.25		0.163265
211.375		0.163265
211.5		0.163265
211.625		0.163265
211.75		0.163265
211.875		0.163265
212		0.163265
212.125		0.163265
212.25		0.163265
212.375		0.163265
212.5		0.163265
212.625		0.163265
212.75		0.163265
212.875		0.163265
213		0.163265
213.125		0.163265
213.25		0.163265
213.375		0.163265
213.5		0.163265
213.625		0.163265
213.75		0.163265
213.875		0.163265
214		0.163265
214.125		0.163265
214.25		0.163265
214.375		0.163265
214.5		0.163265
214.625		0.163265
214.75		0.163265
214.875		0.163265
215		0.163265
215.125		0.183673
215.25		0.183673
215.375		0.183673
215.5		0.183673
215.625		0.183673
215.75		0.183673
215.875		0.183673
216		0.183673
216.125		0.183673
216.25		0.183673
216.375		0.183673
216.5		0.183673
216.625		0.183673
216.75		0.183673
216.875		0.183673
217		0.183673
217.125		0.183673
217.25		0.183673
217.375		0.183673
217.5		0.183673
217.625		0.183673
217.75		0.183673
217.875		0.183673
218		0.183673
218.125		0.183673
218.25		0.183673
218.375		0.183673
218.5		0.183673
218.625		0.183673
218.75		0.183673
218.875		0.183673
219		0.183673
219.125		0.183673
219.25		0.183673
219.375		0.183673
219.5		0.183673
219.625		0.183673
219.75		0.183673
219.875		0.183673
220		0.183673
220.125		0.183673
220.25		0.183673
220.375		0.183673
220.5		0.183673
220.625		0.183673
220.75		0.183673
220.875		0.183673
221		0.183673
221.125		0.183673
221.25		0.183673
221.375		0.183673
221.5		0.183673
221.625		0.183673
221.75		0.183673
221.875		0.183673
222		0.183673
222.125		0.183673
222.25		0.183673
222.375		0.183673
222.5		0.183673
222.625		0.183673
222.75		0.183673
222.875		0.183673
223		0.183673
223.125		0.183673
223.25		0.183673
223.375		0.183673
223.5		0.183673
223.625		0.183673
223.75		0.183673
223.875		0.183673
224		0.183673
224.125		0.183673
224.25		0.183673
224.375		0.183673
224.5		0.183673
224.625		0.183673
224.75		0.183673
224.875		0.183673
225		0.183673
225.125		0.244898
225.25		0.244898
225.375		0.244898
225.5		0.244898
225.625		0.244898
225.75		0.244898
225.875		0.244898
226		0.244898
226.125		0.244898
226.25		0.244898
226.375		0.244898
226.5		0.244898
226.625		0.244898
226.75		0.244898
226.875		0.244898
227		0.244898
227.125		0.244898
227.25		0.244898
227.375		0.244898
227.5		0.244898
227.625		0.244898
227.75		0.244898
227.875		0.244898
228		0.244898
228.125		0.244898
228.25		0.244898
228.375		0.244898
228.5		0.244898
228.625		0.244898
228.75		0.244898
228.875		0.244898
229		0.244898
229.125		0.244898
229.25		0.244898
229.375		0.244898
229.5		0.244898
229.625		0.244898
229.75		0.244898
229.875		0.244898
230		0.244898
230.125		0.265306
230.25		0.265306
230.375		0.265306
230.5		0.265306
230.625		0.265306
230.75		0.265306
230.875		0.265306
231		0.265306
231.125		0.265306
231.25		0.265306
231.375		0.265306
231.5		0.265306
231.625		0.265306
231.75		0.265306
231.875		0.265306
232		0.265306
232.125		0.265306
232.25		0.265306
232.375		0.265306
232.5		0.265306
232.625		0.265306
232.75		0.265306
232.875		0.265306
233		0.265306
233.125		0.265306
233.25		0.265306
233.375		0.265306
233.5		0.265306
233.625		0.265306
233.75		0.265306
233.875		0.265306
234		0.265306
234.125		0.265306
234.25		0.265306
234.375		0.265306
234.5		0.265306
234.625		0.265306
234.75		0.265306
234.875		0.265306
235		0.265306
235.125		0.265306
235.25		0.265306
235.375		0.265306
235.5		0.265306
235.625		0.265306
235.75		0.265306
235.875		0.265306
236		0.265306
236.125		0.265306
236.25		0.265306
236.375		0.265306
236.5		0.265306
236.625		0.265306
236.75		0.265306
236.875		0.265306
237		0.265306
237.125		0.265306
237.25		0.265306
237.375		0.265306
237.5		0.265306
237.625		0.265306
237.75		0.265306
237.875		0.265306
238		0.265306
238.125		0.265306
238.25		0.265306
238.375		0.265306
238.5		0.265306
238.625		0.265306
238.75		0.265306
238.875		0.265306
239		0.265306
239.125		0.265306
239.25		0.265306
239.375		0.265306
239.5		0.265306
239.625		0.265306
239.75		0.265306
239.875		0.265306
240		0.265306
240.125		0.265306
240.25		0.265306
240.375		0.265306
240.5		0.265306
240.625		0.265306
240.75		0.265306
240.875		0.265306
241		0.265306
241.125		0.265306
241.25		0.265306
241.375		0.265306
241.5		0.265306
241.625		0.265306
241.75		0.265306
241.875		0.265306
242		0.265306
242.125		0.265306
242.25		0.265306
242.375		0.265306
242.5		0.265306
242.625		0.265306
242.75		0.265306
242.875		0.265306
243		0.265306
243.125		0.265306
243.25		0.265306
243.375		0.265306
243.5		0.265306
243.625		0.265306
243.75		0.265306
243.875		0.265306
244		0.265306
244.125		0.265306
244.25		0.265306
244.375		0.265306
244.5		0.265306
244.625		0.265306
244.75		0.265306
244.875		0.265306
245		0.265306
245.125		0.306122
245.25		0.306122
245.375		0.306122
245.5		0.306122
245.625		0.306122
245.75		0.306122
245.875		0.306122
246		0.306122
246.125		0.306122
246.25		0.306122
246.375		0.306122
246.5		0.306122
246.625		0.306122
246.75		0.306122
246.875		0.306122
247		0.306122
247.125		0.306122
247.25		0.306122
247.375		0.306122
247.5		0.306122
247.625		0.306122
247.75		0.306122
247.875		0.306122
248		0.306122
248.125		0.306122
248.25		0.306122
248.375		0.306122
248.5		0.306122
248.625		0.306122
248.75		0.306122
248.875		0.306122
249		0.306122
249.125		0.306122
249.25		0.306122
249.375		0.306122
249.5		0.306122
249.625		0.306122
249.75		0.306122
249.875		0.306122
250		0.306122
250.125		0.326531
250.25		0.326531
250.375		0.326531
250.5		0.326531
250.625		0.326531
250.75		0.326531
250.875		0.326531
251		0.326531
251.125		0.326531
251.25		0.326531
251.375		0.326531
251.5		0.326531
251.625		0.326531
251.75		0.326531
251.875		0.326531
252		0.326531
252.125		0.326531
252.25		0.326531
252.375		0.326531
252.5		0.326531
252.625		0.326531
252.75		0.326531
252.875		0.326531
253		0.326531
253.125		0.326531
253.25		0.326531
253.375		0.326531
253.5		0.326531
253.625		0.326531
253.75		0.326531
253.875		0.326531
254		0.326531
254.125		0.326531
254.25		0.326531
254.375		0.326531
254.5		0.326531
254.625		0.326531
254.75		0.326531
254.875		0.326531
255		0.326531
255.125		0.346939
255.25		0.346939
255.375		0.346939
255.5		0.346939
255.625		0.346939
255.75		0.346939
255.875		0.346939
256		0.346939
256.125		0.346939
256.25		0.346939
256.375		0.346939
256.5		0.346939
256.625		0.346939
256.75		0.346939
256.875		0.346939
257		0.346939
257.125		0.346939
257.25		0.346939
257.375		0.346939
257.5		0.346939
257.625		0.346939
257.75		0.346939
257.875		0.346939
258		0.346939
258.125		0.346939
258.25		0.346939
258.375		0.346939
258.5		0.346939
258.625		0.346939
258.75		0.346939
258.875		0.346939
259		0.346939
259.125		0.346939
259.25		0.346939
259.375		0.346939
259.5		0.346939
259.625		0.346939
259.75		0.346939
259.875		0.346939
260		0.346939
260.125		0.346939
260.25		0.346939
260.375		0.346939
260.5		0.346939
260.625		0.346939
260.75		0.346939
260.875		0.346939
261		0.346939
261.125		0.346939
261.25		0.346939
261.375		0.346939
261.5		0.346939
261.625		0.346939
261.75		0.346939
261.875		0.346939
262		0.346939
262.125		0.346939
262.25		0.346939
262.375		0.346939
262.5		0.346939
262.625		0.346939
262.75		0.346939
262.875		0.346939
263		0.346939
263.125		0.346939
263.25		0.346939
263.375		0.346939
263.5		0.346939
263.625		0.346939
263.75		0.346939
263.875		0.346939
264		0.346939
264.125		0.346939
264.25		0.346939
264.375		0.346939
264.5		0.346939
264.625		0.346939
264.75		0.346939
264.875		0.346939
265		0.346939
265.125		0.346939
265.25		0.346939
265.375		0.346939
265.5		0.346939
265.625		0.346939
265.75		0.346939
265.875		0.346939
266		0.346939
266.125		0.346939
266.25		0.346939
266.375		0.346939
266.5		0.346939
266.625		0.346939
266.75		0.346939
266.875		0.346939
267		0.346939
267.125		0.346939
267.25		0.346939
267.375		0.346939
267.5		0.346939
267.625		0.346939
267.75		0.346939
267.875		0.346939
268		0.346939
268.125		0.346939
268.25		0.346939
268.375		0.346939
268.5		0.346939
268.625		0.346939
268.75		0.346939
268.875		0.346939
269		0.346939
269.125		0.346939
269.25		0.346939
269.375		0.346939
269.5		0.346939
269.625		0.346939
269.75		0.346939
269.875		0.346939
270		0.346939
270.125		0.387755
270.25		0.387755
270.375		0.387755
270.5		0.387755
270.625		0.387755
270.75		0.387755
270.875		0.387755
271		0.387755
271.125		0.387755
271.25		0.387755
271.375		0.387755
271.5		0.387755
271.625		0.387755
271.75		0.387755
271.875		0.387755
272		0.387755
272.125		0.387755
272.25		0.387755
272.375		0.387755
272.5		0.387755
272.625		0.387755
272.75		0.387755
272.875		0.387755
273		0.387755
273.125		0.387755
273.25		0.387755
273.375		0.387755
273.5		0.387755
273.625		0.387755
273.75		0.387755
273.875		0.387755
274		0.387755
274.125		0.387755
274.25		0.387755
274.375		0.387755
274.5		0.387755
274.625		0.387755
274.75		0.387755
274.875		0.387755
275		0.387755
275.125		0.387755
275.25		0.387755
275.375		0.387755
275.5		0.387755
275.625		0.387755
275.75		0.387755
275.875		0.387755
276		0.387755
276.125		0.387755
276.25		0.387755
276.375		0.387755
276.5		0.387755
276.625		0.387755
276.75		0.387755
276.875		0.387755
277		0.387755
277.125		0.387755
277.25		0.387755
277.375		0.387755
277.5		0.387755
277.625		0.387755
277.75		0.387755
277.875		0.387755
278		0.387755
278.125		0.387755
278.25		0.387755
278.375		0.387755
278.5		0.387755
278.625		0.387755
278.75		0.387755
278.875		0.387755
279		0.387755
279.125		0.387755
279.25		0.387755
279.375		0.387755
279.5		0.387755
279.625		0.387755
279.75		0.387755
279.875		0.387755
280		0.387755
280.125		0.387755
280.25		0.387755
280.375		0.387755
280.5		0.387755
280.625		0.387755
280.75		0.387755
280.875		0.387755
281		0.387755
281.125		0.387755
281.25		0.387755
281.375		0.387755
281.5		0.387755
281.625		0.387755
281.75		0.387755
281.875		0.387755
282		0.387755
282.125		0.387755
282.25		0.387755
282.375		0.387755
282.5		0.387755
282.625		0.387755
282.75		0.387755
282.875		0.387755
283		0.387755
283.125		0.387755
283.25		0.387755
283.375		0.387755
283.5		0.387755
283.625		0.387755
283.75		0.387755
283.875		0.387755
284		0.387755
284.125		0.387755
284.25		0.387755
284.375		0.387755
284.5		0.387755
284.625		0.387755
284.75		0.387755
284.875		0.387755
285		0.387755
285.125		0.408163
285.25		0.408163
285.375		0.408163
285.5		0.408163
285.625		0.408163
285.75		0.408163
285.875		0.408163
286		0.408163
286.125		0.408163
286.25		0.408163
286.375		0.408163
286.5		0.408163
286.625		0.408163
286.75		0.408163
286.875		0.408163
287		0.408163
287.125		0.408163
287.25		0.408163
287.375		0.408163
287.5		0.408163
287.625		0.408163
287.75		0.408163
287.875		0.408163
288		0.408163
288.125		0.408163
288.25		0.408163
288.375		0.408163
288.5		0.408163
288.625		0.408163
288.75		0.408163
288.875		0.408163
289		0.408163
289.125		0.408163
289.25		0.408163
289.375		0.408163
289.5		0.408163
289.625		0.408163
289.75		0.408163
289.875		0.408163
290		0.408163
290.125		0.469388
290.25		0.469388
290.375		0.469388
290.5		0.469388
290.625		0.469388
290.75		0.469388
290.875		0.469388
291		0.469388
291.125		0.469388
291.25		0.469388
291.375		0.469388
291.5		0.469388
291.625		0.469388
291.75		0.469388
291.875		0.469388
292		0.469388
292.125		0.469388
292.25		0.469388
292.375		0.469388
292.5		0.469388
292.625		0.469388
292.75		0.469388
292.875		0.469388
293		0.469388
293.125		0.469388
293.25		0.469388
293.375		0.469388
293.5		0.469388
293.625		0.469388
293.75		0.469388
293.875		0.469388
294		0.469388
294.125		0.469388
294.25		0.469388
294.375		0.469388
294.5		0.469388
294.625		0.469388
294.75		0.469388
294.875		0.469388
295		0.469388
295.125		0.469388
295.25		0.469388
295.375		0.469388
295.5		0.469388
295.625		0.469388
295.75		0.469388
295.875		0.469388
296		0.469388
296.125		0.469388
296.25		0.469388
296.375		0.469388
296.5		0.469388
296.625		0.469388
296.75		0.469388
296.875		0.469388
297		0.469388
297.125		0.469388
297.25		0.469388
297.375		0.469388
297.5		0.469388
297.625		0.469388
297.75		0.469388
297.875		0.469388
298		0.469388
298.125		0.469388
298.25		0.469388
298.375		0.469388
298.5		0.469388
298.625		0.469388
298.75		0.469388
298.875		0.469388
299		0.469388
299.125		0.469388
299.25		0.469388
299.375		0.469388
299.5		0.469388
299.625		0.469388
299.75		0.469388
299.875		0.469388
300		0.469388
300.125		0.489796
300.25		0.489796
300.375		0.489796
300.5		0.489796
300.625		0.489796
300.75		0.489796
300.875		0.489796
301		0.489796
301.125		0.489796
301.25		0.489796
301.375		0.489796
301.5		0.489796
301.625		0.489796
301.75		0.489796
301.875		0.489796
302		0.489796
302.125		0.489796
302.25		0.489796
302.375		0.489796
302.5		0.489796
302.625		0.489796
302.75		0.489796
302.875		0.489796
303		0.489796
303.125		0.489796
303.25		0.489796
303.375		0.489796
303.5		0.489796
303.625		0.489796
303.75		0.489796
303.875		0.489796
304		0.489796
304.125		0.489796
304.25		0.489796
304.375		0.489796
304.5		0.489796
304.625		0.489796
304.75		0.489796
304.875		0.489796
305		0.489796
305.125		0.510204
305.25		0.510204
305.375		0.510204
305.5		0.510204
305.625		0.510204
305.75		0.510204
305.875		0.510204
306		0.510204
306.125		0.510204
306.25		0.510204
306.375		0.510204
306.5		0.510204
306.625		0.510204
306.75		0.510204
306.875		0.510204
307		0.510204
307.125		0.510204
307.25		0.510204
307.375		0.510204
307.5		0.510204
307.625		0.510204
307.75		0.510204
307.875		0.510204
308		0.510204
308.125		0.510204
308.25		0.510204
308.375		0.510204
308.5		0.510204
308.625		0.510204
308.75		0.510204
308.875		0.510204
309		0.510204
309.125		0.510204
309.25		0.510204
309.375		0.510204
309.5		0.510204
309.625		0.510204
309.75		0.510204
309.875		0.510204
310		0.510204
310.125		0.510204
310.25		0.510204
310.375		0.510204
310.5		0.510204
310.625		0.510204
310.75		0.510204
310.875		0.510204
311		0.510204
311.125		0.510204
311.25		0.510204
311.375		0.510204
311.5		0.510204
311.625		0.510204
311.75		0.510204
311.875		0.510204
312		0.510204
312.125		0.510204
312.25		0.510204
312.375		0.510204
312.5		0.510204
312.625		0.510204
312.75		0.510204
312.875		0.510204
313		0.510204
313.125		0.510204
313.25		0.510204
313.375		0.510204
313.5		0.510204
313.625		0.510204
313.75		0.510204
313.875		0.510204
314		0.510204
314.125		0.510204
314.25		0.510204
314.375		0.510204
314.5		0.510204
314.625		0.510204
314.75		0.510204
314.875		0.510204
315		0.510204
315.125		0.510204
315.25		0.510204
315.375		0.510204
315.5		0.510204
315.625		0.510204
315.75		0.510204
315.875		0.510204
316		0.510204
316.125		0.510204
316.25		0.510204
316.375		0.510204
316.5		0.510204
316.625		0.510204
316.75		0.510204
316.875		0.510204
317		0.510204
317.125		0.510204
317.25		0.510204
317.375		0.510204
317.5		0.510204
317.625		0.510204
317.75		0.510204
317.875		0.510204
318		0.510204
318.125		0.510204
318.25		0.510204
318.375		0.510204
318.5		0.510204
318.625		0.510204
318.75		0.510204
318.875		0.510204
319		0.510204
319.125		0.510204
319.25		0.510204
319.375		0.510204
319.5		0.510204
319.625		0.510204
319.75		0.510204
319.875		0.510204
320		0.510204
320.125		0.510204
320.25		0.510204
320.375		0.510204
320.5		0.510204
320.625		0.510204
320.75		0.510204
320.875		0.510204
321		0.510204
321.125		0.510204
321.25		0.510204
321.375		0.510204
321.5		0.510204
321.625		0.510204
321.75		0.510204
321.875		0.510204
322		0.510204
322.125		0.510204
322.25		0.510204
322.375		0.510204
322.5		0.510204
322.625		0.510204
322.75		0.510204
322.875		0.510204
323		0.510204
323.125		0.510204
323.25		0.510204
323.375		0.510204
323.5		0.510204
323.625		0.510204
323.75		0.510204
323.875		0.510204
324		0.510204
324.125		0.510204
324.25		0.510204
324.375		0.510204
324.5		0.510204
324.625		0.510204
324.75		0.510204
324.875		0.510204
325		0.510204
325.125		0.510204
325.25		0.510204
325.375		0.510204
325.5		0.510204
325.625		0.510204
325.75		0.510204
325.875		0.510204
326		0.510204
326.125		0.510204
326.25		0.510204
326.375		0.510204
326.5		0.510204
326.625		0.510204
326.75		0.510204
326.875		0.510204
327		0.510204
327.125		0.510204
327.25		0.510204
327.375		0.510204
327.5		0.510204
327.625		0.510204
327.75		0.510204
327.875		0.510204
328		0.510204
328.125		0.510204
328.25		0.510204
328.375		0.510204
328.5		0.510204
328.625		0.510204
328.75		0.510204
328.875		0.510204
329		0.510204
329.125		0.510204
329.25		0.510204
329.375		0.510204
329.5		0.510204
329.625		0.510204
329.75		0.510204
329.875		0.510204
330		0.510204
330.125		0.510204
330.25		0.510204
330.375		0.510204
330.5		0.510204
330.625		0.510204
330.75		0.510204
330.875		0.510204
331		0.510204
331.125		0.510204
331.25		0.510204
331.375		0.510204
331.5		0.510204
331.625		0.510204
331.75		0.510204
331.875		0.510204
332		0.510204
332.125		0.510204
332.25		0.510204
332.375		0.510204
332.5		0.510204
332.625		0.510204
332.75		0.510204
332.875		0.510204
333		0.510204
333.125		0.510204
333.25		0.510204
333.375		0.510204
333.5		0.510204
333.625		0.510204
333.75		0.510204
333.875		0.510204
334		0.510204
334.125		0.510204
334.25		0.510204
334.375		0.510204
334.5		0.510204
334.625		0.510204
334.75		0.510204
334.875		0.510204
335		0.510204
335.125		0.55102
335.25		0.55102
335.375		0.55102
335.5		0.55102
335.625		0.55102
335.75		0.55102
335.875		0.55102
336		0.55102
336.125		0.55102
336.25		0.55102
336.375		0.55102
336.5		0.55102
336.625		0.55102
336.75		0.55102
336.875		0.55102
337		0.55102
337.125		0.55102
337.25		0.55102
337.375		0.55102
337.5		0.55102
337.625		0.55102
337.75		0.55102
337.875		0.55102
338		0.55102
338.125		0.55102
338.25		0.55102
338.375		0.55102
338.5		0.55102
338.625		0.55102
338.75		0.55102
338.875		0.55102
339		0.55102
339.125		0.55102
339.25		0.55102
339.375		0.55102
339.5		0.55102
339.625		0.55102
339.75		0.55102
339.875		0.55102
340		0.55102
340.125		0.55102
340.25		0.55102
340.375		0.55102
340.5		0.55102
340.625		0.55102
340.75		0.55102
340.875		0.55102
341		0.55102
341.125		0.55102
341.25		0.55102
341.375		0.55102
341.5		0.55102
341.625		0.55102
341.75		0.55102
341.875		0.55102
342		0.55102
342.125		0.55102
342.25		0.55102
342.375		0.55102
342.5		0.55102
342.625		0.55102
342.75		0.55102
342.875		0.55102
343		0.55102
343.125		0.55102
343.25		0.55102
343.375		0.55102
343.5		0.55102
343.625		0.55102
343.75		0.55102
343.875		0.55102
344		0.55102
344.125		0.55102
344.25		0.55102
344.375		0.55102
344.5		0.55102
344.625		0.55102
344.75		0.55102
344.875		0.55102
345		0.55102
345.125		0.55102
345.25		0.55102
345.375		0.55102
345.5		0.55102
345.625		0.55102
345.75		0.55102
345.875		0.55102
346		0.55102
346.125		0.55102
346.25		0.55102
346.375		0.55102
346.5		0.55102
346.625		0.55102
346.75		0.55102
346.875		0.55102
347		0.55102
347.125		0.55102
347.25		0.55102
347.375		0.55102
347.5		0.55102
347.625		0.55102
347.75		0.55102
347.875		0.55102
348		0.55102
348.125		0.55102
348.25		0.55102
348.375		0.55102
348.5		0.55102
348.625		0.55102
348.75		0.55102
348.875		0.55102
349		0.55102
349.125		0.55102
349.25		0.55102
349.375		0.55102
349.5		0.55102
349.625		0.55102
349.75		0.55102
349.875		0.55102
350		0.55102
350.125		0.571429
350.25		0.571429
350.375		0.571429
350.5		0.571429
350.625		0.571429
350.75		0.571429
350.875		0.571429
351		0.571429
351.125		0.571429
351.25		0.571429
351.375		0.571429
351.5		0.571429
351.625		0.571429
351.75		0.571429
351.875		0.571429
352		0.571429
352.125		0.571429
352.25		0.571429
352.375		0.571429
352.5		0.571429
352.625		0.571429
352.75		0.571429
352.875		0.571429
353		0.571429
353.125		0.571429
353.25		0.571429
353.375		0.571429
353.5		0.571429
353.625		0.571429
353.75		0.571429
353.875		0.571429
354		0.571429
354.125		0.571429
354.25		0.571429
354.375		0.571429
354.5		0.571429
354.625		0.571429
354.75		0.571429
354.875		0.571429
355		0.571429
355.125		0.571429
355.25		0.571429
355.375		0.571429
355.5		0.571429
355.625		0.571429
355.75		0.571429
355.875		0.571429
356		0.571429
356.125		0.571429
356.25		0.571429
356.375		0.571429
356.5		0.571429
356.625		0.571429
356.75		0.571429
356.875		0.571429
357		0.571429
357.125		0.571429
357.25		0.571429
357.375		0.571429
357.5		0.571429
357.625		0.571429
357.75		0.571429
357.875		0.571429
358		0.571429
358.125		0.571429
358.25		0.571429
358.375		0.571429
358.5		0.571429
358.625		0.571429
358.75		0.571429
358.875		0.571429
359		0.571429
359.125		0.571429
359.25		0.571429
359.375		0.571429
359.5		0.571429
359.625		0.571429
359.75		0.571429
359.875		0.571429
360		0.571429
360.125		0.612245
360.25		0.612245
360.375		0.612245
360.5		0.612245
360.625		0.612245
360.75		0.612245
360.875		0.612245
361		0.612245
361.125		0.612245
361.25		0.612245
361.375		0.612245
361.5		0.612245
361.625		0.612245
361.75		0.612245
361.875		0.612245
362		0.612245
362.125		0.612245
362.25		0.612245
362.375		0.612245
362.5		0.612245
362.625		0.612245
362.75		0.612245
362.875		0.612245
363		0.612245
363.125		0.612245
363.25		0.612245
363.375		0.612245
363.5		0.612245
363.625		0.612245
363.75		0.612245
363.875		0.612245
364		0.612245
364.125		0.612245
364.25		0.612245
364.375		0.612245
364.5		0.612245
364.625		0.612245
364.75		0.612245
364.875		0.612245
365		0.612245
365.125		0.632653
365.25		0.632653
365.375		0.632653
365.5		0.632653
365.625		0.632653
365.75		0.632653
365.875		0.632653
366		0.632653
366.125		0.632653
366.25		0.632653
366.375		0.632653
366.5		0.632653
366.625		0.632653
366.75		0.632653
366.875		0.632653
367		0.632653
367.125		0.632653
367.25		0.632653
367.375		0.632653
367.5		0.632653
367.625		0.632653
367.75		0.632653
367.875		0.632653
368		0.632653
368.125		0.632653
368.25		0.632653
368.375		0.632653
368.5		0.632653
368.625		0.632653
368.75		0.632653
368.875		0.632653
369		0.632653
369.125		0.632653
369.25		0.632653
369.375		0.632653
369.5		0.632653
369.625		0.632653
369.75		0.632653
369.875		0.632653
370		0.632653
370.125		0.632653
370.25		0.632653
370.375		0.632653
370.5		0.632653
370.625		0.632653
370.75		0.632653
370.875		0.632653
371		0.632653
371.125		0.632653
371.25		0.632653
371.375		0.632653
371.5		0.632653
371.625		0.632653
371.75		0.632653
371.875		0.632653
372		0.632653
372.125		0.632653
372.25		0.632653
372.375		0.632653
372.5		0.632653
372.625		0.632653
372.75		0.632653
372.875		0.632653
373		0.632653
373.125		0.632653
373.25		0.632653
373.375		0.632653
373.5		0.632653
373.625		0.632653
373.75		0.632653
373.875		0.632653
374		0.632653
374.125		0.632653
374.25		0.632653
374.375		0.632653
374.5		0.632653
374.625		0.632653
374.75		0.632653
374.875		0.632653
375		0.632653
375.125		0.653061
375.25		0.653061
375.375		0.653061
375.5		0.653061
375.625		0.653061
375.75		0.653061
375.875		0.653061
376		0.653061
376.125		0.653061
376.25		0.653061
376.375		0.653061
376.5		0.653061
376.625		0.653061
376.75		0.653061
376.875		0.653061
377		0.653061
377.125		0.653061
377.25		0.653061
377.375		0.653061
377.5		0.653061
377.625		0.653061
377.75		0.653061
377.875		0.653061
378		0.653061
378.125		0.653061
378.25		0.653061
378.375		0.653061
378.5		0.653061
378.625		0.653061
378.75		0.653061
378.875		0.653061
379		0.653061
379.125		0.653061
379.25		0.653061
379.375		0.653061
379.5		0.653061
379.625		0.653061
379.75		0.653061
379.875		0.653061
380		0.653061
380.125		0.653061
380.25		0.653061
380.375		0.653061
380.5		0.653061
380.625		0.653061
380.75		0.653061
380.875		0.653061
381		0.653061
381.125		0.653061
381.25		0.653061
381.375		0.653061
381.5		0.653061
381.625		0.653061
381.75		0.653061
381.875		0.653061
382		0.653061
382.125		0.653061
382.25		0.653061
382.375		0.653061
382.5		0.653061
382.625		0.653061
382.75		0.653061
382.875		0.653061
383		0.653061
383.125		0.653061
383.25		0.653061
383.375		0.653061
383.5		0.653061
383.625		0.653061
383.75		0.653061
383.875		0.653061
384		0.653061
384.125		0.653061
384.25		0.653061
384.375		0.653061
384.5		0.653061
384.625		0.653061
384.75		0.653061
384.875		0.653061
385		0.653061
385.125		0.673469
385.25		0.673469
385.375		0.673469
385.5		0.673469
385.625		0.673469
385.75		0.673469
385.875		0.673469
386		0.673469
386.125		0.673469
386.25		0.673469
386.375		0.673469
386.5		0.673469
386.625		0.673469
386.75		0.673469
386.875		0.673469
387		0.673469
387.125		0.673469
387.25		0.673469
387.375		0.673469
387.5		0.673469
387.625		0.673469
387.75		0.673469
387.875		0.673469
388		0.673469
388.125		0.673469
388.25		0.673469
388.375		0.673469
388.5		0.673469
388.625		0.673469
388.75		0.673469
388.875		0.673469
389		0.673469
389.125		0.673469
389.25		0.673469
389.375		0.673469
389.5		0.673469
389.625		0.673469
389.75		0.673469
389.875		0.673469
390		0.673469
390.125		0.673469
390.25		0.673469
390.375		0.673469
390.5		0.673469
390.625		0.673469
390.75		0.673469
390.875		0.673469
391		0.673469
391.125		0.673469
391.25		0.673469
391.375		0.673469
391.5		0.673469
391.625		0.673469
391.75		0.673469
391.875		0.673469
392		0.673469
392.125		0.673469
392.25		0.673469
392.375		0.673469
392.5		0.673469
392.625		0.673469
392.75		0.673469
392.875		0.673469
393		0.673469
393.125		0.673469
393.25		0.673469
393.375		0.673469
393.5		0.673469
393.625		0.673469
393.75		0.673469
393.875		0.673469
394		0.673469
394.125		0.673469
394.25		0.673469
394.375		0.673469
394.5		0.673469
394.625		0.673469
394.75		0.673469
394.875		0.673469
395		0.673469
395.125		0.673469
395.25		0.673469
395.375		0.673469
395.5		0.673469
395.625		0.673469
395.75		0.673469
395.875		0.673469
396		0.673469
396.125		0.673469
396.25		0.673469
396.375		0.673469
396.5		0.673469
396.625		0.673469
396.75		0.673469
396.875		0.673469
397		0.673469
397.125		0.673469
397.25		0.673469
397.375		0.673469
397.5		0.673469
397.625		0.673469
397.75		0.673469
397.875		0.673469
398		0.673469
398.125		0.673469
398.25		0.673469
398.375		0.673469
398.5		0.673469
398.625		0.673469
398.75		0.673469
398.875		0.673469
399		0.673469
399.125		0.673469
399.25		0.673469
399.375		0.673469
399.5		0.673469
399.625		0.673469
399.75		0.673469
399.875		0.673469
400		0.673469
400.125		0.714286
400.25		0.714286
400.375		0.714286
400.5		0.714286
400.625		0.714286
400.75		0.714286
400.875		0.714286
401		0.714286
401.125		0.714286
401.25		0.714286
401.375		0.714286
401.5		0.714286
401.625		0.714286
401.75		0.714286
401.875		0.714286
402		0.714286
402.125		0.714286
402.25		0.714286
402.375		0.714286
402.5		0.714286
402.625		0.714286
402.75		0.714286
402.875		0.714286
403		0.714286
403.125		0.714286
403.25		0.714286
403.375		0.714286
403.5		0.714286
403.625		0.714286
403.75		0.714286
403.875		0.714286
404		0.714286
404.125		0.714286
404.25		0.714286
404.375		0.714286
404.5		0.714286
404.625		0.714286
404.75		0.714286
404.875		0.714286
405		0.714286
405.125		0.734694
405.25		0.734694
405.375		0.734694
405.5		0.734694
405.625		0.734694
405.75		0.734694
405.875		0.734694
406		0.734694
406.125		0.734694
406.25		0.734694
406.375		0.734694
406.5		0.734694
406.625		0.734694
406.75		0.734694
406.875		0.734694
407		0.734694
407.125		0.734694
407.25		0.734694
407.375		0.734694
407.5		0.734694
407.625		0.734694
407.75		0.734694
407.875		0.734694
408		0.734694
408.125		0.734694
408.25		0.734694
408.375		0.734694
408.5		0.734694
408.625		0.734694
408.75		0.734694
408.875		0.734694
409		0.734694
409.125		0.734694
409.25		0.734694
409.375		0.734694
409.5		0.734694
409.625		0.734694
409.75		0.734694
409.875		0.734694
410		0.734694
410.125		0.734694
410.25		0.734694
410.375		0.734694
410.5		0.734694
410.625		0.734694
410.75		0.734694
410.875		0.734694
411		0.734694
411.125		0.734694
411.25		0.734694
411.375		0.734694
411.5		0.734694
411.625		0.734694
411.75		0.734694
411.875		0.734694
412		0.734694
412.125		0.734694
412.25		0.734694
412.375		0.734694
412.5		0.734694
412.625		0.734694
412.75		0.734694
412.875		0.734694
413		0.734694
413.125		0.734694
413.25		0.734694
413.375		0.734694
413.5		0.734694
413.625		0.734694
413.75		0.734694
413.875		0.734694
414		0.734694
414.125		0.734694
414.25		0.734694
414.375		0.734694
414.5		0.734694
414.625		0.734694
414.75		0.734694
414.875		0.734694
415		0.734694
415.125		0.734694
415.25		0.734694
415.375		0.734694
415.5		0.734694
415.625		0.734694
415.75		0.734694
415.875		0.734694
416		0.734694
416.125		0.734694
416.25		0.734694
416.375		0.734694
416.5		0.734694
416.625		0.734694
416.75		0.734694
416.875		0.734694
417		0.734694
417.125		0.734694
417.25		0.734694
417.375		0.734694
417.5		0.734694
417.625		0.734694
417.75		0.734694
417.875		0.734694
418		0.734694
418.125		0.734694
418.25		0.734694
418.375		0.734694
418.5		0.734694
418.625		0.734694
418.75		0.734694
418.875		0.734694
419		0.734694
419.125		0.734694
419.25		0.734694
419.375		0.734694
419.5		0.734694
419.625		0.734694
419.75		0.734694
419.875		0.734694
420		0.734694
420.125		0.755102
420.25		0.755102
420.375		0.755102
420.5		0.755102
420.625		0.755102
420.75		0.755102
420.875		0.755102
421		0.755102
421.125		0.755102
421.25		0.755102
421.375		0.755102
421.5		0.755102
421.625		0.755102
421.75		0.755102
421.875		0.755102
422		0.755102
422.125		0.755102
422.25		0.755102
422.375		0.755102
422.5		0.755102
422.625		0.755102
422.75		0.755102
422.875		0.755102
423		0.755102
423.125		0.755102
423.25		0.755102
423.375		0.755102
423.5		0.755102
423.625		0.755102
423.75		0.755102
423.875		0.755102
424		0.755102
424.125		0.755102
424.25		0.755102
424.375		0.755102
424.5		0.755102
424.625		0.755102
424.75		0.755102
424.875		0.755102
425		0.755102
425.125		0.77551
425.25		0.77551
425.375		0.77551
425.5		0.77551
425.625		0.77551
425.75		0.77551
425.875		0.77551
426		0.77551
426.125		0.77551
426.25		0.77551
426.375		0.77551
426.5		0.77551
426.625		0.77551
426.75		0.77551
426.875		0.77551
427		0.77551
427.125		0.77551
427.25		0.77551
427.375		0.77551
427.5		0.77551
427.625		0.77551
427.75		0.77551
427.875		0.77551
428		0.77551
428.125		0.77551
428.25		0.77551
428.375		0.77551
428.5		0.77551
428.625		0.77551
428.75		0.77551
428.875		0.77551
429		0.77551
429.125		0.77551
429.25		0.77551
429.375		0.77551
429.5		0.77551
429.625		0.77551
429.75		0.77551
429.875		0.77551
430		0.77551
430.125		0.77551
430.25		0.77551
430.375		0.77551
430.5		0.77551
430.625		0.77551
430.75		0.77551
430.875		0.77551
431		0.77551
431.125		0.77551
431.25		0.77551
431.375		0.77551
431.5		0.77551
431.625		0.77551
431.75		0.77551
431.875		0.77551
432		0.77551
432.125		0.77551
432.25		0.77551
432.375		0.77551
432.5		0.77551
432.625		0.77551
432.75		0.77551
432.875		0.77551
433		0.77551
433.125		0.77551
433.25		0.77551
433.375		0.77551
433.5		0.77551
433.625		0.77551
433.75		0.77551
433.875		0.77551
434		0.77551
434.125		0.77551
434.25		0.77551
434.375		0.77551
434.5		0.77551
434.625		0.77551
434.75		0.77551
434.875		0.77551
435		0.77551
435.125		0.77551
435.25		0.77551
435.375		0.77551
435.5		0.77551
435.625		0.77551
435.75		0.77551
435.875		0.77551
436		0.77551
436.125		0.77551
436.25		0.77551
436.375		0.77551
436.5		0.77551
436.625		0.77551
436.75		0.77551
436.875		0.77551
437		0.77551
437.125		0.77551
437.25		0.77551
437.375		0.77551
437.5		0.77551
437.625		0.77551
437.75		0.77551
437.875		0.77551
438		0.77551
438.125		0.77551
438.25		0.77551
438.375		0.77551
438.5		0.77551
438.625		0.77551
438.75		0.77551
438.875		0.77551
439		0.77551
439.125		0.77551
439.25		0.77551
439.375		0.77551
439.5		0.77551
439.625		0.77551
439.75		0.77551
439.875		0.77551
440		0.77551
440.125		0.857143
440.25		0.857143
440.375		0.857143
440.5		0.857143
440.625		0.857143
440.75		0.857143
440.875		0.857143
441		0.857143
441.125		0.857143
441.25		0.857143
441.375		0.857143
441.5		0.857143
441.625		0.857143
441.75		0.857143
441.875		0.857143
442		0.857143
442.125		0.857143
442.25		0.857143
442.375		0.857143
442.5		0.857143
442.625		0.857143
442.75		0.857143
442.875		0.857143
443		0.857143
443.125		0.857143
443.25		0.857143
443.375		0.857143
443.5		0.857143
443.625		0.857143
443.75		0.857143
443.875		0.857143
444		0.857143
444.125		0.857143
444.25		0.857143
444.375		0.857143
444.5		0.857143
444.625		0.857143
444.75		0.857143
444.875		0.857143
445		0.857143
445.125		0.857143
445.25		0.857143
445.375		0.857143
445.5		0.857143
445.625		0.857143
445.75		0.857143
445.875		0.857143
446		0.857143
446.125		0.857143
446.25		0.857143
446.375		0.857143
446.5		0.857143
446.625		0.857143
446.75		0.857143
446.875		0.857143
447		0.857143
447.125		0.857143
447.25		0.857143
447.375		0.857143
447.5		0.857143
447.625		0.857143
447.75		0.857143
447.875		0.857143
448		0.857143
448.125		0.857143
448.25		0.857143
448.375		0.857143
448.5		0.857143
448.625		0.857143
448.75		0.857143
448.875		0.857143
449		0.857143
449.125		0.857143
449.25		0.857143
449.375		0.857143
449.5		0.857143
449.625		0.857143
449.75		0.857143
449.875		0.857143
450		0.857143
450.125		0.857143
450.25		0.857143
450.375		0.857143
450.5		0.857143
450.625		0.857143
450.75		0.857143
450.875		0.857143
451		0.857143
451.125		0.857143
451.25		0.857143
451.375		0.857143
451.5		0.857143
451.625		0.857143
451.75		0.857143
451.875		0.857143
452		0.857143
452.125		0.857143
452.25		0.857143
452.375		0.857143
452.5		0.857143
452.625		0.857143
452.75		0.857143
452.875		0.857143
453		0.857143
453.125		0.857143
453.25		0.857143
453.375		0.857143
453.5		0.857143
453.625		0.857143
453.75		0.857143
453.875		0.857143
454		0.857143
454.125		0.857143
454.25		0.857143
454.375		0.857143
454.5		0.857143
454.625		0.857143
454.75		0.857143
454.875		0.857143
455		0.857143
455.125		0.877551
455.25		0.877551
455.375		0.877551
455.5		0.877551
455.625		0.877551
455.75		0.877551
455.875		0.877551
456		0.877551
456.125		0.877551
456.25		0.877551
456.375		0.877551
456.5		0.877551
456.625		0.877551
456.75		0.877551
456.875		0.877551
457		0.877551
457.125		0.877551
457.25		0.877551
457.375		0.877551
457.5		0.877551
457.625		0.877551
457.75		0.877551
457.875		0.877551
458		0.877551
458.125		0.877551
458.25		0.877551
458.375		0.877551
458.5		0.877551
458.625		0.877551
458.75		0.877551
458.875		0.877551
459		0.877551
459.125		0.877551
459.25		0.877551
459.375		0.877551
459.5		0.877551
459.625		0.877551
459.75		0.877551
459.875		0.877551
460		0.877551
460.125		0.897959
460.25		0.897959
460.375		0.897959
460.5		0.897959
460.625		0.897959
460.75		0.897959
460.875		0.897959
461		0.897959
461.125		0.897959
461.25		0.897959
461.375		0.897959
461.5		0.897959
461.625		0.897959
461.75		0.897959
461.875		0.897959
462		0.897959
462.125		0.897959
462.25		0.897959
462.375		0.897959
462.5		0.897959
462.625		0.897959
462.75		0.897959
462.875		0.897959
463		0.897959
463.125		0.897959
463.25		0.897959
463.375		0.897959
463.5		0.897959
463.625		0.897959
463.75		0.897959
463.875		0.897959
464		0.897959
464.125		0.897959
464.25		0.897959
464.375		0.897959
464.5		0.897959
464.625		0.897959
464.75		0.897959
464.875		0.897959
465		0.897959
465.125		0.897959
465.25		0.897959
465.375		0.897959
465.5		0.897959
465.625		0.897959
465.75		0.897959
465.875		0.897959
466		0.897959
466.125		0.897959
466.25		0.897959
466.375		0.897959
466.5		0.897959
466.625		0.897959
466.75		0.897959
466.875		0.897959
467		0.897959
467.125		0.897959
467.25		0.897959
467.375		0.897959
467.5		0.897959
467.625		0.897959
467.75		0.897959
467.875		0.897959
468		0.897959
468.125		0.897959
468.25		0.897959
468.375		0.897959
468.5		0.897959
468.625		0.897959
468.75		0.897959
468.875		0.897959
469		0.897959
469.125		0.897959
469.25		0.897959
469.375		0.897959
469.5		0.897959
469.625		0.897959
469.75		0.897959
469.875		0.897959
470		0.897959
470.125		0.897959
470.25		0.897959
470.375		0.897959
470.5		0.897959
470.625		0.897959
470.75		0.897959
470.875		0.897959
471		0.897959
471.125		0.897959
471.25		0.897959
471.375		0.897959
471.5		0.897959
471.625		0.897959
471.75		0.897959
471.875		0.897959
472		0.897959
472.125		0.897959
472.25		0.897959
472.375		0.897959
472.5		0.897959
472.625		0.897959
472.75		0.897959
472.875		0.897959
473		0.897959
473.125		0.897959
473.25		0.897959
473.375		0.897959
473.5		0.897959
473.625		0.897959
473.75		0.897959
473.875		0.897959
474		0.897959
474.125		0.897959
474.25		0.897959
474.375		0.897959
474.5		0.897959
474.625		0.897959
474.75		0.897959
474.875		0.897959
475		0.897959
475.125		0.897959
475.25		0.897959
475.375		0.897959
475.5		0.897959
475.625		0.897959
475.75		0.897959
475.875		0.897959
476		0.897959
476.125		0.897959
476.25		0.897959
476.375		0.897959
476.5		0.897959
476.625		0.897959
476.75		0.897959
476.875		0.897959
477		0.897959
477.125		0.897959
477.25		0.897959
477.375		0.897959
477.5		0.897959
477.625		0.897959
477.75		0.897959
477.875		0.897959
478		0.897959
478.125		0.897959
478.25		0.897959
478.375		0.897959
478.5		0.897959
478.625		0.897959
478.75		0.897959
478.875		0.897959
479		0.897959
479.125		0.897959
479.25		0.897959
479.375		0.897959
479.5		0.897959
479.625		0.897959
479.75		0.897959
479.875		0.897959
480		0.897959
480.125		0.979592
480.25		0.979592
480.375		0.979592
480.5		0.979592
480.625		0.979592
480.75		0.979592
480.875		0.979592
481		0.979592
481.125		0.979592
481.25		0.979592
481.375		0.979592
481.5		0.979592
481.625		0.979592
481.75		0.979592
481.875		0.979592
482		0.979592
482.125		0.979592
482.25		0.979592
482.375		0.979592
482.5		0.979592
482.625		0.979592
482.75		0.979592
482.875		0.979592
483		0.979592
483.125		0.979592
483.25		0.979592
483.375		0.979592
483.5		0.979592
483.625		0.979592
483.75		0.979592
483.875		0.979592
484		0.979592
484.125		0.979592
484.25		0.979592
484.375		0.979592
484.5		0.979592
484.625		0.979592
484.75		0.979592
484.875		0.979592
485		0.979592
485.125		1
485.25		1
485.375		1
485.5		1
485.625		1
485.75		1
485.875		1
486		1
486.125		1
486.25		1
486.375		1
486.5		1
486.625		1
486.75		1
486.875		1
487		1
487.125		1
487.25		1
487.375		1
487.5		1
487.625		1
487.75		1
487.875		1
488		1
488.125		1
488.25		1
488.375		1
488.5		1
488.625		1
488.75		1
488.875		1
489		1
489.125		1
489.25		1
489.375		1
489.5		1
489.625		1
489.75		1
489.875		1
490		1
490.125		1
490.25		1
490.375		1
490.5		1
490.625		1
490.75		1
490.875		1
491		1
491.125		1
491.25		1
491.375		1
491.5		1
491.625		1
491.75		1
491.875		1
492		1
492.125		1
492.25		1
492.375		1
492.5		1
492.625		1
492.75		1
492.875		1
493		1
493.125		1
493.25		1
493.375		1
493.5		1
493.625		1
493.75		1
493.875		1
494		1
494.125		1
494.25		1
494.375		1
494.5		1
494.625		1
494.75		1
494.875		1
495		1
495.125		1
495.25		1
495.375		1
495.5		1
495.625		1
495.75		1
495.875		1
496		1
496.125		1
496.25		1
496.375		1
496.5		1
496.625		1
496.75		1
496.875		1
497		1
497.125		1
497.25		1
497.375		1
497.5		1
497.625		1
497.75		1
497.875		1
498		1
498.125		1
498.25		1
498.375		1
498.5		1
498.625		1
498.75		1
498.875		1
499		1
499.125		1
499.25		1
499.375		1
499.5		1
499.625		1
499.75		1
499.875		1
500		1
