# Calibration file of tamex_id 0 @ channel 19
# fine_T bin		 Calibration value
0.125		0
0.25		0
0.375		0
0.5		0
0.625		0
0.75		0
0.875		0
1		0
1.125		0
1.25		0
1.375		0
1.5		0
1.625		0
1.75		0
1.875		0
2		0
2.125		0
2.25		0
2.375		0
2.5		0
2.625		0
2.75		0
2.875		0
3		0
3.125		0
3.25		0
3.375		0
3.5		0
3.625		0
3.75		0
3.875		0
4		0
4.125		0
4.25		0
4.375		0
4.5		0
4.625		0
4.75		0
4.875		0
5		0
5.125		0
5.25		0
5.375		0
5.5		0
5.625		0
5.75		0
5.875		0
6		0
6.125		0
6.25		0
6.375		0
6.5		0
6.625		0
6.75		0
6.875		0
7		0
7.125		0
7.25		0
7.375		0
7.5		0
7.625		0
7.75		0
7.875		0
8		0
8.125		0
8.25		0
8.375		0
8.5		0
8.625		0
8.75		0
8.875		0
9		0
9.125		0
9.25		0
9.375		0
9.5		0
9.625		0
9.75		0
9.875		0
10		0
10.125		0
10.25		0
10.375		0
10.5		0
10.625		0
10.75		0
10.875		0
11		0
11.125		0
11.25		0
11.375		0
11.5		0
11.625		0
11.75		0
11.875		0
12		0
12.125		0
12.25		0
12.375		0
12.5		0
12.625		0
12.75		0
12.875		0
13		0
13.125		0
13.25		0
13.375		0
13.5		0
13.625		0
13.75		0
13.875		0
14		0
14.125		0
14.25		0
14.375		0
14.5		0
14.625		0
14.75		0
14.875		0
15		0
15.125		0
15.25		0
15.375		0
15.5		0
15.625		0
15.75		0
15.875		0
16		0
16.125		0
16.25		0
16.375		0
16.5		0
16.625		0
16.75		0
16.875		0
17		0
17.125		0
17.25		0
17.375		0
17.5		0
17.625		0
17.75		0
17.875		0
18		0
18.125		0
18.25		0
18.375		0
18.5		0
18.625		0
18.75		0
18.875		0
19		0
19.125		0
19.25		0
19.375		0
19.5		0
19.625		0
19.75		0
19.875		0
20		0
20.125		0
20.25		0
20.375		0
20.5		0
20.625		0
20.75		0
20.875		0
21		0
21.125		0
21.25		0
21.375		0
21.5		0
21.625		0
21.75		0
21.875		0
22		0
22.125		0
22.25		0
22.375		0
22.5		0
22.625		0
22.75		0
22.875		0
23		0
23.125		0
23.25		0
23.375		0
23.5		0
23.625		0
23.75		0
23.875		0
24		0
24.125		0
24.25		0
24.375		0
24.5		0
24.625		0
24.75		0
24.875		0
25		0
25.125		0
25.25		0
25.375		0
25.5		0
25.625		0
25.75		0
25.875		0
26		0
26.125		0
26.25		0
26.375		0
26.5		0
26.625		0
26.75		0
26.875		0
27		0
27.125		0
27.25		0
27.375		0
27.5		0
27.625		0
27.75		0
27.875		0
28		0
28.125		0
28.25		0
28.375		0
28.5		0
28.625		0
28.75		0
28.875		0
29		0
29.125		0
29.25		0
29.375		0
29.5		0
29.625		0
29.75		0
29.875		0
30		0
30.125		0
30.25		0
30.375		0
30.5		0
30.625		0
30.75		0
30.875		0
31		0
31.125		0
31.25		0
31.375		0
31.5		0
31.625		0
31.75		0
31.875		0
32		0
32.125		0
32.25		0
32.375		0
32.5		0
32.625		0
32.75		0
32.875		0
33		0
33.125		0
33.25		0
33.375		0
33.5		0
33.625		0
33.75		0
33.875		0
34		0
34.125		0
34.25		0
34.375		0
34.5		0
34.625		0
34.75		0
34.875		0
35		0
35.125		0
35.25		0
35.375		0
35.5		0
35.625		0
35.75		0
35.875		0
36		0
36.125		0
36.25		0
36.375		0
36.5		0
36.625		0
36.75		0
36.875		0
37		0
37.125		0
37.25		0
37.375		0
37.5		0
37.625		0
37.75		0
37.875		0
38		0
38.125		0
38.25		0
38.375		0
38.5		0
38.625		0
38.75		0
38.875		0
39		0
39.125		0
39.25		0
39.375		0
39.5		0
39.625		0
39.75		0
39.875		0
40		0
40.125		0
40.25		0
40.375		0
40.5		0
40.625		0
40.75		0
40.875		0
41		0
41.125		0
41.25		0
41.375		0
41.5		0
41.625		0
41.75		0
41.875		0
42		0
42.125		0
42.25		0
42.375		0
42.5		0
42.625		0
42.75		0
42.875		0
43		0
43.125		0
43.25		0
43.375		0
43.5		0
43.625		0
43.75		0
43.875		0
44		0
44.125		0
44.25		0
44.375		0
44.5		0
44.625		0
44.75		0
44.875		0
45		0
45.125		0
45.25		0
45.375		0
45.5		0
45.625		0
45.75		0
45.875		0
46		0
46.125		0
46.25		0
46.375		0
46.5		0
46.625		0
46.75		0
46.875		0
47		0
47.125		0
47.25		0
47.375		0
47.5		0
47.625		0
47.75		0
47.875		0
48		0
48.125		0
48.25		0
48.375		0
48.5		0
48.625		0
48.75		0
48.875		0
49		0
49.125		0
49.25		0
49.375		0
49.5		0
49.625		0
49.75		0
49.875		0
50		0
50.125		0
50.25		0
50.375		0
50.5		0
50.625		0
50.75		0
50.875		0
51		0
51.125		0
51.25		0
51.375		0
51.5		0
51.625		0
51.75		0
51.875		0
52		0
52.125		0
52.25		0
52.375		0
52.5		0
52.625		0
52.75		0
52.875		0
53		0
53.125		0
53.25		0
53.375		0
53.5		0
53.625		0
53.75		0
53.875		0
54		0
54.125		0
54.25		0
54.375		0
54.5		0
54.625		0
54.75		0
54.875		0
55		0
55.125		0
55.25		0
55.375		0
55.5		0
55.625		0
55.75		0
55.875		0
56		0
56.125		0
56.25		0
56.375		0
56.5		0
56.625		0
56.75		0
56.875		0
57		0
57.125		0
57.25		0
57.375		0
57.5		0
57.625		0
57.75		0
57.875		0
58		0
58.125		0
58.25		0
58.375		0
58.5		0
58.625		0
58.75		0
58.875		0
59		0
59.125		0
59.25		0
59.375		0
59.5		0
59.625		0
59.75		0
59.875		0
60		0
60.125		0
60.25		0
60.375		0
60.5		0
60.625		0
60.75		0
60.875		0
61		0
61.125		0
61.25		0
61.375		0
61.5		0
61.625		0
61.75		0
61.875		0
62		0
62.125		0
62.25		0
62.375		0
62.5		0
62.625		0
62.75		0
62.875		0
63		0
63.125		0
63.25		0
63.375		0
63.5		0
63.625		0
63.75		0
63.875		0
64		0
64.125		0
64.25		0
64.375		0
64.5		0
64.625		0
64.75		0
64.875		0
65		0
65.125		0
65.25		0
65.375		0
65.5		0
65.625		0
65.75		0
65.875		0
66		0
66.125		0
66.25		0
66.375		0
66.5		0
66.625		0
66.75		0
66.875		0
67		0
67.125		0
67.25		0
67.375		0
67.5		0
67.625		0
67.75		0
67.875		0
68		0
68.125		0
68.25		0
68.375		0
68.5		0
68.625		0
68.75		0
68.875		0
69		0
69.125		0
69.25		0
69.375		0
69.5		0
69.625		0
69.75		0
69.875		0
70		0
70.125		0
70.25		0
70.375		0
70.5		0
70.625		0
70.75		0
70.875		0
71		0
71.125		0
71.25		0
71.375		0
71.5		0
71.625		0
71.75		0
71.875		0
72		0
72.125		0
72.25		0
72.375		0
72.5		0
72.625		0
72.75		0
72.875		0
73		0
73.125		0
73.25		0
73.375		0
73.5		0
73.625		0
73.75		0
73.875		0
74		0
74.125		0
74.25		0
74.375		0
74.5		0
74.625		0
74.75		0
74.875		0
75		0
75.125		0
75.25		0
75.375		0
75.5		0
75.625		0
75.75		0
75.875		0
76		0
76.125		0
76.25		0
76.375		0
76.5		0
76.625		0
76.75		0
76.875		0
77		0
77.125		0
77.25		0
77.375		0
77.5		0
77.625		0
77.75		0
77.875		0
78		0
78.125		0
78.25		0
78.375		0
78.5		0
78.625		0
78.75		0
78.875		0
79		0
79.125		0
79.25		0
79.375		0
79.5		0
79.625		0
79.75		0
79.875		0
80		0
80.125		0
80.25		0
80.375		0
80.5		0
80.625		0
80.75		0
80.875		0
81		0
81.125		0
81.25		0
81.375		0
81.5		0
81.625		0
81.75		0
81.875		0
82		0
82.125		0
82.25		0
82.375		0
82.5		0
82.625		0
82.75		0
82.875		0
83		0
83.125		0
83.25		0
83.375		0
83.5		0
83.625		0
83.75		0
83.875		0
84		0
84.125		0
84.25		0
84.375		0
84.5		0
84.625		0
84.75		0
84.875		0
85		0
85.125		0
85.25		0
85.375		0
85.5		0
85.625		0
85.75		0
85.875		0
86		0
86.125		0
86.25		0
86.375		0
86.5		0
86.625		0
86.75		0
86.875		0
87		0
87.125		0
87.25		0
87.375		0
87.5		0
87.625		0
87.75		0
87.875		0
88		0
88.125		0
88.25		0
88.375		0
88.5		0
88.625		0
88.75		0
88.875		0
89		0
89.125		0
89.25		0
89.375		0
89.5		0
89.625		0
89.75		0
89.875		0
90		0
90.125		0
90.25		0
90.375		0
90.5		0
90.625		0
90.75		0
90.875		0
91		0
91.125		0
91.25		0
91.375		0
91.5		0
91.625		0
91.75		0
91.875		0
92		0
92.125		0
92.25		0
92.375		0
92.5		0
92.625		0
92.75		0
92.875		0
93		0
93.125		0
93.25		0
93.375		0
93.5		0
93.625		0
93.75		0
93.875		0
94		0
94.125		0
94.25		0
94.375		0
94.5		0
94.625		0
94.75		0
94.875		0
95		0
95.125		0
95.25		0
95.375		0
95.5		0
95.625		0
95.75		0
95.875		0
96		0
96.125		0
96.25		0
96.375		0
96.5		0
96.625		0
96.75		0
96.875		0
97		0
97.125		0
97.25		0
97.375		0
97.5		0
97.625		0
97.75		0
97.875		0
98		0
98.125		0
98.25		0
98.375		0
98.5		0
98.625		0
98.75		0
98.875		0
99		0
99.125		0
99.25		0
99.375		0
99.5		0
99.625		0
99.75		0
99.875		0
100		0
100.125		0
100.25		0
100.375		0
100.5		0
100.625		0
100.75		0
100.875		0
101		0
101.125		0
101.25		0
101.375		0
101.5		0
101.625		0
101.75		0
101.875		0
102		0
102.125		0
102.25		0
102.375		0
102.5		0
102.625		0
102.75		0
102.875		0
103		0
103.125		0
103.25		0
103.375		0
103.5		0
103.625		0
103.75		0
103.875		0
104		0
104.125		0
104.25		0
104.375		0
104.5		0
104.625		0
104.75		0
104.875		0
105		0
105.125		0.00280014
105.25		0.00280014
105.375		0.00280014
105.5		0.00280014
105.625		0.00280014
105.75		0.00280014
105.875		0.00280014
106		0.00280014
106.125		0.00280014
106.25		0.00280014
106.375		0.00280014
106.5		0.00280014
106.625		0.00280014
106.75		0.00280014
106.875		0.00280014
107		0.00280014
107.125		0.00280014
107.25		0.00280014
107.375		0.00280014
107.5		0.00280014
107.625		0.00280014
107.75		0.00280014
107.875		0.00280014
108		0.00280014
108.125		0.00280014
108.25		0.00280014
108.375		0.00280014
108.5		0.00280014
108.625		0.00280014
108.75		0.00280014
108.875		0.00280014
109		0.00280014
109.125		0.00280014
109.25		0.00280014
109.375		0.00280014
109.5		0.00280014
109.625		0.00280014
109.75		0.00280014
109.875		0.00280014
110		0.00280014
110.125		0.0252013
110.25		0.0252013
110.375		0.0252013
110.5		0.0252013
110.625		0.0252013
110.75		0.0252013
110.875		0.0252013
111		0.0252013
111.125		0.0252013
111.25		0.0252013
111.375		0.0252013
111.5		0.0252013
111.625		0.0252013
111.75		0.0252013
111.875		0.0252013
112		0.0252013
112.125		0.0252013
112.25		0.0252013
112.375		0.0252013
112.5		0.0252013
112.625		0.0252013
112.75		0.0252013
112.875		0.0252013
113		0.0252013
113.125		0.0252013
113.25		0.0252013
113.375		0.0252013
113.5		0.0252013
113.625		0.0252013
113.75		0.0252013
113.875		0.0252013
114		0.0252013
114.125		0.0252013
114.25		0.0252013
114.375		0.0252013
114.5		0.0252013
114.625		0.0252013
114.75		0.0252013
114.875		0.0252013
115		0.0252013
115.125		0.0376852
115.25		0.0376852
115.375		0.0376852
115.5		0.0376852
115.625		0.0376852
115.75		0.0376852
115.875		0.0376852
116		0.0376852
116.125		0.0376852
116.25		0.0376852
116.375		0.0376852
116.5		0.0376852
116.625		0.0376852
116.75		0.0376852
116.875		0.0376852
117		0.0376852
117.125		0.0376852
117.25		0.0376852
117.375		0.0376852
117.5		0.0376852
117.625		0.0376852
117.75		0.0376852
117.875		0.0376852
118		0.0376852
118.125		0.0376852
118.25		0.0376852
118.375		0.0376852
118.5		0.0376852
118.625		0.0376852
118.75		0.0376852
118.875		0.0376852
119		0.0376852
119.125		0.0376852
119.25		0.0376852
119.375		0.0376852
119.5		0.0376852
119.625		0.0376852
119.75		0.0376852
119.875		0.0376852
120		0.0376852
120.125		0.0677867
120.25		0.0677867
120.375		0.0677867
120.5		0.0677867
120.625		0.0677867
120.75		0.0677867
120.875		0.0677867
121		0.0677867
121.125		0.0677867
121.25		0.0677867
121.375		0.0677867
121.5		0.0677867
121.625		0.0677867
121.75		0.0677867
121.875		0.0677867
122		0.0677867
122.125		0.0677867
122.25		0.0677867
122.375		0.0677867
122.5		0.0677867
122.625		0.0677867
122.75		0.0677867
122.875		0.0677867
123		0.0677867
123.125		0.0677867
123.25		0.0677867
123.375		0.0677867
123.5		0.0677867
123.625		0.0677867
123.75		0.0677867
123.875		0.0677867
124		0.0677867
124.125		0.0677867
124.25		0.0677867
124.375		0.0677867
124.5		0.0677867
124.625		0.0677867
124.75		0.0677867
124.875		0.0677867
125		0.0677867
125.125		0.0702952
125.25		0.0702952
125.375		0.0702952
125.5		0.0702952
125.625		0.0702952
125.75		0.0702952
125.875		0.0702952
126		0.0702952
126.125		0.0702952
126.25		0.0702952
126.375		0.0702952
126.5		0.0702952
126.625		0.0702952
126.75		0.0702952
126.875		0.0702952
127		0.0702952
127.125		0.0702952
127.25		0.0702952
127.375		0.0702952
127.5		0.0702952
127.625		0.0702952
127.75		0.0702952
127.875		0.0702952
128		0.0702952
128.125		0.0702952
128.25		0.0702952
128.375		0.0702952
128.5		0.0702952
128.625		0.0702952
128.75		0.0702952
128.875		0.0702952
129		0.0702952
129.125		0.0702952
129.25		0.0702952
129.375		0.0702952
129.5		0.0702952
129.625		0.0702952
129.75		0.0702952
129.875		0.0702952
130		0.0702952
130.125		0.073387
130.25		0.073387
130.375		0.073387
130.5		0.073387
130.625		0.073387
130.75		0.073387
130.875		0.073387
131		0.073387
131.125		0.073387
131.25		0.073387
131.375		0.073387
131.5		0.073387
131.625		0.073387
131.75		0.073387
131.875		0.073387
132		0.073387
132.125		0.073387
132.25		0.073387
132.375		0.073387
132.5		0.073387
132.625		0.073387
132.75		0.073387
132.875		0.073387
133		0.073387
133.125		0.073387
133.25		0.073387
133.375		0.073387
133.5		0.073387
133.625		0.073387
133.75		0.073387
133.875		0.073387
134		0.073387
134.125		0.073387
134.25		0.073387
134.375		0.073387
134.5		0.073387
134.625		0.073387
134.75		0.073387
134.875		0.073387
135		0.073387
135.125		0.0878544
135.25		0.0878544
135.375		0.0878544
135.5		0.0878544
135.625		0.0878544
135.75		0.0878544
135.875		0.0878544
136		0.0878544
136.125		0.0878544
136.25		0.0878544
136.375		0.0878544
136.5		0.0878544
136.625		0.0878544
136.75		0.0878544
136.875		0.0878544
137		0.0878544
137.125		0.0878544
137.25		0.0878544
137.375		0.0878544
137.5		0.0878544
137.625		0.0878544
137.75		0.0878544
137.875		0.0878544
138		0.0878544
138.125		0.0878544
138.25		0.0878544
138.375		0.0878544
138.5		0.0878544
138.625		0.0878544
138.75		0.0878544
138.875		0.0878544
139		0.0878544
139.125		0.0878544
139.25		0.0878544
139.375		0.0878544
139.5		0.0878544
139.625		0.0878544
139.75		0.0878544
139.875		0.0878544
140		0.0878544
140.125		0.109905
140.25		0.109905
140.375		0.109905
140.5		0.109905
140.625		0.109905
140.75		0.109905
140.875		0.109905
141		0.109905
141.125		0.109905
141.25		0.109905
141.375		0.109905
141.5		0.109905
141.625		0.109905
141.75		0.109905
141.875		0.109905
142		0.109905
142.125		0.109905
142.25		0.109905
142.375		0.109905
142.5		0.109905
142.625		0.109905
142.75		0.109905
142.875		0.109905
143		0.109905
143.125		0.109905
143.25		0.109905
143.375		0.109905
143.5		0.109905
143.625		0.109905
143.75		0.109905
143.875		0.109905
144		0.109905
144.125		0.109905
144.25		0.109905
144.375		0.109905
144.5		0.109905
144.625		0.109905
144.75		0.109905
144.875		0.109905
145		0.109905
145.125		0.128515
145.25		0.128515
145.375		0.128515
145.5		0.128515
145.625		0.128515
145.75		0.128515
145.875		0.128515
146		0.128515
146.125		0.128515
146.25		0.128515
146.375		0.128515
146.5		0.128515
146.625		0.128515
146.75		0.128515
146.875		0.128515
147		0.128515
147.125		0.128515
147.25		0.128515
147.375		0.128515
147.5		0.128515
147.625		0.128515
147.75		0.128515
147.875		0.128515
148		0.128515
148.125		0.128515
148.25		0.128515
148.375		0.128515
148.5		0.128515
148.625		0.128515
148.75		0.128515
148.875		0.128515
149		0.128515
149.125		0.128515
149.25		0.128515
149.375		0.128515
149.5		0.128515
149.625		0.128515
149.75		0.128515
149.875		0.128515
150		0.128515
150.125		0.136098
150.25		0.136098
150.375		0.136098
150.5		0.136098
150.625		0.136098
150.75		0.136098
150.875		0.136098
151		0.136098
151.125		0.136098
151.25		0.136098
151.375		0.136098
151.5		0.136098
151.625		0.136098
151.75		0.136098
151.875		0.136098
152		0.136098
152.125		0.136098
152.25		0.136098
152.375		0.136098
152.5		0.136098
152.625		0.136098
152.75		0.136098
152.875		0.136098
153		0.136098
153.125		0.136098
153.25		0.136098
153.375		0.136098
153.5		0.136098
153.625		0.136098
153.75		0.136098
153.875		0.136098
154		0.136098
154.125		0.136098
154.25		0.136098
154.375		0.136098
154.5		0.136098
154.625		0.136098
154.75		0.136098
154.875		0.136098
155		0.136098
155.125		0.140182
155.25		0.140182
155.375		0.140182
155.5		0.140182
155.625		0.140182
155.75		0.140182
155.875		0.140182
156		0.140182
156.125		0.140182
156.25		0.140182
156.375		0.140182
156.5		0.140182
156.625		0.140182
156.75		0.140182
156.875		0.140182
157		0.140182
157.125		0.140182
157.25		0.140182
157.375		0.140182
157.5		0.140182
157.625		0.140182
157.75		0.140182
157.875		0.140182
158		0.140182
158.125		0.140182
158.25		0.140182
158.375		0.140182
158.5		0.140182
158.625		0.140182
158.75		0.140182
158.875		0.140182
159		0.140182
159.125		0.140182
159.25		0.140182
159.375		0.140182
159.5		0.140182
159.625		0.140182
159.75		0.140182
159.875		0.140182
160		0.140182
160.125		0.168067
160.25		0.168067
160.375		0.168067
160.5		0.168067
160.625		0.168067
160.75		0.168067
160.875		0.168067
161		0.168067
161.125		0.168067
161.25		0.168067
161.375		0.168067
161.5		0.168067
161.625		0.168067
161.75		0.168067
161.875		0.168067
162		0.168067
162.125		0.168067
162.25		0.168067
162.375		0.168067
162.5		0.168067
162.625		0.168067
162.75		0.168067
162.875		0.168067
163		0.168067
163.125		0.168067
163.25		0.168067
163.375		0.168067
163.5		0.168067
163.625		0.168067
163.75		0.168067
163.875		0.168067
164		0.168067
164.125		0.168067
164.25		0.168067
164.375		0.168067
164.5		0.168067
164.625		0.168067
164.75		0.168067
164.875		0.168067
165		0.168067
165.125		0.176525
165.25		0.176525
165.375		0.176525
165.5		0.176525
165.625		0.176525
165.75		0.176525
165.875		0.176525
166		0.176525
166.125		0.176525
166.25		0.176525
166.375		0.176525
166.5		0.176525
166.625		0.176525
166.75		0.176525
166.875		0.176525
167		0.176525
167.125		0.176525
167.25		0.176525
167.375		0.176525
167.5		0.176525
167.625		0.176525
167.75		0.176525
167.875		0.176525
168		0.176525
168.125		0.176525
168.25		0.176525
168.375		0.176525
168.5		0.176525
168.625		0.176525
168.75		0.176525
168.875		0.176525
169		0.176525
169.125		0.176525
169.25		0.176525
169.375		0.176525
169.5		0.176525
169.625		0.176525
169.75		0.176525
169.875		0.176525
170		0.176525
170.125		0.178451
170.25		0.178451
170.375		0.178451
170.5		0.178451
170.625		0.178451
170.75		0.178451
170.875		0.178451
171		0.178451
171.125		0.178451
171.25		0.178451
171.375		0.178451
171.5		0.178451
171.625		0.178451
171.75		0.178451
171.875		0.178451
172		0.178451
172.125		0.178451
172.25		0.178451
172.375		0.178451
172.5		0.178451
172.625		0.178451
172.75		0.178451
172.875		0.178451
173		0.178451
173.125		0.178451
173.25		0.178451
173.375		0.178451
173.5		0.178451
173.625		0.178451
173.75		0.178451
173.875		0.178451
174		0.178451
174.125		0.178451
174.25		0.178451
174.375		0.178451
174.5		0.178451
174.625		0.178451
174.75		0.178451
174.875		0.178451
175		0.178451
175.125		0.202543
175.25		0.202543
175.375		0.202543
175.5		0.202543
175.625		0.202543
175.75		0.202543
175.875		0.202543
176		0.202543
176.125		0.202543
176.25		0.202543
176.375		0.202543
176.5		0.202543
176.625		0.202543
176.75		0.202543
176.875		0.202543
177		0.202543
177.125		0.202543
177.25		0.202543
177.375		0.202543
177.5		0.202543
177.625		0.202543
177.75		0.202543
177.875		0.202543
178		0.202543
178.125		0.202543
178.25		0.202543
178.375		0.202543
178.5		0.202543
178.625		0.202543
178.75		0.202543
178.875		0.202543
179		0.202543
179.125		0.202543
179.25		0.202543
179.375		0.202543
179.5		0.202543
179.625		0.202543
179.75		0.202543
179.875		0.202543
180		0.202543
180.125		0.204002
180.25		0.204002
180.375		0.204002
180.5		0.204002
180.625		0.204002
180.75		0.204002
180.875		0.204002
181		0.204002
181.125		0.204002
181.25		0.204002
181.375		0.204002
181.5		0.204002
181.625		0.204002
181.75		0.204002
181.875		0.204002
182		0.204002
182.125		0.204002
182.25		0.204002
182.375		0.204002
182.5		0.204002
182.625		0.204002
182.75		0.204002
182.875		0.204002
183		0.204002
183.125		0.204002
183.25		0.204002
183.375		0.204002
183.5		0.204002
183.625		0.204002
183.75		0.204002
183.875		0.204002
184		0.204002
184.125		0.204002
184.25		0.204002
184.375		0.204002
184.5		0.204002
184.625		0.204002
184.75		0.204002
184.875		0.204002
185		0.204002
185.125		0.228153
185.25		0.228153
185.375		0.228153
185.5		0.228153
185.625		0.228153
185.75		0.228153
185.875		0.228153
186		0.228153
186.125		0.228153
186.25		0.228153
186.375		0.228153
186.5		0.228153
186.625		0.228153
186.75		0.228153
186.875		0.228153
187		0.228153
187.125		0.228153
187.25		0.228153
187.375		0.228153
187.5		0.228153
187.625		0.228153
187.75		0.228153
187.875		0.228153
188		0.228153
188.125		0.228153
188.25		0.228153
188.375		0.228153
188.5		0.228153
188.625		0.228153
188.75		0.228153
188.875		0.228153
189		0.228153
189.125		0.228153
189.25		0.228153
189.375		0.228153
189.5		0.228153
189.625		0.228153
189.75		0.228153
189.875		0.228153
190		0.228153
190.125		0.231828
190.25		0.231828
190.375		0.231828
190.5		0.231828
190.625		0.231828
190.75		0.231828
190.875		0.231828
191		0.231828
191.125		0.231828
191.25		0.231828
191.375		0.231828
191.5		0.231828
191.625		0.231828
191.75		0.231828
191.875		0.231828
192		0.231828
192.125		0.231828
192.25		0.231828
192.375		0.231828
192.5		0.231828
192.625		0.231828
192.75		0.231828
192.875		0.231828
193		0.231828
193.125		0.231828
193.25		0.231828
193.375		0.231828
193.5		0.231828
193.625		0.231828
193.75		0.231828
193.875		0.231828
194		0.231828
194.125		0.231828
194.25		0.231828
194.375		0.231828
194.5		0.231828
194.625		0.231828
194.75		0.231828
194.875		0.231828
195		0.231828
195.125		0.248862
195.25		0.248862
195.375		0.248862
195.5		0.248862
195.625		0.248862
195.75		0.248862
195.875		0.248862
196		0.248862
196.125		0.248862
196.25		0.248862
196.375		0.248862
196.5		0.248862
196.625		0.248862
196.75		0.248862
196.875		0.248862
197		0.248862
197.125		0.248862
197.25		0.248862
197.375		0.248862
197.5		0.248862
197.625		0.248862
197.75		0.248862
197.875		0.248862
198		0.248862
198.125		0.248862
198.25		0.248862
198.375		0.248862
198.5		0.248862
198.625		0.248862
198.75		0.248862
198.875		0.248862
199		0.248862
199.125		0.248862
199.25		0.248862
199.375		0.248862
199.5		0.248862
199.625		0.248862
199.75		0.248862
199.875		0.248862
200		0.248862
200.125		0.261813
200.25		0.261813
200.375		0.261813
200.5		0.261813
200.625		0.261813
200.75		0.261813
200.875		0.261813
201		0.261813
201.125		0.261813
201.25		0.261813
201.375		0.261813
201.5		0.261813
201.625		0.261813
201.75		0.261813
201.875		0.261813
202		0.261813
202.125		0.261813
202.25		0.261813
202.375		0.261813
202.5		0.261813
202.625		0.261813
202.75		0.261813
202.875		0.261813
203		0.261813
203.125		0.261813
203.25		0.261813
203.375		0.261813
203.5		0.261813
203.625		0.261813
203.75		0.261813
203.875		0.261813
204		0.261813
204.125		0.261813
204.25		0.261813
204.375		0.261813
204.5		0.261813
204.625		0.261813
204.75		0.261813
204.875		0.261813
205		0.261813
205.125		0.271322
205.25		0.271322
205.375		0.271322
205.5		0.271322
205.625		0.271322
205.75		0.271322
205.875		0.271322
206		0.271322
206.125		0.271322
206.25		0.271322
206.375		0.271322
206.5		0.271322
206.625		0.271322
206.75		0.271322
206.875		0.271322
207		0.271322
207.125		0.271322
207.25		0.271322
207.375		0.271322
207.5		0.271322
207.625		0.271322
207.75		0.271322
207.875		0.271322
208		0.271322
208.125		0.271322
208.25		0.271322
208.375		0.271322
208.5		0.271322
208.625		0.271322
208.75		0.271322
208.875		0.271322
209		0.271322
209.125		0.271322
209.25		0.271322
209.375		0.271322
209.5		0.271322
209.625		0.271322
209.75		0.271322
209.875		0.271322
210		0.271322
210.125		0.292965
210.25		0.292965
210.375		0.292965
210.5		0.292965
210.625		0.292965
210.75		0.292965
210.875		0.292965
211		0.292965
211.125		0.292965
211.25		0.292965
211.375		0.292965
211.5		0.292965
211.625		0.292965
211.75		0.292965
211.875		0.292965
212		0.292965
212.125		0.292965
212.25		0.292965
212.375		0.292965
212.5		0.292965
212.625		0.292965
212.75		0.292965
212.875		0.292965
213		0.292965
213.125		0.292965
213.25		0.292965
213.375		0.292965
213.5		0.292965
213.625		0.292965
213.75		0.292965
213.875		0.292965
214		0.292965
214.125		0.292965
214.25		0.292965
214.375		0.292965
214.5		0.292965
214.625		0.292965
214.75		0.292965
214.875		0.292965
215		0.292965
215.125		0.296523
215.25		0.296523
215.375		0.296523
215.5		0.296523
215.625		0.296523
215.75		0.296523
215.875		0.296523
216		0.296523
216.125		0.296523
216.25		0.296523
216.375		0.296523
216.5		0.296523
216.625		0.296523
216.75		0.296523
216.875		0.296523
217		0.296523
217.125		0.296523
217.25		0.296523
217.375		0.296523
217.5		0.296523
217.625		0.296523
217.75		0.296523
217.875		0.296523
218		0.296523
218.125		0.296523
218.25		0.296523
218.375		0.296523
218.5		0.296523
218.625		0.296523
218.75		0.296523
218.875		0.296523
219		0.296523
219.125		0.296523
219.25		0.296523
219.375		0.296523
219.5		0.296523
219.625		0.296523
219.75		0.296523
219.875		0.296523
220		0.296523
220.125		0.30784
220.25		0.30784
220.375		0.30784
220.5		0.30784
220.625		0.30784
220.75		0.30784
220.875		0.30784
221		0.30784
221.125		0.30784
221.25		0.30784
221.375		0.30784
221.5		0.30784
221.625		0.30784
221.75		0.30784
221.875		0.30784
222		0.30784
222.125		0.30784
222.25		0.30784
222.375		0.30784
222.5		0.30784
222.625		0.30784
222.75		0.30784
222.875		0.30784
223		0.30784
223.125		0.30784
223.25		0.30784
223.375		0.30784
223.5		0.30784
223.625		0.30784
223.75		0.30784
223.875		0.30784
224		0.30784
224.125		0.30784
224.25		0.30784
224.375		0.30784
224.5		0.30784
224.625		0.30784
224.75		0.30784
224.875		0.30784
225		0.30784
225.125		0.332283
225.25		0.332283
225.375		0.332283
225.5		0.332283
225.625		0.332283
225.75		0.332283
225.875		0.332283
226		0.332283
226.125		0.332283
226.25		0.332283
226.375		0.332283
226.5		0.332283
226.625		0.332283
226.75		0.332283
226.875		0.332283
227		0.332283
227.125		0.332283
227.25		0.332283
227.375		0.332283
227.5		0.332283
227.625		0.332283
227.75		0.332283
227.875		0.332283
228		0.332283
228.125		0.332283
228.25		0.332283
228.375		0.332283
228.5		0.332283
228.625		0.332283
228.75		0.332283
228.875		0.332283
229		0.332283
229.125		0.332283
229.25		0.332283
229.375		0.332283
229.5		0.332283
229.625		0.332283
229.75		0.332283
229.875		0.332283
230		0.332283
230.125		0.338525
230.25		0.338525
230.375		0.338525
230.5		0.338525
230.625		0.338525
230.75		0.338525
230.875		0.338525
231		0.338525
231.125		0.338525
231.25		0.338525
231.375		0.338525
231.5		0.338525
231.625		0.338525
231.75		0.338525
231.875		0.338525
232		0.338525
232.125		0.338525
232.25		0.338525
232.375		0.338525
232.5		0.338525
232.625		0.338525
232.75		0.338525
232.875		0.338525
233		0.338525
233.125		0.338525
233.25		0.338525
233.375		0.338525
233.5		0.338525
233.625		0.338525
233.75		0.338525
233.875		0.338525
234		0.338525
234.125		0.338525
234.25		0.338525
234.375		0.338525
234.5		0.338525
234.625		0.338525
234.75		0.338525
234.875		0.338525
235		0.338525
235.125		0.345409
235.25		0.345409
235.375		0.345409
235.5		0.345409
235.625		0.345409
235.75		0.345409
235.875		0.345409
236		0.345409
236.125		0.345409
236.25		0.345409
236.375		0.345409
236.5		0.345409
236.625		0.345409
236.75		0.345409
236.875		0.345409
237		0.345409
237.125		0.345409
237.25		0.345409
237.375		0.345409
237.5		0.345409
237.625		0.345409
237.75		0.345409
237.875		0.345409
238		0.345409
238.125		0.345409
238.25		0.345409
238.375		0.345409
238.5		0.345409
238.625		0.345409
238.75		0.345409
238.875		0.345409
239		0.345409
239.125		0.345409
239.25		0.345409
239.375		0.345409
239.5		0.345409
239.625		0.345409
239.75		0.345409
239.875		0.345409
240		0.345409
240.125		0.36221
240.25		0.36221
240.375		0.36221
240.5		0.36221
240.625		0.36221
240.75		0.36221
240.875		0.36221
241		0.36221
241.125		0.36221
241.25		0.36221
241.375		0.36221
241.5		0.36221
241.625		0.36221
241.75		0.36221
241.875		0.36221
242		0.36221
242.125		0.36221
242.25		0.36221
242.375		0.36221
242.5		0.36221
242.625		0.36221
242.75		0.36221
242.875		0.36221
243		0.36221
243.125		0.36221
243.25		0.36221
243.375		0.36221
243.5		0.36221
243.625		0.36221
243.75		0.36221
243.875		0.36221
244		0.36221
244.125		0.36221
244.25		0.36221
244.375		0.36221
244.5		0.36221
244.625		0.36221
244.75		0.36221
244.875		0.36221
245		0.36221
245.125		0.36746
245.25		0.36746
245.375		0.36746
245.5		0.36746
245.625		0.36746
245.75		0.36746
245.875		0.36746
246		0.36746
246.125		0.36746
246.25		0.36746
246.375		0.36746
246.5		0.36746
246.625		0.36746
246.75		0.36746
246.875		0.36746
247		0.36746
247.125		0.36746
247.25		0.36746
247.375		0.36746
247.5		0.36746
247.625		0.36746
247.75		0.36746
247.875		0.36746
248		0.36746
248.125		0.36746
248.25		0.36746
248.375		0.36746
248.5		0.36746
248.625		0.36746
248.75		0.36746
248.875		0.36746
249		0.36746
249.125		0.36746
249.25		0.36746
249.375		0.36746
249.5		0.36746
249.625		0.36746
249.75		0.36746
249.875		0.36746
250		0.36746
250.125		0.396161
250.25		0.396161
250.375		0.396161
250.5		0.396161
250.625		0.396161
250.75		0.396161
250.875		0.396161
251		0.396161
251.125		0.396161
251.25		0.396161
251.375		0.396161
251.5		0.396161
251.625		0.396161
251.75		0.396161
251.875		0.396161
252		0.396161
252.125		0.396161
252.25		0.396161
252.375		0.396161
252.5		0.396161
252.625		0.396161
252.75		0.396161
252.875		0.396161
253		0.396161
253.125		0.396161
253.25		0.396161
253.375		0.396161
253.5		0.396161
253.625		0.396161
253.75		0.396161
253.875		0.396161
254		0.396161
254.125		0.396161
254.25		0.396161
254.375		0.396161
254.5		0.396161
254.625		0.396161
254.75		0.396161
254.875		0.396161
255		0.396161
255.125		0.402403
255.25		0.402403
255.375		0.402403
255.5		0.402403
255.625		0.402403
255.75		0.402403
255.875		0.402403
256		0.402403
256.125		0.402403
256.25		0.402403
256.375		0.402403
256.5		0.402403
256.625		0.402403
256.75		0.402403
256.875		0.402403
257		0.402403
257.125		0.402403
257.25		0.402403
257.375		0.402403
257.5		0.402403
257.625		0.402403
257.75		0.402403
257.875		0.402403
258		0.402403
258.125		0.402403
258.25		0.402403
258.375		0.402403
258.5		0.402403
258.625		0.402403
258.75		0.402403
258.875		0.402403
259		0.402403
259.125		0.402403
259.25		0.402403
259.375		0.402403
259.5		0.402403
259.625		0.402403
259.75		0.402403
259.875		0.402403
260		0.402403
260.125		0.405612
260.25		0.405612
260.375		0.405612
260.5		0.405612
260.625		0.405612
260.75		0.405612
260.875		0.405612
261		0.405612
261.125		0.405612
261.25		0.405612
261.375		0.405612
261.5		0.405612
261.625		0.405612
261.75		0.405612
261.875		0.405612
262		0.405612
262.125		0.405612
262.25		0.405612
262.375		0.405612
262.5		0.405612
262.625		0.405612
262.75		0.405612
262.875		0.405612
263		0.405612
263.125		0.405612
263.25		0.405612
263.375		0.405612
263.5		0.405612
263.625		0.405612
263.75		0.405612
263.875		0.405612
264		0.405612
264.125		0.405612
264.25		0.405612
264.375		0.405612
264.5		0.405612
264.625		0.405612
264.75		0.405612
264.875		0.405612
265		0.405612
265.125		0.406545
265.25		0.406545
265.375		0.406545
265.5		0.406545
265.625		0.406545
265.75		0.406545
265.875		0.406545
266		0.406545
266.125		0.406545
266.25		0.406545
266.375		0.406545
266.5		0.406545
266.625		0.406545
266.75		0.406545
266.875		0.406545
267		0.406545
267.125		0.406545
267.25		0.406545
267.375		0.406545
267.5		0.406545
267.625		0.406545
267.75		0.406545
267.875		0.406545
268		0.406545
268.125		0.406545
268.25		0.406545
268.375		0.406545
268.5		0.406545
268.625		0.406545
268.75		0.406545
268.875		0.406545
269		0.406545
269.125		0.406545
269.25		0.406545
269.375		0.406545
269.5		0.406545
269.625		0.406545
269.75		0.406545
269.875		0.406545
270		0.406545
270.125		0.445222
270.25		0.445222
270.375		0.445222
270.5		0.445222
270.625		0.445222
270.75		0.445222
270.875		0.445222
271		0.445222
271.125		0.445222
271.25		0.445222
271.375		0.445222
271.5		0.445222
271.625		0.445222
271.75		0.445222
271.875		0.445222
272		0.445222
272.125		0.445222
272.25		0.445222
272.375		0.445222
272.5		0.445222
272.625		0.445222
272.75		0.445222
272.875		0.445222
273		0.445222
273.125		0.445222
273.25		0.445222
273.375		0.445222
273.5		0.445222
273.625		0.445222
273.75		0.445222
273.875		0.445222
274		0.445222
274.125		0.445222
274.25		0.445222
274.375		0.445222
274.5		0.445222
274.625		0.445222
274.75		0.445222
274.875		0.445222
275		0.445222
275.125		0.447206
275.25		0.447206
275.375		0.447206
275.5		0.447206
275.625		0.447206
275.75		0.447206
275.875		0.447206
276		0.447206
276.125		0.447206
276.25		0.447206
276.375		0.447206
276.5		0.447206
276.625		0.447206
276.75		0.447206
276.875		0.447206
277		0.447206
277.125		0.447206
277.25		0.447206
277.375		0.447206
277.5		0.447206
277.625		0.447206
277.75		0.447206
277.875		0.447206
278		0.447206
278.125		0.447206
278.25		0.447206
278.375		0.447206
278.5		0.447206
278.625		0.447206
278.75		0.447206
278.875		0.447206
279		0.447206
279.125		0.447206
279.25		0.447206
279.375		0.447206
279.5		0.447206
279.625		0.447206
279.75		0.447206
279.875		0.447206
280		0.447206
280.125		0.453039
280.25		0.453039
280.375		0.453039
280.5		0.453039
280.625		0.453039
280.75		0.453039
280.875		0.453039
281		0.453039
281.125		0.453039
281.25		0.453039
281.375		0.453039
281.5		0.453039
281.625		0.453039
281.75		0.453039
281.875		0.453039
282		0.453039
282.125		0.453039
282.25		0.453039
282.375		0.453039
282.5		0.453039
282.625		0.453039
282.75		0.453039
282.875		0.453039
283		0.453039
283.125		0.453039
283.25		0.453039
283.375		0.453039
283.5		0.453039
283.625		0.453039
283.75		0.453039
283.875		0.453039
284		0.453039
284.125		0.453039
284.25		0.453039
284.375		0.453039
284.5		0.453039
284.625		0.453039
284.75		0.453039
284.875		0.453039
285		0.453039
285.125		0.470482
285.25		0.470482
285.375		0.470482
285.5		0.470482
285.625		0.470482
285.75		0.470482
285.875		0.470482
286		0.470482
286.125		0.470482
286.25		0.470482
286.375		0.470482
286.5		0.470482
286.625		0.470482
286.75		0.470482
286.875		0.470482
287		0.470482
287.125		0.470482
287.25		0.470482
287.375		0.470482
287.5		0.470482
287.625		0.470482
287.75		0.470482
287.875		0.470482
288		0.470482
288.125		0.470482
288.25		0.470482
288.375		0.470482
288.5		0.470482
288.625		0.470482
288.75		0.470482
288.875		0.470482
289		0.470482
289.125		0.470482
289.25		0.470482
289.375		0.470482
289.5		0.470482
289.625		0.470482
289.75		0.470482
289.875		0.470482
290		0.470482
290.125		0.486583
290.25		0.486583
290.375		0.486583
290.5		0.486583
290.625		0.486583
290.75		0.486583
290.875		0.486583
291		0.486583
291.125		0.486583
291.25		0.486583
291.375		0.486583
291.5		0.486583
291.625		0.486583
291.75		0.486583
291.875		0.486583
292		0.486583
292.125		0.486583
292.25		0.486583
292.375		0.486583
292.5		0.486583
292.625		0.486583
292.75		0.486583
292.875		0.486583
293		0.486583
293.125		0.486583
293.25		0.486583
293.375		0.486583
293.5		0.486583
293.625		0.486583
293.75		0.486583
293.875		0.486583
294		0.486583
294.125		0.486583
294.25		0.486583
294.375		0.486583
294.5		0.486583
294.625		0.486583
294.75		0.486583
294.875		0.486583
295		0.486583
295.125		0.498775
295.25		0.498775
295.375		0.498775
295.5		0.498775
295.625		0.498775
295.75		0.498775
295.875		0.498775
296		0.498775
296.125		0.498775
296.25		0.498775
296.375		0.498775
296.5		0.498775
296.625		0.498775
296.75		0.498775
296.875		0.498775
297		0.498775
297.125		0.498775
297.25		0.498775
297.375		0.498775
297.5		0.498775
297.625		0.498775
297.75		0.498775
297.875		0.498775
298		0.498775
298.125		0.498775
298.25		0.498775
298.375		0.498775
298.5		0.498775
298.625		0.498775
298.75		0.498775
298.875		0.498775
299		0.498775
299.125		0.498775
299.25		0.498775
299.375		0.498775
299.5		0.498775
299.625		0.498775
299.75		0.498775
299.875		0.498775
300		0.498775
300.125		0.503033
300.25		0.503033
300.375		0.503033
300.5		0.503033
300.625		0.503033
300.75		0.503033
300.875		0.503033
301		0.503033
301.125		0.503033
301.25		0.503033
301.375		0.503033
301.5		0.503033
301.625		0.503033
301.75		0.503033
301.875		0.503033
302		0.503033
302.125		0.503033
302.25		0.503033
302.375		0.503033
302.5		0.503033
302.625		0.503033
302.75		0.503033
302.875		0.503033
303		0.503033
303.125		0.503033
303.25		0.503033
303.375		0.503033
303.5		0.503033
303.625		0.503033
303.75		0.503033
303.875		0.503033
304		0.503033
304.125		0.503033
304.25		0.503033
304.375		0.503033
304.5		0.503033
304.625		0.503033
304.75		0.503033
304.875		0.503033
305		0.503033
305.125		0.507292
305.25		0.507292
305.375		0.507292
305.5		0.507292
305.625		0.507292
305.75		0.507292
305.875		0.507292
306		0.507292
306.125		0.507292
306.25		0.507292
306.375		0.507292
306.5		0.507292
306.625		0.507292
306.75		0.507292
306.875		0.507292
307		0.507292
307.125		0.507292
307.25		0.507292
307.375		0.507292
307.5		0.507292
307.625		0.507292
307.75		0.507292
307.875		0.507292
308		0.507292
308.125		0.507292
308.25		0.507292
308.375		0.507292
308.5		0.507292
308.625		0.507292
308.75		0.507292
308.875		0.507292
309		0.507292
309.125		0.507292
309.25		0.507292
309.375		0.507292
309.5		0.507292
309.625		0.507292
309.75		0.507292
309.875		0.507292
310		0.507292
310.125		0.535177
310.25		0.535177
310.375		0.535177
310.5		0.535177
310.625		0.535177
310.75		0.535177
310.875		0.535177
311		0.535177
311.125		0.535177
311.25		0.535177
311.375		0.535177
311.5		0.535177
311.625		0.535177
311.75		0.535177
311.875		0.535177
312		0.535177
312.125		0.535177
312.25		0.535177
312.375		0.535177
312.5		0.535177
312.625		0.535177
312.75		0.535177
312.875		0.535177
313		0.535177
313.125		0.535177
313.25		0.535177
313.375		0.535177
313.5		0.535177
313.625		0.535177
313.75		0.535177
313.875		0.535177
314		0.535177
314.125		0.535177
314.25		0.535177
314.375		0.535177
314.5		0.535177
314.625		0.535177
314.75		0.535177
314.875		0.535177
315		0.535177
315.125		0.551919
315.25		0.551919
315.375		0.551919
315.5		0.551919
315.625		0.551919
315.75		0.551919
315.875		0.551919
316		0.551919
316.125		0.551919
316.25		0.551919
316.375		0.551919
316.5		0.551919
316.625		0.551919
316.75		0.551919
316.875		0.551919
317		0.551919
317.125		0.551919
317.25		0.551919
317.375		0.551919
317.5		0.551919
317.625		0.551919
317.75		0.551919
317.875		0.551919
318		0.551919
318.125		0.551919
318.25		0.551919
318.375		0.551919
318.5		0.551919
318.625		0.551919
318.75		0.551919
318.875		0.551919
319		0.551919
319.125		0.551919
319.25		0.551919
319.375		0.551919
319.5		0.551919
319.625		0.551919
319.75		0.551919
319.875		0.551919
320		0.551919
320.125		0.559445
320.25		0.559445
320.375		0.559445
320.5		0.559445
320.625		0.559445
320.75		0.559445
320.875		0.559445
321		0.559445
321.125		0.559445
321.25		0.559445
321.375		0.559445
321.5		0.559445
321.625		0.559445
321.75		0.559445
321.875		0.559445
322		0.559445
322.125		0.559445
322.25		0.559445
322.375		0.559445
322.5		0.559445
322.625		0.559445
322.75		0.559445
322.875		0.559445
323		0.559445
323.125		0.559445
323.25		0.559445
323.375		0.559445
323.5		0.559445
323.625		0.559445
323.75		0.559445
323.875		0.559445
324		0.559445
324.125		0.559445
324.25		0.559445
324.375		0.559445
324.5		0.559445
324.625		0.559445
324.75		0.559445
324.875		0.559445
325		0.559445
325.125		0.570062
325.25		0.570062
325.375		0.570062
325.5		0.570062
325.625		0.570062
325.75		0.570062
325.875		0.570062
326		0.570062
326.125		0.570062
326.25		0.570062
326.375		0.570062
326.5		0.570062
326.625		0.570062
326.75		0.570062
326.875		0.570062
327		0.570062
327.125		0.570062
327.25		0.570062
327.375		0.570062
327.5		0.570062
327.625		0.570062
327.75		0.570062
327.875		0.570062
328		0.570062
328.125		0.570062
328.25		0.570062
328.375		0.570062
328.5		0.570062
328.625		0.570062
328.75		0.570062
328.875		0.570062
329		0.570062
329.125		0.570062
329.25		0.570062
329.375		0.570062
329.5		0.570062
329.625		0.570062
329.75		0.570062
329.875		0.570062
330		0.570062
330.125		0.582429
330.25		0.582429
330.375		0.582429
330.5		0.582429
330.625		0.582429
330.75		0.582429
330.875		0.582429
331		0.582429
331.125		0.582429
331.25		0.582429
331.375		0.582429
331.5		0.582429
331.625		0.582429
331.75		0.582429
331.875		0.582429
332		0.582429
332.125		0.582429
332.25		0.582429
332.375		0.582429
332.5		0.582429
332.625		0.582429
332.75		0.582429
332.875		0.582429
333		0.582429
333.125		0.582429
333.25		0.582429
333.375		0.582429
333.5		0.582429
333.625		0.582429
333.75		0.582429
333.875		0.582429
334		0.582429
334.125		0.582429
334.25		0.582429
334.375		0.582429
334.5		0.582429
334.625		0.582429
334.75		0.582429
334.875		0.582429
335		0.582429
335.125		0.602322
335.25		0.602322
335.375		0.602322
335.5		0.602322
335.625		0.602322
335.75		0.602322
335.875		0.602322
336		0.602322
336.125		0.602322
336.25		0.602322
336.375		0.602322
336.5		0.602322
336.625		0.602322
336.75		0.602322
336.875		0.602322
337		0.602322
337.125		0.602322
337.25		0.602322
337.375		0.602322
337.5		0.602322
337.625		0.602322
337.75		0.602322
337.875		0.602322
338		0.602322
338.125		0.602322
338.25		0.602322
338.375		0.602322
338.5		0.602322
338.625		0.602322
338.75		0.602322
338.875		0.602322
339		0.602322
339.125		0.602322
339.25		0.602322
339.375		0.602322
339.5		0.602322
339.625		0.602322
339.75		0.602322
339.875		0.602322
340		0.602322
340.125		0.605997
340.25		0.605997
340.375		0.605997
340.5		0.605997
340.625		0.605997
340.75		0.605997
340.875		0.605997
341		0.605997
341.125		0.605997
341.25		0.605997
341.375		0.605997
341.5		0.605997
341.625		0.605997
341.75		0.605997
341.875		0.605997
342		0.605997
342.125		0.605997
342.25		0.605997
342.375		0.605997
342.5		0.605997
342.625		0.605997
342.75		0.605997
342.875		0.605997
343		0.605997
343.125		0.605997
343.25		0.605997
343.375		0.605997
343.5		0.605997
343.625		0.605997
343.75		0.605997
343.875		0.605997
344		0.605997
344.125		0.605997
344.25		0.605997
344.375		0.605997
344.5		0.605997
344.625		0.605997
344.75		0.605997
344.875		0.605997
345		0.605997
345.125		0.633648
345.25		0.633648
345.375		0.633648
345.5		0.633648
345.625		0.633648
345.75		0.633648
345.875		0.633648
346		0.633648
346.125		0.633648
346.25		0.633648
346.375		0.633648
346.5		0.633648
346.625		0.633648
346.75		0.633648
346.875		0.633648
347		0.633648
347.125		0.633648
347.25		0.633648
347.375		0.633648
347.5		0.633648
347.625		0.633648
347.75		0.633648
347.875		0.633648
348		0.633648
348.125		0.633648
348.25		0.633648
348.375		0.633648
348.5		0.633648
348.625		0.633648
348.75		0.633648
348.875		0.633648
349		0.633648
349.125		0.633648
349.25		0.633648
349.375		0.633648
349.5		0.633648
349.625		0.633648
349.75		0.633648
349.875		0.633648
350		0.633648
350.125		0.638374
350.25		0.638374
350.375		0.638374
350.5		0.638374
350.625		0.638374
350.75		0.638374
350.875		0.638374
351		0.638374
351.125		0.638374
351.25		0.638374
351.375		0.638374
351.5		0.638374
351.625		0.638374
351.75		0.638374
351.875		0.638374
352		0.638374
352.125		0.638374
352.25		0.638374
352.375		0.638374
352.5		0.638374
352.625		0.638374
352.75		0.638374
352.875		0.638374
353		0.638374
353.125		0.638374
353.25		0.638374
353.375		0.638374
353.5		0.638374
353.625		0.638374
353.75		0.638374
353.875		0.638374
354		0.638374
354.125		0.638374
354.25		0.638374
354.375		0.638374
354.5		0.638374
354.625		0.638374
354.75		0.638374
354.875		0.638374
355		0.638374
355.125		0.651558
355.25		0.651558
355.375		0.651558
355.5		0.651558
355.625		0.651558
355.75		0.651558
355.875		0.651558
356		0.651558
356.125		0.651558
356.25		0.651558
356.375		0.651558
356.5		0.651558
356.625		0.651558
356.75		0.651558
356.875		0.651558
357		0.651558
357.125		0.651558
357.25		0.651558
357.375		0.651558
357.5		0.651558
357.625		0.651558
357.75		0.651558
357.875		0.651558
358		0.651558
358.125		0.651558
358.25		0.651558
358.375		0.651558
358.5		0.651558
358.625		0.651558
358.75		0.651558
358.875		0.651558
359		0.651558
359.125		0.651558
359.25		0.651558
359.375		0.651558
359.5		0.651558
359.625		0.651558
359.75		0.651558
359.875		0.651558
360		0.651558
360.125		0.67425
360.25		0.67425
360.375		0.67425
360.5		0.67425
360.625		0.67425
360.75		0.67425
360.875		0.67425
361		0.67425
361.125		0.67425
361.25		0.67425
361.375		0.67425
361.5		0.67425
361.625		0.67425
361.75		0.67425
361.875		0.67425
362		0.67425
362.125		0.67425
362.25		0.67425
362.375		0.67425
362.5		0.67425
362.625		0.67425
362.75		0.67425
362.875		0.67425
363		0.67425
363.125		0.67425
363.25		0.67425
363.375		0.67425
363.5		0.67425
363.625		0.67425
363.75		0.67425
363.875		0.67425
364		0.67425
364.125		0.67425
364.25		0.67425
364.375		0.67425
364.5		0.67425
364.625		0.67425
364.75		0.67425
364.875		0.67425
365		0.67425
365.125		0.676409
365.25		0.676409
365.375		0.676409
365.5		0.676409
365.625		0.676409
365.75		0.676409
365.875		0.676409
366		0.676409
366.125		0.676409
366.25		0.676409
366.375		0.676409
366.5		0.676409
366.625		0.676409
366.75		0.676409
366.875		0.676409
367		0.676409
367.125		0.676409
367.25		0.676409
367.375		0.676409
367.5		0.676409
367.625		0.676409
367.75		0.676409
367.875		0.676409
368		0.676409
368.125		0.676409
368.25		0.676409
368.375		0.676409
368.5		0.676409
368.625		0.676409
368.75		0.676409
368.875		0.676409
369		0.676409
369.125		0.676409
369.25		0.676409
369.375		0.676409
369.5		0.676409
369.625		0.676409
369.75		0.676409
369.875		0.676409
370		0.676409
370.125		0.679501
370.25		0.679501
370.375		0.679501
370.5		0.679501
370.625		0.679501
370.75		0.679501
370.875		0.679501
371		0.679501
371.125		0.679501
371.25		0.679501
371.375		0.679501
371.5		0.679501
371.625		0.679501
371.75		0.679501
371.875		0.679501
372		0.679501
372.125		0.679501
372.25		0.679501
372.375		0.679501
372.5		0.679501
372.625		0.679501
372.75		0.679501
372.875		0.679501
373		0.679501
373.125		0.679501
373.25		0.679501
373.375		0.679501
373.5		0.679501
373.625		0.679501
373.75		0.679501
373.875		0.679501
374		0.679501
374.125		0.679501
374.25		0.679501
374.375		0.679501
374.5		0.679501
374.625		0.679501
374.75		0.679501
374.875		0.679501
375		0.679501
375.125		0.709135
375.25		0.709135
375.375		0.709135
375.5		0.709135
375.625		0.709135
375.75		0.709135
375.875		0.709135
376		0.709135
376.125		0.709135
376.25		0.709135
376.375		0.709135
376.5		0.709135
376.625		0.709135
376.75		0.709135
376.875		0.709135
377		0.709135
377.125		0.709135
377.25		0.709135
377.375		0.709135
377.5		0.709135
377.625		0.709135
377.75		0.709135
377.875		0.709135
378		0.709135
378.125		0.709135
378.25		0.709135
378.375		0.709135
378.5		0.709135
378.625		0.709135
378.75		0.709135
378.875		0.709135
379		0.709135
379.125		0.709135
379.25		0.709135
379.375		0.709135
379.5		0.709135
379.625		0.709135
379.75		0.709135
379.875		0.709135
380		0.709135
380.125		0.718469
380.25		0.718469
380.375		0.718469
380.5		0.718469
380.625		0.718469
380.75		0.718469
380.875		0.718469
381		0.718469
381.125		0.718469
381.25		0.718469
381.375		0.718469
381.5		0.718469
381.625		0.718469
381.75		0.718469
381.875		0.718469
382		0.718469
382.125		0.718469
382.25		0.718469
382.375		0.718469
382.5		0.718469
382.625		0.718469
382.75		0.718469
382.875		0.718469
383		0.718469
383.125		0.718469
383.25		0.718469
383.375		0.718469
383.5		0.718469
383.625		0.718469
383.75		0.718469
383.875		0.718469
384		0.718469
384.125		0.718469
384.25		0.718469
384.375		0.718469
384.5		0.718469
384.625		0.718469
384.75		0.718469
384.875		0.718469
385		0.718469
385.125		0.72337
385.25		0.72337
385.375		0.72337
385.5		0.72337
385.625		0.72337
385.75		0.72337
385.875		0.72337
386		0.72337
386.125		0.72337
386.25		0.72337
386.375		0.72337
386.5		0.72337
386.625		0.72337
386.75		0.72337
386.875		0.72337
387		0.72337
387.125		0.72337
387.25		0.72337
387.375		0.72337
387.5		0.72337
387.625		0.72337
387.75		0.72337
387.875		0.72337
388		0.72337
388.125		0.72337
388.25		0.72337
388.375		0.72337
388.5		0.72337
388.625		0.72337
388.75		0.72337
388.875		0.72337
389		0.72337
389.125		0.72337
389.25		0.72337
389.375		0.72337
389.5		0.72337
389.625		0.72337
389.75		0.72337
389.875		0.72337
390		0.72337
390.125		0.742329
390.25		0.742329
390.375		0.742329
390.5		0.742329
390.625		0.742329
390.75		0.742329
390.875		0.742329
391		0.742329
391.125		0.742329
391.25		0.742329
391.375		0.742329
391.5		0.742329
391.625		0.742329
391.75		0.742329
391.875		0.742329
392		0.742329
392.125		0.742329
392.25		0.742329
392.375		0.742329
392.5		0.742329
392.625		0.742329
392.75		0.742329
392.875		0.742329
393		0.742329
393.125		0.742329
393.25		0.742329
393.375		0.742329
393.5		0.742329
393.625		0.742329
393.75		0.742329
393.875		0.742329
394		0.742329
394.125		0.742329
394.25		0.742329
394.375		0.742329
394.5		0.742329
394.625		0.742329
394.75		0.742329
394.875		0.742329
395		0.742329
395.125		0.746762
395.25		0.746762
395.375		0.746762
395.5		0.746762
395.625		0.746762
395.75		0.746762
395.875		0.746762
396		0.746762
396.125		0.746762
396.25		0.746762
396.375		0.746762
396.5		0.746762
396.625		0.746762
396.75		0.746762
396.875		0.746762
397		0.746762
397.125		0.746762
397.25		0.746762
397.375		0.746762
397.5		0.746762
397.625		0.746762
397.75		0.746762
397.875		0.746762
398		0.746762
398.125		0.746762
398.25		0.746762
398.375		0.746762
398.5		0.746762
398.625		0.746762
398.75		0.746762
398.875		0.746762
399		0.746762
399.125		0.746762
399.25		0.746762
399.375		0.746762
399.5		0.746762
399.625		0.746762
399.75		0.746762
399.875		0.746762
400		0.746762
400.125		0.775114
400.25		0.775114
400.375		0.775114
400.5		0.775114
400.625		0.775114
400.75		0.775114
400.875		0.775114
401		0.775114
401.125		0.775114
401.25		0.775114
401.375		0.775114
401.5		0.775114
401.625		0.775114
401.75		0.775114
401.875		0.775114
402		0.775114
402.125		0.775114
402.25		0.775114
402.375		0.775114
402.5		0.775114
402.625		0.775114
402.75		0.775114
402.875		0.775114
403		0.775114
403.125		0.775114
403.25		0.775114
403.375		0.775114
403.5		0.775114
403.625		0.775114
403.75		0.775114
403.875		0.775114
404		0.775114
404.125		0.775114
404.25		0.775114
404.375		0.775114
404.5		0.775114
404.625		0.775114
404.75		0.775114
404.875		0.775114
405		0.775114
405.125		0.777447
405.25		0.777447
405.375		0.777447
405.5		0.777447
405.625		0.777447
405.75		0.777447
405.875		0.777447
406		0.777447
406.125		0.777447
406.25		0.777447
406.375		0.777447
406.5		0.777447
406.625		0.777447
406.75		0.777447
406.875		0.777447
407		0.777447
407.125		0.777447
407.25		0.777447
407.375		0.777447
407.5		0.777447
407.625		0.777447
407.75		0.777447
407.875		0.777447
408		0.777447
408.125		0.777447
408.25		0.777447
408.375		0.777447
408.5		0.777447
408.625		0.777447
408.75		0.777447
408.875		0.777447
409		0.777447
409.125		0.777447
409.25		0.777447
409.375		0.777447
409.5		0.777447
409.625		0.777447
409.75		0.777447
409.875		0.777447
410		0.777447
410.125		0.787248
410.25		0.787248
410.375		0.787248
410.5		0.787248
410.625		0.787248
410.75		0.787248
410.875		0.787248
411		0.787248
411.125		0.787248
411.25		0.787248
411.375		0.787248
411.5		0.787248
411.625		0.787248
411.75		0.787248
411.875		0.787248
412		0.787248
412.125		0.787248
412.25		0.787248
412.375		0.787248
412.5		0.787248
412.625		0.787248
412.75		0.787248
412.875		0.787248
413		0.787248
413.125		0.787248
413.25		0.787248
413.375		0.787248
413.5		0.787248
413.625		0.787248
413.75		0.787248
413.875		0.787248
414		0.787248
414.125		0.787248
414.25		0.787248
414.375		0.787248
414.5		0.787248
414.625		0.787248
414.75		0.787248
414.875		0.787248
415		0.787248
415.125		0.789698
415.25		0.789698
415.375		0.789698
415.5		0.789698
415.625		0.789698
415.75		0.789698
415.875		0.789698
416		0.789698
416.125		0.789698
416.25		0.789698
416.375		0.789698
416.5		0.789698
416.625		0.789698
416.75		0.789698
416.875		0.789698
417		0.789698
417.125		0.789698
417.25		0.789698
417.375		0.789698
417.5		0.789698
417.625		0.789698
417.75		0.789698
417.875		0.789698
418		0.789698
418.125		0.789698
418.25		0.789698
418.375		0.789698
418.5		0.789698
418.625		0.789698
418.75		0.789698
418.875		0.789698
419		0.789698
419.125		0.789698
419.25		0.789698
419.375		0.789698
419.5		0.789698
419.625		0.789698
419.75		0.789698
419.875		0.789698
420		0.789698
420.125		0.819858
420.25		0.819858
420.375		0.819858
420.5		0.819858
420.625		0.819858
420.75		0.819858
420.875		0.819858
421		0.819858
421.125		0.819858
421.25		0.819858
421.375		0.819858
421.5		0.819858
421.625		0.819858
421.75		0.819858
421.875		0.819858
422		0.819858
422.125		0.819858
422.25		0.819858
422.375		0.819858
422.5		0.819858
422.625		0.819858
422.75		0.819858
422.875		0.819858
423		0.819858
423.125		0.819858
423.25		0.819858
423.375		0.819858
423.5		0.819858
423.625		0.819858
423.75		0.819858
423.875		0.819858
424		0.819858
424.125		0.819858
424.25		0.819858
424.375		0.819858
424.5		0.819858
424.625		0.819858
424.75		0.819858
424.875		0.819858
425		0.819858
425.125		0.836658
425.25		0.836658
425.375		0.836658
425.5		0.836658
425.625		0.836658
425.75		0.836658
425.875		0.836658
426		0.836658
426.125		0.836658
426.25		0.836658
426.375		0.836658
426.5		0.836658
426.625		0.836658
426.75		0.836658
426.875		0.836658
427		0.836658
427.125		0.836658
427.25		0.836658
427.375		0.836658
427.5		0.836658
427.625		0.836658
427.75		0.836658
427.875		0.836658
428		0.836658
428.125		0.836658
428.25		0.836658
428.375		0.836658
428.5		0.836658
428.625		0.836658
428.75		0.836658
428.875		0.836658
429		0.836658
429.125		0.836658
429.25		0.836658
429.375		0.836658
429.5		0.836658
429.625		0.836658
429.75		0.836658
429.875		0.836658
430		0.836658
430.125		0.838175
430.25		0.838175
430.375		0.838175
430.5		0.838175
430.625		0.838175
430.75		0.838175
430.875		0.838175
431		0.838175
431.125		0.838175
431.25		0.838175
431.375		0.838175
431.5		0.838175
431.625		0.838175
431.75		0.838175
431.875		0.838175
432		0.838175
432.125		0.838175
432.25		0.838175
432.375		0.838175
432.5		0.838175
432.625		0.838175
432.75		0.838175
432.875		0.838175
433		0.838175
433.125		0.838175
433.25		0.838175
433.375		0.838175
433.5		0.838175
433.625		0.838175
433.75		0.838175
433.875		0.838175
434		0.838175
434.125		0.838175
434.25		0.838175
434.375		0.838175
434.5		0.838175
434.625		0.838175
434.75		0.838175
434.875		0.838175
435		0.838175
435.125		0.851768
435.25		0.851768
435.375		0.851768
435.5		0.851768
435.625		0.851768
435.75		0.851768
435.875		0.851768
436		0.851768
436.125		0.851768
436.25		0.851768
436.375		0.851768
436.5		0.851768
436.625		0.851768
436.75		0.851768
436.875		0.851768
437		0.851768
437.125		0.851768
437.25		0.851768
437.375		0.851768
437.5		0.851768
437.625		0.851768
437.75		0.851768
437.875		0.851768
438		0.851768
438.125		0.851768
438.25		0.851768
438.375		0.851768
438.5		0.851768
438.625		0.851768
438.75		0.851768
438.875		0.851768
439		0.851768
439.125		0.851768
439.25		0.851768
439.375		0.851768
439.5		0.851768
439.625		0.851768
439.75		0.851768
439.875		0.851768
440		0.851768
440.125		0.873644
440.25		0.873644
440.375		0.873644
440.5		0.873644
440.625		0.873644
440.75		0.873644
440.875		0.873644
441		0.873644
441.125		0.873644
441.25		0.873644
441.375		0.873644
441.5		0.873644
441.625		0.873644
441.75		0.873644
441.875		0.873644
442		0.873644
442.125		0.873644
442.25		0.873644
442.375		0.873644
442.5		0.873644
442.625		0.873644
442.75		0.873644
442.875		0.873644
443		0.873644
443.125		0.873644
443.25		0.873644
443.375		0.873644
443.5		0.873644
443.625		0.873644
443.75		0.873644
443.875		0.873644
444		0.873644
444.125		0.873644
444.25		0.873644
444.375		0.873644
444.5		0.873644
444.625		0.873644
444.75		0.873644
444.875		0.873644
445		0.873644
445.125		0.880761
445.25		0.880761
445.375		0.880761
445.5		0.880761
445.625		0.880761
445.75		0.880761
445.875		0.880761
446		0.880761
446.125		0.880761
446.25		0.880761
446.375		0.880761
446.5		0.880761
446.625		0.880761
446.75		0.880761
446.875		0.880761
447		0.880761
447.125		0.880761
447.25		0.880761
447.375		0.880761
447.5		0.880761
447.625		0.880761
447.75		0.880761
447.875		0.880761
448		0.880761
448.125		0.880761
448.25		0.880761
448.375		0.880761
448.5		0.880761
448.625		0.880761
448.75		0.880761
448.875		0.880761
449		0.880761
449.125		0.880761
449.25		0.880761
449.375		0.880761
449.5		0.880761
449.625		0.880761
449.75		0.880761
449.875		0.880761
450		0.880761
450.125		0.887936
450.25		0.887936
450.375		0.887936
450.5		0.887936
450.625		0.887936
450.75		0.887936
450.875		0.887936
451		0.887936
451.125		0.887936
451.25		0.887936
451.375		0.887936
451.5		0.887936
451.625		0.887936
451.75		0.887936
451.875		0.887936
452		0.887936
452.125		0.887936
452.25		0.887936
452.375		0.887936
452.5		0.887936
452.625		0.887936
452.75		0.887936
452.875		0.887936
453		0.887936
453.125		0.887936
453.25		0.887936
453.375		0.887936
453.5		0.887936
453.625		0.887936
453.75		0.887936
453.875		0.887936
454		0.887936
454.125		0.887936
454.25		0.887936
454.375		0.887936
454.5		0.887936
454.625		0.887936
454.75		0.887936
454.875		0.887936
455		0.887936
455.125		0.906429
455.25		0.906429
455.375		0.906429
455.5		0.906429
455.625		0.906429
455.75		0.906429
455.875		0.906429
456		0.906429
456.125		0.906429
456.25		0.906429
456.375		0.906429
456.5		0.906429
456.625		0.906429
456.75		0.906429
456.875		0.906429
457		0.906429
457.125		0.906429
457.25		0.906429
457.375		0.906429
457.5		0.906429
457.625		0.906429
457.75		0.906429
457.875		0.906429
458		0.906429
458.125		0.906429
458.25		0.906429
458.375		0.906429
458.5		0.906429
458.625		0.906429
458.75		0.906429
458.875		0.906429
459		0.906429
459.125		0.906429
459.25		0.906429
459.375		0.906429
459.5		0.906429
459.625		0.906429
459.75		0.906429
459.875		0.906429
460		0.906429
460.125		0.918679
460.25		0.918679
460.375		0.918679
460.5		0.918679
460.625		0.918679
460.75		0.918679
460.875		0.918679
461		0.918679
461.125		0.918679
461.25		0.918679
461.375		0.918679
461.5		0.918679
461.625		0.918679
461.75		0.918679
461.875		0.918679
462		0.918679
462.125		0.918679
462.25		0.918679
462.375		0.918679
462.5		0.918679
462.625		0.918679
462.75		0.918679
462.875		0.918679
463		0.918679
463.125		0.918679
463.25		0.918679
463.375		0.918679
463.5		0.918679
463.625		0.918679
463.75		0.918679
463.875		0.918679
464		0.918679
464.125		0.918679
464.25		0.918679
464.375		0.918679
464.5		0.918679
464.625		0.918679
464.75		0.918679
464.875		0.918679
465		0.918679
465.125		0.935772
465.25		0.935772
465.375		0.935772
465.5		0.935772
465.625		0.935772
465.75		0.935772
465.875		0.935772
466		0.935772
466.125		0.935772
466.25		0.935772
466.375		0.935772
466.5		0.935772
466.625		0.935772
466.75		0.935772
466.875		0.935772
467		0.935772
467.125		0.935772
467.25		0.935772
467.375		0.935772
467.5		0.935772
467.625		0.935772
467.75		0.935772
467.875		0.935772
468		0.935772
468.125		0.935772
468.25		0.935772
468.375		0.935772
468.5		0.935772
468.625		0.935772
468.75		0.935772
468.875		0.935772
469		0.935772
469.125		0.935772
469.25		0.935772
469.375		0.935772
469.5		0.935772
469.625		0.935772
469.75		0.935772
469.875		0.935772
470		0.935772
470.125		0.937872
470.25		0.937872
470.375		0.937872
470.5		0.937872
470.625		0.937872
470.75		0.937872
470.875		0.937872
471		0.937872
471.125		0.937872
471.25		0.937872
471.375		0.937872
471.5		0.937872
471.625		0.937872
471.75		0.937872
471.875		0.937872
472		0.937872
472.125		0.937872
472.25		0.937872
472.375		0.937872
472.5		0.937872
472.625		0.937872
472.75		0.937872
472.875		0.937872
473		0.937872
473.125		0.937872
473.25		0.937872
473.375		0.937872
473.5		0.937872
473.625		0.937872
473.75		0.937872
473.875		0.937872
474		0.937872
474.125		0.937872
474.25		0.937872
474.375		0.937872
474.5		0.937872
474.625		0.937872
474.75		0.937872
474.875		0.937872
475		0.937872
475.125		0.955081
475.25		0.955081
475.375		0.955081
475.5		0.955081
475.625		0.955081
475.75		0.955081
475.875		0.955081
476		0.955081
476.125		0.955081
476.25		0.955081
476.375		0.955081
476.5		0.955081
476.625		0.955081
476.75		0.955081
476.875		0.955081
477		0.955081
477.125		0.955081
477.25		0.955081
477.375		0.955081
477.5		0.955081
477.625		0.955081
477.75		0.955081
477.875		0.955081
478		0.955081
478.125		0.955081
478.25		0.955081
478.375		0.955081
478.5		0.955081
478.625		0.955081
478.75		0.955081
478.875		0.955081
479		0.955081
479.125		0.955081
479.25		0.955081
479.375		0.955081
479.5		0.955081
479.625		0.955081
479.75		0.955081
479.875		0.955081
480		0.955081
480.125		0.96004
480.25		0.96004
480.375		0.96004
480.5		0.96004
480.625		0.96004
480.75		0.96004
480.875		0.96004
481		0.96004
481.125		0.96004
481.25		0.96004
481.375		0.96004
481.5		0.96004
481.625		0.96004
481.75		0.96004
481.875		0.96004
482		0.96004
482.125		0.96004
482.25		0.96004
482.375		0.96004
482.5		0.96004
482.625		0.96004
482.75		0.96004
482.875		0.96004
483		0.96004
483.125		0.96004
483.25		0.96004
483.375		0.96004
483.5		0.96004
483.625		0.96004
483.75		0.96004
483.875		0.96004
484		0.96004
484.125		0.96004
484.25		0.96004
484.375		0.96004
484.5		0.96004
484.625		0.96004
484.75		0.96004
484.875		0.96004
485		0.96004
485.125		0.975674
485.25		0.975674
485.375		0.975674
485.5		0.975674
485.625		0.975674
485.75		0.975674
485.875		0.975674
486		0.975674
486.125		0.975674
486.25		0.975674
486.375		0.975674
486.5		0.975674
486.625		0.975674
486.75		0.975674
486.875		0.975674
487		0.975674
487.125		0.975674
487.25		0.975674
487.375		0.975674
487.5		0.975674
487.625		0.975674
487.75		0.975674
487.875		0.975674
488		0.975674
488.125		0.975674
488.25		0.975674
488.375		0.975674
488.5		0.975674
488.625		0.975674
488.75		0.975674
488.875		0.975674
489		0.975674
489.125		0.975674
489.25		0.975674
489.375		0.975674
489.5		0.975674
489.625		0.975674
489.75		0.975674
489.875		0.975674
490		0.975674
490.125		0.997608
490.25		0.997608
490.375		0.997608
490.5		0.997608
490.625		0.997608
490.75		0.997608
490.875		0.997608
491		0.997608
491.125		0.997608
491.25		0.997608
491.375		0.997608
491.5		0.997608
491.625		0.997608
491.75		0.997608
491.875		0.997608
492		0.997608
492.125		0.997608
492.25		0.997608
492.375		0.997608
492.5		0.997608
492.625		0.997608
492.75		0.997608
492.875		0.997608
493		0.997608
493.125		0.997608
493.25		0.997608
493.375		0.997608
493.5		0.997608
493.625		0.997608
493.75		0.997608
493.875		0.997608
494		0.997608
494.125		0.997608
494.25		0.997608
494.375		0.997608
494.5		0.997608
494.625		0.997608
494.75		0.997608
494.875		0.997608
495		0.997608
495.125		1
495.25		1
495.375		1
495.5		1
495.625		1
495.75		1
495.875		1
496		1
496.125		1
496.25		1
496.375		1
496.5		1
496.625		1
496.75		1
496.875		1
497		1
497.125		1
497.25		1
497.375		1
497.5		1
497.625		1
497.75		1
497.875		1
498		1
498.125		1
498.25		1
498.375		1
498.5		1
498.625		1
498.75		1
498.875		1
499		1
499.125		1
499.25		1
499.375		1
499.5		1
499.625		1
499.75		1
499.875		1
500		1
