# Calibration file of tamex_id 1 @ channel 25
# fine_T bin		 Calibration value
0.125		0
0.25		0
0.375		0
0.5		0
0.625		0
0.75		0
0.875		0
1		0
1.125		0
1.25		0
1.375		0
1.5		0
1.625		0
1.75		0
1.875		0
2		0
2.125		0
2.25		0
2.375		0
2.5		0
2.625		0
2.75		0
2.875		0
3		0
3.125		0
3.25		0
3.375		0
3.5		0
3.625		0
3.75		0
3.875		0
4		0
4.125		0
4.25		0
4.375		0
4.5		0
4.625		0
4.75		0
4.875		0
5		0
5.125		0
5.25		0
5.375		0
5.5		0
5.625		0
5.75		0
5.875		0
6		0
6.125		0
6.25		0
6.375		0
6.5		0
6.625		0
6.75		0
6.875		0
7		0
7.125		0
7.25		0
7.375		0
7.5		0
7.625		0
7.75		0
7.875		0
8		0
8.125		0
8.25		0
8.375		0
8.5		0
8.625		0
8.75		0
8.875		0
9		0
9.125		0
9.25		0
9.375		0
9.5		0
9.625		0
9.75		0
9.875		0
10		0
10.125		0
10.25		0
10.375		0
10.5		0
10.625		0
10.75		0
10.875		0
11		0
11.125		0
11.25		0
11.375		0
11.5		0
11.625		0
11.75		0
11.875		0
12		0
12.125		0
12.25		0
12.375		0
12.5		0
12.625		0
12.75		0
12.875		0
13		0
13.125		0
13.25		0
13.375		0
13.5		0
13.625		0
13.75		0
13.875		0
14		0
14.125		0
14.25		0
14.375		0
14.5		0
14.625		0
14.75		0
14.875		0
15		0
15.125		0
15.25		0
15.375		0
15.5		0
15.625		0
15.75		0
15.875		0
16		0
16.125		0
16.25		0
16.375		0
16.5		0
16.625		0
16.75		0
16.875		0
17		0
17.125		0
17.25		0
17.375		0
17.5		0
17.625		0
17.75		0
17.875		0
18		0
18.125		0
18.25		0
18.375		0
18.5		0
18.625		0
18.75		0
18.875		0
19		0
19.125		0
19.25		0
19.375		0
19.5		0
19.625		0
19.75		0
19.875		0
20		0
20.125		0
20.25		0
20.375		0
20.5		0
20.625		0
20.75		0
20.875		0
21		0
21.125		0
21.25		0
21.375		0
21.5		0
21.625		0
21.75		0
21.875		0
22		0
22.125		0
22.25		0
22.375		0
22.5		0
22.625		0
22.75		0
22.875		0
23		0
23.125		0
23.25		0
23.375		0
23.5		0
23.625		0
23.75		0
23.875		0
24		0
24.125		0
24.25		0
24.375		0
24.5		0
24.625		0
24.75		0
24.875		0
25		0
25.125		0
25.25		0
25.375		0
25.5		0
25.625		0
25.75		0
25.875		0
26		0
26.125		0
26.25		0
26.375		0
26.5		0
26.625		0
26.75		0
26.875		0
27		0
27.125		0
27.25		0
27.375		0
27.5		0
27.625		0
27.75		0
27.875		0
28		0
28.125		0
28.25		0
28.375		0
28.5		0
28.625		0
28.75		0
28.875		0
29		0
29.125		0
29.25		0
29.375		0
29.5		0
29.625		0
29.75		0
29.875		0
30		0
30.125		0
30.25		0
30.375		0
30.5		0
30.625		0
30.75		0
30.875		0
31		0
31.125		0
31.25		0
31.375		0
31.5		0
31.625		0
31.75		0
31.875		0
32		0
32.125		0
32.25		0
32.375		0
32.5		0
32.625		0
32.75		0
32.875		0
33		0
33.125		0
33.25		0
33.375		0
33.5		0
33.625		0
33.75		0
33.875		0
34		0
34.125		0
34.25		0
34.375		0
34.5		0
34.625		0
34.75		0
34.875		0
35		0
35.125		0
35.25		0
35.375		0
35.5		0
35.625		0
35.75		0
35.875		0
36		0
36.125		0
36.25		0
36.375		0
36.5		0
36.625		0
36.75		0
36.875		0
37		0
37.125		0
37.25		0
37.375		0
37.5		0
37.625		0
37.75		0
37.875		0
38		0
38.125		0
38.25		0
38.375		0
38.5		0
38.625		0
38.75		0
38.875		0
39		0
39.125		0
39.25		0
39.375		0
39.5		0
39.625		0
39.75		0
39.875		0
40		0
40.125		0
40.25		0
40.375		0
40.5		0
40.625		0
40.75		0
40.875		0
41		0
41.125		0
41.25		0
41.375		0
41.5		0
41.625		0
41.75		0
41.875		0
42		0
42.125		0
42.25		0
42.375		0
42.5		0
42.625		0
42.75		0
42.875		0
43		0
43.125		0
43.25		0
43.375		0
43.5		0
43.625		0
43.75		0
43.875		0
44		0
44.125		0
44.25		0
44.375		0
44.5		0
44.625		0
44.75		0
44.875		0
45		0
45.125		0
45.25		0
45.375		0
45.5		0
45.625		0
45.75		0
45.875		0
46		0
46.125		0
46.25		0
46.375		0
46.5		0
46.625		0
46.75		0
46.875		0
47		0
47.125		0
47.25		0
47.375		0
47.5		0
47.625		0
47.75		0
47.875		0
48		0
48.125		0
48.25		0
48.375		0
48.5		0
48.625		0
48.75		0
48.875		0
49		0
49.125		0
49.25		0
49.375		0
49.5		0
49.625		0
49.75		0
49.875		0
50		0
50.125		0
50.25		0
50.375		0
50.5		0
50.625		0
50.75		0
50.875		0
51		0
51.125		0
51.25		0
51.375		0
51.5		0
51.625		0
51.75		0
51.875		0
52		0
52.125		0
52.25		0
52.375		0
52.5		0
52.625		0
52.75		0
52.875		0
53		0
53.125		0
53.25		0
53.375		0
53.5		0
53.625		0
53.75		0
53.875		0
54		0
54.125		0
54.25		0
54.375		0
54.5		0
54.625		0
54.75		0
54.875		0
55		0
55.125		0
55.25		0
55.375		0
55.5		0
55.625		0
55.75		0
55.875		0
56		0
56.125		0
56.25		0
56.375		0
56.5		0
56.625		0
56.75		0
56.875		0
57		0
57.125		0
57.25		0
57.375		0
57.5		0
57.625		0
57.75		0
57.875		0
58		0
58.125		0
58.25		0
58.375		0
58.5		0
58.625		0
58.75		0
58.875		0
59		0
59.125		0
59.25		0
59.375		0
59.5		0
59.625		0
59.75		0
59.875		0
60		0
60.125		0
60.25		0
60.375		0
60.5		0
60.625		0
60.75		0
60.875		0
61		0
61.125		0
61.25		0
61.375		0
61.5		0
61.625		0
61.75		0
61.875		0
62		0
62.125		0
62.25		0
62.375		0
62.5		0
62.625		0
62.75		0
62.875		0
63		0
63.125		0
63.25		0
63.375		0
63.5		0
63.625		0
63.75		0
63.875		0
64		0
64.125		0
64.25		0
64.375		0
64.5		0
64.625		0
64.75		0
64.875		0
65		0
65.125		0
65.25		0
65.375		0
65.5		0
65.625		0
65.75		0
65.875		0
66		0
66.125		0
66.25		0
66.375		0
66.5		0
66.625		0
66.75		0
66.875		0
67		0
67.125		0
67.25		0
67.375		0
67.5		0
67.625		0
67.75		0
67.875		0
68		0
68.125		0
68.25		0
68.375		0
68.5		0
68.625		0
68.75		0
68.875		0
69		0
69.125		0
69.25		0
69.375		0
69.5		0
69.625		0
69.75		0
69.875		0
70		0
70.125		0
70.25		0
70.375		0
70.5		0
70.625		0
70.75		0
70.875		0
71		0
71.125		0
71.25		0
71.375		0
71.5		0
71.625		0
71.75		0
71.875		0
72		0
72.125		0
72.25		0
72.375		0
72.5		0
72.625		0
72.75		0
72.875		0
73		0
73.125		0
73.25		0
73.375		0
73.5		0
73.625		0
73.75		0
73.875		0
74		0
74.125		0
74.25		0
74.375		0
74.5		0
74.625		0
74.75		0
74.875		0
75		0
75.125		0
75.25		0
75.375		0
75.5		0
75.625		0
75.75		0
75.875		0
76		0
76.125		0
76.25		0
76.375		0
76.5		0
76.625		0
76.75		0
76.875		0
77		0
77.125		0
77.25		0
77.375		0
77.5		0
77.625		0
77.75		0
77.875		0
78		0
78.125		0
78.25		0
78.375		0
78.5		0
78.625		0
78.75		0
78.875		0
79		0
79.125		0
79.25		0
79.375		0
79.5		0
79.625		0
79.75		0
79.875		0
80		0
80.125		0
80.25		0
80.375		0
80.5		0
80.625		0
80.75		0
80.875		0
81		0
81.125		0
81.25		0
81.375		0
81.5		0
81.625		0
81.75		0
81.875		0
82		0
82.125		0
82.25		0
82.375		0
82.5		0
82.625		0
82.75		0
82.875		0
83		0
83.125		0
83.25		0
83.375		0
83.5		0
83.625		0
83.75		0
83.875		0
84		0
84.125		0
84.25		0
84.375		0
84.5		0
84.625		0
84.75		0
84.875		0
85		0
85.125		0
85.25		0
85.375		0
85.5		0
85.625		0
85.75		0
85.875		0
86		0
86.125		0
86.25		0
86.375		0
86.5		0
86.625		0
86.75		0
86.875		0
87		0
87.125		0
87.25		0
87.375		0
87.5		0
87.625		0
87.75		0
87.875		0
88		0
88.125		0
88.25		0
88.375		0
88.5		0
88.625		0
88.75		0
88.875		0
89		0
89.125		0
89.25		0
89.375		0
89.5		0
89.625		0
89.75		0
89.875		0
90		0
90.125		0.0157005
90.25		0.0157005
90.375		0.0157005
90.5		0.0157005
90.625		0.0157005
90.75		0.0157005
90.875		0.0157005
91		0.0157005
91.125		0.0157005
91.25		0.0157005
91.375		0.0157005
91.5		0.0157005
91.625		0.0157005
91.75		0.0157005
91.875		0.0157005
92		0.0157005
92.125		0.0157005
92.25		0.0157005
92.375		0.0157005
92.5		0.0157005
92.625		0.0157005
92.75		0.0157005
92.875		0.0157005
93		0.0157005
93.125		0.0157005
93.25		0.0157005
93.375		0.0157005
93.5		0.0157005
93.625		0.0157005
93.75		0.0157005
93.875		0.0157005
94		0.0157005
94.125		0.0157005
94.25		0.0157005
94.375		0.0157005
94.5		0.0157005
94.625		0.0157005
94.75		0.0157005
94.875		0.0157005
95		0.0157005
95.125		0.0229469
95.25		0.0229469
95.375		0.0229469
95.5		0.0229469
95.625		0.0229469
95.75		0.0229469
95.875		0.0229469
96		0.0229469
96.125		0.0229469
96.25		0.0229469
96.375		0.0229469
96.5		0.0229469
96.625		0.0229469
96.75		0.0229469
96.875		0.0229469
97		0.0229469
97.125		0.0229469
97.25		0.0229469
97.375		0.0229469
97.5		0.0229469
97.625		0.0229469
97.75		0.0229469
97.875		0.0229469
98		0.0229469
98.125		0.0229469
98.25		0.0229469
98.375		0.0229469
98.5		0.0229469
98.625		0.0229469
98.75		0.0229469
98.875		0.0229469
99		0.0229469
99.125		0.0229469
99.25		0.0229469
99.375		0.0229469
99.5		0.0229469
99.625		0.0229469
99.75		0.0229469
99.875		0.0229469
100		0.0229469
100.125		0.0430757
100.25		0.0430757
100.375		0.0430757
100.5		0.0430757
100.625		0.0430757
100.75		0.0430757
100.875		0.0430757
101		0.0430757
101.125		0.0430757
101.25		0.0430757
101.375		0.0430757
101.5		0.0430757
101.625		0.0430757
101.75		0.0430757
101.875		0.0430757
102		0.0430757
102.125		0.0430757
102.25		0.0430757
102.375		0.0430757
102.5		0.0430757
102.625		0.0430757
102.75		0.0430757
102.875		0.0430757
103		0.0430757
103.125		0.0430757
103.25		0.0430757
103.375		0.0430757
103.5		0.0430757
103.625		0.0430757
103.75		0.0430757
103.875		0.0430757
104		0.0430757
104.125		0.0430757
104.25		0.0430757
104.375		0.0430757
104.5		0.0430757
104.625		0.0430757
104.75		0.0430757
104.875		0.0430757
105		0.0430757
105.125		0.0555556
105.25		0.0555556
105.375		0.0555556
105.5		0.0555556
105.625		0.0555556
105.75		0.0555556
105.875		0.0555556
106		0.0555556
106.125		0.0555556
106.25		0.0555556
106.375		0.0555556
106.5		0.0555556
106.625		0.0555556
106.75		0.0555556
106.875		0.0555556
107		0.0555556
107.125		0.0555556
107.25		0.0555556
107.375		0.0555556
107.5		0.0555556
107.625		0.0555556
107.75		0.0555556
107.875		0.0555556
108		0.0555556
108.125		0.0555556
108.25		0.0555556
108.375		0.0555556
108.5		0.0555556
108.625		0.0555556
108.75		0.0555556
108.875		0.0555556
109		0.0555556
109.125		0.0555556
109.25		0.0555556
109.375		0.0555556
109.5		0.0555556
109.625		0.0555556
109.75		0.0555556
109.875		0.0555556
110		0.0555556
110.125		0.0664251
110.25		0.0664251
110.375		0.0664251
110.5		0.0664251
110.625		0.0664251
110.75		0.0664251
110.875		0.0664251
111		0.0664251
111.125		0.0664251
111.25		0.0664251
111.375		0.0664251
111.5		0.0664251
111.625		0.0664251
111.75		0.0664251
111.875		0.0664251
112		0.0664251
112.125		0.0664251
112.25		0.0664251
112.375		0.0664251
112.5		0.0664251
112.625		0.0664251
112.75		0.0664251
112.875		0.0664251
113		0.0664251
113.125		0.0664251
113.25		0.0664251
113.375		0.0664251
113.5		0.0664251
113.625		0.0664251
113.75		0.0664251
113.875		0.0664251
114		0.0664251
114.125		0.0664251
114.25		0.0664251
114.375		0.0664251
114.5		0.0664251
114.625		0.0664251
114.75		0.0664251
114.875		0.0664251
115		0.0664251
115.125		0.0736715
115.25		0.0736715
115.375		0.0736715
115.5		0.0736715
115.625		0.0736715
115.75		0.0736715
115.875		0.0736715
116		0.0736715
116.125		0.0736715
116.25		0.0736715
116.375		0.0736715
116.5		0.0736715
116.625		0.0736715
116.75		0.0736715
116.875		0.0736715
117		0.0736715
117.125		0.0736715
117.25		0.0736715
117.375		0.0736715
117.5		0.0736715
117.625		0.0736715
117.75		0.0736715
117.875		0.0736715
118		0.0736715
118.125		0.0736715
118.25		0.0736715
118.375		0.0736715
118.5		0.0736715
118.625		0.0736715
118.75		0.0736715
118.875		0.0736715
119		0.0736715
119.125		0.0736715
119.25		0.0736715
119.375		0.0736715
119.5		0.0736715
119.625		0.0736715
119.75		0.0736715
119.875		0.0736715
120		0.0736715
120.125		0.112319
120.25		0.112319
120.375		0.112319
120.5		0.112319
120.625		0.112319
120.75		0.112319
120.875		0.112319
121		0.112319
121.125		0.112319
121.25		0.112319
121.375		0.112319
121.5		0.112319
121.625		0.112319
121.75		0.112319
121.875		0.112319
122		0.112319
122.125		0.112319
122.25		0.112319
122.375		0.112319
122.5		0.112319
122.625		0.112319
122.75		0.112319
122.875		0.112319
123		0.112319
123.125		0.112319
123.25		0.112319
123.375		0.112319
123.5		0.112319
123.625		0.112319
123.75		0.112319
123.875		0.112319
124		0.112319
124.125		0.112319
124.25		0.112319
124.375		0.112319
124.5		0.112319
124.625		0.112319
124.75		0.112319
124.875		0.112319
125		0.112319
125.125		0.121176
125.25		0.121176
125.375		0.121176
125.5		0.121176
125.625		0.121176
125.75		0.121176
125.875		0.121176
126		0.121176
126.125		0.121176
126.25		0.121176
126.375		0.121176
126.5		0.121176
126.625		0.121176
126.75		0.121176
126.875		0.121176
127		0.121176
127.125		0.121176
127.25		0.121176
127.375		0.121176
127.5		0.121176
127.625		0.121176
127.75		0.121176
127.875		0.121176
128		0.121176
128.125		0.121176
128.25		0.121176
128.375		0.121176
128.5		0.121176
128.625		0.121176
128.75		0.121176
128.875		0.121176
129		0.121176
129.125		0.121176
129.25		0.121176
129.375		0.121176
129.5		0.121176
129.625		0.121176
129.75		0.121176
129.875		0.121176
130		0.121176
130.125		0.127214
130.25		0.127214
130.375		0.127214
130.5		0.127214
130.625		0.127214
130.75		0.127214
130.875		0.127214
131		0.127214
131.125		0.127214
131.25		0.127214
131.375		0.127214
131.5		0.127214
131.625		0.127214
131.75		0.127214
131.875		0.127214
132		0.127214
132.125		0.127214
132.25		0.127214
132.375		0.127214
132.5		0.127214
132.625		0.127214
132.75		0.127214
132.875		0.127214
133		0.127214
133.125		0.127214
133.25		0.127214
133.375		0.127214
133.5		0.127214
133.625		0.127214
133.75		0.127214
133.875		0.127214
134		0.127214
134.125		0.127214
134.25		0.127214
134.375		0.127214
134.5		0.127214
134.625		0.127214
134.75		0.127214
134.875		0.127214
135		0.127214
135.125		0.130032
135.25		0.130032
135.375		0.130032
135.5		0.130032
135.625		0.130032
135.75		0.130032
135.875		0.130032
136		0.130032
136.125		0.130032
136.25		0.130032
136.375		0.130032
136.5		0.130032
136.625		0.130032
136.75		0.130032
136.875		0.130032
137		0.130032
137.125		0.130032
137.25		0.130032
137.375		0.130032
137.5		0.130032
137.625		0.130032
137.75		0.130032
137.875		0.130032
138		0.130032
138.125		0.130032
138.25		0.130032
138.375		0.130032
138.5		0.130032
138.625		0.130032
138.75		0.130032
138.875		0.130032
139		0.130032
139.125		0.130032
139.25		0.130032
139.375		0.130032
139.5		0.130032
139.625		0.130032
139.75		0.130032
139.875		0.130032
140		0.130032
140.125		0.156602
140.25		0.156602
140.375		0.156602
140.5		0.156602
140.625		0.156602
140.75		0.156602
140.875		0.156602
141		0.156602
141.125		0.156602
141.25		0.156602
141.375		0.156602
141.5		0.156602
141.625		0.156602
141.75		0.156602
141.875		0.156602
142		0.156602
142.125		0.156602
142.25		0.156602
142.375		0.156602
142.5		0.156602
142.625		0.156602
142.75		0.156602
142.875		0.156602
143		0.156602
143.125		0.156602
143.25		0.156602
143.375		0.156602
143.5		0.156602
143.625		0.156602
143.75		0.156602
143.875		0.156602
144		0.156602
144.125		0.156602
144.25		0.156602
144.375		0.156602
144.5		0.156602
144.625		0.156602
144.75		0.156602
144.875		0.156602
145		0.156602
145.125		0.158213
145.25		0.158213
145.375		0.158213
145.5		0.158213
145.625		0.158213
145.75		0.158213
145.875		0.158213
146		0.158213
146.125		0.158213
146.25		0.158213
146.375		0.158213
146.5		0.158213
146.625		0.158213
146.75		0.158213
146.875		0.158213
147		0.158213
147.125		0.158213
147.25		0.158213
147.375		0.158213
147.5		0.158213
147.625		0.158213
147.75		0.158213
147.875		0.158213
148		0.158213
148.125		0.158213
148.25		0.158213
148.375		0.158213
148.5		0.158213
148.625		0.158213
148.75		0.158213
148.875		0.158213
149		0.158213
149.125		0.158213
149.25		0.158213
149.375		0.158213
149.5		0.158213
149.625		0.158213
149.75		0.158213
149.875		0.158213
150		0.158213
150.125		0.1719
150.25		0.1719
150.375		0.1719
150.5		0.1719
150.625		0.1719
150.75		0.1719
150.875		0.1719
151		0.1719
151.125		0.1719
151.25		0.1719
151.375		0.1719
151.5		0.1719
151.625		0.1719
151.75		0.1719
151.875		0.1719
152		0.1719
152.125		0.1719
152.25		0.1719
152.375		0.1719
152.5		0.1719
152.625		0.1719
152.75		0.1719
152.875		0.1719
153		0.1719
153.125		0.1719
153.25		0.1719
153.375		0.1719
153.5		0.1719
153.625		0.1719
153.75		0.1719
153.875		0.1719
154		0.1719
154.125		0.1719
154.25		0.1719
154.375		0.1719
154.5		0.1719
154.625		0.1719
154.75		0.1719
154.875		0.1719
155		0.1719
155.125		0.179549
155.25		0.179549
155.375		0.179549
155.5		0.179549
155.625		0.179549
155.75		0.179549
155.875		0.179549
156		0.179549
156.125		0.179549
156.25		0.179549
156.375		0.179549
156.5		0.179549
156.625		0.179549
156.75		0.179549
156.875		0.179549
157		0.179549
157.125		0.179549
157.25		0.179549
157.375		0.179549
157.5		0.179549
157.625		0.179549
157.75		0.179549
157.875		0.179549
158		0.179549
158.125		0.179549
158.25		0.179549
158.375		0.179549
158.5		0.179549
158.625		0.179549
158.75		0.179549
158.875		0.179549
159		0.179549
159.125		0.179549
159.25		0.179549
159.375		0.179549
159.5		0.179549
159.625		0.179549
159.75		0.179549
159.875		0.179549
160		0.179549
160.125		0.188406
160.25		0.188406
160.375		0.188406
160.5		0.188406
160.625		0.188406
160.75		0.188406
160.875		0.188406
161		0.188406
161.125		0.188406
161.25		0.188406
161.375		0.188406
161.5		0.188406
161.625		0.188406
161.75		0.188406
161.875		0.188406
162		0.188406
162.125		0.188406
162.25		0.188406
162.375		0.188406
162.5		0.188406
162.625		0.188406
162.75		0.188406
162.875		0.188406
163		0.188406
163.125		0.188406
163.25		0.188406
163.375		0.188406
163.5		0.188406
163.625		0.188406
163.75		0.188406
163.875		0.188406
164		0.188406
164.125		0.188406
164.25		0.188406
164.375		0.188406
164.5		0.188406
164.625		0.188406
164.75		0.188406
164.875		0.188406
165		0.188406
165.125		0.201691
165.25		0.201691
165.375		0.201691
165.5		0.201691
165.625		0.201691
165.75		0.201691
165.875		0.201691
166		0.201691
166.125		0.201691
166.25		0.201691
166.375		0.201691
166.5		0.201691
166.625		0.201691
166.75		0.201691
166.875		0.201691
167		0.201691
167.125		0.201691
167.25		0.201691
167.375		0.201691
167.5		0.201691
167.625		0.201691
167.75		0.201691
167.875		0.201691
168		0.201691
168.125		0.201691
168.25		0.201691
168.375		0.201691
168.5		0.201691
168.625		0.201691
168.75		0.201691
168.875		0.201691
169		0.201691
169.125		0.201691
169.25		0.201691
169.375		0.201691
169.5		0.201691
169.625		0.201691
169.75		0.201691
169.875		0.201691
170		0.201691
170.125		0.203704
170.25		0.203704
170.375		0.203704
170.5		0.203704
170.625		0.203704
170.75		0.203704
170.875		0.203704
171		0.203704
171.125		0.203704
171.25		0.203704
171.375		0.203704
171.5		0.203704
171.625		0.203704
171.75		0.203704
171.875		0.203704
172		0.203704
172.125		0.203704
172.25		0.203704
172.375		0.203704
172.5		0.203704
172.625		0.203704
172.75		0.203704
172.875		0.203704
173		0.203704
173.125		0.203704
173.25		0.203704
173.375		0.203704
173.5		0.203704
173.625		0.203704
173.75		0.203704
173.875		0.203704
174		0.203704
174.125		0.203704
174.25		0.203704
174.375		0.203704
174.5		0.203704
174.625		0.203704
174.75		0.203704
174.875		0.203704
175		0.203704
175.125		0.212158
175.25		0.212158
175.375		0.212158
175.5		0.212158
175.625		0.212158
175.75		0.212158
175.875		0.212158
176		0.212158
176.125		0.212158
176.25		0.212158
176.375		0.212158
176.5		0.212158
176.625		0.212158
176.75		0.212158
176.875		0.212158
177		0.212158
177.125		0.212158
177.25		0.212158
177.375		0.212158
177.5		0.212158
177.625		0.212158
177.75		0.212158
177.875		0.212158
178		0.212158
178.125		0.212158
178.25		0.212158
178.375		0.212158
178.5		0.212158
178.625		0.212158
178.75		0.212158
178.875		0.212158
179		0.212158
179.125		0.212158
179.25		0.212158
179.375		0.212158
179.5		0.212158
179.625		0.212158
179.75		0.212158
179.875		0.212158
180		0.212158
180.125		0.220209
180.25		0.220209
180.375		0.220209
180.5		0.220209
180.625		0.220209
180.75		0.220209
180.875		0.220209
181		0.220209
181.125		0.220209
181.25		0.220209
181.375		0.220209
181.5		0.220209
181.625		0.220209
181.75		0.220209
181.875		0.220209
182		0.220209
182.125		0.220209
182.25		0.220209
182.375		0.220209
182.5		0.220209
182.625		0.220209
182.75		0.220209
182.875		0.220209
183		0.220209
183.125		0.220209
183.25		0.220209
183.375		0.220209
183.5		0.220209
183.625		0.220209
183.75		0.220209
183.875		0.220209
184		0.220209
184.125		0.220209
184.25		0.220209
184.375		0.220209
184.5		0.220209
184.625		0.220209
184.75		0.220209
184.875		0.220209
185		0.220209
185.125		0.235507
185.25		0.235507
185.375		0.235507
185.5		0.235507
185.625		0.235507
185.75		0.235507
185.875		0.235507
186		0.235507
186.125		0.235507
186.25		0.235507
186.375		0.235507
186.5		0.235507
186.625		0.235507
186.75		0.235507
186.875		0.235507
187		0.235507
187.125		0.235507
187.25		0.235507
187.375		0.235507
187.5		0.235507
187.625		0.235507
187.75		0.235507
187.875		0.235507
188		0.235507
188.125		0.235507
188.25		0.235507
188.375		0.235507
188.5		0.235507
188.625		0.235507
188.75		0.235507
188.875		0.235507
189		0.235507
189.125		0.235507
189.25		0.235507
189.375		0.235507
189.5		0.235507
189.625		0.235507
189.75		0.235507
189.875		0.235507
190		0.235507
190.125		0.247182
190.25		0.247182
190.375		0.247182
190.5		0.247182
190.625		0.247182
190.75		0.247182
190.875		0.247182
191		0.247182
191.125		0.247182
191.25		0.247182
191.375		0.247182
191.5		0.247182
191.625		0.247182
191.75		0.247182
191.875		0.247182
192		0.247182
192.125		0.247182
192.25		0.247182
192.375		0.247182
192.5		0.247182
192.625		0.247182
192.75		0.247182
192.875		0.247182
193		0.247182
193.125		0.247182
193.25		0.247182
193.375		0.247182
193.5		0.247182
193.625		0.247182
193.75		0.247182
193.875		0.247182
194		0.247182
194.125		0.247182
194.25		0.247182
194.375		0.247182
194.5		0.247182
194.625		0.247182
194.75		0.247182
194.875		0.247182
195		0.247182
195.125		0.264895
195.25		0.264895
195.375		0.264895
195.5		0.264895
195.625		0.264895
195.75		0.264895
195.875		0.264895
196		0.264895
196.125		0.264895
196.25		0.264895
196.375		0.264895
196.5		0.264895
196.625		0.264895
196.75		0.264895
196.875		0.264895
197		0.264895
197.125		0.264895
197.25		0.264895
197.375		0.264895
197.5		0.264895
197.625		0.264895
197.75		0.264895
197.875		0.264895
198		0.264895
198.125		0.264895
198.25		0.264895
198.375		0.264895
198.5		0.264895
198.625		0.264895
198.75		0.264895
198.875		0.264895
199		0.264895
199.125		0.264895
199.25		0.264895
199.375		0.264895
199.5		0.264895
199.625		0.264895
199.75		0.264895
199.875		0.264895
200		0.264895
200.125		0.267311
200.25		0.267311
200.375		0.267311
200.5		0.267311
200.625		0.267311
200.75		0.267311
200.875		0.267311
201		0.267311
201.125		0.267311
201.25		0.267311
201.375		0.267311
201.5		0.267311
201.625		0.267311
201.75		0.267311
201.875		0.267311
202		0.267311
202.125		0.267311
202.25		0.267311
202.375		0.267311
202.5		0.267311
202.625		0.267311
202.75		0.267311
202.875		0.267311
203		0.267311
203.125		0.267311
203.25		0.267311
203.375		0.267311
203.5		0.267311
203.625		0.267311
203.75		0.267311
203.875		0.267311
204		0.267311
204.125		0.267311
204.25		0.267311
204.375		0.267311
204.5		0.267311
204.625		0.267311
204.75		0.267311
204.875		0.267311
205		0.267311
205.125		0.287037
205.25		0.287037
205.375		0.287037
205.5		0.287037
205.625		0.287037
205.75		0.287037
205.875		0.287037
206		0.287037
206.125		0.287037
206.25		0.287037
206.375		0.287037
206.5		0.287037
206.625		0.287037
206.75		0.287037
206.875		0.287037
207		0.287037
207.125		0.287037
207.25		0.287037
207.375		0.287037
207.5		0.287037
207.625		0.287037
207.75		0.287037
207.875		0.287037
208		0.287037
208.125		0.287037
208.25		0.287037
208.375		0.287037
208.5		0.287037
208.625		0.287037
208.75		0.287037
208.875		0.287037
209		0.287037
209.125		0.287037
209.25		0.287037
209.375		0.287037
209.5		0.287037
209.625		0.287037
209.75		0.287037
209.875		0.287037
210		0.287037
210.125		0.288647
210.25		0.288647
210.375		0.288647
210.5		0.288647
210.625		0.288647
210.75		0.288647
210.875		0.288647
211		0.288647
211.125		0.288647
211.25		0.288647
211.375		0.288647
211.5		0.288647
211.625		0.288647
211.75		0.288647
211.875		0.288647
212		0.288647
212.125		0.288647
212.25		0.288647
212.375		0.288647
212.5		0.288647
212.625		0.288647
212.75		0.288647
212.875		0.288647
213		0.288647
213.125		0.288647
213.25		0.288647
213.375		0.288647
213.5		0.288647
213.625		0.288647
213.75		0.288647
213.875		0.288647
214		0.288647
214.125		0.288647
214.25		0.288647
214.375		0.288647
214.5		0.288647
214.625		0.288647
214.75		0.288647
214.875		0.288647
215		0.288647
215.125		0.322061
215.25		0.322061
215.375		0.322061
215.5		0.322061
215.625		0.322061
215.75		0.322061
215.875		0.322061
216		0.322061
216.125		0.322061
216.25		0.322061
216.375		0.322061
216.5		0.322061
216.625		0.322061
216.75		0.322061
216.875		0.322061
217		0.322061
217.125		0.322061
217.25		0.322061
217.375		0.322061
217.5		0.322061
217.625		0.322061
217.75		0.322061
217.875		0.322061
218		0.322061
218.125		0.322061
218.25		0.322061
218.375		0.322061
218.5		0.322061
218.625		0.322061
218.75		0.322061
218.875		0.322061
219		0.322061
219.125		0.322061
219.25		0.322061
219.375		0.322061
219.5		0.322061
219.625		0.322061
219.75		0.322061
219.875		0.322061
220		0.322061
220.125		0.323671
220.25		0.323671
220.375		0.323671
220.5		0.323671
220.625		0.323671
220.75		0.323671
220.875		0.323671
221		0.323671
221.125		0.323671
221.25		0.323671
221.375		0.323671
221.5		0.323671
221.625		0.323671
221.75		0.323671
221.875		0.323671
222		0.323671
222.125		0.323671
222.25		0.323671
222.375		0.323671
222.5		0.323671
222.625		0.323671
222.75		0.323671
222.875		0.323671
223		0.323671
223.125		0.323671
223.25		0.323671
223.375		0.323671
223.5		0.323671
223.625		0.323671
223.75		0.323671
223.875		0.323671
224		0.323671
224.125		0.323671
224.25		0.323671
224.375		0.323671
224.5		0.323671
224.625		0.323671
224.75		0.323671
224.875		0.323671
225		0.323671
225.125		0.34219
225.25		0.34219
225.375		0.34219
225.5		0.34219
225.625		0.34219
225.75		0.34219
225.875		0.34219
226		0.34219
226.125		0.34219
226.25		0.34219
226.375		0.34219
226.5		0.34219
226.625		0.34219
226.75		0.34219
226.875		0.34219
227		0.34219
227.125		0.34219
227.25		0.34219
227.375		0.34219
227.5		0.34219
227.625		0.34219
227.75		0.34219
227.875		0.34219
228		0.34219
228.125		0.34219
228.25		0.34219
228.375		0.34219
228.5		0.34219
228.625		0.34219
228.75		0.34219
228.875		0.34219
229		0.34219
229.125		0.34219
229.25		0.34219
229.375		0.34219
229.5		0.34219
229.625		0.34219
229.75		0.34219
229.875		0.34219
230		0.34219
230.125		0.361111
230.25		0.361111
230.375		0.361111
230.5		0.361111
230.625		0.361111
230.75		0.361111
230.875		0.361111
231		0.361111
231.125		0.361111
231.25		0.361111
231.375		0.361111
231.5		0.361111
231.625		0.361111
231.75		0.361111
231.875		0.361111
232		0.361111
232.125		0.361111
232.25		0.361111
232.375		0.361111
232.5		0.361111
232.625		0.361111
232.75		0.361111
232.875		0.361111
233		0.361111
233.125		0.361111
233.25		0.361111
233.375		0.361111
233.5		0.361111
233.625		0.361111
233.75		0.361111
233.875		0.361111
234		0.361111
234.125		0.361111
234.25		0.361111
234.375		0.361111
234.5		0.361111
234.625		0.361111
234.75		0.361111
234.875		0.361111
235		0.361111
235.125		0.366747
235.25		0.366747
235.375		0.366747
235.5		0.366747
235.625		0.366747
235.75		0.366747
235.875		0.366747
236		0.366747
236.125		0.366747
236.25		0.366747
236.375		0.366747
236.5		0.366747
236.625		0.366747
236.75		0.366747
236.875		0.366747
237		0.366747
237.125		0.366747
237.25		0.366747
237.375		0.366747
237.5		0.366747
237.625		0.366747
237.75		0.366747
237.875		0.366747
238		0.366747
238.125		0.366747
238.25		0.366747
238.375		0.366747
238.5		0.366747
238.625		0.366747
238.75		0.366747
238.875		0.366747
239		0.366747
239.125		0.366747
239.25		0.366747
239.375		0.366747
239.5		0.366747
239.625		0.366747
239.75		0.366747
239.875		0.366747
240		0.366747
240.125		0.377214
240.25		0.377214
240.375		0.377214
240.5		0.377214
240.625		0.377214
240.75		0.377214
240.875		0.377214
241		0.377214
241.125		0.377214
241.25		0.377214
241.375		0.377214
241.5		0.377214
241.625		0.377214
241.75		0.377214
241.875		0.377214
242		0.377214
242.125		0.377214
242.25		0.377214
242.375		0.377214
242.5		0.377214
242.625		0.377214
242.75		0.377214
242.875		0.377214
243		0.377214
243.125		0.377214
243.25		0.377214
243.375		0.377214
243.5		0.377214
243.625		0.377214
243.75		0.377214
243.875		0.377214
244		0.377214
244.125		0.377214
244.25		0.377214
244.375		0.377214
244.5		0.377214
244.625		0.377214
244.75		0.377214
244.875		0.377214
245		0.377214
245.125		0.402576
245.25		0.402576
245.375		0.402576
245.5		0.402576
245.625		0.402576
245.75		0.402576
245.875		0.402576
246		0.402576
246.125		0.402576
246.25		0.402576
246.375		0.402576
246.5		0.402576
246.625		0.402576
246.75		0.402576
246.875		0.402576
247		0.402576
247.125		0.402576
247.25		0.402576
247.375		0.402576
247.5		0.402576
247.625		0.402576
247.75		0.402576
247.875		0.402576
248		0.402576
248.125		0.402576
248.25		0.402576
248.375		0.402576
248.5		0.402576
248.625		0.402576
248.75		0.402576
248.875		0.402576
249		0.402576
249.125		0.402576
249.25		0.402576
249.375		0.402576
249.5		0.402576
249.625		0.402576
249.75		0.402576
249.875		0.402576
250		0.402576
250.125		0.416264
250.25		0.416264
250.375		0.416264
250.5		0.416264
250.625		0.416264
250.75		0.416264
250.875		0.416264
251		0.416264
251.125		0.416264
251.25		0.416264
251.375		0.416264
251.5		0.416264
251.625		0.416264
251.75		0.416264
251.875		0.416264
252		0.416264
252.125		0.416264
252.25		0.416264
252.375		0.416264
252.5		0.416264
252.625		0.416264
252.75		0.416264
252.875		0.416264
253		0.416264
253.125		0.416264
253.25		0.416264
253.375		0.416264
253.5		0.416264
253.625		0.416264
253.75		0.416264
253.875		0.416264
254		0.416264
254.125		0.416264
254.25		0.416264
254.375		0.416264
254.5		0.416264
254.625		0.416264
254.75		0.416264
254.875		0.416264
255		0.416264
255.125		0.419082
255.25		0.419082
255.375		0.419082
255.5		0.419082
255.625		0.419082
255.75		0.419082
255.875		0.419082
256		0.419082
256.125		0.419082
256.25		0.419082
256.375		0.419082
256.5		0.419082
256.625		0.419082
256.75		0.419082
256.875		0.419082
257		0.419082
257.125		0.419082
257.25		0.419082
257.375		0.419082
257.5		0.419082
257.625		0.419082
257.75		0.419082
257.875		0.419082
258		0.419082
258.125		0.419082
258.25		0.419082
258.375		0.419082
258.5		0.419082
258.625		0.419082
258.75		0.419082
258.875		0.419082
259		0.419082
259.125		0.419082
259.25		0.419082
259.375		0.419082
259.5		0.419082
259.625		0.419082
259.75		0.419082
259.875		0.419082
260		0.419082
260.125		0.425121
260.25		0.425121
260.375		0.425121
260.5		0.425121
260.625		0.425121
260.75		0.425121
260.875		0.425121
261		0.425121
261.125		0.425121
261.25		0.425121
261.375		0.425121
261.5		0.425121
261.625		0.425121
261.75		0.425121
261.875		0.425121
262		0.425121
262.125		0.425121
262.25		0.425121
262.375		0.425121
262.5		0.425121
262.625		0.425121
262.75		0.425121
262.875		0.425121
263		0.425121
263.125		0.425121
263.25		0.425121
263.375		0.425121
263.5		0.425121
263.625		0.425121
263.75		0.425121
263.875		0.425121
264		0.425121
264.125		0.425121
264.25		0.425121
264.375		0.425121
264.5		0.425121
264.625		0.425121
264.75		0.425121
264.875		0.425121
265		0.425121
265.125		0.438003
265.25		0.438003
265.375		0.438003
265.5		0.438003
265.625		0.438003
265.75		0.438003
265.875		0.438003
266		0.438003
266.125		0.438003
266.25		0.438003
266.375		0.438003
266.5		0.438003
266.625		0.438003
266.75		0.438003
266.875		0.438003
267		0.438003
267.125		0.438003
267.25		0.438003
267.375		0.438003
267.5		0.438003
267.625		0.438003
267.75		0.438003
267.875		0.438003
268		0.438003
268.125		0.438003
268.25		0.438003
268.375		0.438003
268.5		0.438003
268.625		0.438003
268.75		0.438003
268.875		0.438003
269		0.438003
269.125		0.438003
269.25		0.438003
269.375		0.438003
269.5		0.438003
269.625		0.438003
269.75		0.438003
269.875		0.438003
270		0.438003
270.125		0.461755
270.25		0.461755
270.375		0.461755
270.5		0.461755
270.625		0.461755
270.75		0.461755
270.875		0.461755
271		0.461755
271.125		0.461755
271.25		0.461755
271.375		0.461755
271.5		0.461755
271.625		0.461755
271.75		0.461755
271.875		0.461755
272		0.461755
272.125		0.461755
272.25		0.461755
272.375		0.461755
272.5		0.461755
272.625		0.461755
272.75		0.461755
272.875		0.461755
273		0.461755
273.125		0.461755
273.25		0.461755
273.375		0.461755
273.5		0.461755
273.625		0.461755
273.75		0.461755
273.875		0.461755
274		0.461755
274.125		0.461755
274.25		0.461755
274.375		0.461755
274.5		0.461755
274.625		0.461755
274.75		0.461755
274.875		0.461755
275		0.461755
275.125		0.473833
275.25		0.473833
275.375		0.473833
275.5		0.473833
275.625		0.473833
275.75		0.473833
275.875		0.473833
276		0.473833
276.125		0.473833
276.25		0.473833
276.375		0.473833
276.5		0.473833
276.625		0.473833
276.75		0.473833
276.875		0.473833
277		0.473833
277.125		0.473833
277.25		0.473833
277.375		0.473833
277.5		0.473833
277.625		0.473833
277.75		0.473833
277.875		0.473833
278		0.473833
278.125		0.473833
278.25		0.473833
278.375		0.473833
278.5		0.473833
278.625		0.473833
278.75		0.473833
278.875		0.473833
279		0.473833
279.125		0.473833
279.25		0.473833
279.375		0.473833
279.5		0.473833
279.625		0.473833
279.75		0.473833
279.875		0.473833
280		0.473833
280.125		0.48913
280.25		0.48913
280.375		0.48913
280.5		0.48913
280.625		0.48913
280.75		0.48913
280.875		0.48913
281		0.48913
281.125		0.48913
281.25		0.48913
281.375		0.48913
281.5		0.48913
281.625		0.48913
281.75		0.48913
281.875		0.48913
282		0.48913
282.125		0.48913
282.25		0.48913
282.375		0.48913
282.5		0.48913
282.625		0.48913
282.75		0.48913
282.875		0.48913
283		0.48913
283.125		0.48913
283.25		0.48913
283.375		0.48913
283.5		0.48913
283.625		0.48913
283.75		0.48913
283.875		0.48913
284		0.48913
284.125		0.48913
284.25		0.48913
284.375		0.48913
284.5		0.48913
284.625		0.48913
284.75		0.48913
284.875		0.48913
285		0.48913
285.125		0.490338
285.25		0.490338
285.375		0.490338
285.5		0.490338
285.625		0.490338
285.75		0.490338
285.875		0.490338
286		0.490338
286.125		0.490338
286.25		0.490338
286.375		0.490338
286.5		0.490338
286.625		0.490338
286.75		0.490338
286.875		0.490338
287		0.490338
287.125		0.490338
287.25		0.490338
287.375		0.490338
287.5		0.490338
287.625		0.490338
287.75		0.490338
287.875		0.490338
288		0.490338
288.125		0.490338
288.25		0.490338
288.375		0.490338
288.5		0.490338
288.625		0.490338
288.75		0.490338
288.875		0.490338
289		0.490338
289.125		0.490338
289.25		0.490338
289.375		0.490338
289.5		0.490338
289.625		0.490338
289.75		0.490338
289.875		0.490338
290		0.490338
290.125		0.494364
290.25		0.494364
290.375		0.494364
290.5		0.494364
290.625		0.494364
290.75		0.494364
290.875		0.494364
291		0.494364
291.125		0.494364
291.25		0.494364
291.375		0.494364
291.5		0.494364
291.625		0.494364
291.75		0.494364
291.875		0.494364
292		0.494364
292.125		0.494364
292.25		0.494364
292.375		0.494364
292.5		0.494364
292.625		0.494364
292.75		0.494364
292.875		0.494364
293		0.494364
293.125		0.494364
293.25		0.494364
293.375		0.494364
293.5		0.494364
293.625		0.494364
293.75		0.494364
293.875		0.494364
294		0.494364
294.125		0.494364
294.25		0.494364
294.375		0.494364
294.5		0.494364
294.625		0.494364
294.75		0.494364
294.875		0.494364
295		0.494364
295.125		0.521337
295.25		0.521337
295.375		0.521337
295.5		0.521337
295.625		0.521337
295.75		0.521337
295.875		0.521337
296		0.521337
296.125		0.521337
296.25		0.521337
296.375		0.521337
296.5		0.521337
296.625		0.521337
296.75		0.521337
296.875		0.521337
297		0.521337
297.125		0.521337
297.25		0.521337
297.375		0.521337
297.5		0.521337
297.625		0.521337
297.75		0.521337
297.875		0.521337
298		0.521337
298.125		0.521337
298.25		0.521337
298.375		0.521337
298.5		0.521337
298.625		0.521337
298.75		0.521337
298.875		0.521337
299		0.521337
299.125		0.521337
299.25		0.521337
299.375		0.521337
299.5		0.521337
299.625		0.521337
299.75		0.521337
299.875		0.521337
300		0.521337
300.125		0.530596
300.25		0.530596
300.375		0.530596
300.5		0.530596
300.625		0.530596
300.75		0.530596
300.875		0.530596
301		0.530596
301.125		0.530596
301.25		0.530596
301.375		0.530596
301.5		0.530596
301.625		0.530596
301.75		0.530596
301.875		0.530596
302		0.530596
302.125		0.530596
302.25		0.530596
302.375		0.530596
302.5		0.530596
302.625		0.530596
302.75		0.530596
302.875		0.530596
303		0.530596
303.125		0.530596
303.25		0.530596
303.375		0.530596
303.5		0.530596
303.625		0.530596
303.75		0.530596
303.875		0.530596
304		0.530596
304.125		0.530596
304.25		0.530596
304.375		0.530596
304.5		0.530596
304.625		0.530596
304.75		0.530596
304.875		0.530596
305		0.530596
305.125		0.547907
305.25		0.547907
305.375		0.547907
305.5		0.547907
305.625		0.547907
305.75		0.547907
305.875		0.547907
306		0.547907
306.125		0.547907
306.25		0.547907
306.375		0.547907
306.5		0.547907
306.625		0.547907
306.75		0.547907
306.875		0.547907
307		0.547907
307.125		0.547907
307.25		0.547907
307.375		0.547907
307.5		0.547907
307.625		0.547907
307.75		0.547907
307.875		0.547907
308		0.547907
308.125		0.547907
308.25		0.547907
308.375		0.547907
308.5		0.547907
308.625		0.547907
308.75		0.547907
308.875		0.547907
309		0.547907
309.125		0.547907
309.25		0.547907
309.375		0.547907
309.5		0.547907
309.625		0.547907
309.75		0.547907
309.875		0.547907
310		0.547907
310.125		0.561192
310.25		0.561192
310.375		0.561192
310.5		0.561192
310.625		0.561192
310.75		0.561192
310.875		0.561192
311		0.561192
311.125		0.561192
311.25		0.561192
311.375		0.561192
311.5		0.561192
311.625		0.561192
311.75		0.561192
311.875		0.561192
312		0.561192
312.125		0.561192
312.25		0.561192
312.375		0.561192
312.5		0.561192
312.625		0.561192
312.75		0.561192
312.875		0.561192
313		0.561192
313.125		0.561192
313.25		0.561192
313.375		0.561192
313.5		0.561192
313.625		0.561192
313.75		0.561192
313.875		0.561192
314		0.561192
314.125		0.561192
314.25		0.561192
314.375		0.561192
314.5		0.561192
314.625		0.561192
314.75		0.561192
314.875		0.561192
315		0.561192
315.125		0.566425
315.25		0.566425
315.375		0.566425
315.5		0.566425
315.625		0.566425
315.75		0.566425
315.875		0.566425
316		0.566425
316.125		0.566425
316.25		0.566425
316.375		0.566425
316.5		0.566425
316.625		0.566425
316.75		0.566425
316.875		0.566425
317		0.566425
317.125		0.566425
317.25		0.566425
317.375		0.566425
317.5		0.566425
317.625		0.566425
317.75		0.566425
317.875		0.566425
318		0.566425
318.125		0.566425
318.25		0.566425
318.375		0.566425
318.5		0.566425
318.625		0.566425
318.75		0.566425
318.875		0.566425
319		0.566425
319.125		0.566425
319.25		0.566425
319.375		0.566425
319.5		0.566425
319.625		0.566425
319.75		0.566425
319.875		0.566425
320		0.566425
320.125		0.583333
320.25		0.583333
320.375		0.583333
320.5		0.583333
320.625		0.583333
320.75		0.583333
320.875		0.583333
321		0.583333
321.125		0.583333
321.25		0.583333
321.375		0.583333
321.5		0.583333
321.625		0.583333
321.75		0.583333
321.875		0.583333
322		0.583333
322.125		0.583333
322.25		0.583333
322.375		0.583333
322.5		0.583333
322.625		0.583333
322.75		0.583333
322.875		0.583333
323		0.583333
323.125		0.583333
323.25		0.583333
323.375		0.583333
323.5		0.583333
323.625		0.583333
323.75		0.583333
323.875		0.583333
324		0.583333
324.125		0.583333
324.25		0.583333
324.375		0.583333
324.5		0.583333
324.625		0.583333
324.75		0.583333
324.875		0.583333
325		0.583333
325.125		0.594605
325.25		0.594605
325.375		0.594605
325.5		0.594605
325.625		0.594605
325.75		0.594605
325.875		0.594605
326		0.594605
326.125		0.594605
326.25		0.594605
326.375		0.594605
326.5		0.594605
326.625		0.594605
326.75		0.594605
326.875		0.594605
327		0.594605
327.125		0.594605
327.25		0.594605
327.375		0.594605
327.5		0.594605
327.625		0.594605
327.75		0.594605
327.875		0.594605
328		0.594605
328.125		0.594605
328.25		0.594605
328.375		0.594605
328.5		0.594605
328.625		0.594605
328.75		0.594605
328.875		0.594605
329		0.594605
329.125		0.594605
329.25		0.594605
329.375		0.594605
329.5		0.594605
329.625		0.594605
329.75		0.594605
329.875		0.594605
330		0.594605
330.125		0.595411
330.25		0.595411
330.375		0.595411
330.5		0.595411
330.625		0.595411
330.75		0.595411
330.875		0.595411
331		0.595411
331.125		0.595411
331.25		0.595411
331.375		0.595411
331.5		0.595411
331.625		0.595411
331.75		0.595411
331.875		0.595411
332		0.595411
332.125		0.595411
332.25		0.595411
332.375		0.595411
332.5		0.595411
332.625		0.595411
332.75		0.595411
332.875		0.595411
333		0.595411
333.125		0.595411
333.25		0.595411
333.375		0.595411
333.5		0.595411
333.625		0.595411
333.75		0.595411
333.875		0.595411
334		0.595411
334.125		0.595411
334.25		0.595411
334.375		0.595411
334.5		0.595411
334.625		0.595411
334.75		0.595411
334.875		0.595411
335		0.595411
335.125		0.608696
335.25		0.608696
335.375		0.608696
335.5		0.608696
335.625		0.608696
335.75		0.608696
335.875		0.608696
336		0.608696
336.125		0.608696
336.25		0.608696
336.375		0.608696
336.5		0.608696
336.625		0.608696
336.75		0.608696
336.875		0.608696
337		0.608696
337.125		0.608696
337.25		0.608696
337.375		0.608696
337.5		0.608696
337.625		0.608696
337.75		0.608696
337.875		0.608696
338		0.608696
338.125		0.608696
338.25		0.608696
338.375		0.608696
338.5		0.608696
338.625		0.608696
338.75		0.608696
338.875		0.608696
339		0.608696
339.125		0.608696
339.25		0.608696
339.375		0.608696
339.5		0.608696
339.625		0.608696
339.75		0.608696
339.875		0.608696
340		0.608696
340.125		0.626006
340.25		0.626006
340.375		0.626006
340.5		0.626006
340.625		0.626006
340.75		0.626006
340.875		0.626006
341		0.626006
341.125		0.626006
341.25		0.626006
341.375		0.626006
341.5		0.626006
341.625		0.626006
341.75		0.626006
341.875		0.626006
342		0.626006
342.125		0.626006
342.25		0.626006
342.375		0.626006
342.5		0.626006
342.625		0.626006
342.75		0.626006
342.875		0.626006
343		0.626006
343.125		0.626006
343.25		0.626006
343.375		0.626006
343.5		0.626006
343.625		0.626006
343.75		0.626006
343.875		0.626006
344		0.626006
344.125		0.626006
344.25		0.626006
344.375		0.626006
344.5		0.626006
344.625		0.626006
344.75		0.626006
344.875		0.626006
345		0.626006
345.125		0.630435
345.25		0.630435
345.375		0.630435
345.5		0.630435
345.625		0.630435
345.75		0.630435
345.875		0.630435
346		0.630435
346.125		0.630435
346.25		0.630435
346.375		0.630435
346.5		0.630435
346.625		0.630435
346.75		0.630435
346.875		0.630435
347		0.630435
347.125		0.630435
347.25		0.630435
347.375		0.630435
347.5		0.630435
347.625		0.630435
347.75		0.630435
347.875		0.630435
348		0.630435
348.125		0.630435
348.25		0.630435
348.375		0.630435
348.5		0.630435
348.625		0.630435
348.75		0.630435
348.875		0.630435
349		0.630435
349.125		0.630435
349.25		0.630435
349.375		0.630435
349.5		0.630435
349.625		0.630435
349.75		0.630435
349.875		0.630435
350		0.630435
350.125		0.645733
350.25		0.645733
350.375		0.645733
350.5		0.645733
350.625		0.645733
350.75		0.645733
350.875		0.645733
351		0.645733
351.125		0.645733
351.25		0.645733
351.375		0.645733
351.5		0.645733
351.625		0.645733
351.75		0.645733
351.875		0.645733
352		0.645733
352.125		0.645733
352.25		0.645733
352.375		0.645733
352.5		0.645733
352.625		0.645733
352.75		0.645733
352.875		0.645733
353		0.645733
353.125		0.645733
353.25		0.645733
353.375		0.645733
353.5		0.645733
353.625		0.645733
353.75		0.645733
353.875		0.645733
354		0.645733
354.125		0.645733
354.25		0.645733
354.375		0.645733
354.5		0.645733
354.625		0.645733
354.75		0.645733
354.875		0.645733
355		0.645733
355.125		0.654992
355.25		0.654992
355.375		0.654992
355.5		0.654992
355.625		0.654992
355.75		0.654992
355.875		0.654992
356		0.654992
356.125		0.654992
356.25		0.654992
356.375		0.654992
356.5		0.654992
356.625		0.654992
356.75		0.654992
356.875		0.654992
357		0.654992
357.125		0.654992
357.25		0.654992
357.375		0.654992
357.5		0.654992
357.625		0.654992
357.75		0.654992
357.875		0.654992
358		0.654992
358.125		0.654992
358.25		0.654992
358.375		0.654992
358.5		0.654992
358.625		0.654992
358.75		0.654992
358.875		0.654992
359		0.654992
359.125		0.654992
359.25		0.654992
359.375		0.654992
359.5		0.654992
359.625		0.654992
359.75		0.654992
359.875		0.654992
360		0.654992
360.125		0.665056
360.25		0.665056
360.375		0.665056
360.5		0.665056
360.625		0.665056
360.75		0.665056
360.875		0.665056
361		0.665056
361.125		0.665056
361.25		0.665056
361.375		0.665056
361.5		0.665056
361.625		0.665056
361.75		0.665056
361.875		0.665056
362		0.665056
362.125		0.665056
362.25		0.665056
362.375		0.665056
362.5		0.665056
362.625		0.665056
362.75		0.665056
362.875		0.665056
363		0.665056
363.125		0.665056
363.25		0.665056
363.375		0.665056
363.5		0.665056
363.625		0.665056
363.75		0.665056
363.875		0.665056
364		0.665056
364.125		0.665056
364.25		0.665056
364.375		0.665056
364.5		0.665056
364.625		0.665056
364.75		0.665056
364.875		0.665056
365		0.665056
365.125		0.668277
365.25		0.668277
365.375		0.668277
365.5		0.668277
365.625		0.668277
365.75		0.668277
365.875		0.668277
366		0.668277
366.125		0.668277
366.25		0.668277
366.375		0.668277
366.5		0.668277
366.625		0.668277
366.75		0.668277
366.875		0.668277
367		0.668277
367.125		0.668277
367.25		0.668277
367.375		0.668277
367.5		0.668277
367.625		0.668277
367.75		0.668277
367.875		0.668277
368		0.668277
368.125		0.668277
368.25		0.668277
368.375		0.668277
368.5		0.668277
368.625		0.668277
368.75		0.668277
368.875		0.668277
369		0.668277
369.125		0.668277
369.25		0.668277
369.375		0.668277
369.5		0.668277
369.625		0.668277
369.75		0.668277
369.875		0.668277
370		0.668277
370.125		0.695652
370.25		0.695652
370.375		0.695652
370.5		0.695652
370.625		0.695652
370.75		0.695652
370.875		0.695652
371		0.695652
371.125		0.695652
371.25		0.695652
371.375		0.695652
371.5		0.695652
371.625		0.695652
371.75		0.695652
371.875		0.695652
372		0.695652
372.125		0.695652
372.25		0.695652
372.375		0.695652
372.5		0.695652
372.625		0.695652
372.75		0.695652
372.875		0.695652
373		0.695652
373.125		0.695652
373.25		0.695652
373.375		0.695652
373.5		0.695652
373.625		0.695652
373.75		0.695652
373.875		0.695652
374		0.695652
374.125		0.695652
374.25		0.695652
374.375		0.695652
374.5		0.695652
374.625		0.695652
374.75		0.695652
374.875		0.695652
375		0.695652
375.125		0.696457
375.25		0.696457
375.375		0.696457
375.5		0.696457
375.625		0.696457
375.75		0.696457
375.875		0.696457
376		0.696457
376.125		0.696457
376.25		0.696457
376.375		0.696457
376.5		0.696457
376.625		0.696457
376.75		0.696457
376.875		0.696457
377		0.696457
377.125		0.696457
377.25		0.696457
377.375		0.696457
377.5		0.696457
377.625		0.696457
377.75		0.696457
377.875		0.696457
378		0.696457
378.125		0.696457
378.25		0.696457
378.375		0.696457
378.5		0.696457
378.625		0.696457
378.75		0.696457
378.875		0.696457
379		0.696457
379.125		0.696457
379.25		0.696457
379.375		0.696457
379.5		0.696457
379.625		0.696457
379.75		0.696457
379.875		0.696457
380		0.696457
380.125		0.724638
380.25		0.724638
380.375		0.724638
380.5		0.724638
380.625		0.724638
380.75		0.724638
380.875		0.724638
381		0.724638
381.125		0.724638
381.25		0.724638
381.375		0.724638
381.5		0.724638
381.625		0.724638
381.75		0.724638
381.875		0.724638
382		0.724638
382.125		0.724638
382.25		0.724638
382.375		0.724638
382.5		0.724638
382.625		0.724638
382.75		0.724638
382.875		0.724638
383		0.724638
383.125		0.724638
383.25		0.724638
383.375		0.724638
383.5		0.724638
383.625		0.724638
383.75		0.724638
383.875		0.724638
384		0.724638
384.125		0.724638
384.25		0.724638
384.375		0.724638
384.5		0.724638
384.625		0.724638
384.75		0.724638
384.875		0.724638
385		0.724638
385.125		0.726248
385.25		0.726248
385.375		0.726248
385.5		0.726248
385.625		0.726248
385.75		0.726248
385.875		0.726248
386		0.726248
386.125		0.726248
386.25		0.726248
386.375		0.726248
386.5		0.726248
386.625		0.726248
386.75		0.726248
386.875		0.726248
387		0.726248
387.125		0.726248
387.25		0.726248
387.375		0.726248
387.5		0.726248
387.625		0.726248
387.75		0.726248
387.875		0.726248
388		0.726248
388.125		0.726248
388.25		0.726248
388.375		0.726248
388.5		0.726248
388.625		0.726248
388.75		0.726248
388.875		0.726248
389		0.726248
389.125		0.726248
389.25		0.726248
389.375		0.726248
389.5		0.726248
389.625		0.726248
389.75		0.726248
389.875		0.726248
390		0.726248
390.125		0.738325
390.25		0.738325
390.375		0.738325
390.5		0.738325
390.625		0.738325
390.75		0.738325
390.875		0.738325
391		0.738325
391.125		0.738325
391.25		0.738325
391.375		0.738325
391.5		0.738325
391.625		0.738325
391.75		0.738325
391.875		0.738325
392		0.738325
392.125		0.738325
392.25		0.738325
392.375		0.738325
392.5		0.738325
392.625		0.738325
392.75		0.738325
392.875		0.738325
393		0.738325
393.125		0.738325
393.25		0.738325
393.375		0.738325
393.5		0.738325
393.625		0.738325
393.75		0.738325
393.875		0.738325
394		0.738325
394.125		0.738325
394.25		0.738325
394.375		0.738325
394.5		0.738325
394.625		0.738325
394.75		0.738325
394.875		0.738325
395		0.738325
395.125		0.739533
395.25		0.739533
395.375		0.739533
395.5		0.739533
395.625		0.739533
395.75		0.739533
395.875		0.739533
396		0.739533
396.125		0.739533
396.25		0.739533
396.375		0.739533
396.5		0.739533
396.625		0.739533
396.75		0.739533
396.875		0.739533
397		0.739533
397.125		0.739533
397.25		0.739533
397.375		0.739533
397.5		0.739533
397.625		0.739533
397.75		0.739533
397.875		0.739533
398		0.739533
398.125		0.739533
398.25		0.739533
398.375		0.739533
398.5		0.739533
398.625		0.739533
398.75		0.739533
398.875		0.739533
399		0.739533
399.125		0.739533
399.25		0.739533
399.375		0.739533
399.5		0.739533
399.625		0.739533
399.75		0.739533
399.875		0.739533
400		0.739533
400.125		0.751208
400.25		0.751208
400.375		0.751208
400.5		0.751208
400.625		0.751208
400.75		0.751208
400.875		0.751208
401		0.751208
401.125		0.751208
401.25		0.751208
401.375		0.751208
401.5		0.751208
401.625		0.751208
401.75		0.751208
401.875		0.751208
402		0.751208
402.125		0.751208
402.25		0.751208
402.375		0.751208
402.5		0.751208
402.625		0.751208
402.75		0.751208
402.875		0.751208
403		0.751208
403.125		0.751208
403.25		0.751208
403.375		0.751208
403.5		0.751208
403.625		0.751208
403.75		0.751208
403.875		0.751208
404		0.751208
404.125		0.751208
404.25		0.751208
404.375		0.751208
404.5		0.751208
404.625		0.751208
404.75		0.751208
404.875		0.751208
405		0.751208
405.125		0.790258
405.25		0.790258
405.375		0.790258
405.5		0.790258
405.625		0.790258
405.75		0.790258
405.875		0.790258
406		0.790258
406.125		0.790258
406.25		0.790258
406.375		0.790258
406.5		0.790258
406.625		0.790258
406.75		0.790258
406.875		0.790258
407		0.790258
407.125		0.790258
407.25		0.790258
407.375		0.790258
407.5		0.790258
407.625		0.790258
407.75		0.790258
407.875		0.790258
408		0.790258
408.125		0.790258
408.25		0.790258
408.375		0.790258
408.5		0.790258
408.625		0.790258
408.75		0.790258
408.875		0.790258
409		0.790258
409.125		0.790258
409.25		0.790258
409.375		0.790258
409.5		0.790258
409.625		0.790258
409.75		0.790258
409.875		0.790258
410		0.790258
410.125		0.790258
410.25		0.790258
410.375		0.790258
410.5		0.790258
410.625		0.790258
410.75		0.790258
410.875		0.790258
411		0.790258
411.125		0.790258
411.25		0.790258
411.375		0.790258
411.5		0.790258
411.625		0.790258
411.75		0.790258
411.875		0.790258
412		0.790258
412.125		0.790258
412.25		0.790258
412.375		0.790258
412.5		0.790258
412.625		0.790258
412.75		0.790258
412.875		0.790258
413		0.790258
413.125		0.790258
413.25		0.790258
413.375		0.790258
413.5		0.790258
413.625		0.790258
413.75		0.790258
413.875		0.790258
414		0.790258
414.125		0.790258
414.25		0.790258
414.375		0.790258
414.5		0.790258
414.625		0.790258
414.75		0.790258
414.875		0.790258
415		0.790258
415.125		0.800322
415.25		0.800322
415.375		0.800322
415.5		0.800322
415.625		0.800322
415.75		0.800322
415.875		0.800322
416		0.800322
416.125		0.800322
416.25		0.800322
416.375		0.800322
416.5		0.800322
416.625		0.800322
416.75		0.800322
416.875		0.800322
417		0.800322
417.125		0.800322
417.25		0.800322
417.375		0.800322
417.5		0.800322
417.625		0.800322
417.75		0.800322
417.875		0.800322
418		0.800322
418.125		0.800322
418.25		0.800322
418.375		0.800322
418.5		0.800322
418.625		0.800322
418.75		0.800322
418.875		0.800322
419		0.800322
419.125		0.800322
419.25		0.800322
419.375		0.800322
419.5		0.800322
419.625		0.800322
419.75		0.800322
419.875		0.800322
420		0.800322
420.125		0.805556
420.25		0.805556
420.375		0.805556
420.5		0.805556
420.625		0.805556
420.75		0.805556
420.875		0.805556
421		0.805556
421.125		0.805556
421.25		0.805556
421.375		0.805556
421.5		0.805556
421.625		0.805556
421.75		0.805556
421.875		0.805556
422		0.805556
422.125		0.805556
422.25		0.805556
422.375		0.805556
422.5		0.805556
422.625		0.805556
422.75		0.805556
422.875		0.805556
423		0.805556
423.125		0.805556
423.25		0.805556
423.375		0.805556
423.5		0.805556
423.625		0.805556
423.75		0.805556
423.875		0.805556
424		0.805556
424.125		0.805556
424.25		0.805556
424.375		0.805556
424.5		0.805556
424.625		0.805556
424.75		0.805556
424.875		0.805556
425		0.805556
425.125		0.822464
425.25		0.822464
425.375		0.822464
425.5		0.822464
425.625		0.822464
425.75		0.822464
425.875		0.822464
426		0.822464
426.125		0.822464
426.25		0.822464
426.375		0.822464
426.5		0.822464
426.625		0.822464
426.75		0.822464
426.875		0.822464
427		0.822464
427.125		0.822464
427.25		0.822464
427.375		0.822464
427.5		0.822464
427.625		0.822464
427.75		0.822464
427.875		0.822464
428		0.822464
428.125		0.822464
428.25		0.822464
428.375		0.822464
428.5		0.822464
428.625		0.822464
428.75		0.822464
428.875		0.822464
429		0.822464
429.125		0.822464
429.25		0.822464
429.375		0.822464
429.5		0.822464
429.625		0.822464
429.75		0.822464
429.875		0.822464
430		0.822464
430.125		0.830918
430.25		0.830918
430.375		0.830918
430.5		0.830918
430.625		0.830918
430.75		0.830918
430.875		0.830918
431		0.830918
431.125		0.830918
431.25		0.830918
431.375		0.830918
431.5		0.830918
431.625		0.830918
431.75		0.830918
431.875		0.830918
432		0.830918
432.125		0.830918
432.25		0.830918
432.375		0.830918
432.5		0.830918
432.625		0.830918
432.75		0.830918
432.875		0.830918
433		0.830918
433.125		0.830918
433.25		0.830918
433.375		0.830918
433.5		0.830918
433.625		0.830918
433.75		0.830918
433.875		0.830918
434		0.830918
434.125		0.830918
434.25		0.830918
434.375		0.830918
434.5		0.830918
434.625		0.830918
434.75		0.830918
434.875		0.830918
435		0.830918
435.125		0.849436
435.25		0.849436
435.375		0.849436
435.5		0.849436
435.625		0.849436
435.75		0.849436
435.875		0.849436
436		0.849436
436.125		0.849436
436.25		0.849436
436.375		0.849436
436.5		0.849436
436.625		0.849436
436.75		0.849436
436.875		0.849436
437		0.849436
437.125		0.849436
437.25		0.849436
437.375		0.849436
437.5		0.849436
437.625		0.849436
437.75		0.849436
437.875		0.849436
438		0.849436
438.125		0.849436
438.25		0.849436
438.375		0.849436
438.5		0.849436
438.625		0.849436
438.75		0.849436
438.875		0.849436
439		0.849436
439.125		0.849436
439.25		0.849436
439.375		0.849436
439.5		0.849436
439.625		0.849436
439.75		0.849436
439.875		0.849436
440		0.849436
440.125		0.857488
440.25		0.857488
440.375		0.857488
440.5		0.857488
440.625		0.857488
440.75		0.857488
440.875		0.857488
441		0.857488
441.125		0.857488
441.25		0.857488
441.375		0.857488
441.5		0.857488
441.625		0.857488
441.75		0.857488
441.875		0.857488
442		0.857488
442.125		0.857488
442.25		0.857488
442.375		0.857488
442.5		0.857488
442.625		0.857488
442.75		0.857488
442.875		0.857488
443		0.857488
443.125		0.857488
443.25		0.857488
443.375		0.857488
443.5		0.857488
443.625		0.857488
443.75		0.857488
443.875		0.857488
444		0.857488
444.125		0.857488
444.25		0.857488
444.375		0.857488
444.5		0.857488
444.625		0.857488
444.75		0.857488
444.875		0.857488
445		0.857488
445.125		0.859903
445.25		0.859903
445.375		0.859903
445.5		0.859903
445.625		0.859903
445.75		0.859903
445.875		0.859903
446		0.859903
446.125		0.859903
446.25		0.859903
446.375		0.859903
446.5		0.859903
446.625		0.859903
446.75		0.859903
446.875		0.859903
447		0.859903
447.125		0.859903
447.25		0.859903
447.375		0.859903
447.5		0.859903
447.625		0.859903
447.75		0.859903
447.875		0.859903
448		0.859903
448.125		0.859903
448.25		0.859903
448.375		0.859903
448.5		0.859903
448.625		0.859903
448.75		0.859903
448.875		0.859903
449		0.859903
449.125		0.859903
449.25		0.859903
449.375		0.859903
449.5		0.859903
449.625		0.859903
449.75		0.859903
449.875		0.859903
450		0.859903
450.125		0.880837
450.25		0.880837
450.375		0.880837
450.5		0.880837
450.625		0.880837
450.75		0.880837
450.875		0.880837
451		0.880837
451.125		0.880837
451.25		0.880837
451.375		0.880837
451.5		0.880837
451.625		0.880837
451.75		0.880837
451.875		0.880837
452		0.880837
452.125		0.880837
452.25		0.880837
452.375		0.880837
452.5		0.880837
452.625		0.880837
452.75		0.880837
452.875		0.880837
453		0.880837
453.125		0.880837
453.25		0.880837
453.375		0.880837
453.5		0.880837
453.625		0.880837
453.75		0.880837
453.875		0.880837
454		0.880837
454.125		0.880837
454.25		0.880837
454.375		0.880837
454.5		0.880837
454.625		0.880837
454.75		0.880837
454.875		0.880837
455		0.880837
455.125		0.889291
455.25		0.889291
455.375		0.889291
455.5		0.889291
455.625		0.889291
455.75		0.889291
455.875		0.889291
456		0.889291
456.125		0.889291
456.25		0.889291
456.375		0.889291
456.5		0.889291
456.625		0.889291
456.75		0.889291
456.875		0.889291
457		0.889291
457.125		0.889291
457.25		0.889291
457.375		0.889291
457.5		0.889291
457.625		0.889291
457.75		0.889291
457.875		0.889291
458		0.889291
458.125		0.889291
458.25		0.889291
458.375		0.889291
458.5		0.889291
458.625		0.889291
458.75		0.889291
458.875		0.889291
459		0.889291
459.125		0.889291
459.25		0.889291
459.375		0.889291
459.5		0.889291
459.625		0.889291
459.75		0.889291
459.875		0.889291
460		0.889291
460.125		0.900564
460.25		0.900564
460.375		0.900564
460.5		0.900564
460.625		0.900564
460.75		0.900564
460.875		0.900564
461		0.900564
461.125		0.900564
461.25		0.900564
461.375		0.900564
461.5		0.900564
461.625		0.900564
461.75		0.900564
461.875		0.900564
462		0.900564
462.125		0.900564
462.25		0.900564
462.375		0.900564
462.5		0.900564
462.625		0.900564
462.75		0.900564
462.875		0.900564
463		0.900564
463.125		0.900564
463.25		0.900564
463.375		0.900564
463.5		0.900564
463.625		0.900564
463.75		0.900564
463.875		0.900564
464		0.900564
464.125		0.900564
464.25		0.900564
464.375		0.900564
464.5		0.900564
464.625		0.900564
464.75		0.900564
464.875		0.900564
465		0.900564
465.125		0.933172
465.25		0.933172
465.375		0.933172
465.5		0.933172
465.625		0.933172
465.75		0.933172
465.875		0.933172
466		0.933172
466.125		0.933172
466.25		0.933172
466.375		0.933172
466.5		0.933172
466.625		0.933172
466.75		0.933172
466.875		0.933172
467		0.933172
467.125		0.933172
467.25		0.933172
467.375		0.933172
467.5		0.933172
467.625		0.933172
467.75		0.933172
467.875		0.933172
468		0.933172
468.125		0.933172
468.25		0.933172
468.375		0.933172
468.5		0.933172
468.625		0.933172
468.75		0.933172
468.875		0.933172
469		0.933172
469.125		0.933172
469.25		0.933172
469.375		0.933172
469.5		0.933172
469.625		0.933172
469.75		0.933172
469.875		0.933172
470		0.933172
470.125		0.938406
470.25		0.938406
470.375		0.938406
470.5		0.938406
470.625		0.938406
470.75		0.938406
470.875		0.938406
471		0.938406
471.125		0.938406
471.25		0.938406
471.375		0.938406
471.5		0.938406
471.625		0.938406
471.75		0.938406
471.875		0.938406
472		0.938406
472.125		0.938406
472.25		0.938406
472.375		0.938406
472.5		0.938406
472.625		0.938406
472.75		0.938406
472.875		0.938406
473		0.938406
473.125		0.938406
473.25		0.938406
473.375		0.938406
473.5		0.938406
473.625		0.938406
473.75		0.938406
473.875		0.938406
474		0.938406
474.125		0.938406
474.25		0.938406
474.375		0.938406
474.5		0.938406
474.625		0.938406
474.75		0.938406
474.875		0.938406
475		0.938406
475.125		0.944042
475.25		0.944042
475.375		0.944042
475.5		0.944042
475.625		0.944042
475.75		0.944042
475.875		0.944042
476		0.944042
476.125		0.944042
476.25		0.944042
476.375		0.944042
476.5		0.944042
476.625		0.944042
476.75		0.944042
476.875		0.944042
477		0.944042
477.125		0.944042
477.25		0.944042
477.375		0.944042
477.5		0.944042
477.625		0.944042
477.75		0.944042
477.875		0.944042
478		0.944042
478.125		0.944042
478.25		0.944042
478.375		0.944042
478.5		0.944042
478.625		0.944042
478.75		0.944042
478.875		0.944042
479		0.944042
479.125		0.944042
479.25		0.944042
479.375		0.944042
479.5		0.944042
479.625		0.944042
479.75		0.944042
479.875		0.944042
480		0.944042
480.125		0.950081
480.25		0.950081
480.375		0.950081
480.5		0.950081
480.625		0.950081
480.75		0.950081
480.875		0.950081
481		0.950081
481.125		0.950081
481.25		0.950081
481.375		0.950081
481.5		0.950081
481.625		0.950081
481.75		0.950081
481.875		0.950081
482		0.950081
482.125		0.950081
482.25		0.950081
482.375		0.950081
482.5		0.950081
482.625		0.950081
482.75		0.950081
482.875		0.950081
483		0.950081
483.125		0.950081
483.25		0.950081
483.375		0.950081
483.5		0.950081
483.625		0.950081
483.75		0.950081
483.875		0.950081
484		0.950081
484.125		0.950081
484.25		0.950081
484.375		0.950081
484.5		0.950081
484.625		0.950081
484.75		0.950081
484.875		0.950081
485		0.950081
485.125		0.976651
485.25		0.976651
485.375		0.976651
485.5		0.976651
485.625		0.976651
485.75		0.976651
485.875		0.976651
486		0.976651
486.125		0.976651
486.25		0.976651
486.375		0.976651
486.5		0.976651
486.625		0.976651
486.75		0.976651
486.875		0.976651
487		0.976651
487.125		0.976651
487.25		0.976651
487.375		0.976651
487.5		0.976651
487.625		0.976651
487.75		0.976651
487.875		0.976651
488		0.976651
488.125		0.976651
488.25		0.976651
488.375		0.976651
488.5		0.976651
488.625		0.976651
488.75		0.976651
488.875		0.976651
489		0.976651
489.125		0.976651
489.25		0.976651
489.375		0.976651
489.5		0.976651
489.625		0.976651
489.75		0.976651
489.875		0.976651
490		0.976651
490.125		0.993559
490.25		0.993559
490.375		0.993559
490.5		0.993559
490.625		0.993559
490.75		0.993559
490.875		0.993559
491		0.993559
491.125		0.993559
491.25		0.993559
491.375		0.993559
491.5		0.993559
491.625		0.993559
491.75		0.993559
491.875		0.993559
492		0.993559
492.125		0.993559
492.25		0.993559
492.375		0.993559
492.5		0.993559
492.625		0.993559
492.75		0.993559
492.875		0.993559
493		0.993559
493.125		0.993559
493.25		0.993559
493.375		0.993559
493.5		0.993559
493.625		0.993559
493.75		0.993559
493.875		0.993559
494		0.993559
494.125		0.993559
494.25		0.993559
494.375		0.993559
494.5		0.993559
494.625		0.993559
494.75		0.993559
494.875		0.993559
495		0.993559
495.125		1
495.25		1
495.375		1
495.5		1
495.625		1
495.75		1
495.875		1
496		1
496.125		1
496.25		1
496.375		1
496.5		1
496.625		1
496.75		1
496.875		1
497		1
497.125		1
497.25		1
497.375		1
497.5		1
497.625		1
497.75		1
497.875		1
498		1
498.125		1
498.25		1
498.375		1
498.5		1
498.625		1
498.75		1
498.875		1
499		1
499.125		1
499.25		1
499.375		1
499.5		1
499.625		1
499.75		1
499.875		1
500		1
