# Calibration file of tamex_id 0 @ channel 30
# fine_T bin		 Calibration value
0.125		0
0.25		0
0.375		0
0.5		0
0.625		0
0.75		0
0.875		0
1		0
1.125		0
1.25		0
1.375		0
1.5		0
1.625		0
1.75		0
1.875		0
2		0
2.125		0
2.25		0
2.375		0
2.5		0
2.625		0
2.75		0
2.875		0
3		0
3.125		0
3.25		0
3.375		0
3.5		0
3.625		0
3.75		0
3.875		0
4		0
4.125		0
4.25		0
4.375		0
4.5		0
4.625		0
4.75		0
4.875		0
5		0
5.125		0
5.25		0
5.375		0
5.5		0
5.625		0
5.75		0
5.875		0
6		0
6.125		0
6.25		0
6.375		0
6.5		0
6.625		0
6.75		0
6.875		0
7		0
7.125		0
7.25		0
7.375		0
7.5		0
7.625		0
7.75		0
7.875		0
8		0
8.125		0
8.25		0
8.375		0
8.5		0
8.625		0
8.75		0
8.875		0
9		0
9.125		0
9.25		0
9.375		0
9.5		0
9.625		0
9.75		0
9.875		0
10		0
10.125		0
10.25		0
10.375		0
10.5		0
10.625		0
10.75		0
10.875		0
11		0
11.125		0
11.25		0
11.375		0
11.5		0
11.625		0
11.75		0
11.875		0
12		0
12.125		0
12.25		0
12.375		0
12.5		0
12.625		0
12.75		0
12.875		0
13		0
13.125		0
13.25		0
13.375		0
13.5		0
13.625		0
13.75		0
13.875		0
14		0
14.125		0
14.25		0
14.375		0
14.5		0
14.625		0
14.75		0
14.875		0
15		0
15.125		0
15.25		0
15.375		0
15.5		0
15.625		0
15.75		0
15.875		0
16		0
16.125		0
16.25		0
16.375		0
16.5		0
16.625		0
16.75		0
16.875		0
17		0
17.125		0
17.25		0
17.375		0
17.5		0
17.625		0
17.75		0
17.875		0
18		0
18.125		0
18.25		0
18.375		0
18.5		0
18.625		0
18.75		0
18.875		0
19		0
19.125		0
19.25		0
19.375		0
19.5		0
19.625		0
19.75		0
19.875		0
20		0
20.125		0
20.25		0
20.375		0
20.5		0
20.625		0
20.75		0
20.875		0
21		0
21.125		0
21.25		0
21.375		0
21.5		0
21.625		0
21.75		0
21.875		0
22		0
22.125		0
22.25		0
22.375		0
22.5		0
22.625		0
22.75		0
22.875		0
23		0
23.125		0
23.25		0
23.375		0
23.5		0
23.625		0
23.75		0
23.875		0
24		0
24.125		0
24.25		0
24.375		0
24.5		0
24.625		0
24.75		0
24.875		0
25		0
25.125		0
25.25		0
25.375		0
25.5		0
25.625		0
25.75		0
25.875		0
26		0
26.125		0
26.25		0
26.375		0
26.5		0
26.625		0
26.75		0
26.875		0
27		0
27.125		0
27.25		0
27.375		0
27.5		0
27.625		0
27.75		0
27.875		0
28		0
28.125		0
28.25		0
28.375		0
28.5		0
28.625		0
28.75		0
28.875		0
29		0
29.125		0
29.25		0
29.375		0
29.5		0
29.625		0
29.75		0
29.875		0
30		0
30.125		0
30.25		0
30.375		0
30.5		0
30.625		0
30.75		0
30.875		0
31		0
31.125		0
31.25		0
31.375		0
31.5		0
31.625		0
31.75		0
31.875		0
32		0
32.125		0
32.25		0
32.375		0
32.5		0
32.625		0
32.75		0
32.875		0
33		0
33.125		0
33.25		0
33.375		0
33.5		0
33.625		0
33.75		0
33.875		0
34		0
34.125		0
34.25		0
34.375		0
34.5		0
34.625		0
34.75		0
34.875		0
35		0
35.125		0
35.25		0
35.375		0
35.5		0
35.625		0
35.75		0
35.875		0
36		0
36.125		0
36.25		0
36.375		0
36.5		0
36.625		0
36.75		0
36.875		0
37		0
37.125		0
37.25		0
37.375		0
37.5		0
37.625		0
37.75		0
37.875		0
38		0
38.125		0
38.25		0
38.375		0
38.5		0
38.625		0
38.75		0
38.875		0
39		0
39.125		0
39.25		0
39.375		0
39.5		0
39.625		0
39.75		0
39.875		0
40		0
40.125		0
40.25		0
40.375		0
40.5		0
40.625		0
40.75		0
40.875		0
41		0
41.125		0
41.25		0
41.375		0
41.5		0
41.625		0
41.75		0
41.875		0
42		0
42.125		0
42.25		0
42.375		0
42.5		0
42.625		0
42.75		0
42.875		0
43		0
43.125		0
43.25		0
43.375		0
43.5		0
43.625		0
43.75		0
43.875		0
44		0
44.125		0
44.25		0
44.375		0
44.5		0
44.625		0
44.75		0
44.875		0
45		0
45.125		0
45.25		0
45.375		0
45.5		0
45.625		0
45.75		0
45.875		0
46		0
46.125		0
46.25		0
46.375		0
46.5		0
46.625		0
46.75		0
46.875		0
47		0
47.125		0
47.25		0
47.375		0
47.5		0
47.625		0
47.75		0
47.875		0
48		0
48.125		0
48.25		0
48.375		0
48.5		0
48.625		0
48.75		0
48.875		0
49		0
49.125		0
49.25		0
49.375		0
49.5		0
49.625		0
49.75		0
49.875		0
50		0
50.125		0
50.25		0
50.375		0
50.5		0
50.625		0
50.75		0
50.875		0
51		0
51.125		0
51.25		0
51.375		0
51.5		0
51.625		0
51.75		0
51.875		0
52		0
52.125		0
52.25		0
52.375		0
52.5		0
52.625		0
52.75		0
52.875		0
53		0
53.125		0
53.25		0
53.375		0
53.5		0
53.625		0
53.75		0
53.875		0
54		0
54.125		0
54.25		0
54.375		0
54.5		0
54.625		0
54.75		0
54.875		0
55		0
55.125		0
55.25		0
55.375		0
55.5		0
55.625		0
55.75		0
55.875		0
56		0
56.125		0
56.25		0
56.375		0
56.5		0
56.625		0
56.75		0
56.875		0
57		0
57.125		0
57.25		0
57.375		0
57.5		0
57.625		0
57.75		0
57.875		0
58		0
58.125		0
58.25		0
58.375		0
58.5		0
58.625		0
58.75		0
58.875		0
59		0
59.125		0
59.25		0
59.375		0
59.5		0
59.625		0
59.75		0
59.875		0
60		0
60.125		0
60.25		0
60.375		0
60.5		0
60.625		0
60.75		0
60.875		0
61		0
61.125		0
61.25		0
61.375		0
61.5		0
61.625		0
61.75		0
61.875		0
62		0
62.125		0
62.25		0
62.375		0
62.5		0
62.625		0
62.75		0
62.875		0
63		0
63.125		0
63.25		0
63.375		0
63.5		0
63.625		0
63.75		0
63.875		0
64		0
64.125		0
64.25		0
64.375		0
64.5		0
64.625		0
64.75		0
64.875		0
65		0
65.125		0
65.25		0
65.375		0
65.5		0
65.625		0
65.75		0
65.875		0
66		0
66.125		0
66.25		0
66.375		0
66.5		0
66.625		0
66.75		0
66.875		0
67		0
67.125		0
67.25		0
67.375		0
67.5		0
67.625		0
67.75		0
67.875		0
68		0
68.125		0
68.25		0
68.375		0
68.5		0
68.625		0
68.75		0
68.875		0
69		0
69.125		0
69.25		0
69.375		0
69.5		0
69.625		0
69.75		0
69.875		0
70		0
70.125		0
70.25		0
70.375		0
70.5		0
70.625		0
70.75		0
70.875		0
71		0
71.125		0
71.25		0
71.375		0
71.5		0
71.625		0
71.75		0
71.875		0
72		0
72.125		0
72.25		0
72.375		0
72.5		0
72.625		0
72.75		0
72.875		0
73		0
73.125		0
73.25		0
73.375		0
73.5		0
73.625		0
73.75		0
73.875		0
74		0
74.125		0
74.25		0
74.375		0
74.5		0
74.625		0
74.75		0
74.875		0
75		0
75.125		0
75.25		0
75.375		0
75.5		0
75.625		0
75.75		0
75.875		0
76		0
76.125		0
76.25		0
76.375		0
76.5		0
76.625		0
76.75		0
76.875		0
77		0
77.125		0
77.25		0
77.375		0
77.5		0
77.625		0
77.75		0
77.875		0
78		0
78.125		0
78.25		0
78.375		0
78.5		0
78.625		0
78.75		0
78.875		0
79		0
79.125		0
79.25		0
79.375		0
79.5		0
79.625		0
79.75		0
79.875		0
80		0
80.125		0.0151675
80.25		0.0151675
80.375		0.0151675
80.5		0.0151675
80.625		0.0151675
80.75		0.0151675
80.875		0.0151675
81		0.0151675
81.125		0.0151675
81.25		0.0151675
81.375		0.0151675
81.5		0.0151675
81.625		0.0151675
81.75		0.0151675
81.875		0.0151675
82		0.0151675
82.125		0.0151675
82.25		0.0151675
82.375		0.0151675
82.5		0.0151675
82.625		0.0151675
82.75		0.0151675
82.875		0.0151675
83		0.0151675
83.125		0.0151675
83.25		0.0151675
83.375		0.0151675
83.5		0.0151675
83.625		0.0151675
83.75		0.0151675
83.875		0.0151675
84		0.0151675
84.125		0.0151675
84.25		0.0151675
84.375		0.0151675
84.5		0.0151675
84.625		0.0151675
84.75		0.0151675
84.875		0.0151675
85		0.0151675
85.125		0.0298905
85.25		0.0298905
85.375		0.0298905
85.5		0.0298905
85.625		0.0298905
85.75		0.0298905
85.875		0.0298905
86		0.0298905
86.125		0.0298905
86.25		0.0298905
86.375		0.0298905
86.5		0.0298905
86.625		0.0298905
86.75		0.0298905
86.875		0.0298905
87		0.0298905
87.125		0.0298905
87.25		0.0298905
87.375		0.0298905
87.5		0.0298905
87.625		0.0298905
87.75		0.0298905
87.875		0.0298905
88		0.0298905
88.125		0.0298905
88.25		0.0298905
88.375		0.0298905
88.5		0.0298905
88.625		0.0298905
88.75		0.0298905
88.875		0.0298905
89		0.0298905
89.125		0.0298905
89.25		0.0298905
89.375		0.0298905
89.5		0.0298905
89.625		0.0298905
89.75		0.0298905
89.875		0.0298905
90		0.0298905
90.125		0.0463359
90.25		0.0463359
90.375		0.0463359
90.5		0.0463359
90.625		0.0463359
90.75		0.0463359
90.875		0.0463359
91		0.0463359
91.125		0.0463359
91.25		0.0463359
91.375		0.0463359
91.5		0.0463359
91.625		0.0463359
91.75		0.0463359
91.875		0.0463359
92		0.0463359
92.125		0.0463359
92.25		0.0463359
92.375		0.0463359
92.5		0.0463359
92.625		0.0463359
92.75		0.0463359
92.875		0.0463359
93		0.0463359
93.125		0.0463359
93.25		0.0463359
93.375		0.0463359
93.5		0.0463359
93.625		0.0463359
93.75		0.0463359
93.875		0.0463359
94		0.0463359
94.125		0.0463359
94.25		0.0463359
94.375		0.0463359
94.5		0.0463359
94.625		0.0463359
94.75		0.0463359
94.875		0.0463359
95		0.0463359
95.125		0.0655592
95.25		0.0655592
95.375		0.0655592
95.5		0.0655592
95.625		0.0655592
95.75		0.0655592
95.875		0.0655592
96		0.0655592
96.125		0.0655592
96.25		0.0655592
96.375		0.0655592
96.5		0.0655592
96.625		0.0655592
96.75		0.0655592
96.875		0.0655592
97		0.0655592
97.125		0.0655592
97.25		0.0655592
97.375		0.0655592
97.5		0.0655592
97.625		0.0655592
97.75		0.0655592
97.875		0.0655592
98		0.0655592
98.125		0.0655592
98.25		0.0655592
98.375		0.0655592
98.5		0.0655592
98.625		0.0655592
98.75		0.0655592
98.875		0.0655592
99		0.0655592
99.125		0.0655592
99.25		0.0655592
99.375		0.0655592
99.5		0.0655592
99.625		0.0655592
99.75		0.0655592
99.875		0.0655592
100		0.0655592
100.125		0.0757264
100.25		0.0757264
100.375		0.0757264
100.5		0.0757264
100.625		0.0757264
100.75		0.0757264
100.875		0.0757264
101		0.0757264
101.125		0.0757264
101.25		0.0757264
101.375		0.0757264
101.5		0.0757264
101.625		0.0757264
101.75		0.0757264
101.875		0.0757264
102		0.0757264
102.125		0.0757264
102.25		0.0757264
102.375		0.0757264
102.5		0.0757264
102.625		0.0757264
102.75		0.0757264
102.875		0.0757264
103		0.0757264
103.125		0.0757264
103.25		0.0757264
103.375		0.0757264
103.5		0.0757264
103.625		0.0757264
103.75		0.0757264
103.875		0.0757264
104		0.0757264
104.125		0.0757264
104.25		0.0757264
104.375		0.0757264
104.5		0.0757264
104.625		0.0757264
104.75		0.0757264
104.875		0.0757264
105		0.0757264
105.125		0.091394
105.25		0.091394
105.375		0.091394
105.5		0.091394
105.625		0.091394
105.75		0.091394
105.875		0.091394
106		0.091394
106.125		0.091394
106.25		0.091394
106.375		0.091394
106.5		0.091394
106.625		0.091394
106.75		0.091394
106.875		0.091394
107		0.091394
107.125		0.091394
107.25		0.091394
107.375		0.091394
107.5		0.091394
107.625		0.091394
107.75		0.091394
107.875		0.091394
108		0.091394
108.125		0.091394
108.25		0.091394
108.375		0.091394
108.5		0.091394
108.625		0.091394
108.75		0.091394
108.875		0.091394
109		0.091394
109.125		0.091394
109.25		0.091394
109.375		0.091394
109.5		0.091394
109.625		0.091394
109.75		0.091394
109.875		0.091394
110		0.091394
110.125		0.102228
110.25		0.102228
110.375		0.102228
110.5		0.102228
110.625		0.102228
110.75		0.102228
110.875		0.102228
111		0.102228
111.125		0.102228
111.25		0.102228
111.375		0.102228
111.5		0.102228
111.625		0.102228
111.75		0.102228
111.875		0.102228
112		0.102228
112.125		0.102228
112.25		0.102228
112.375		0.102228
112.5		0.102228
112.625		0.102228
112.75		0.102228
112.875		0.102228
113		0.102228
113.125		0.102228
113.25		0.102228
113.375		0.102228
113.5		0.102228
113.625		0.102228
113.75		0.102228
113.875		0.102228
114		0.102228
114.125		0.102228
114.25		0.102228
114.375		0.102228
114.5		0.102228
114.625		0.102228
114.75		0.102228
114.875		0.102228
115		0.102228
115.125		0.107673
115.25		0.107673
115.375		0.107673
115.5		0.107673
115.625		0.107673
115.75		0.107673
115.875		0.107673
116		0.107673
116.125		0.107673
116.25		0.107673
116.375		0.107673
116.5		0.107673
116.625		0.107673
116.75		0.107673
116.875		0.107673
117		0.107673
117.125		0.107673
117.25		0.107673
117.375		0.107673
117.5		0.107673
117.625		0.107673
117.75		0.107673
117.875		0.107673
118		0.107673
118.125		0.107673
118.25		0.107673
118.375		0.107673
118.5		0.107673
118.625		0.107673
118.75		0.107673
118.875		0.107673
119		0.107673
119.125		0.107673
119.25		0.107673
119.375		0.107673
119.5		0.107673
119.625		0.107673
119.75		0.107673
119.875		0.107673
120		0.107673
120.125		0.137063
120.25		0.137063
120.375		0.137063
120.5		0.137063
120.625		0.137063
120.75		0.137063
120.875		0.137063
121		0.137063
121.125		0.137063
121.25		0.137063
121.375		0.137063
121.5		0.137063
121.625		0.137063
121.75		0.137063
121.875		0.137063
122		0.137063
122.125		0.137063
122.25		0.137063
122.375		0.137063
122.5		0.137063
122.625		0.137063
122.75		0.137063
122.875		0.137063
123		0.137063
123.125		0.137063
123.25		0.137063
123.375		0.137063
123.5		0.137063
123.625		0.137063
123.75		0.137063
123.875		0.137063
124		0.137063
124.125		0.137063
124.25		0.137063
124.375		0.137063
124.5		0.137063
124.625		0.137063
124.75		0.137063
124.875		0.137063
125		0.137063
125.125		0.146675
125.25		0.146675
125.375		0.146675
125.5		0.146675
125.625		0.146675
125.75		0.146675
125.875		0.146675
126		0.146675
126.125		0.146675
126.25		0.146675
126.375		0.146675
126.5		0.146675
126.625		0.146675
126.75		0.146675
126.875		0.146675
127		0.146675
127.125		0.146675
127.25		0.146675
127.375		0.146675
127.5		0.146675
127.625		0.146675
127.75		0.146675
127.875		0.146675
128		0.146675
128.125		0.146675
128.25		0.146675
128.375		0.146675
128.5		0.146675
128.625		0.146675
128.75		0.146675
128.875		0.146675
129		0.146675
129.125		0.146675
129.25		0.146675
129.375		0.146675
129.5		0.146675
129.625		0.146675
129.75		0.146675
129.875		0.146675
130		0.146675
130.125		0.147897
130.25		0.147897
130.375		0.147897
130.5		0.147897
130.625		0.147897
130.75		0.147897
130.875		0.147897
131		0.147897
131.125		0.147897
131.25		0.147897
131.375		0.147897
131.5		0.147897
131.625		0.147897
131.75		0.147897
131.875		0.147897
132		0.147897
132.125		0.147897
132.25		0.147897
132.375		0.147897
132.5		0.147897
132.625		0.147897
132.75		0.147897
132.875		0.147897
133		0.147897
133.125		0.147897
133.25		0.147897
133.375		0.147897
133.5		0.147897
133.625		0.147897
133.75		0.147897
133.875		0.147897
134		0.147897
134.125		0.147897
134.25		0.147897
134.375		0.147897
134.5		0.147897
134.625		0.147897
134.75		0.147897
134.875		0.147897
135		0.147897
135.125		0.155953
135.25		0.155953
135.375		0.155953
135.5		0.155953
135.625		0.155953
135.75		0.155953
135.875		0.155953
136		0.155953
136.125		0.155953
136.25		0.155953
136.375		0.155953
136.5		0.155953
136.625		0.155953
136.75		0.155953
136.875		0.155953
137		0.155953
137.125		0.155953
137.25		0.155953
137.375		0.155953
137.5		0.155953
137.625		0.155953
137.75		0.155953
137.875		0.155953
138		0.155953
138.125		0.155953
138.25		0.155953
138.375		0.155953
138.5		0.155953
138.625		0.155953
138.75		0.155953
138.875		0.155953
139		0.155953
139.125		0.155953
139.25		0.155953
139.375		0.155953
139.5		0.155953
139.625		0.155953
139.75		0.155953
139.875		0.155953
140		0.155953
140.125		0.168287
140.25		0.168287
140.375		0.168287
140.5		0.168287
140.625		0.168287
140.75		0.168287
140.875		0.168287
141		0.168287
141.125		0.168287
141.25		0.168287
141.375		0.168287
141.5		0.168287
141.625		0.168287
141.75		0.168287
141.875		0.168287
142		0.168287
142.125		0.168287
142.25		0.168287
142.375		0.168287
142.5		0.168287
142.625		0.168287
142.75		0.168287
142.875		0.168287
143		0.168287
143.125		0.168287
143.25		0.168287
143.375		0.168287
143.5		0.168287
143.625		0.168287
143.75		0.168287
143.875		0.168287
144		0.168287
144.125		0.168287
144.25		0.168287
144.375		0.168287
144.5		0.168287
144.625		0.168287
144.75		0.168287
144.875		0.168287
145		0.168287
145.125		0.18051
145.25		0.18051
145.375		0.18051
145.5		0.18051
145.625		0.18051
145.75		0.18051
145.875		0.18051
146		0.18051
146.125		0.18051
146.25		0.18051
146.375		0.18051
146.5		0.18051
146.625		0.18051
146.75		0.18051
146.875		0.18051
147		0.18051
147.125		0.18051
147.25		0.18051
147.375		0.18051
147.5		0.18051
147.625		0.18051
147.75		0.18051
147.875		0.18051
148		0.18051
148.125		0.18051
148.25		0.18051
148.375		0.18051
148.5		0.18051
148.625		0.18051
148.75		0.18051
148.875		0.18051
149		0.18051
149.125		0.18051
149.25		0.18051
149.375		0.18051
149.5		0.18051
149.625		0.18051
149.75		0.18051
149.875		0.18051
150		0.18051
150.125		0.197011
150.25		0.197011
150.375		0.197011
150.5		0.197011
150.625		0.197011
150.75		0.197011
150.875		0.197011
151		0.197011
151.125		0.197011
151.25		0.197011
151.375		0.197011
151.5		0.197011
151.625		0.197011
151.75		0.197011
151.875		0.197011
152		0.197011
152.125		0.197011
152.25		0.197011
152.375		0.197011
152.5		0.197011
152.625		0.197011
152.75		0.197011
152.875		0.197011
153		0.197011
153.125		0.197011
153.25		0.197011
153.375		0.197011
153.5		0.197011
153.625		0.197011
153.75		0.197011
153.875		0.197011
154		0.197011
154.125		0.197011
154.25		0.197011
154.375		0.197011
154.5		0.197011
154.625		0.197011
154.75		0.197011
154.875		0.197011
155		0.197011
155.125		0.205623
155.25		0.205623
155.375		0.205623
155.5		0.205623
155.625		0.205623
155.75		0.205623
155.875		0.205623
156		0.205623
156.125		0.205623
156.25		0.205623
156.375		0.205623
156.5		0.205623
156.625		0.205623
156.75		0.205623
156.875		0.205623
157		0.205623
157.125		0.205623
157.25		0.205623
157.375		0.205623
157.5		0.205623
157.625		0.205623
157.75		0.205623
157.875		0.205623
158		0.205623
158.125		0.205623
158.25		0.205623
158.375		0.205623
158.5		0.205623
158.625		0.205623
158.75		0.205623
158.875		0.205623
159		0.205623
159.125		0.205623
159.25		0.205623
159.375		0.205623
159.5		0.205623
159.625		0.205623
159.75		0.205623
159.875		0.205623
160		0.205623
160.125		0.208734
160.25		0.208734
160.375		0.208734
160.5		0.208734
160.625		0.208734
160.75		0.208734
160.875		0.208734
161		0.208734
161.125		0.208734
161.25		0.208734
161.375		0.208734
161.5		0.208734
161.625		0.208734
161.75		0.208734
161.875		0.208734
162		0.208734
162.125		0.208734
162.25		0.208734
162.375		0.208734
162.5		0.208734
162.625		0.208734
162.75		0.208734
162.875		0.208734
163		0.208734
163.125		0.208734
163.25		0.208734
163.375		0.208734
163.5		0.208734
163.625		0.208734
163.75		0.208734
163.875		0.208734
164		0.208734
164.125		0.208734
164.25		0.208734
164.375		0.208734
164.5		0.208734
164.625		0.208734
164.75		0.208734
164.875		0.208734
165		0.208734
165.125		0.230457
165.25		0.230457
165.375		0.230457
165.5		0.230457
165.625		0.230457
165.75		0.230457
165.875		0.230457
166		0.230457
166.125		0.230457
166.25		0.230457
166.375		0.230457
166.5		0.230457
166.625		0.230457
166.75		0.230457
166.875		0.230457
167		0.230457
167.125		0.230457
167.25		0.230457
167.375		0.230457
167.5		0.230457
167.625		0.230457
167.75		0.230457
167.875		0.230457
168		0.230457
168.125		0.230457
168.25		0.230457
168.375		0.230457
168.5		0.230457
168.625		0.230457
168.75		0.230457
168.875		0.230457
169		0.230457
169.125		0.230457
169.25		0.230457
169.375		0.230457
169.5		0.230457
169.625		0.230457
169.75		0.230457
169.875		0.230457
170		0.230457
170.125		0.235458
170.25		0.235458
170.375		0.235458
170.5		0.235458
170.625		0.235458
170.75		0.235458
170.875		0.235458
171		0.235458
171.125		0.235458
171.25		0.235458
171.375		0.235458
171.5		0.235458
171.625		0.235458
171.75		0.235458
171.875		0.235458
172		0.235458
172.125		0.235458
172.25		0.235458
172.375		0.235458
172.5		0.235458
172.625		0.235458
172.75		0.235458
172.875		0.235458
173		0.235458
173.125		0.235458
173.25		0.235458
173.375		0.235458
173.5		0.235458
173.625		0.235458
173.75		0.235458
173.875		0.235458
174		0.235458
174.125		0.235458
174.25		0.235458
174.375		0.235458
174.5		0.235458
174.625		0.235458
174.75		0.235458
174.875		0.235458
175		0.235458
175.125		0.243069
175.25		0.243069
175.375		0.243069
175.5		0.243069
175.625		0.243069
175.75		0.243069
175.875		0.243069
176		0.243069
176.125		0.243069
176.25		0.243069
176.375		0.243069
176.5		0.243069
176.625		0.243069
176.75		0.243069
176.875		0.243069
177		0.243069
177.125		0.243069
177.25		0.243069
177.375		0.243069
177.5		0.243069
177.625		0.243069
177.75		0.243069
177.875		0.243069
178		0.243069
178.125		0.243069
178.25		0.243069
178.375		0.243069
178.5		0.243069
178.625		0.243069
178.75		0.243069
178.875		0.243069
179		0.243069
179.125		0.243069
179.25		0.243069
179.375		0.243069
179.5		0.243069
179.625		0.243069
179.75		0.243069
179.875		0.243069
180		0.243069
180.125		0.265237
180.25		0.265237
180.375		0.265237
180.5		0.265237
180.625		0.265237
180.75		0.265237
180.875		0.265237
181		0.265237
181.125		0.265237
181.25		0.265237
181.375		0.265237
181.5		0.265237
181.625		0.265237
181.75		0.265237
181.875		0.265237
182		0.265237
182.125		0.265237
182.25		0.265237
182.375		0.265237
182.5		0.265237
182.625		0.265237
182.75		0.265237
182.875		0.265237
183		0.265237
183.125		0.265237
183.25		0.265237
183.375		0.265237
183.5		0.265237
183.625		0.265237
183.75		0.265237
183.875		0.265237
184		0.265237
184.125		0.265237
184.25		0.265237
184.375		0.265237
184.5		0.265237
184.625		0.265237
184.75		0.265237
184.875		0.265237
185		0.265237
185.125		0.27246
185.25		0.27246
185.375		0.27246
185.5		0.27246
185.625		0.27246
185.75		0.27246
185.875		0.27246
186		0.27246
186.125		0.27246
186.25		0.27246
186.375		0.27246
186.5		0.27246
186.625		0.27246
186.75		0.27246
186.875		0.27246
187		0.27246
187.125		0.27246
187.25		0.27246
187.375		0.27246
187.5		0.27246
187.625		0.27246
187.75		0.27246
187.875		0.27246
188		0.27246
188.125		0.27246
188.25		0.27246
188.375		0.27246
188.5		0.27246
188.625		0.27246
188.75		0.27246
188.875		0.27246
189		0.27246
189.125		0.27246
189.25		0.27246
189.375		0.27246
189.5		0.27246
189.625		0.27246
189.75		0.27246
189.875		0.27246
190		0.27246
190.125		0.274626
190.25		0.274626
190.375		0.274626
190.5		0.274626
190.625		0.274626
190.75		0.274626
190.875		0.274626
191		0.274626
191.125		0.274626
191.25		0.274626
191.375		0.274626
191.5		0.274626
191.625		0.274626
191.75		0.274626
191.875		0.274626
192		0.274626
192.125		0.274626
192.25		0.274626
192.375		0.274626
192.5		0.274626
192.625		0.274626
192.75		0.274626
192.875		0.274626
193		0.274626
193.125		0.274626
193.25		0.274626
193.375		0.274626
193.5		0.274626
193.625		0.274626
193.75		0.274626
193.875		0.274626
194		0.274626
194.125		0.274626
194.25		0.274626
194.375		0.274626
194.5		0.274626
194.625		0.274626
194.75		0.274626
194.875		0.274626
195		0.274626
195.125		0.289849
195.25		0.289849
195.375		0.289849
195.5		0.289849
195.625		0.289849
195.75		0.289849
195.875		0.289849
196		0.289849
196.125		0.289849
196.25		0.289849
196.375		0.289849
196.5		0.289849
196.625		0.289849
196.75		0.289849
196.875		0.289849
197		0.289849
197.125		0.289849
197.25		0.289849
197.375		0.289849
197.5		0.289849
197.625		0.289849
197.75		0.289849
197.875		0.289849
198		0.289849
198.125		0.289849
198.25		0.289849
198.375		0.289849
198.5		0.289849
198.625		0.289849
198.75		0.289849
198.875		0.289849
199		0.289849
199.125		0.289849
199.25		0.289849
199.375		0.289849
199.5		0.289849
199.625		0.289849
199.75		0.289849
199.875		0.289849
200		0.289849
200.125		0.296572
200.25		0.296572
200.375		0.296572
200.5		0.296572
200.625		0.296572
200.75		0.296572
200.875		0.296572
201		0.296572
201.125		0.296572
201.25		0.296572
201.375		0.296572
201.5		0.296572
201.625		0.296572
201.75		0.296572
201.875		0.296572
202		0.296572
202.125		0.296572
202.25		0.296572
202.375		0.296572
202.5		0.296572
202.625		0.296572
202.75		0.296572
202.875		0.296572
203		0.296572
203.125		0.296572
203.25		0.296572
203.375		0.296572
203.5		0.296572
203.625		0.296572
203.75		0.296572
203.875		0.296572
204		0.296572
204.125		0.296572
204.25		0.296572
204.375		0.296572
204.5		0.296572
204.625		0.296572
204.75		0.296572
204.875		0.296572
205		0.296572
205.125		0.319462
205.25		0.319462
205.375		0.319462
205.5		0.319462
205.625		0.319462
205.75		0.319462
205.875		0.319462
206		0.319462
206.125		0.319462
206.25		0.319462
206.375		0.319462
206.5		0.319462
206.625		0.319462
206.75		0.319462
206.875		0.319462
207		0.319462
207.125		0.319462
207.25		0.319462
207.375		0.319462
207.5		0.319462
207.625		0.319462
207.75		0.319462
207.875		0.319462
208		0.319462
208.125		0.319462
208.25		0.319462
208.375		0.319462
208.5		0.319462
208.625		0.319462
208.75		0.319462
208.875		0.319462
209		0.319462
209.125		0.319462
209.25		0.319462
209.375		0.319462
209.5		0.319462
209.625		0.319462
209.75		0.319462
209.875		0.319462
210		0.319462
210.125		0.331296
210.25		0.331296
210.375		0.331296
210.5		0.331296
210.625		0.331296
210.75		0.331296
210.875		0.331296
211		0.331296
211.125		0.331296
211.25		0.331296
211.375		0.331296
211.5		0.331296
211.625		0.331296
211.75		0.331296
211.875		0.331296
212		0.331296
212.125		0.331296
212.25		0.331296
212.375		0.331296
212.5		0.331296
212.625		0.331296
212.75		0.331296
212.875		0.331296
213		0.331296
213.125		0.331296
213.25		0.331296
213.375		0.331296
213.5		0.331296
213.625		0.331296
213.75		0.331296
213.875		0.331296
214		0.331296
214.125		0.331296
214.25		0.331296
214.375		0.331296
214.5		0.331296
214.625		0.331296
214.75		0.331296
214.875		0.331296
215		0.331296
215.125		0.343852
215.25		0.343852
215.375		0.343852
215.5		0.343852
215.625		0.343852
215.75		0.343852
215.875		0.343852
216		0.343852
216.125		0.343852
216.25		0.343852
216.375		0.343852
216.5		0.343852
216.625		0.343852
216.75		0.343852
216.875		0.343852
217		0.343852
217.125		0.343852
217.25		0.343852
217.375		0.343852
217.5		0.343852
217.625		0.343852
217.75		0.343852
217.875		0.343852
218		0.343852
218.125		0.343852
218.25		0.343852
218.375		0.343852
218.5		0.343852
218.625		0.343852
218.75		0.343852
218.875		0.343852
219		0.343852
219.125		0.343852
219.25		0.343852
219.375		0.343852
219.5		0.343852
219.625		0.343852
219.75		0.343852
219.875		0.343852
220		0.343852
220.125		0.347575
220.25		0.347575
220.375		0.347575
220.5		0.347575
220.625		0.347575
220.75		0.347575
220.875		0.347575
221		0.347575
221.125		0.347575
221.25		0.347575
221.375		0.347575
221.5		0.347575
221.625		0.347575
221.75		0.347575
221.875		0.347575
222		0.347575
222.125		0.347575
222.25		0.347575
222.375		0.347575
222.5		0.347575
222.625		0.347575
222.75		0.347575
222.875		0.347575
223		0.347575
223.125		0.347575
223.25		0.347575
223.375		0.347575
223.5		0.347575
223.625		0.347575
223.75		0.347575
223.875		0.347575
224		0.347575
224.125		0.347575
224.25		0.347575
224.375		0.347575
224.5		0.347575
224.625		0.347575
224.75		0.347575
224.875		0.347575
225		0.347575
225.125		0.348797
225.25		0.348797
225.375		0.348797
225.5		0.348797
225.625		0.348797
225.75		0.348797
225.875		0.348797
226		0.348797
226.125		0.348797
226.25		0.348797
226.375		0.348797
226.5		0.348797
226.625		0.348797
226.75		0.348797
226.875		0.348797
227		0.348797
227.125		0.348797
227.25		0.348797
227.375		0.348797
227.5		0.348797
227.625		0.348797
227.75		0.348797
227.875		0.348797
228		0.348797
228.125		0.348797
228.25		0.348797
228.375		0.348797
228.5		0.348797
228.625		0.348797
228.75		0.348797
228.875		0.348797
229		0.348797
229.125		0.348797
229.25		0.348797
229.375		0.348797
229.5		0.348797
229.625		0.348797
229.75		0.348797
229.875		0.348797
230		0.348797
230.125		0.392966
230.25		0.392966
230.375		0.392966
230.5		0.392966
230.625		0.392966
230.75		0.392966
230.875		0.392966
231		0.392966
231.125		0.392966
231.25		0.392966
231.375		0.392966
231.5		0.392966
231.625		0.392966
231.75		0.392966
231.875		0.392966
232		0.392966
232.125		0.392966
232.25		0.392966
232.375		0.392966
232.5		0.392966
232.625		0.392966
232.75		0.392966
232.875		0.392966
233		0.392966
233.125		0.392966
233.25		0.392966
233.375		0.392966
233.5		0.392966
233.625		0.392966
233.75		0.392966
233.875		0.392966
234		0.392966
234.125		0.392966
234.25		0.392966
234.375		0.392966
234.5		0.392966
234.625		0.392966
234.75		0.392966
234.875		0.392966
235		0.392966
235.125		0.393522
235.25		0.393522
235.375		0.393522
235.5		0.393522
235.625		0.393522
235.75		0.393522
235.875		0.393522
236		0.393522
236.125		0.393522
236.25		0.393522
236.375		0.393522
236.5		0.393522
236.625		0.393522
236.75		0.393522
236.875		0.393522
237		0.393522
237.125		0.393522
237.25		0.393522
237.375		0.393522
237.5		0.393522
237.625		0.393522
237.75		0.393522
237.875		0.393522
238		0.393522
238.125		0.393522
238.25		0.393522
238.375		0.393522
238.5		0.393522
238.625		0.393522
238.75		0.393522
238.875		0.393522
239		0.393522
239.125		0.393522
239.25		0.393522
239.375		0.393522
239.5		0.393522
239.625		0.393522
239.75		0.393522
239.875		0.393522
240		0.393522
240.125		0.394244
240.25		0.394244
240.375		0.394244
240.5		0.394244
240.625		0.394244
240.75		0.394244
240.875		0.394244
241		0.394244
241.125		0.394244
241.25		0.394244
241.375		0.394244
241.5		0.394244
241.625		0.394244
241.75		0.394244
241.875		0.394244
242		0.394244
242.125		0.394244
242.25		0.394244
242.375		0.394244
242.5		0.394244
242.625		0.394244
242.75		0.394244
242.875		0.394244
243		0.394244
243.125		0.394244
243.25		0.394244
243.375		0.394244
243.5		0.394244
243.625		0.394244
243.75		0.394244
243.875		0.394244
244		0.394244
244.125		0.394244
244.25		0.394244
244.375		0.394244
244.5		0.394244
244.625		0.394244
244.75		0.394244
244.875		0.394244
245		0.394244
245.125		0.405467
245.25		0.405467
245.375		0.405467
245.5		0.405467
245.625		0.405467
245.75		0.405467
245.875		0.405467
246		0.405467
246.125		0.405467
246.25		0.405467
246.375		0.405467
246.5		0.405467
246.625		0.405467
246.75		0.405467
246.875		0.405467
247		0.405467
247.125		0.405467
247.25		0.405467
247.375		0.405467
247.5		0.405467
247.625		0.405467
247.75		0.405467
247.875		0.405467
248		0.405467
248.125		0.405467
248.25		0.405467
248.375		0.405467
248.5		0.405467
248.625		0.405467
248.75		0.405467
248.875		0.405467
249		0.405467
249.125		0.405467
249.25		0.405467
249.375		0.405467
249.5		0.405467
249.625		0.405467
249.75		0.405467
249.875		0.405467
250		0.405467
250.125		0.422579
250.25		0.422579
250.375		0.422579
250.5		0.422579
250.625		0.422579
250.75		0.422579
250.875		0.422579
251		0.422579
251.125		0.422579
251.25		0.422579
251.375		0.422579
251.5		0.422579
251.625		0.422579
251.75		0.422579
251.875		0.422579
252		0.422579
252.125		0.422579
252.25		0.422579
252.375		0.422579
252.5		0.422579
252.625		0.422579
252.75		0.422579
252.875		0.422579
253		0.422579
253.125		0.422579
253.25		0.422579
253.375		0.422579
253.5		0.422579
253.625		0.422579
253.75		0.422579
253.875		0.422579
254		0.422579
254.125		0.422579
254.25		0.422579
254.375		0.422579
254.5		0.422579
254.625		0.422579
254.75		0.422579
254.875		0.422579
255		0.422579
255.125		0.424746
255.25		0.424746
255.375		0.424746
255.5		0.424746
255.625		0.424746
255.75		0.424746
255.875		0.424746
256		0.424746
256.125		0.424746
256.25		0.424746
256.375		0.424746
256.5		0.424746
256.625		0.424746
256.75		0.424746
256.875		0.424746
257		0.424746
257.125		0.424746
257.25		0.424746
257.375		0.424746
257.5		0.424746
257.625		0.424746
257.75		0.424746
257.875		0.424746
258		0.424746
258.125		0.424746
258.25		0.424746
258.375		0.424746
258.5		0.424746
258.625		0.424746
258.75		0.424746
258.875		0.424746
259		0.424746
259.125		0.424746
259.25		0.424746
259.375		0.424746
259.5		0.424746
259.625		0.424746
259.75		0.424746
259.875		0.424746
260		0.424746
260.125		0.445025
260.25		0.445025
260.375		0.445025
260.5		0.445025
260.625		0.445025
260.75		0.445025
260.875		0.445025
261		0.445025
261.125		0.445025
261.25		0.445025
261.375		0.445025
261.5		0.445025
261.625		0.445025
261.75		0.445025
261.875		0.445025
262		0.445025
262.125		0.445025
262.25		0.445025
262.375		0.445025
262.5		0.445025
262.625		0.445025
262.75		0.445025
262.875		0.445025
263		0.445025
263.125		0.445025
263.25		0.445025
263.375		0.445025
263.5		0.445025
263.625		0.445025
263.75		0.445025
263.875		0.445025
264		0.445025
264.125		0.445025
264.25		0.445025
264.375		0.445025
264.5		0.445025
264.625		0.445025
264.75		0.445025
264.875		0.445025
265		0.445025
265.125		0.45697
265.25		0.45697
265.375		0.45697
265.5		0.45697
265.625		0.45697
265.75		0.45697
265.875		0.45697
266		0.45697
266.125		0.45697
266.25		0.45697
266.375		0.45697
266.5		0.45697
266.625		0.45697
266.75		0.45697
266.875		0.45697
267		0.45697
267.125		0.45697
267.25		0.45697
267.375		0.45697
267.5		0.45697
267.625		0.45697
267.75		0.45697
267.875		0.45697
268		0.45697
268.125		0.45697
268.25		0.45697
268.375		0.45697
268.5		0.45697
268.625		0.45697
268.75		0.45697
268.875		0.45697
269		0.45697
269.125		0.45697
269.25		0.45697
269.375		0.45697
269.5		0.45697
269.625		0.45697
269.75		0.45697
269.875		0.45697
270		0.45697
270.125		0.469082
270.25		0.469082
270.375		0.469082
270.5		0.469082
270.625		0.469082
270.75		0.469082
270.875		0.469082
271		0.469082
271.125		0.469082
271.25		0.469082
271.375		0.469082
271.5		0.469082
271.625		0.469082
271.75		0.469082
271.875		0.469082
272		0.469082
272.125		0.469082
272.25		0.469082
272.375		0.469082
272.5		0.469082
272.625		0.469082
272.75		0.469082
272.875		0.469082
273		0.469082
273.125		0.469082
273.25		0.469082
273.375		0.469082
273.5		0.469082
273.625		0.469082
273.75		0.469082
273.875		0.469082
274		0.469082
274.125		0.469082
274.25		0.469082
274.375		0.469082
274.5		0.469082
274.625		0.469082
274.75		0.469082
274.875		0.469082
275		0.469082
275.125		0.471026
275.25		0.471026
275.375		0.471026
275.5		0.471026
275.625		0.471026
275.75		0.471026
275.875		0.471026
276		0.471026
276.125		0.471026
276.25		0.471026
276.375		0.471026
276.5		0.471026
276.625		0.471026
276.75		0.471026
276.875		0.471026
277		0.471026
277.125		0.471026
277.25		0.471026
277.375		0.471026
277.5		0.471026
277.625		0.471026
277.75		0.471026
277.875		0.471026
278		0.471026
278.125		0.471026
278.25		0.471026
278.375		0.471026
278.5		0.471026
278.625		0.471026
278.75		0.471026
278.875		0.471026
279		0.471026
279.125		0.471026
279.25		0.471026
279.375		0.471026
279.5		0.471026
279.625		0.471026
279.75		0.471026
279.875		0.471026
280		0.471026
280.125		0.48236
280.25		0.48236
280.375		0.48236
280.5		0.48236
280.625		0.48236
280.75		0.48236
280.875		0.48236
281		0.48236
281.125		0.48236
281.25		0.48236
281.375		0.48236
281.5		0.48236
281.625		0.48236
281.75		0.48236
281.875		0.48236
282		0.48236
282.125		0.48236
282.25		0.48236
282.375		0.48236
282.5		0.48236
282.625		0.48236
282.75		0.48236
282.875		0.48236
283		0.48236
283.125		0.48236
283.25		0.48236
283.375		0.48236
283.5		0.48236
283.625		0.48236
283.75		0.48236
283.875		0.48236
284		0.48236
284.125		0.48236
284.25		0.48236
284.375		0.48236
284.5		0.48236
284.625		0.48236
284.75		0.48236
284.875		0.48236
285		0.48236
285.125		0.484971
285.25		0.484971
285.375		0.484971
285.5		0.484971
285.625		0.484971
285.75		0.484971
285.875		0.484971
286		0.484971
286.125		0.484971
286.25		0.484971
286.375		0.484971
286.5		0.484971
286.625		0.484971
286.75		0.484971
286.875		0.484971
287		0.484971
287.125		0.484971
287.25		0.484971
287.375		0.484971
287.5		0.484971
287.625		0.484971
287.75		0.484971
287.875		0.484971
288		0.484971
288.125		0.484971
288.25		0.484971
288.375		0.484971
288.5		0.484971
288.625		0.484971
288.75		0.484971
288.875		0.484971
289		0.484971
289.125		0.484971
289.25		0.484971
289.375		0.484971
289.5		0.484971
289.625		0.484971
289.75		0.484971
289.875		0.484971
290		0.484971
290.125		0.528252
290.25		0.528252
290.375		0.528252
290.5		0.528252
290.625		0.528252
290.75		0.528252
290.875		0.528252
291		0.528252
291.125		0.528252
291.25		0.528252
291.375		0.528252
291.5		0.528252
291.625		0.528252
291.75		0.528252
291.875		0.528252
292		0.528252
292.125		0.528252
292.25		0.528252
292.375		0.528252
292.5		0.528252
292.625		0.528252
292.75		0.528252
292.875		0.528252
293		0.528252
293.125		0.528252
293.25		0.528252
293.375		0.528252
293.5		0.528252
293.625		0.528252
293.75		0.528252
293.875		0.528252
294		0.528252
294.125		0.528252
294.25		0.528252
294.375		0.528252
294.5		0.528252
294.625		0.528252
294.75		0.528252
294.875		0.528252
295		0.528252
295.125		0.532418
295.25		0.532418
295.375		0.532418
295.5		0.532418
295.625		0.532418
295.75		0.532418
295.875		0.532418
296		0.532418
296.125		0.532418
296.25		0.532418
296.375		0.532418
296.5		0.532418
296.625		0.532418
296.75		0.532418
296.875		0.532418
297		0.532418
297.125		0.532418
297.25		0.532418
297.375		0.532418
297.5		0.532418
297.625		0.532418
297.75		0.532418
297.875		0.532418
298		0.532418
298.125		0.532418
298.25		0.532418
298.375		0.532418
298.5		0.532418
298.625		0.532418
298.75		0.532418
298.875		0.532418
299		0.532418
299.125		0.532418
299.25		0.532418
299.375		0.532418
299.5		0.532418
299.625		0.532418
299.75		0.532418
299.875		0.532418
300		0.532418
300.125		0.533474
300.25		0.533474
300.375		0.533474
300.5		0.533474
300.625		0.533474
300.75		0.533474
300.875		0.533474
301		0.533474
301.125		0.533474
301.25		0.533474
301.375		0.533474
301.5		0.533474
301.625		0.533474
301.75		0.533474
301.875		0.533474
302		0.533474
302.125		0.533474
302.25		0.533474
302.375		0.533474
302.5		0.533474
302.625		0.533474
302.75		0.533474
302.875		0.533474
303		0.533474
303.125		0.533474
303.25		0.533474
303.375		0.533474
303.5		0.533474
303.625		0.533474
303.75		0.533474
303.875		0.533474
304		0.533474
304.125		0.533474
304.25		0.533474
304.375		0.533474
304.5		0.533474
304.625		0.533474
304.75		0.533474
304.875		0.533474
305		0.533474
305.125		0.538641
305.25		0.538641
305.375		0.538641
305.5		0.538641
305.625		0.538641
305.75		0.538641
305.875		0.538641
306		0.538641
306.125		0.538641
306.25		0.538641
306.375		0.538641
306.5		0.538641
306.625		0.538641
306.75		0.538641
306.875		0.538641
307		0.538641
307.125		0.538641
307.25		0.538641
307.375		0.538641
307.5		0.538641
307.625		0.538641
307.75		0.538641
307.875		0.538641
308		0.538641
308.125		0.538641
308.25		0.538641
308.375		0.538641
308.5		0.538641
308.625		0.538641
308.75		0.538641
308.875		0.538641
309		0.538641
309.125		0.538641
309.25		0.538641
309.375		0.538641
309.5		0.538641
309.625		0.538641
309.75		0.538641
309.875		0.538641
310		0.538641
310.125		0.554753
310.25		0.554753
310.375		0.554753
310.5		0.554753
310.625		0.554753
310.75		0.554753
310.875		0.554753
311		0.554753
311.125		0.554753
311.25		0.554753
311.375		0.554753
311.5		0.554753
311.625		0.554753
311.75		0.554753
311.875		0.554753
312		0.554753
312.125		0.554753
312.25		0.554753
312.375		0.554753
312.5		0.554753
312.625		0.554753
312.75		0.554753
312.875		0.554753
313		0.554753
313.125		0.554753
313.25		0.554753
313.375		0.554753
313.5		0.554753
313.625		0.554753
313.75		0.554753
313.875		0.554753
314		0.554753
314.125		0.554753
314.25		0.554753
314.375		0.554753
314.5		0.554753
314.625		0.554753
314.75		0.554753
314.875		0.554753
315		0.554753
315.125		0.564865
315.25		0.564865
315.375		0.564865
315.5		0.564865
315.625		0.564865
315.75		0.564865
315.875		0.564865
316		0.564865
316.125		0.564865
316.25		0.564865
316.375		0.564865
316.5		0.564865
316.625		0.564865
316.75		0.564865
316.875		0.564865
317		0.564865
317.125		0.564865
317.25		0.564865
317.375		0.564865
317.5		0.564865
317.625		0.564865
317.75		0.564865
317.875		0.564865
318		0.564865
318.125		0.564865
318.25		0.564865
318.375		0.564865
318.5		0.564865
318.625		0.564865
318.75		0.564865
318.875		0.564865
319		0.564865
319.125		0.564865
319.25		0.564865
319.375		0.564865
319.5		0.564865
319.625		0.564865
319.75		0.564865
319.875		0.564865
320		0.564865
320.125		0.590811
320.25		0.590811
320.375		0.590811
320.5		0.590811
320.625		0.590811
320.75		0.590811
320.875		0.590811
321		0.590811
321.125		0.590811
321.25		0.590811
321.375		0.590811
321.5		0.590811
321.625		0.590811
321.75		0.590811
321.875		0.590811
322		0.590811
322.125		0.590811
322.25		0.590811
322.375		0.590811
322.5		0.590811
322.625		0.590811
322.75		0.590811
322.875		0.590811
323		0.590811
323.125		0.590811
323.25		0.590811
323.375		0.590811
323.5		0.590811
323.625		0.590811
323.75		0.590811
323.875		0.590811
324		0.590811
324.125		0.590811
324.25		0.590811
324.375		0.590811
324.5		0.590811
324.625		0.590811
324.75		0.590811
324.875		0.590811
325		0.590811
325.125		0.5982
325.25		0.5982
325.375		0.5982
325.5		0.5982
325.625		0.5982
325.75		0.5982
325.875		0.5982
326		0.5982
326.125		0.5982
326.25		0.5982
326.375		0.5982
326.5		0.5982
326.625		0.5982
326.75		0.5982
326.875		0.5982
327		0.5982
327.125		0.5982
327.25		0.5982
327.375		0.5982
327.5		0.5982
327.625		0.5982
327.75		0.5982
327.875		0.5982
328		0.5982
328.125		0.5982
328.25		0.5982
328.375		0.5982
328.5		0.5982
328.625		0.5982
328.75		0.5982
328.875		0.5982
329		0.5982
329.125		0.5982
329.25		0.5982
329.375		0.5982
329.5		0.5982
329.625		0.5982
329.75		0.5982
329.875		0.5982
330		0.5982
330.125		0.599367
330.25		0.599367
330.375		0.599367
330.5		0.599367
330.625		0.599367
330.75		0.599367
330.875		0.599367
331		0.599367
331.125		0.599367
331.25		0.599367
331.375		0.599367
331.5		0.599367
331.625		0.599367
331.75		0.599367
331.875		0.599367
332		0.599367
332.125		0.599367
332.25		0.599367
332.375		0.599367
332.5		0.599367
332.625		0.599367
332.75		0.599367
332.875		0.599367
333		0.599367
333.125		0.599367
333.25		0.599367
333.375		0.599367
333.5		0.599367
333.625		0.599367
333.75		0.599367
333.875		0.599367
334		0.599367
334.125		0.599367
334.25		0.599367
334.375		0.599367
334.5		0.599367
334.625		0.599367
334.75		0.599367
334.875		0.599367
335		0.599367
335.125		0.604811
335.25		0.604811
335.375		0.604811
335.5		0.604811
335.625		0.604811
335.75		0.604811
335.875		0.604811
336		0.604811
336.125		0.604811
336.25		0.604811
336.375		0.604811
336.5		0.604811
336.625		0.604811
336.75		0.604811
336.875		0.604811
337		0.604811
337.125		0.604811
337.25		0.604811
337.375		0.604811
337.5		0.604811
337.625		0.604811
337.75		0.604811
337.875		0.604811
338		0.604811
338.125		0.604811
338.25		0.604811
338.375		0.604811
338.5		0.604811
338.625		0.604811
338.75		0.604811
338.875		0.604811
339		0.604811
339.125		0.604811
339.25		0.604811
339.375		0.604811
339.5		0.604811
339.625		0.604811
339.75		0.604811
339.875		0.604811
340		0.604811
340.125		0.621868
340.25		0.621868
340.375		0.621868
340.5		0.621868
340.625		0.621868
340.75		0.621868
340.875		0.621868
341		0.621868
341.125		0.621868
341.25		0.621868
341.375		0.621868
341.5		0.621868
341.625		0.621868
341.75		0.621868
341.875		0.621868
342		0.621868
342.125		0.621868
342.25		0.621868
342.375		0.621868
342.5		0.621868
342.625		0.621868
342.75		0.621868
342.875		0.621868
343		0.621868
343.125		0.621868
343.25		0.621868
343.375		0.621868
343.5		0.621868
343.625		0.621868
343.75		0.621868
343.875		0.621868
344		0.621868
344.125		0.621868
344.25		0.621868
344.375		0.621868
344.5		0.621868
344.625		0.621868
344.75		0.621868
344.875		0.621868
345		0.621868
345.125		0.628757
345.25		0.628757
345.375		0.628757
345.5		0.628757
345.625		0.628757
345.75		0.628757
345.875		0.628757
346		0.628757
346.125		0.628757
346.25		0.628757
346.375		0.628757
346.5		0.628757
346.625		0.628757
346.75		0.628757
346.875		0.628757
347		0.628757
347.125		0.628757
347.25		0.628757
347.375		0.628757
347.5		0.628757
347.625		0.628757
347.75		0.628757
347.875		0.628757
348		0.628757
348.125		0.628757
348.25		0.628757
348.375		0.628757
348.5		0.628757
348.625		0.628757
348.75		0.628757
348.875		0.628757
349		0.628757
349.125		0.628757
349.25		0.628757
349.375		0.628757
349.5		0.628757
349.625		0.628757
349.75		0.628757
349.875		0.628757
350		0.628757
350.125		0.652425
350.25		0.652425
350.375		0.652425
350.5		0.652425
350.625		0.652425
350.75		0.652425
350.875		0.652425
351		0.652425
351.125		0.652425
351.25		0.652425
351.375		0.652425
351.5		0.652425
351.625		0.652425
351.75		0.652425
351.875		0.652425
352		0.652425
352.125		0.652425
352.25		0.652425
352.375		0.652425
352.5		0.652425
352.625		0.652425
352.75		0.652425
352.875		0.652425
353		0.652425
353.125		0.652425
353.25		0.652425
353.375		0.652425
353.5		0.652425
353.625		0.652425
353.75		0.652425
353.875		0.652425
354		0.652425
354.125		0.652425
354.25		0.652425
354.375		0.652425
354.5		0.652425
354.625		0.652425
354.75		0.652425
354.875		0.652425
355		0.652425
355.125		0.659314
355.25		0.659314
355.375		0.659314
355.5		0.659314
355.625		0.659314
355.75		0.659314
355.875		0.659314
356		0.659314
356.125		0.659314
356.25		0.659314
356.375		0.659314
356.5		0.659314
356.625		0.659314
356.75		0.659314
356.875		0.659314
357		0.659314
357.125		0.659314
357.25		0.659314
357.375		0.659314
357.5		0.659314
357.625		0.659314
357.75		0.659314
357.875		0.659314
358		0.659314
358.125		0.659314
358.25		0.659314
358.375		0.659314
358.5		0.659314
358.625		0.659314
358.75		0.659314
358.875		0.659314
359		0.659314
359.125		0.659314
359.25		0.659314
359.375		0.659314
359.5		0.659314
359.625		0.659314
359.75		0.659314
359.875		0.659314
360		0.659314
360.125		0.681482
360.25		0.681482
360.375		0.681482
360.5		0.681482
360.625		0.681482
360.75		0.681482
360.875		0.681482
361		0.681482
361.125		0.681482
361.25		0.681482
361.375		0.681482
361.5		0.681482
361.625		0.681482
361.75		0.681482
361.875		0.681482
362		0.681482
362.125		0.681482
362.25		0.681482
362.375		0.681482
362.5		0.681482
362.625		0.681482
362.75		0.681482
362.875		0.681482
363		0.681482
363.125		0.681482
363.25		0.681482
363.375		0.681482
363.5		0.681482
363.625		0.681482
363.75		0.681482
363.875		0.681482
364		0.681482
364.125		0.681482
364.25		0.681482
364.375		0.681482
364.5		0.681482
364.625		0.681482
364.75		0.681482
364.875		0.681482
365		0.681482
365.125		0.684594
365.25		0.684594
365.375		0.684594
365.5		0.684594
365.625		0.684594
365.75		0.684594
365.875		0.684594
366		0.684594
366.125		0.684594
366.25		0.684594
366.375		0.684594
366.5		0.684594
366.625		0.684594
366.75		0.684594
366.875		0.684594
367		0.684594
367.125		0.684594
367.25		0.684594
367.375		0.684594
367.5		0.684594
367.625		0.684594
367.75		0.684594
367.875		0.684594
368		0.684594
368.125		0.684594
368.25		0.684594
368.375		0.684594
368.5		0.684594
368.625		0.684594
368.75		0.684594
368.875		0.684594
369		0.684594
369.125		0.684594
369.25		0.684594
369.375		0.684594
369.5		0.684594
369.625		0.684594
369.75		0.684594
369.875		0.684594
370		0.684594
370.125		0.691094
370.25		0.691094
370.375		0.691094
370.5		0.691094
370.625		0.691094
370.75		0.691094
370.875		0.691094
371		0.691094
371.125		0.691094
371.25		0.691094
371.375		0.691094
371.5		0.691094
371.625		0.691094
371.75		0.691094
371.875		0.691094
372		0.691094
372.125		0.691094
372.25		0.691094
372.375		0.691094
372.5		0.691094
372.625		0.691094
372.75		0.691094
372.875		0.691094
373		0.691094
373.125		0.691094
373.25		0.691094
373.375		0.691094
373.5		0.691094
373.625		0.691094
373.75		0.691094
373.875		0.691094
374		0.691094
374.125		0.691094
374.25		0.691094
374.375		0.691094
374.5		0.691094
374.625		0.691094
374.75		0.691094
374.875		0.691094
375		0.691094
375.125		0.724318
375.25		0.724318
375.375		0.724318
375.5		0.724318
375.625		0.724318
375.75		0.724318
375.875		0.724318
376		0.724318
376.125		0.724318
376.25		0.724318
376.375		0.724318
376.5		0.724318
376.625		0.724318
376.75		0.724318
376.875		0.724318
377		0.724318
377.125		0.724318
377.25		0.724318
377.375		0.724318
377.5		0.724318
377.625		0.724318
377.75		0.724318
377.875		0.724318
378		0.724318
378.125		0.724318
378.25		0.724318
378.375		0.724318
378.5		0.724318
378.625		0.724318
378.75		0.724318
378.875		0.724318
379		0.724318
379.125		0.724318
379.25		0.724318
379.375		0.724318
379.5		0.724318
379.625		0.724318
379.75		0.724318
379.875		0.724318
380		0.724318
380.125		0.72604
380.25		0.72604
380.375		0.72604
380.5		0.72604
380.625		0.72604
380.75		0.72604
380.875		0.72604
381		0.72604
381.125		0.72604
381.25		0.72604
381.375		0.72604
381.5		0.72604
381.625		0.72604
381.75		0.72604
381.875		0.72604
382		0.72604
382.125		0.72604
382.25		0.72604
382.375		0.72604
382.5		0.72604
382.625		0.72604
382.75		0.72604
382.875		0.72604
383		0.72604
383.125		0.72604
383.25		0.72604
383.375		0.72604
383.5		0.72604
383.625		0.72604
383.75		0.72604
383.875		0.72604
384		0.72604
384.125		0.72604
384.25		0.72604
384.375		0.72604
384.5		0.72604
384.625		0.72604
384.75		0.72604
384.875		0.72604
385		0.72604
385.125		0.73643
385.25		0.73643
385.375		0.73643
385.5		0.73643
385.625		0.73643
385.75		0.73643
385.875		0.73643
386		0.73643
386.125		0.73643
386.25		0.73643
386.375		0.73643
386.5		0.73643
386.625		0.73643
386.75		0.73643
386.875		0.73643
387		0.73643
387.125		0.73643
387.25		0.73643
387.375		0.73643
387.5		0.73643
387.625		0.73643
387.75		0.73643
387.875		0.73643
388		0.73643
388.125		0.73643
388.25		0.73643
388.375		0.73643
388.5		0.73643
388.625		0.73643
388.75		0.73643
388.875		0.73643
389		0.73643
389.125		0.73643
389.25		0.73643
389.375		0.73643
389.5		0.73643
389.625		0.73643
389.75		0.73643
389.875		0.73643
390		0.73643
390.125		0.738374
390.25		0.738374
390.375		0.738374
390.5		0.738374
390.625		0.738374
390.75		0.738374
390.875		0.738374
391		0.738374
391.125		0.738374
391.25		0.738374
391.375		0.738374
391.5		0.738374
391.625		0.738374
391.75		0.738374
391.875		0.738374
392		0.738374
392.125		0.738374
392.25		0.738374
392.375		0.738374
392.5		0.738374
392.625		0.738374
392.75		0.738374
392.875		0.738374
393		0.738374
393.125		0.738374
393.25		0.738374
393.375		0.738374
393.5		0.738374
393.625		0.738374
393.75		0.738374
393.875		0.738374
394		0.738374
394.125		0.738374
394.25		0.738374
394.375		0.738374
394.5		0.738374
394.625		0.738374
394.75		0.738374
394.875		0.738374
395		0.738374
395.125		0.754986
395.25		0.754986
395.375		0.754986
395.5		0.754986
395.625		0.754986
395.75		0.754986
395.875		0.754986
396		0.754986
396.125		0.754986
396.25		0.754986
396.375		0.754986
396.5		0.754986
396.625		0.754986
396.75		0.754986
396.875		0.754986
397		0.754986
397.125		0.754986
397.25		0.754986
397.375		0.754986
397.5		0.754986
397.625		0.754986
397.75		0.754986
397.875		0.754986
398		0.754986
398.125		0.754986
398.25		0.754986
398.375		0.754986
398.5		0.754986
398.625		0.754986
398.75		0.754986
398.875		0.754986
399		0.754986
399.125		0.754986
399.25		0.754986
399.375		0.754986
399.5		0.754986
399.625		0.754986
399.75		0.754986
399.875		0.754986
400		0.754986
400.125		0.76832
400.25		0.76832
400.375		0.76832
400.5		0.76832
400.625		0.76832
400.75		0.76832
400.875		0.76832
401		0.76832
401.125		0.76832
401.25		0.76832
401.375		0.76832
401.5		0.76832
401.625		0.76832
401.75		0.76832
401.875		0.76832
402		0.76832
402.125		0.76832
402.25		0.76832
402.375		0.76832
402.5		0.76832
402.625		0.76832
402.75		0.76832
402.875		0.76832
403		0.76832
403.125		0.76832
403.25		0.76832
403.375		0.76832
403.5		0.76832
403.625		0.76832
403.75		0.76832
403.875		0.76832
404		0.76832
404.125		0.76832
404.25		0.76832
404.375		0.76832
404.5		0.76832
404.625		0.76832
404.75		0.76832
404.875		0.76832
405		0.76832
405.125		0.789377
405.25		0.789377
405.375		0.789377
405.5		0.789377
405.625		0.789377
405.75		0.789377
405.875		0.789377
406		0.789377
406.125		0.789377
406.25		0.789377
406.375		0.789377
406.5		0.789377
406.625		0.789377
406.75		0.789377
406.875		0.789377
407		0.789377
407.125		0.789377
407.25		0.789377
407.375		0.789377
407.5		0.789377
407.625		0.789377
407.75		0.789377
407.875		0.789377
408		0.789377
408.125		0.789377
408.25		0.789377
408.375		0.789377
408.5		0.789377
408.625		0.789377
408.75		0.789377
408.875		0.789377
409		0.789377
409.125		0.789377
409.25		0.789377
409.375		0.789377
409.5		0.789377
409.625		0.789377
409.75		0.789377
409.875		0.789377
410		0.789377
410.125		0.792822
410.25		0.792822
410.375		0.792822
410.5		0.792822
410.625		0.792822
410.75		0.792822
410.875		0.792822
411		0.792822
411.125		0.792822
411.25		0.792822
411.375		0.792822
411.5		0.792822
411.625		0.792822
411.75		0.792822
411.875		0.792822
412		0.792822
412.125		0.792822
412.25		0.792822
412.375		0.792822
412.5		0.792822
412.625		0.792822
412.75		0.792822
412.875		0.792822
413		0.792822
413.125		0.792822
413.25		0.792822
413.375		0.792822
413.5		0.792822
413.625		0.792822
413.75		0.792822
413.875		0.792822
414		0.792822
414.125		0.792822
414.25		0.792822
414.375		0.792822
414.5		0.792822
414.625		0.792822
414.75		0.792822
414.875		0.792822
415		0.792822
415.125		0.828879
415.25		0.828879
415.375		0.828879
415.5		0.828879
415.625		0.828879
415.75		0.828879
415.875		0.828879
416		0.828879
416.125		0.828879
416.25		0.828879
416.375		0.828879
416.5		0.828879
416.625		0.828879
416.75		0.828879
416.875		0.828879
417		0.828879
417.125		0.828879
417.25		0.828879
417.375		0.828879
417.5		0.828879
417.625		0.828879
417.75		0.828879
417.875		0.828879
418		0.828879
418.125		0.828879
418.25		0.828879
418.375		0.828879
418.5		0.828879
418.625		0.828879
418.75		0.828879
418.875		0.828879
419		0.828879
419.125		0.828879
419.25		0.828879
419.375		0.828879
419.5		0.828879
419.625		0.828879
419.75		0.828879
419.875		0.828879
420		0.828879
420.125		0.830046
420.25		0.830046
420.375		0.830046
420.5		0.830046
420.625		0.830046
420.75		0.830046
420.875		0.830046
421		0.830046
421.125		0.830046
421.25		0.830046
421.375		0.830046
421.5		0.830046
421.625		0.830046
421.75		0.830046
421.875		0.830046
422		0.830046
422.125		0.830046
422.25		0.830046
422.375		0.830046
422.5		0.830046
422.625		0.830046
422.75		0.830046
422.875		0.830046
423		0.830046
423.125		0.830046
423.25		0.830046
423.375		0.830046
423.5		0.830046
423.625		0.830046
423.75		0.830046
423.875		0.830046
424		0.830046
424.125		0.830046
424.25		0.830046
424.375		0.830046
424.5		0.830046
424.625		0.830046
424.75		0.830046
424.875		0.830046
425		0.830046
425.125		0.834824
425.25		0.834824
425.375		0.834824
425.5		0.834824
425.625		0.834824
425.75		0.834824
425.875		0.834824
426		0.834824
426.125		0.834824
426.25		0.834824
426.375		0.834824
426.5		0.834824
426.625		0.834824
426.75		0.834824
426.875		0.834824
427		0.834824
427.125		0.834824
427.25		0.834824
427.375		0.834824
427.5		0.834824
427.625		0.834824
427.75		0.834824
427.875		0.834824
428		0.834824
428.125		0.834824
428.25		0.834824
428.375		0.834824
428.5		0.834824
428.625		0.834824
428.75		0.834824
428.875		0.834824
429		0.834824
429.125		0.834824
429.25		0.834824
429.375		0.834824
429.5		0.834824
429.625		0.834824
429.75		0.834824
429.875		0.834824
430		0.834824
430.125		0.846603
430.25		0.846603
430.375		0.846603
430.5		0.846603
430.625		0.846603
430.75		0.846603
430.875		0.846603
431		0.846603
431.125		0.846603
431.25		0.846603
431.375		0.846603
431.5		0.846603
431.625		0.846603
431.75		0.846603
431.875		0.846603
432		0.846603
432.125		0.846603
432.25		0.846603
432.375		0.846603
432.5		0.846603
432.625		0.846603
432.75		0.846603
432.875		0.846603
433		0.846603
433.125		0.846603
433.25		0.846603
433.375		0.846603
433.5		0.846603
433.625		0.846603
433.75		0.846603
433.875		0.846603
434		0.846603
434.125		0.846603
434.25		0.846603
434.375		0.846603
434.5		0.846603
434.625		0.846603
434.75		0.846603
434.875		0.846603
435		0.846603
435.125		0.87366
435.25		0.87366
435.375		0.87366
435.5		0.87366
435.625		0.87366
435.75		0.87366
435.875		0.87366
436		0.87366
436.125		0.87366
436.25		0.87366
436.375		0.87366
436.5		0.87366
436.625		0.87366
436.75		0.87366
436.875		0.87366
437		0.87366
437.125		0.87366
437.25		0.87366
437.375		0.87366
437.5		0.87366
437.625		0.87366
437.75		0.87366
437.875		0.87366
438		0.87366
438.125		0.87366
438.25		0.87366
438.375		0.87366
438.5		0.87366
438.625		0.87366
438.75		0.87366
438.875		0.87366
439		0.87366
439.125		0.87366
439.25		0.87366
439.375		0.87366
439.5		0.87366
439.625		0.87366
439.75		0.87366
439.875		0.87366
440		0.87366
440.125		0.89205
440.25		0.89205
440.375		0.89205
440.5		0.89205
440.625		0.89205
440.75		0.89205
440.875		0.89205
441		0.89205
441.125		0.89205
441.25		0.89205
441.375		0.89205
441.5		0.89205
441.625		0.89205
441.75		0.89205
441.875		0.89205
442		0.89205
442.125		0.89205
442.25		0.89205
442.375		0.89205
442.5		0.89205
442.625		0.89205
442.75		0.89205
442.875		0.89205
443		0.89205
443.125		0.89205
443.25		0.89205
443.375		0.89205
443.5		0.89205
443.625		0.89205
443.75		0.89205
443.875		0.89205
444		0.89205
444.125		0.89205
444.25		0.89205
444.375		0.89205
444.5		0.89205
444.625		0.89205
444.75		0.89205
444.875		0.89205
445		0.89205
445.125		0.895328
445.25		0.895328
445.375		0.895328
445.5		0.895328
445.625		0.895328
445.75		0.895328
445.875		0.895328
446		0.895328
446.125		0.895328
446.25		0.895328
446.375		0.895328
446.5		0.895328
446.625		0.895328
446.75		0.895328
446.875		0.895328
447		0.895328
447.125		0.895328
447.25		0.895328
447.375		0.895328
447.5		0.895328
447.625		0.895328
447.75		0.895328
447.875		0.895328
448		0.895328
448.125		0.895328
448.25		0.895328
448.375		0.895328
448.5		0.895328
448.625		0.895328
448.75		0.895328
448.875		0.895328
449		0.895328
449.125		0.895328
449.25		0.895328
449.375		0.895328
449.5		0.895328
449.625		0.895328
449.75		0.895328
449.875		0.895328
450		0.895328
450.125		0.896161
450.25		0.896161
450.375		0.896161
450.5		0.896161
450.625		0.896161
450.75		0.896161
450.875		0.896161
451		0.896161
451.125		0.896161
451.25		0.896161
451.375		0.896161
451.5		0.896161
451.625		0.896161
451.75		0.896161
451.875		0.896161
452		0.896161
452.125		0.896161
452.25		0.896161
452.375		0.896161
452.5		0.896161
452.625		0.896161
452.75		0.896161
452.875		0.896161
453		0.896161
453.125		0.896161
453.25		0.896161
453.375		0.896161
453.5		0.896161
453.625		0.896161
453.75		0.896161
453.875		0.896161
454		0.896161
454.125		0.896161
454.25		0.896161
454.375		0.896161
454.5		0.896161
454.625		0.896161
454.75		0.896161
454.875		0.896161
455		0.896161
455.125		0.909662
455.25		0.909662
455.375		0.909662
455.5		0.909662
455.625		0.909662
455.75		0.909662
455.875		0.909662
456		0.909662
456.125		0.909662
456.25		0.909662
456.375		0.909662
456.5		0.909662
456.625		0.909662
456.75		0.909662
456.875		0.909662
457		0.909662
457.125		0.909662
457.25		0.909662
457.375		0.909662
457.5		0.909662
457.625		0.909662
457.75		0.909662
457.875		0.909662
458		0.909662
458.125		0.909662
458.25		0.909662
458.375		0.909662
458.5		0.909662
458.625		0.909662
458.75		0.909662
458.875		0.909662
459		0.909662
459.125		0.909662
459.25		0.909662
459.375		0.909662
459.5		0.909662
459.625		0.909662
459.75		0.909662
459.875		0.909662
460		0.909662
460.125		0.91394
460.25		0.91394
460.375		0.91394
460.5		0.91394
460.625		0.91394
460.75		0.91394
460.875		0.91394
461		0.91394
461.125		0.91394
461.25		0.91394
461.375		0.91394
461.5		0.91394
461.625		0.91394
461.75		0.91394
461.875		0.91394
462		0.91394
462.125		0.91394
462.25		0.91394
462.375		0.91394
462.5		0.91394
462.625		0.91394
462.75		0.91394
462.875		0.91394
463		0.91394
463.125		0.91394
463.25		0.91394
463.375		0.91394
463.5		0.91394
463.625		0.91394
463.75		0.91394
463.875		0.91394
464		0.91394
464.125		0.91394
464.25		0.91394
464.375		0.91394
464.5		0.91394
464.625		0.91394
464.75		0.91394
464.875		0.91394
465		0.91394
465.125		0.938385
465.25		0.938385
465.375		0.938385
465.5		0.938385
465.625		0.938385
465.75		0.938385
465.875		0.938385
466		0.938385
466.125		0.938385
466.25		0.938385
466.375		0.938385
466.5		0.938385
466.625		0.938385
466.75		0.938385
466.875		0.938385
467		0.938385
467.125		0.938385
467.25		0.938385
467.375		0.938385
467.5		0.938385
467.625		0.938385
467.75		0.938385
467.875		0.938385
468		0.938385
468.125		0.938385
468.25		0.938385
468.375		0.938385
468.5		0.938385
468.625		0.938385
468.75		0.938385
468.875		0.938385
469		0.938385
469.125		0.938385
469.25		0.938385
469.375		0.938385
469.5		0.938385
469.625		0.938385
469.75		0.938385
469.875		0.938385
470		0.938385
470.125		0.943886
470.25		0.943886
470.375		0.943886
470.5		0.943886
470.625		0.943886
470.75		0.943886
470.875		0.943886
471		0.943886
471.125		0.943886
471.25		0.943886
471.375		0.943886
471.5		0.943886
471.625		0.943886
471.75		0.943886
471.875		0.943886
472		0.943886
472.125		0.943886
472.25		0.943886
472.375		0.943886
472.5		0.943886
472.625		0.943886
472.75		0.943886
472.875		0.943886
473		0.943886
473.125		0.943886
473.25		0.943886
473.375		0.943886
473.5		0.943886
473.625		0.943886
473.75		0.943886
473.875		0.943886
474		0.943886
474.125		0.943886
474.25		0.943886
474.375		0.943886
474.5		0.943886
474.625		0.943886
474.75		0.943886
474.875		0.943886
475		0.943886
475.125		0.947164
475.25		0.947164
475.375		0.947164
475.5		0.947164
475.625		0.947164
475.75		0.947164
475.875		0.947164
476		0.947164
476.125		0.947164
476.25		0.947164
476.375		0.947164
476.5		0.947164
476.625		0.947164
476.75		0.947164
476.875		0.947164
477		0.947164
477.125		0.947164
477.25		0.947164
477.375		0.947164
477.5		0.947164
477.625		0.947164
477.75		0.947164
477.875		0.947164
478		0.947164
478.125		0.947164
478.25		0.947164
478.375		0.947164
478.5		0.947164
478.625		0.947164
478.75		0.947164
478.875		0.947164
479		0.947164
479.125		0.947164
479.25		0.947164
479.375		0.947164
479.5		0.947164
479.625		0.947164
479.75		0.947164
479.875		0.947164
480		0.947164
480.125		0.974999
480.25		0.974999
480.375		0.974999
480.5		0.974999
480.625		0.974999
480.75		0.974999
480.875		0.974999
481		0.974999
481.125		0.974999
481.25		0.974999
481.375		0.974999
481.5		0.974999
481.625		0.974999
481.75		0.974999
481.875		0.974999
482		0.974999
482.125		0.974999
482.25		0.974999
482.375		0.974999
482.5		0.974999
482.625		0.974999
482.75		0.974999
482.875		0.974999
483		0.974999
483.125		0.974999
483.25		0.974999
483.375		0.974999
483.5		0.974999
483.625		0.974999
483.75		0.974999
483.875		0.974999
484		0.974999
484.125		0.974999
484.25		0.974999
484.375		0.974999
484.5		0.974999
484.625		0.974999
484.75		0.974999
484.875		0.974999
485		0.974999
485.125		0.985666
485.25		0.985666
485.375		0.985666
485.5		0.985666
485.625		0.985666
485.75		0.985666
485.875		0.985666
486		0.985666
486.125		0.985666
486.25		0.985666
486.375		0.985666
486.5		0.985666
486.625		0.985666
486.75		0.985666
486.875		0.985666
487		0.985666
487.125		0.985666
487.25		0.985666
487.375		0.985666
487.5		0.985666
487.625		0.985666
487.75		0.985666
487.875		0.985666
488		0.985666
488.125		0.985666
488.25		0.985666
488.375		0.985666
488.5		0.985666
488.625		0.985666
488.75		0.985666
488.875		0.985666
489		0.985666
489.125		0.985666
489.25		0.985666
489.375		0.985666
489.5		0.985666
489.625		0.985666
489.75		0.985666
489.875		0.985666
490		0.985666
490.125		0.994333
490.25		0.994333
490.375		0.994333
490.5		0.994333
490.625		0.994333
490.75		0.994333
490.875		0.994333
491		0.994333
491.125		0.994333
491.25		0.994333
491.375		0.994333
491.5		0.994333
491.625		0.994333
491.75		0.994333
491.875		0.994333
492		0.994333
492.125		0.994333
492.25		0.994333
492.375		0.994333
492.5		0.994333
492.625		0.994333
492.75		0.994333
492.875		0.994333
493		0.994333
493.125		0.994333
493.25		0.994333
493.375		0.994333
493.5		0.994333
493.625		0.994333
493.75		0.994333
493.875		0.994333
494		0.994333
494.125		0.994333
494.25		0.994333
494.375		0.994333
494.5		0.994333
494.625		0.994333
494.75		0.994333
494.875		0.994333
495		0.994333
495.125		1
495.25		1
495.375		1
495.5		1
495.625		1
495.75		1
495.875		1
496		1
496.125		1
496.25		1
496.375		1
496.5		1
496.625		1
496.75		1
496.875		1
497		1
497.125		1
497.25		1
497.375		1
497.5		1
497.625		1
497.75		1
497.875		1
498		1
498.125		1
498.25		1
498.375		1
498.5		1
498.625		1
498.75		1
498.875		1
499		1
499.125		1
499.25		1
499.375		1
499.5		1
499.625		1
499.75		1
499.875		1
500		1
