# Calibration file of tamex_id 0 @ channel 31
# fine_T bin		 Calibration value
0.125		0
0.25		0
0.375		0
0.5		0
0.625		0
0.75		0
0.875		0
1		0
1.125		0
1.25		0
1.375		0
1.5		0
1.625		0
1.75		0
1.875		0
2		0
2.125		0
2.25		0
2.375		0
2.5		0
2.625		0
2.75		0
2.875		0
3		0
3.125		0
3.25		0
3.375		0
3.5		0
3.625		0
3.75		0
3.875		0
4		0
4.125		0
4.25		0
4.375		0
4.5		0
4.625		0
4.75		0
4.875		0
5		0
5.125		0
5.25		0
5.375		0
5.5		0
5.625		0
5.75		0
5.875		0
6		0
6.125		0
6.25		0
6.375		0
6.5		0
6.625		0
6.75		0
6.875		0
7		0
7.125		0
7.25		0
7.375		0
7.5		0
7.625		0
7.75		0
7.875		0
8		0
8.125		0
8.25		0
8.375		0
8.5		0
8.625		0
8.75		0
8.875		0
9		0
9.125		0
9.25		0
9.375		0
9.5		0
9.625		0
9.75		0
9.875		0
10		0
10.125		0
10.25		0
10.375		0
10.5		0
10.625		0
10.75		0
10.875		0
11		0
11.125		0
11.25		0
11.375		0
11.5		0
11.625		0
11.75		0
11.875		0
12		0
12.125		0
12.25		0
12.375		0
12.5		0
12.625		0
12.75		0
12.875		0
13		0
13.125		0
13.25		0
13.375		0
13.5		0
13.625		0
13.75		0
13.875		0
14		0
14.125		0
14.25		0
14.375		0
14.5		0
14.625		0
14.75		0
14.875		0
15		0
15.125		0
15.25		0
15.375		0
15.5		0
15.625		0
15.75		0
15.875		0
16		0
16.125		0
16.25		0
16.375		0
16.5		0
16.625		0
16.75		0
16.875		0
17		0
17.125		0
17.25		0
17.375		0
17.5		0
17.625		0
17.75		0
17.875		0
18		0
18.125		0
18.25		0
18.375		0
18.5		0
18.625		0
18.75		0
18.875		0
19		0
19.125		0
19.25		0
19.375		0
19.5		0
19.625		0
19.75		0
19.875		0
20		0
20.125		0
20.25		0
20.375		0
20.5		0
20.625		0
20.75		0
20.875		0
21		0
21.125		0
21.25		0
21.375		0
21.5		0
21.625		0
21.75		0
21.875		0
22		0
22.125		0
22.25		0
22.375		0
22.5		0
22.625		0
22.75		0
22.875		0
23		0
23.125		0
23.25		0
23.375		0
23.5		0
23.625		0
23.75		0
23.875		0
24		0
24.125		0
24.25		0
24.375		0
24.5		0
24.625		0
24.75		0
24.875		0
25		0
25.125		0
25.25		0
25.375		0
25.5		0
25.625		0
25.75		0
25.875		0
26		0
26.125		0
26.25		0
26.375		0
26.5		0
26.625		0
26.75		0
26.875		0
27		0
27.125		0
27.25		0
27.375		0
27.5		0
27.625		0
27.75		0
27.875		0
28		0
28.125		0
28.25		0
28.375		0
28.5		0
28.625		0
28.75		0
28.875		0
29		0
29.125		0
29.25		0
29.375		0
29.5		0
29.625		0
29.75		0
29.875		0
30		0
30.125		0
30.25		0
30.375		0
30.5		0
30.625		0
30.75		0
30.875		0
31		0
31.125		0
31.25		0
31.375		0
31.5		0
31.625		0
31.75		0
31.875		0
32		0
32.125		0
32.25		0
32.375		0
32.5		0
32.625		0
32.75		0
32.875		0
33		0
33.125		0
33.25		0
33.375		0
33.5		0
33.625		0
33.75		0
33.875		0
34		0
34.125		0
34.25		0
34.375		0
34.5		0
34.625		0
34.75		0
34.875		0
35		0
35.125		0
35.25		0
35.375		0
35.5		0
35.625		0
35.75		0
35.875		0
36		0
36.125		0
36.25		0
36.375		0
36.5		0
36.625		0
36.75		0
36.875		0
37		0
37.125		0
37.25		0
37.375		0
37.5		0
37.625		0
37.75		0
37.875		0
38		0
38.125		0
38.25		0
38.375		0
38.5		0
38.625		0
38.75		0
38.875		0
39		0
39.125		0
39.25		0
39.375		0
39.5		0
39.625		0
39.75		0
39.875		0
40		0
40.125		0
40.25		0
40.375		0
40.5		0
40.625		0
40.75		0
40.875		0
41		0
41.125		0
41.25		0
41.375		0
41.5		0
41.625		0
41.75		0
41.875		0
42		0
42.125		0
42.25		0
42.375		0
42.5		0
42.625		0
42.75		0
42.875		0
43		0
43.125		0
43.25		0
43.375		0
43.5		0
43.625		0
43.75		0
43.875		0
44		0
44.125		0
44.25		0
44.375		0
44.5		0
44.625		0
44.75		0
44.875		0
45		0
45.125		0
45.25		0
45.375		0
45.5		0
45.625		0
45.75		0
45.875		0
46		0
46.125		0
46.25		0
46.375		0
46.5		0
46.625		0
46.75		0
46.875		0
47		0
47.125		0
47.25		0
47.375		0
47.5		0
47.625		0
47.75		0
47.875		0
48		0
48.125		0
48.25		0
48.375		0
48.5		0
48.625		0
48.75		0
48.875		0
49		0
49.125		0
49.25		0
49.375		0
49.5		0
49.625		0
49.75		0
49.875		0
50		0
50.125		0
50.25		0
50.375		0
50.5		0
50.625		0
50.75		0
50.875		0
51		0
51.125		0
51.25		0
51.375		0
51.5		0
51.625		0
51.75		0
51.875		0
52		0
52.125		0
52.25		0
52.375		0
52.5		0
52.625		0
52.75		0
52.875		0
53		0
53.125		0
53.25		0
53.375		0
53.5		0
53.625		0
53.75		0
53.875		0
54		0
54.125		0
54.25		0
54.375		0
54.5		0
54.625		0
54.75		0
54.875		0
55		0
55.125		0
55.25		0
55.375		0
55.5		0
55.625		0
55.75		0
55.875		0
56		0
56.125		0
56.25		0
56.375		0
56.5		0
56.625		0
56.75		0
56.875		0
57		0
57.125		0
57.25		0
57.375		0
57.5		0
57.625		0
57.75		0
57.875		0
58		0
58.125		0
58.25		0
58.375		0
58.5		0
58.625		0
58.75		0
58.875		0
59		0
59.125		0
59.25		0
59.375		0
59.5		0
59.625		0
59.75		0
59.875		0
60		0
60.125		0
60.25		0
60.375		0
60.5		0
60.625		0
60.75		0
60.875		0
61		0
61.125		0
61.25		0
61.375		0
61.5		0
61.625		0
61.75		0
61.875		0
62		0
62.125		0
62.25		0
62.375		0
62.5		0
62.625		0
62.75		0
62.875		0
63		0
63.125		0
63.25		0
63.375		0
63.5		0
63.625		0
63.75		0
63.875		0
64		0
64.125		0
64.25		0
64.375		0
64.5		0
64.625		0
64.75		0
64.875		0
65		0
65.125		0
65.25		0
65.375		0
65.5		0
65.625		0
65.75		0
65.875		0
66		0
66.125		0
66.25		0
66.375		0
66.5		0
66.625		0
66.75		0
66.875		0
67		0
67.125		0
67.25		0
67.375		0
67.5		0
67.625		0
67.75		0
67.875		0
68		0
68.125		0
68.25		0
68.375		0
68.5		0
68.625		0
68.75		0
68.875		0
69		0
69.125		0
69.25		0
69.375		0
69.5		0
69.625		0
69.75		0
69.875		0
70		0
70.125		0
70.25		0
70.375		0
70.5		0
70.625		0
70.75		0
70.875		0
71		0
71.125		0
71.25		0
71.375		0
71.5		0
71.625		0
71.75		0
71.875		0
72		0
72.125		0
72.25		0
72.375		0
72.5		0
72.625		0
72.75		0
72.875		0
73		0
73.125		0
73.25		0
73.375		0
73.5		0
73.625		0
73.75		0
73.875		0
74		0
74.125		0
74.25		0
74.375		0
74.5		0
74.625		0
74.75		0
74.875		0
75		0
75.125		0
75.25		0
75.375		0
75.5		0
75.625		0
75.75		0
75.875		0
76		0
76.125		0
76.25		0
76.375		0
76.5		0
76.625		0
76.75		0
76.875		0
77		0
77.125		0
77.25		0
77.375		0
77.5		0
77.625		0
77.75		0
77.875		0
78		0
78.125		0
78.25		0
78.375		0
78.5		0
78.625		0
78.75		0
78.875		0
79		0
79.125		0
79.25		0
79.375		0
79.5		0
79.625		0
79.75		0
79.875		0
80		0
80.125		0.0153797
80.25		0.0153797
80.375		0.0153797
80.5		0.0153797
80.625		0.0153797
80.75		0.0153797
80.875		0.0153797
81		0.0153797
81.125		0.0153797
81.25		0.0153797
81.375		0.0153797
81.5		0.0153797
81.625		0.0153797
81.75		0.0153797
81.875		0.0153797
82		0.0153797
82.125		0.0153797
82.25		0.0153797
82.375		0.0153797
82.5		0.0153797
82.625		0.0153797
82.75		0.0153797
82.875		0.0153797
83		0.0153797
83.125		0.0153797
83.25		0.0153797
83.375		0.0153797
83.5		0.0153797
83.625		0.0153797
83.75		0.0153797
83.875		0.0153797
84		0.0153797
84.125		0.0153797
84.25		0.0153797
84.375		0.0153797
84.5		0.0153797
84.625		0.0153797
84.75		0.0153797
84.875		0.0153797
85		0.0153797
85.125		0.0532126
85.25		0.0532126
85.375		0.0532126
85.5		0.0532126
85.625		0.0532126
85.75		0.0532126
85.875		0.0532126
86		0.0532126
86.125		0.0532126
86.25		0.0532126
86.375		0.0532126
86.5		0.0532126
86.625		0.0532126
86.75		0.0532126
86.875		0.0532126
87		0.0532126
87.125		0.0532126
87.25		0.0532126
87.375		0.0532126
87.5		0.0532126
87.625		0.0532126
87.75		0.0532126
87.875		0.0532126
88		0.0532126
88.125		0.0532126
88.25		0.0532126
88.375		0.0532126
88.5		0.0532126
88.625		0.0532126
88.75		0.0532126
88.875		0.0532126
89		0.0532126
89.125		0.0532126
89.25		0.0532126
89.375		0.0532126
89.5		0.0532126
89.625		0.0532126
89.75		0.0532126
89.875		0.0532126
90		0.0532126
90.125		0.0578211
90.25		0.0578211
90.375		0.0578211
90.5		0.0578211
90.625		0.0578211
90.75		0.0578211
90.875		0.0578211
91		0.0578211
91.125		0.0578211
91.25		0.0578211
91.375		0.0578211
91.5		0.0578211
91.625		0.0578211
91.75		0.0578211
91.875		0.0578211
92		0.0578211
92.125		0.0578211
92.25		0.0578211
92.375		0.0578211
92.5		0.0578211
92.625		0.0578211
92.75		0.0578211
92.875		0.0578211
93		0.0578211
93.125		0.0578211
93.25		0.0578211
93.375		0.0578211
93.5		0.0578211
93.625		0.0578211
93.75		0.0578211
93.875		0.0578211
94		0.0578211
94.125		0.0578211
94.25		0.0578211
94.375		0.0578211
94.5		0.0578211
94.625		0.0578211
94.75		0.0578211
94.875		0.0578211
95		0.0578211
95.125		0.0622153
95.25		0.0622153
95.375		0.0622153
95.5		0.0622153
95.625		0.0622153
95.75		0.0622153
95.875		0.0622153
96		0.0622153
96.125		0.0622153
96.25		0.0622153
96.375		0.0622153
96.5		0.0622153
96.625		0.0622153
96.75		0.0622153
96.875		0.0622153
97		0.0622153
97.125		0.0622153
97.25		0.0622153
97.375		0.0622153
97.5		0.0622153
97.625		0.0622153
97.75		0.0622153
97.875		0.0622153
98		0.0622153
98.125		0.0622153
98.25		0.0622153
98.375		0.0622153
98.5		0.0622153
98.625		0.0622153
98.75		0.0622153
98.875		0.0622153
99		0.0622153
99.125		0.0622153
99.25		0.0622153
99.375		0.0622153
99.5		0.0622153
99.625		0.0622153
99.75		0.0622153
99.875		0.0622153
100		0.0622153
100.125		0.0921172
100.25		0.0921172
100.375		0.0921172
100.5		0.0921172
100.625		0.0921172
100.75		0.0921172
100.875		0.0921172
101		0.0921172
101.125		0.0921172
101.25		0.0921172
101.375		0.0921172
101.5		0.0921172
101.625		0.0921172
101.75		0.0921172
101.875		0.0921172
102		0.0921172
102.125		0.0921172
102.25		0.0921172
102.375		0.0921172
102.5		0.0921172
102.625		0.0921172
102.75		0.0921172
102.875		0.0921172
103		0.0921172
103.125		0.0921172
103.25		0.0921172
103.375		0.0921172
103.5		0.0921172
103.625		0.0921172
103.75		0.0921172
103.875		0.0921172
104		0.0921172
104.125		0.0921172
104.25		0.0921172
104.375		0.0921172
104.5		0.0921172
104.625		0.0921172
104.75		0.0921172
104.875		0.0921172
105		0.0921172
105.125		0.0966722
105.25		0.0966722
105.375		0.0966722
105.5		0.0966722
105.625		0.0966722
105.75		0.0966722
105.875		0.0966722
106		0.0966722
106.125		0.0966722
106.25		0.0966722
106.375		0.0966722
106.5		0.0966722
106.625		0.0966722
106.75		0.0966722
106.875		0.0966722
107		0.0966722
107.125		0.0966722
107.25		0.0966722
107.375		0.0966722
107.5		0.0966722
107.625		0.0966722
107.75		0.0966722
107.875		0.0966722
108		0.0966722
108.125		0.0966722
108.25		0.0966722
108.375		0.0966722
108.5		0.0966722
108.625		0.0966722
108.75		0.0966722
108.875		0.0966722
109		0.0966722
109.125		0.0966722
109.25		0.0966722
109.375		0.0966722
109.5		0.0966722
109.625		0.0966722
109.75		0.0966722
109.875		0.0966722
110		0.0966722
110.125		0.114785
110.25		0.114785
110.375		0.114785
110.5		0.114785
110.625		0.114785
110.75		0.114785
110.875		0.114785
111		0.114785
111.125		0.114785
111.25		0.114785
111.375		0.114785
111.5		0.114785
111.625		0.114785
111.75		0.114785
111.875		0.114785
112		0.114785
112.125		0.114785
112.25		0.114785
112.375		0.114785
112.5		0.114785
112.625		0.114785
112.75		0.114785
112.875		0.114785
113		0.114785
113.125		0.114785
113.25		0.114785
113.375		0.114785
113.5		0.114785
113.625		0.114785
113.75		0.114785
113.875		0.114785
114		0.114785
114.125		0.114785
114.25		0.114785
114.375		0.114785
114.5		0.114785
114.625		0.114785
114.75		0.114785
114.875		0.114785
115		0.114785
115.125		0.117089
115.25		0.117089
115.375		0.117089
115.5		0.117089
115.625		0.117089
115.75		0.117089
115.875		0.117089
116		0.117089
116.125		0.117089
116.25		0.117089
116.375		0.117089
116.5		0.117089
116.625		0.117089
116.75		0.117089
116.875		0.117089
117		0.117089
117.125		0.117089
117.25		0.117089
117.375		0.117089
117.5		0.117089
117.625		0.117089
117.75		0.117089
117.875		0.117089
118		0.117089
118.125		0.117089
118.25		0.117089
118.375		0.117089
118.5		0.117089
118.625		0.117089
118.75		0.117089
118.875		0.117089
119		0.117089
119.125		0.117089
119.25		0.117089
119.375		0.117089
119.5		0.117089
119.625		0.117089
119.75		0.117089
119.875		0.117089
120		0.117089
120.125		0.146455
120.25		0.146455
120.375		0.146455
120.5		0.146455
120.625		0.146455
120.75		0.146455
120.875		0.146455
121		0.146455
121.125		0.146455
121.25		0.146455
121.375		0.146455
121.5		0.146455
121.625		0.146455
121.75		0.146455
121.875		0.146455
122		0.146455
122.125		0.146455
122.25		0.146455
122.375		0.146455
122.5		0.146455
122.625		0.146455
122.75		0.146455
122.875		0.146455
123		0.146455
123.125		0.146455
123.25		0.146455
123.375		0.146455
123.5		0.146455
123.625		0.146455
123.75		0.146455
123.875		0.146455
124		0.146455
124.125		0.146455
124.25		0.146455
124.375		0.146455
124.5		0.146455
124.625		0.146455
124.75		0.146455
124.875		0.146455
125		0.146455
125.125		0.148759
125.25		0.148759
125.375		0.148759
125.5		0.148759
125.625		0.148759
125.75		0.148759
125.875		0.148759
126		0.148759
126.125		0.148759
126.25		0.148759
126.375		0.148759
126.5		0.148759
126.625		0.148759
126.75		0.148759
126.875		0.148759
127		0.148759
127.125		0.148759
127.25		0.148759
127.375		0.148759
127.5		0.148759
127.625		0.148759
127.75		0.148759
127.875		0.148759
128		0.148759
128.125		0.148759
128.25		0.148759
128.375		0.148759
128.5		0.148759
128.625		0.148759
128.75		0.148759
128.875		0.148759
129		0.148759
129.125		0.148759
129.25		0.148759
129.375		0.148759
129.5		0.148759
129.625		0.148759
129.75		0.148759
129.875		0.148759
130		0.148759
130.125		0.152725
130.25		0.152725
130.375		0.152725
130.5		0.152725
130.625		0.152725
130.75		0.152725
130.875		0.152725
131		0.152725
131.125		0.152725
131.25		0.152725
131.375		0.152725
131.5		0.152725
131.625		0.152725
131.75		0.152725
131.875		0.152725
132		0.152725
132.125		0.152725
132.25		0.152725
132.375		0.152725
132.5		0.152725
132.625		0.152725
132.75		0.152725
132.875		0.152725
133		0.152725
133.125		0.152725
133.25		0.152725
133.375		0.152725
133.5		0.152725
133.625		0.152725
133.75		0.152725
133.875		0.152725
134		0.152725
134.125		0.152725
134.25		0.152725
134.375		0.152725
134.5		0.152725
134.625		0.152725
134.75		0.152725
134.875		0.152725
135		0.152725
135.125		0.154761
135.25		0.154761
135.375		0.154761
135.5		0.154761
135.625		0.154761
135.75		0.154761
135.875		0.154761
136		0.154761
136.125		0.154761
136.25		0.154761
136.375		0.154761
136.5		0.154761
136.625		0.154761
136.75		0.154761
136.875		0.154761
137		0.154761
137.125		0.154761
137.25		0.154761
137.375		0.154761
137.5		0.154761
137.625		0.154761
137.75		0.154761
137.875		0.154761
138		0.154761
138.125		0.154761
138.25		0.154761
138.375		0.154761
138.5		0.154761
138.625		0.154761
138.75		0.154761
138.875		0.154761
139		0.154761
139.125		0.154761
139.25		0.154761
139.375		0.154761
139.5		0.154761
139.625		0.154761
139.75		0.154761
139.875		0.154761
140		0.154761
140.125		0.191737
140.25		0.191737
140.375		0.191737
140.5		0.191737
140.625		0.191737
140.75		0.191737
140.875		0.191737
141		0.191737
141.125		0.191737
141.25		0.191737
141.375		0.191737
141.5		0.191737
141.625		0.191737
141.75		0.191737
141.875		0.191737
142		0.191737
142.125		0.191737
142.25		0.191737
142.375		0.191737
142.5		0.191737
142.625		0.191737
142.75		0.191737
142.875		0.191737
143		0.191737
143.125		0.191737
143.25		0.191737
143.375		0.191737
143.5		0.191737
143.625		0.191737
143.75		0.191737
143.875		0.191737
144		0.191737
144.125		0.191737
144.25		0.191737
144.375		0.191737
144.5		0.191737
144.625		0.191737
144.75		0.191737
144.875		0.191737
145		0.191737
145.125		0.202347
145.25		0.202347
145.375		0.202347
145.5		0.202347
145.625		0.202347
145.75		0.202347
145.875		0.202347
146		0.202347
146.125		0.202347
146.25		0.202347
146.375		0.202347
146.5		0.202347
146.625		0.202347
146.75		0.202347
146.875		0.202347
147		0.202347
147.125		0.202347
147.25		0.202347
147.375		0.202347
147.5		0.202347
147.625		0.202347
147.75		0.202347
147.875		0.202347
148		0.202347
148.125		0.202347
148.25		0.202347
148.375		0.202347
148.5		0.202347
148.625		0.202347
148.75		0.202347
148.875		0.202347
149		0.202347
149.125		0.202347
149.25		0.202347
149.375		0.202347
149.5		0.202347
149.625		0.202347
149.75		0.202347
149.875		0.202347
150		0.202347
150.125		0.204116
150.25		0.204116
150.375		0.204116
150.5		0.204116
150.625		0.204116
150.75		0.204116
150.875		0.204116
151		0.204116
151.125		0.204116
151.25		0.204116
151.375		0.204116
151.5		0.204116
151.625		0.204116
151.75		0.204116
151.875		0.204116
152		0.204116
152.125		0.204116
152.25		0.204116
152.375		0.204116
152.5		0.204116
152.625		0.204116
152.75		0.204116
152.875		0.204116
153		0.204116
153.125		0.204116
153.25		0.204116
153.375		0.204116
153.5		0.204116
153.625		0.204116
153.75		0.204116
153.875		0.204116
154		0.204116
154.125		0.204116
154.25		0.204116
154.375		0.204116
154.5		0.204116
154.625		0.204116
154.75		0.204116
154.875		0.204116
155		0.204116
155.125		0.213493
155.25		0.213493
155.375		0.213493
155.5		0.213493
155.625		0.213493
155.75		0.213493
155.875		0.213493
156		0.213493
156.125		0.213493
156.25		0.213493
156.375		0.213493
156.5		0.213493
156.625		0.213493
156.75		0.213493
156.875		0.213493
157		0.213493
157.125		0.213493
157.25		0.213493
157.375		0.213493
157.5		0.213493
157.625		0.213493
157.75		0.213493
157.875		0.213493
158		0.213493
158.125		0.213493
158.25		0.213493
158.375		0.213493
158.5		0.213493
158.625		0.213493
158.75		0.213493
158.875		0.213493
159		0.213493
159.125		0.213493
159.25		0.213493
159.375		0.213493
159.5		0.213493
159.625		0.213493
159.75		0.213493
159.875		0.213493
160		0.213493
160.125		0.237608
160.25		0.237608
160.375		0.237608
160.5		0.237608
160.625		0.237608
160.75		0.237608
160.875		0.237608
161		0.237608
161.125		0.237608
161.25		0.237608
161.375		0.237608
161.5		0.237608
161.625		0.237608
161.75		0.237608
161.875		0.237608
162		0.237608
162.125		0.237608
162.25		0.237608
162.375		0.237608
162.5		0.237608
162.625		0.237608
162.75		0.237608
162.875		0.237608
163		0.237608
163.125		0.237608
163.25		0.237608
163.375		0.237608
163.5		0.237608
163.625		0.237608
163.75		0.237608
163.875		0.237608
164		0.237608
164.125		0.237608
164.25		0.237608
164.375		0.237608
164.5		0.237608
164.625		0.237608
164.75		0.237608
164.875		0.237608
165		0.237608
165.125		0.242967
165.25		0.242967
165.375		0.242967
165.5		0.242967
165.625		0.242967
165.75		0.242967
165.875		0.242967
166		0.242967
166.125		0.242967
166.25		0.242967
166.375		0.242967
166.5		0.242967
166.625		0.242967
166.75		0.242967
166.875		0.242967
167		0.242967
167.125		0.242967
167.25		0.242967
167.375		0.242967
167.5		0.242967
167.625		0.242967
167.75		0.242967
167.875		0.242967
168		0.242967
168.125		0.242967
168.25		0.242967
168.375		0.242967
168.5		0.242967
168.625		0.242967
168.75		0.242967
168.875		0.242967
169		0.242967
169.125		0.242967
169.25		0.242967
169.375		0.242967
169.5		0.242967
169.625		0.242967
169.75		0.242967
169.875		0.242967
170		0.242967
170.125		0.245646
170.25		0.245646
170.375		0.245646
170.5		0.245646
170.625		0.245646
170.75		0.245646
170.875		0.245646
171		0.245646
171.125		0.245646
171.25		0.245646
171.375		0.245646
171.5		0.245646
171.625		0.245646
171.75		0.245646
171.875		0.245646
172		0.245646
172.125		0.245646
172.25		0.245646
172.375		0.245646
172.5		0.245646
172.625		0.245646
172.75		0.245646
172.875		0.245646
173		0.245646
173.125		0.245646
173.25		0.245646
173.375		0.245646
173.5		0.245646
173.625		0.245646
173.75		0.245646
173.875		0.245646
174		0.245646
174.125		0.245646
174.25		0.245646
174.375		0.245646
174.5		0.245646
174.625		0.245646
174.75		0.245646
174.875		0.245646
175		0.245646
175.125		0.25915
175.25		0.25915
175.375		0.25915
175.5		0.25915
175.625		0.25915
175.75		0.25915
175.875		0.25915
176		0.25915
176.125		0.25915
176.25		0.25915
176.375		0.25915
176.5		0.25915
176.625		0.25915
176.75		0.25915
176.875		0.25915
177		0.25915
177.125		0.25915
177.25		0.25915
177.375		0.25915
177.5		0.25915
177.625		0.25915
177.75		0.25915
177.875		0.25915
178		0.25915
178.125		0.25915
178.25		0.25915
178.375		0.25915
178.5		0.25915
178.625		0.25915
178.75		0.25915
178.875		0.25915
179		0.25915
179.125		0.25915
179.25		0.25915
179.375		0.25915
179.5		0.25915
179.625		0.25915
179.75		0.25915
179.875		0.25915
180		0.25915
180.125		0.263116
180.25		0.263116
180.375		0.263116
180.5		0.263116
180.625		0.263116
180.75		0.263116
180.875		0.263116
181		0.263116
181.125		0.263116
181.25		0.263116
181.375		0.263116
181.5		0.263116
181.625		0.263116
181.75		0.263116
181.875		0.263116
182		0.263116
182.125		0.263116
182.25		0.263116
182.375		0.263116
182.5		0.263116
182.625		0.263116
182.75		0.263116
182.875		0.263116
183		0.263116
183.125		0.263116
183.25		0.263116
183.375		0.263116
183.5		0.263116
183.625		0.263116
183.75		0.263116
183.875		0.263116
184		0.263116
184.125		0.263116
184.25		0.263116
184.375		0.263116
184.5		0.263116
184.625		0.263116
184.75		0.263116
184.875		0.263116
185		0.263116
185.125		0.286587
185.25		0.286587
185.375		0.286587
185.5		0.286587
185.625		0.286587
185.75		0.286587
185.875		0.286587
186		0.286587
186.125		0.286587
186.25		0.286587
186.375		0.286587
186.5		0.286587
186.625		0.286587
186.75		0.286587
186.875		0.286587
187		0.286587
187.125		0.286587
187.25		0.286587
187.375		0.286587
187.5		0.286587
187.625		0.286587
187.75		0.286587
187.875		0.286587
188		0.286587
188.125		0.286587
188.25		0.286587
188.375		0.286587
188.5		0.286587
188.625		0.286587
188.75		0.286587
188.875		0.286587
189		0.286587
189.125		0.286587
189.25		0.286587
189.375		0.286587
189.5		0.286587
189.625		0.286587
189.75		0.286587
189.875		0.286587
190		0.286587
190.125		0.292482
190.25		0.292482
190.375		0.292482
190.5		0.292482
190.625		0.292482
190.75		0.292482
190.875		0.292482
191		0.292482
191.125		0.292482
191.25		0.292482
191.375		0.292482
191.5		0.292482
191.625		0.292482
191.75		0.292482
191.875		0.292482
192		0.292482
192.125		0.292482
192.25		0.292482
192.375		0.292482
192.5		0.292482
192.625		0.292482
192.75		0.292482
192.875		0.292482
193		0.292482
193.125		0.292482
193.25		0.292482
193.375		0.292482
193.5		0.292482
193.625		0.292482
193.75		0.292482
193.875		0.292482
194		0.292482
194.125		0.292482
194.25		0.292482
194.375		0.292482
194.5		0.292482
194.625		0.292482
194.75		0.292482
194.875		0.292482
195		0.292482
195.125		0.30486
195.25		0.30486
195.375		0.30486
195.5		0.30486
195.625		0.30486
195.75		0.30486
195.875		0.30486
196		0.30486
196.125		0.30486
196.25		0.30486
196.375		0.30486
196.5		0.30486
196.625		0.30486
196.75		0.30486
196.875		0.30486
197		0.30486
197.125		0.30486
197.25		0.30486
197.375		0.30486
197.5		0.30486
197.625		0.30486
197.75		0.30486
197.875		0.30486
198		0.30486
198.125		0.30486
198.25		0.30486
198.375		0.30486
198.5		0.30486
198.625		0.30486
198.75		0.30486
198.875		0.30486
199		0.30486
199.125		0.30486
199.25		0.30486
199.375		0.30486
199.5		0.30486
199.625		0.30486
199.75		0.30486
199.875		0.30486
200		0.30486
200.125		0.315096
200.25		0.315096
200.375		0.315096
200.5		0.315096
200.625		0.315096
200.75		0.315096
200.875		0.315096
201		0.315096
201.125		0.315096
201.25		0.315096
201.375		0.315096
201.5		0.315096
201.625		0.315096
201.75		0.315096
201.875		0.315096
202		0.315096
202.125		0.315096
202.25		0.315096
202.375		0.315096
202.5		0.315096
202.625		0.315096
202.75		0.315096
202.875		0.315096
203		0.315096
203.125		0.315096
203.25		0.315096
203.375		0.315096
203.5		0.315096
203.625		0.315096
203.75		0.315096
203.875		0.315096
204		0.315096
204.125		0.315096
204.25		0.315096
204.375		0.315096
204.5		0.315096
204.625		0.315096
204.75		0.315096
204.875		0.315096
205		0.315096
205.125		0.323991
205.25		0.323991
205.375		0.323991
205.5		0.323991
205.625		0.323991
205.75		0.323991
205.875		0.323991
206		0.323991
206.125		0.323991
206.25		0.323991
206.375		0.323991
206.5		0.323991
206.625		0.323991
206.75		0.323991
206.875		0.323991
207		0.323991
207.125		0.323991
207.25		0.323991
207.375		0.323991
207.5		0.323991
207.625		0.323991
207.75		0.323991
207.875		0.323991
208		0.323991
208.125		0.323991
208.25		0.323991
208.375		0.323991
208.5		0.323991
208.625		0.323991
208.75		0.323991
208.875		0.323991
209		0.323991
209.125		0.323991
209.25		0.323991
209.375		0.323991
209.5		0.323991
209.625		0.323991
209.75		0.323991
209.875		0.323991
210		0.323991
210.125		0.333583
210.25		0.333583
210.375		0.333583
210.5		0.333583
210.625		0.333583
210.75		0.333583
210.875		0.333583
211		0.333583
211.125		0.333583
211.25		0.333583
211.375		0.333583
211.5		0.333583
211.625		0.333583
211.75		0.333583
211.875		0.333583
212		0.333583
212.125		0.333583
212.25		0.333583
212.375		0.333583
212.5		0.333583
212.625		0.333583
212.75		0.333583
212.875		0.333583
213		0.333583
213.125		0.333583
213.25		0.333583
213.375		0.333583
213.5		0.333583
213.625		0.333583
213.75		0.333583
213.875		0.333583
214		0.333583
214.125		0.333583
214.25		0.333583
214.375		0.333583
214.5		0.333583
214.625		0.333583
214.75		0.333583
214.875		0.333583
215		0.333583
215.125		0.335888
215.25		0.335888
215.375		0.335888
215.5		0.335888
215.625		0.335888
215.75		0.335888
215.875		0.335888
216		0.335888
216.125		0.335888
216.25		0.335888
216.375		0.335888
216.5		0.335888
216.625		0.335888
216.75		0.335888
216.875		0.335888
217		0.335888
217.125		0.335888
217.25		0.335888
217.375		0.335888
217.5		0.335888
217.625		0.335888
217.75		0.335888
217.875		0.335888
218		0.335888
218.125		0.335888
218.25		0.335888
218.375		0.335888
218.5		0.335888
218.625		0.335888
218.75		0.335888
218.875		0.335888
219		0.335888
219.125		0.335888
219.25		0.335888
219.375		0.335888
219.5		0.335888
219.625		0.335888
219.75		0.335888
219.875		0.335888
220		0.335888
220.125		0.357537
220.25		0.357537
220.375		0.357537
220.5		0.357537
220.625		0.357537
220.75		0.357537
220.875		0.357537
221		0.357537
221.125		0.357537
221.25		0.357537
221.375		0.357537
221.5		0.357537
221.625		0.357537
221.75		0.357537
221.875		0.357537
222		0.357537
222.125		0.357537
222.25		0.357537
222.375		0.357537
222.5		0.357537
222.625		0.357537
222.75		0.357537
222.875		0.357537
223		0.357537
223.125		0.357537
223.25		0.357537
223.375		0.357537
223.5		0.357537
223.625		0.357537
223.75		0.357537
223.875		0.357537
224		0.357537
224.125		0.357537
224.25		0.357537
224.375		0.357537
224.5		0.357537
224.625		0.357537
224.75		0.357537
224.875		0.357537
225		0.357537
225.125		0.3779
225.25		0.3779
225.375		0.3779
225.5		0.3779
225.625		0.3779
225.75		0.3779
225.875		0.3779
226		0.3779
226.125		0.3779
226.25		0.3779
226.375		0.3779
226.5		0.3779
226.625		0.3779
226.75		0.3779
226.875		0.3779
227		0.3779
227.125		0.3779
227.25		0.3779
227.375		0.3779
227.5		0.3779
227.625		0.3779
227.75		0.3779
227.875		0.3779
228		0.3779
228.125		0.3779
228.25		0.3779
228.375		0.3779
228.5		0.3779
228.625		0.3779
228.75		0.3779
228.875		0.3779
229		0.3779
229.125		0.3779
229.25		0.3779
229.375		0.3779
229.5		0.3779
229.625		0.3779
229.75		0.3779
229.875		0.3779
230		0.3779
230.125		0.392691
230.25		0.392691
230.375		0.392691
230.5		0.392691
230.625		0.392691
230.75		0.392691
230.875		0.392691
231		0.392691
231.125		0.392691
231.25		0.392691
231.375		0.392691
231.5		0.392691
231.625		0.392691
231.75		0.392691
231.875		0.392691
232		0.392691
232.125		0.392691
232.25		0.392691
232.375		0.392691
232.5		0.392691
232.625		0.392691
232.75		0.392691
232.875		0.392691
233		0.392691
233.125		0.392691
233.25		0.392691
233.375		0.392691
233.5		0.392691
233.625		0.392691
233.75		0.392691
233.875		0.392691
234		0.392691
234.125		0.392691
234.25		0.392691
234.375		0.392691
234.5		0.392691
234.625		0.392691
234.75		0.392691
234.875		0.392691
235		0.392691
235.125		0.396388
235.25		0.396388
235.375		0.396388
235.5		0.396388
235.625		0.396388
235.75		0.396388
235.875		0.396388
236		0.396388
236.125		0.396388
236.25		0.396388
236.375		0.396388
236.5		0.396388
236.625		0.396388
236.75		0.396388
236.875		0.396388
237		0.396388
237.125		0.396388
237.25		0.396388
237.375		0.396388
237.5		0.396388
237.625		0.396388
237.75		0.396388
237.875		0.396388
238		0.396388
238.125		0.396388
238.25		0.396388
238.375		0.396388
238.5		0.396388
238.625		0.396388
238.75		0.396388
238.875		0.396388
239		0.396388
239.125		0.396388
239.25		0.396388
239.375		0.396388
239.5		0.396388
239.625		0.396388
239.75		0.396388
239.875		0.396388
240		0.396388
240.125		0.399228
240.25		0.399228
240.375		0.399228
240.5		0.399228
240.625		0.399228
240.75		0.399228
240.875		0.399228
241		0.399228
241.125		0.399228
241.25		0.399228
241.375		0.399228
241.5		0.399228
241.625		0.399228
241.75		0.399228
241.875		0.399228
242		0.399228
242.125		0.399228
242.25		0.399228
242.375		0.399228
242.5		0.399228
242.625		0.399228
242.75		0.399228
242.875		0.399228
243		0.399228
243.125		0.399228
243.25		0.399228
243.375		0.399228
243.5		0.399228
243.625		0.399228
243.75		0.399228
243.875		0.399228
244		0.399228
244.125		0.399228
244.25		0.399228
244.375		0.399228
244.5		0.399228
244.625		0.399228
244.75		0.399228
244.875		0.399228
245		0.399228
245.125		0.41986
245.25		0.41986
245.375		0.41986
245.5		0.41986
245.625		0.41986
245.75		0.41986
245.875		0.41986
246		0.41986
246.125		0.41986
246.25		0.41986
246.375		0.41986
246.5		0.41986
246.625		0.41986
246.75		0.41986
246.875		0.41986
247		0.41986
247.125		0.41986
247.25		0.41986
247.375		0.41986
247.5		0.41986
247.625		0.41986
247.75		0.41986
247.875		0.41986
248		0.41986
248.125		0.41986
248.25		0.41986
248.375		0.41986
248.5		0.41986
248.625		0.41986
248.75		0.41986
248.875		0.41986
249		0.41986
249.125		0.41986
249.25		0.41986
249.375		0.41986
249.5		0.41986
249.625		0.41986
249.75		0.41986
249.875		0.41986
250		0.41986
250.125		0.437758
250.25		0.437758
250.375		0.437758
250.5		0.437758
250.625		0.437758
250.75		0.437758
250.875		0.437758
251		0.437758
251.125		0.437758
251.25		0.437758
251.375		0.437758
251.5		0.437758
251.625		0.437758
251.75		0.437758
251.875		0.437758
252		0.437758
252.125		0.437758
252.25		0.437758
252.375		0.437758
252.5		0.437758
252.625		0.437758
252.75		0.437758
252.875		0.437758
253		0.437758
253.125		0.437758
253.25		0.437758
253.375		0.437758
253.5		0.437758
253.625		0.437758
253.75		0.437758
253.875		0.437758
254		0.437758
254.125		0.437758
254.25		0.437758
254.375		0.437758
254.5		0.437758
254.625		0.437758
254.75		0.437758
254.875		0.437758
255		0.437758
255.125		0.445635
255.25		0.445635
255.375		0.445635
255.5		0.445635
255.625		0.445635
255.75		0.445635
255.875		0.445635
256		0.445635
256.125		0.445635
256.25		0.445635
256.375		0.445635
256.5		0.445635
256.625		0.445635
256.75		0.445635
256.875		0.445635
257		0.445635
257.125		0.445635
257.25		0.445635
257.375		0.445635
257.5		0.445635
257.625		0.445635
257.75		0.445635
257.875		0.445635
258		0.445635
258.125		0.445635
258.25		0.445635
258.375		0.445635
258.5		0.445635
258.625		0.445635
258.75		0.445635
258.875		0.445635
259		0.445635
259.125		0.445635
259.25		0.445635
259.375		0.445635
259.5		0.445635
259.625		0.445635
259.75		0.445635
259.875		0.445635
260		0.445635
260.125		0.454209
260.25		0.454209
260.375		0.454209
260.5		0.454209
260.625		0.454209
260.75		0.454209
260.875		0.454209
261		0.454209
261.125		0.454209
261.25		0.454209
261.375		0.454209
261.5		0.454209
261.625		0.454209
261.75		0.454209
261.875		0.454209
262		0.454209
262.125		0.454209
262.25		0.454209
262.375		0.454209
262.5		0.454209
262.625		0.454209
262.75		0.454209
262.875		0.454209
263		0.454209
263.125		0.454209
263.25		0.454209
263.375		0.454209
263.5		0.454209
263.625		0.454209
263.75		0.454209
263.875		0.454209
264		0.454209
264.125		0.454209
264.25		0.454209
264.375		0.454209
264.5		0.454209
264.625		0.454209
264.75		0.454209
264.875		0.454209
265		0.454209
265.125		0.45571
265.25		0.45571
265.375		0.45571
265.5		0.45571
265.625		0.45571
265.75		0.45571
265.875		0.45571
266		0.45571
266.125		0.45571
266.25		0.45571
266.375		0.45571
266.5		0.45571
266.625		0.45571
266.75		0.45571
266.875		0.45571
267		0.45571
267.125		0.45571
267.25		0.45571
267.375		0.45571
267.5		0.45571
267.625		0.45571
267.75		0.45571
267.875		0.45571
268		0.45571
268.125		0.45571
268.25		0.45571
268.375		0.45571
268.5		0.45571
268.625		0.45571
268.75		0.45571
268.875		0.45571
269		0.45571
269.125		0.45571
269.25		0.45571
269.375		0.45571
269.5		0.45571
269.625		0.45571
269.75		0.45571
269.875		0.45571
270		0.45571
270.125		0.481914
270.25		0.481914
270.375		0.481914
270.5		0.481914
270.625		0.481914
270.75		0.481914
270.875		0.481914
271		0.481914
271.125		0.481914
271.25		0.481914
271.375		0.481914
271.5		0.481914
271.625		0.481914
271.75		0.481914
271.875		0.481914
272		0.481914
272.125		0.481914
272.25		0.481914
272.375		0.481914
272.5		0.481914
272.625		0.481914
272.75		0.481914
272.875		0.481914
273		0.481914
273.125		0.481914
273.25		0.481914
273.375		0.481914
273.5		0.481914
273.625		0.481914
273.75		0.481914
273.875		0.481914
274		0.481914
274.125		0.481914
274.25		0.481914
274.375		0.481914
274.5		0.481914
274.625		0.481914
274.75		0.481914
274.875		0.481914
275		0.481914
275.125		0.483522
275.25		0.483522
275.375		0.483522
275.5		0.483522
275.625		0.483522
275.75		0.483522
275.875		0.483522
276		0.483522
276.125		0.483522
276.25		0.483522
276.375		0.483522
276.5		0.483522
276.625		0.483522
276.75		0.483522
276.875		0.483522
277		0.483522
277.125		0.483522
277.25		0.483522
277.375		0.483522
277.5		0.483522
277.625		0.483522
277.75		0.483522
277.875		0.483522
278		0.483522
278.125		0.483522
278.25		0.483522
278.375		0.483522
278.5		0.483522
278.625		0.483522
278.75		0.483522
278.875		0.483522
279		0.483522
279.125		0.483522
279.25		0.483522
279.375		0.483522
279.5		0.483522
279.625		0.483522
279.75		0.483522
279.875		0.483522
280		0.483522
280.125		0.497615
280.25		0.497615
280.375		0.497615
280.5		0.497615
280.625		0.497615
280.75		0.497615
280.875		0.497615
281		0.497615
281.125		0.497615
281.25		0.497615
281.375		0.497615
281.5		0.497615
281.625		0.497615
281.75		0.497615
281.875		0.497615
282		0.497615
282.125		0.497615
282.25		0.497615
282.375		0.497615
282.5		0.497615
282.625		0.497615
282.75		0.497615
282.875		0.497615
283		0.497615
283.125		0.497615
283.25		0.497615
283.375		0.497615
283.5		0.497615
283.625		0.497615
283.75		0.497615
283.875		0.497615
284		0.497615
284.125		0.497615
284.25		0.497615
284.375		0.497615
284.5		0.497615
284.625		0.497615
284.75		0.497615
284.875		0.497615
285		0.497615
285.125		0.498687
285.25		0.498687
285.375		0.498687
285.5		0.498687
285.625		0.498687
285.75		0.498687
285.875		0.498687
286		0.498687
286.125		0.498687
286.25		0.498687
286.375		0.498687
286.5		0.498687
286.625		0.498687
286.75		0.498687
286.875		0.498687
287		0.498687
287.125		0.498687
287.25		0.498687
287.375		0.498687
287.5		0.498687
287.625		0.498687
287.75		0.498687
287.875		0.498687
288		0.498687
288.125		0.498687
288.25		0.498687
288.375		0.498687
288.5		0.498687
288.625		0.498687
288.75		0.498687
288.875		0.498687
289		0.498687
289.125		0.498687
289.25		0.498687
289.375		0.498687
289.5		0.498687
289.625		0.498687
289.75		0.498687
289.875		0.498687
290		0.498687
290.125		0.525213
290.25		0.525213
290.375		0.525213
290.5		0.525213
290.625		0.525213
290.75		0.525213
290.875		0.525213
291		0.525213
291.125		0.525213
291.25		0.525213
291.375		0.525213
291.5		0.525213
291.625		0.525213
291.75		0.525213
291.875		0.525213
292		0.525213
292.125		0.525213
292.25		0.525213
292.375		0.525213
292.5		0.525213
292.625		0.525213
292.75		0.525213
292.875		0.525213
293		0.525213
293.125		0.525213
293.25		0.525213
293.375		0.525213
293.5		0.525213
293.625		0.525213
293.75		0.525213
293.875		0.525213
294		0.525213
294.125		0.525213
294.25		0.525213
294.375		0.525213
294.5		0.525213
294.625		0.525213
294.75		0.525213
294.875		0.525213
295		0.525213
295.125		0.530786
295.25		0.530786
295.375		0.530786
295.5		0.530786
295.625		0.530786
295.75		0.530786
295.875		0.530786
296		0.530786
296.125		0.530786
296.25		0.530786
296.375		0.530786
296.5		0.530786
296.625		0.530786
296.75		0.530786
296.875		0.530786
297		0.530786
297.125		0.530786
297.25		0.530786
297.375		0.530786
297.5		0.530786
297.625		0.530786
297.75		0.530786
297.875		0.530786
298		0.530786
298.125		0.530786
298.25		0.530786
298.375		0.530786
298.5		0.530786
298.625		0.530786
298.75		0.530786
298.875		0.530786
299		0.530786
299.125		0.530786
299.25		0.530786
299.375		0.530786
299.5		0.530786
299.625		0.530786
299.75		0.530786
299.875		0.530786
300		0.530786
300.125		0.537806
300.25		0.537806
300.375		0.537806
300.5		0.537806
300.625		0.537806
300.75		0.537806
300.875		0.537806
301		0.537806
301.125		0.537806
301.25		0.537806
301.375		0.537806
301.5		0.537806
301.625		0.537806
301.75		0.537806
301.875		0.537806
302		0.537806
302.125		0.537806
302.25		0.537806
302.375		0.537806
302.5		0.537806
302.625		0.537806
302.75		0.537806
302.875		0.537806
303		0.537806
303.125		0.537806
303.25		0.537806
303.375		0.537806
303.5		0.537806
303.625		0.537806
303.75		0.537806
303.875		0.537806
304		0.537806
304.125		0.537806
304.25		0.537806
304.375		0.537806
304.5		0.537806
304.625		0.537806
304.75		0.537806
304.875		0.537806
305		0.537806
305.125		0.550614
305.25		0.550614
305.375		0.550614
305.5		0.550614
305.625		0.550614
305.75		0.550614
305.875		0.550614
306		0.550614
306.125		0.550614
306.25		0.550614
306.375		0.550614
306.5		0.550614
306.625		0.550614
306.75		0.550614
306.875		0.550614
307		0.550614
307.125		0.550614
307.25		0.550614
307.375		0.550614
307.5		0.550614
307.625		0.550614
307.75		0.550614
307.875		0.550614
308		0.550614
308.125		0.550614
308.25		0.550614
308.375		0.550614
308.5		0.550614
308.625		0.550614
308.75		0.550614
308.875		0.550614
309		0.550614
309.125		0.550614
309.25		0.550614
309.375		0.550614
309.5		0.550614
309.625		0.550614
309.75		0.550614
309.875		0.550614
310		0.550614
310.125		0.561438
310.25		0.561438
310.375		0.561438
310.5		0.561438
310.625		0.561438
310.75		0.561438
310.875		0.561438
311		0.561438
311.125		0.561438
311.25		0.561438
311.375		0.561438
311.5		0.561438
311.625		0.561438
311.75		0.561438
311.875		0.561438
312		0.561438
312.125		0.561438
312.25		0.561438
312.375		0.561438
312.5		0.561438
312.625		0.561438
312.75		0.561438
312.875		0.561438
313		0.561438
313.125		0.561438
313.25		0.561438
313.375		0.561438
313.5		0.561438
313.625		0.561438
313.75		0.561438
313.875		0.561438
314		0.561438
314.125		0.561438
314.25		0.561438
314.375		0.561438
314.5		0.561438
314.625		0.561438
314.75		0.561438
314.875		0.561438
315		0.561438
315.125		0.581855
315.25		0.581855
315.375		0.581855
315.5		0.581855
315.625		0.581855
315.75		0.581855
315.875		0.581855
316		0.581855
316.125		0.581855
316.25		0.581855
316.375		0.581855
316.5		0.581855
316.625		0.581855
316.75		0.581855
316.875		0.581855
317		0.581855
317.125		0.581855
317.25		0.581855
317.375		0.581855
317.5		0.581855
317.625		0.581855
317.75		0.581855
317.875		0.581855
318		0.581855
318.125		0.581855
318.25		0.581855
318.375		0.581855
318.5		0.581855
318.625		0.581855
318.75		0.581855
318.875		0.581855
319		0.581855
319.125		0.581855
319.25		0.581855
319.375		0.581855
319.5		0.581855
319.625		0.581855
319.75		0.581855
319.875		0.581855
320		0.581855
320.125		0.58432
320.25		0.58432
320.375		0.58432
320.5		0.58432
320.625		0.58432
320.75		0.58432
320.875		0.58432
321		0.58432
321.125		0.58432
321.25		0.58432
321.375		0.58432
321.5		0.58432
321.625		0.58432
321.75		0.58432
321.875		0.58432
322		0.58432
322.125		0.58432
322.25		0.58432
322.375		0.58432
322.5		0.58432
322.625		0.58432
322.75		0.58432
322.875		0.58432
323		0.58432
323.125		0.58432
323.25		0.58432
323.375		0.58432
323.5		0.58432
323.625		0.58432
323.75		0.58432
323.875		0.58432
324		0.58432
324.125		0.58432
324.25		0.58432
324.375		0.58432
324.5		0.58432
324.625		0.58432
324.75		0.58432
324.875		0.58432
325		0.58432
325.125		0.59209
325.25		0.59209
325.375		0.59209
325.5		0.59209
325.625		0.59209
325.75		0.59209
325.875		0.59209
326		0.59209
326.125		0.59209
326.25		0.59209
326.375		0.59209
326.5		0.59209
326.625		0.59209
326.75		0.59209
326.875		0.59209
327		0.59209
327.125		0.59209
327.25		0.59209
327.375		0.59209
327.5		0.59209
327.625		0.59209
327.75		0.59209
327.875		0.59209
328		0.59209
328.125		0.59209
328.25		0.59209
328.375		0.59209
328.5		0.59209
328.625		0.59209
328.75		0.59209
328.875		0.59209
329		0.59209
329.125		0.59209
329.25		0.59209
329.375		0.59209
329.5		0.59209
329.625		0.59209
329.75		0.59209
329.875		0.59209
330		0.59209
330.125		0.609989
330.25		0.609989
330.375		0.609989
330.5		0.609989
330.625		0.609989
330.75		0.609989
330.875		0.609989
331		0.609989
331.125		0.609989
331.25		0.609989
331.375		0.609989
331.5		0.609989
331.625		0.609989
331.75		0.609989
331.875		0.609989
332		0.609989
332.125		0.609989
332.25		0.609989
332.375		0.609989
332.5		0.609989
332.625		0.609989
332.75		0.609989
332.875		0.609989
333		0.609989
333.125		0.609989
333.25		0.609989
333.375		0.609989
333.5		0.609989
333.625		0.609989
333.75		0.609989
333.875		0.609989
334		0.609989
334.125		0.609989
334.25		0.609989
334.375		0.609989
334.5		0.609989
334.625		0.609989
334.75		0.609989
334.875		0.609989
335		0.609989
335.125		0.62703
335.25		0.62703
335.375		0.62703
335.5		0.62703
335.625		0.62703
335.75		0.62703
335.875		0.62703
336		0.62703
336.125		0.62703
336.25		0.62703
336.375		0.62703
336.5		0.62703
336.625		0.62703
336.75		0.62703
336.875		0.62703
337		0.62703
337.125		0.62703
337.25		0.62703
337.375		0.62703
337.5		0.62703
337.625		0.62703
337.75		0.62703
337.875		0.62703
338		0.62703
338.125		0.62703
338.25		0.62703
338.375		0.62703
338.5		0.62703
338.625		0.62703
338.75		0.62703
338.875		0.62703
339		0.62703
339.125		0.62703
339.25		0.62703
339.375		0.62703
339.5		0.62703
339.625		0.62703
339.75		0.62703
339.875		0.62703
340		0.62703
340.125		0.633942
340.25		0.633942
340.375		0.633942
340.5		0.633942
340.625		0.633942
340.75		0.633942
340.875		0.633942
341		0.633942
341.125		0.633942
341.25		0.633942
341.375		0.633942
341.5		0.633942
341.625		0.633942
341.75		0.633942
341.875		0.633942
342		0.633942
342.125		0.633942
342.25		0.633942
342.375		0.633942
342.5		0.633942
342.625		0.633942
342.75		0.633942
342.875		0.633942
343		0.633942
343.125		0.633942
343.25		0.633942
343.375		0.633942
343.5		0.633942
343.625		0.633942
343.75		0.633942
343.875		0.633942
344		0.633942
344.125		0.633942
344.25		0.633942
344.375		0.633942
344.5		0.633942
344.625		0.633942
344.75		0.633942
344.875		0.633942
345		0.633942
345.125		0.652805
345.25		0.652805
345.375		0.652805
345.5		0.652805
345.625		0.652805
345.75		0.652805
345.875		0.652805
346		0.652805
346.125		0.652805
346.25		0.652805
346.375		0.652805
346.5		0.652805
346.625		0.652805
346.75		0.652805
346.875		0.652805
347		0.652805
347.125		0.652805
347.25		0.652805
347.375		0.652805
347.5		0.652805
347.625		0.652805
347.75		0.652805
347.875		0.652805
348		0.652805
348.125		0.652805
348.25		0.652805
348.375		0.652805
348.5		0.652805
348.625		0.652805
348.75		0.652805
348.875		0.652805
349		0.652805
349.125		0.652805
349.25		0.652805
349.375		0.652805
349.5		0.652805
349.625		0.652805
349.75		0.652805
349.875		0.652805
350		0.652805
350.125		0.655324
350.25		0.655324
350.375		0.655324
350.5		0.655324
350.625		0.655324
350.75		0.655324
350.875		0.655324
351		0.655324
351.125		0.655324
351.25		0.655324
351.375		0.655324
351.5		0.655324
351.625		0.655324
351.75		0.655324
351.875		0.655324
352		0.655324
352.125		0.655324
352.25		0.655324
352.375		0.655324
352.5		0.655324
352.625		0.655324
352.75		0.655324
352.875		0.655324
353		0.655324
353.125		0.655324
353.25		0.655324
353.375		0.655324
353.5		0.655324
353.625		0.655324
353.75		0.655324
353.875		0.655324
354		0.655324
354.125		0.655324
354.25		0.655324
354.375		0.655324
354.5		0.655324
354.625		0.655324
354.75		0.655324
354.875		0.655324
355		0.655324
355.125		0.675098
355.25		0.675098
355.375		0.675098
355.5		0.675098
355.625		0.675098
355.75		0.675098
355.875		0.675098
356		0.675098
356.125		0.675098
356.25		0.675098
356.375		0.675098
356.5		0.675098
356.625		0.675098
356.75		0.675098
356.875		0.675098
357		0.675098
357.125		0.675098
357.25		0.675098
357.375		0.675098
357.5		0.675098
357.625		0.675098
357.75		0.675098
357.875		0.675098
358		0.675098
358.125		0.675098
358.25		0.675098
358.375		0.675098
358.5		0.675098
358.625		0.675098
358.75		0.675098
358.875		0.675098
359		0.675098
359.125		0.675098
359.25		0.675098
359.375		0.675098
359.5		0.675098
359.625		0.675098
359.75		0.675098
359.875		0.675098
360		0.675098
360.125		0.691121
360.25		0.691121
360.375		0.691121
360.5		0.691121
360.625		0.691121
360.75		0.691121
360.875		0.691121
361		0.691121
361.125		0.691121
361.25		0.691121
361.375		0.691121
361.5		0.691121
361.625		0.691121
361.75		0.691121
361.875		0.691121
362		0.691121
362.125		0.691121
362.25		0.691121
362.375		0.691121
362.5		0.691121
362.625		0.691121
362.75		0.691121
362.875		0.691121
363		0.691121
363.125		0.691121
363.25		0.691121
363.375		0.691121
363.5		0.691121
363.625		0.691121
363.75		0.691121
363.875		0.691121
364		0.691121
364.125		0.691121
364.25		0.691121
364.375		0.691121
364.5		0.691121
364.625		0.691121
364.75		0.691121
364.875		0.691121
365		0.691121
365.125		0.69873
365.25		0.69873
365.375		0.69873
365.5		0.69873
365.625		0.69873
365.75		0.69873
365.875		0.69873
366		0.69873
366.125		0.69873
366.25		0.69873
366.375		0.69873
366.5		0.69873
366.625		0.69873
366.75		0.69873
366.875		0.69873
367		0.69873
367.125		0.69873
367.25		0.69873
367.375		0.69873
367.5		0.69873
367.625		0.69873
367.75		0.69873
367.875		0.69873
368		0.69873
368.125		0.69873
368.25		0.69873
368.375		0.69873
368.5		0.69873
368.625		0.69873
368.75		0.69873
368.875		0.69873
369		0.69873
369.125		0.69873
369.25		0.69873
369.375		0.69873
369.5		0.69873
369.625		0.69873
369.75		0.69873
369.875		0.69873
370		0.69873
370.125		0.70216
370.25		0.70216
370.375		0.70216
370.5		0.70216
370.625		0.70216
370.75		0.70216
370.875		0.70216
371		0.70216
371.125		0.70216
371.25		0.70216
371.375		0.70216
371.5		0.70216
371.625		0.70216
371.75		0.70216
371.875		0.70216
372		0.70216
372.125		0.70216
372.25		0.70216
372.375		0.70216
372.5		0.70216
372.625		0.70216
372.75		0.70216
372.875		0.70216
373		0.70216
373.125		0.70216
373.25		0.70216
373.375		0.70216
373.5		0.70216
373.625		0.70216
373.75		0.70216
373.875		0.70216
374		0.70216
374.125		0.70216
374.25		0.70216
374.375		0.70216
374.5		0.70216
374.625		0.70216
374.75		0.70216
374.875		0.70216
375		0.70216
375.125		0.711269
375.25		0.711269
375.375		0.711269
375.5		0.711269
375.625		0.711269
375.75		0.711269
375.875		0.711269
376		0.711269
376.125		0.711269
376.25		0.711269
376.375		0.711269
376.5		0.711269
376.625		0.711269
376.75		0.711269
376.875		0.711269
377		0.711269
377.125		0.711269
377.25		0.711269
377.375		0.711269
377.5		0.711269
377.625		0.711269
377.75		0.711269
377.875		0.711269
378		0.711269
378.125		0.711269
378.25		0.711269
378.375		0.711269
378.5		0.711269
378.625		0.711269
378.75		0.711269
378.875		0.711269
379		0.711269
379.125		0.711269
379.25		0.711269
379.375		0.711269
379.5		0.711269
379.625		0.711269
379.75		0.711269
379.875		0.711269
380		0.711269
380.125		0.72188
380.25		0.72188
380.375		0.72188
380.5		0.72188
380.625		0.72188
380.75		0.72188
380.875		0.72188
381		0.72188
381.125		0.72188
381.25		0.72188
381.375		0.72188
381.5		0.72188
381.625		0.72188
381.75		0.72188
381.875		0.72188
382		0.72188
382.125		0.72188
382.25		0.72188
382.375		0.72188
382.5		0.72188
382.625		0.72188
382.75		0.72188
382.875		0.72188
383		0.72188
383.125		0.72188
383.25		0.72188
383.375		0.72188
383.5		0.72188
383.625		0.72188
383.75		0.72188
383.875		0.72188
384		0.72188
384.125		0.72188
384.25		0.72188
384.375		0.72188
384.5		0.72188
384.625		0.72188
384.75		0.72188
384.875		0.72188
385		0.72188
385.125		0.749906
385.25		0.749906
385.375		0.749906
385.5		0.749906
385.625		0.749906
385.75		0.749906
385.875		0.749906
386		0.749906
386.125		0.749906
386.25		0.749906
386.375		0.749906
386.5		0.749906
386.625		0.749906
386.75		0.749906
386.875		0.749906
387		0.749906
387.125		0.749906
387.25		0.749906
387.375		0.749906
387.5		0.749906
387.625		0.749906
387.75		0.749906
387.875		0.749906
388		0.749906
388.125		0.749906
388.25		0.749906
388.375		0.749906
388.5		0.749906
388.625		0.749906
388.75		0.749906
388.875		0.749906
389		0.749906
389.125		0.749906
389.25		0.749906
389.375		0.749906
389.5		0.749906
389.625		0.749906
389.75		0.749906
389.875		0.749906
390		0.749906
390.125		0.7513
390.25		0.7513
390.375		0.7513
390.5		0.7513
390.625		0.7513
390.75		0.7513
390.875		0.7513
391		0.7513
391.125		0.7513
391.25		0.7513
391.375		0.7513
391.5		0.7513
391.625		0.7513
391.75		0.7513
391.875		0.7513
392		0.7513
392.125		0.7513
392.25		0.7513
392.375		0.7513
392.5		0.7513
392.625		0.7513
392.75		0.7513
392.875		0.7513
393		0.7513
393.125		0.7513
393.25		0.7513
393.375		0.7513
393.5		0.7513
393.625		0.7513
393.75		0.7513
393.875		0.7513
394		0.7513
394.125		0.7513
394.25		0.7513
394.375		0.7513
394.5		0.7513
394.625		0.7513
394.75		0.7513
394.875		0.7513
395		0.7513
395.125		0.755319
395.25		0.755319
395.375		0.755319
395.5		0.755319
395.625		0.755319
395.75		0.755319
395.875		0.755319
396		0.755319
396.125		0.755319
396.25		0.755319
396.375		0.755319
396.5		0.755319
396.625		0.755319
396.75		0.755319
396.875		0.755319
397		0.755319
397.125		0.755319
397.25		0.755319
397.375		0.755319
397.5		0.755319
397.625		0.755319
397.75		0.755319
397.875		0.755319
398		0.755319
398.125		0.755319
398.25		0.755319
398.375		0.755319
398.5		0.755319
398.625		0.755319
398.75		0.755319
398.875		0.755319
399		0.755319
399.125		0.755319
399.25		0.755319
399.375		0.755319
399.5		0.755319
399.625		0.755319
399.75		0.755319
399.875		0.755319
400		0.755319
400.125		0.776968
400.25		0.776968
400.375		0.776968
400.5		0.776968
400.625		0.776968
400.75		0.776968
400.875		0.776968
401		0.776968
401.125		0.776968
401.25		0.776968
401.375		0.776968
401.5		0.776968
401.625		0.776968
401.75		0.776968
401.875		0.776968
402		0.776968
402.125		0.776968
402.25		0.776968
402.375		0.776968
402.5		0.776968
402.625		0.776968
402.75		0.776968
402.875		0.776968
403		0.776968
403.125		0.776968
403.25		0.776968
403.375		0.776968
403.5		0.776968
403.625		0.776968
403.75		0.776968
403.875		0.776968
404		0.776968
404.125		0.776968
404.25		0.776968
404.375		0.776968
404.5		0.776968
404.625		0.776968
404.75		0.776968
404.875		0.776968
405		0.776968
405.125		0.794813
405.25		0.794813
405.375		0.794813
405.5		0.794813
405.625		0.794813
405.75		0.794813
405.875		0.794813
406		0.794813
406.125		0.794813
406.25		0.794813
406.375		0.794813
406.5		0.794813
406.625		0.794813
406.75		0.794813
406.875		0.794813
407		0.794813
407.125		0.794813
407.25		0.794813
407.375		0.794813
407.5		0.794813
407.625		0.794813
407.75		0.794813
407.875		0.794813
408		0.794813
408.125		0.794813
408.25		0.794813
408.375		0.794813
408.5		0.794813
408.625		0.794813
408.75		0.794813
408.875		0.794813
409		0.794813
409.125		0.794813
409.25		0.794813
409.375		0.794813
409.5		0.794813
409.625		0.794813
409.75		0.794813
409.875		0.794813
410		0.794813
410.125		0.800386
410.25		0.800386
410.375		0.800386
410.5		0.800386
410.625		0.800386
410.75		0.800386
410.875		0.800386
411		0.800386
411.125		0.800386
411.25		0.800386
411.375		0.800386
411.5		0.800386
411.625		0.800386
411.75		0.800386
411.875		0.800386
412		0.800386
412.125		0.800386
412.25		0.800386
412.375		0.800386
412.5		0.800386
412.625		0.800386
412.75		0.800386
412.875		0.800386
413		0.800386
413.125		0.800386
413.25		0.800386
413.375		0.800386
413.5		0.800386
413.625		0.800386
413.75		0.800386
413.875		0.800386
414		0.800386
414.125		0.800386
414.25		0.800386
414.375		0.800386
414.5		0.800386
414.625		0.800386
414.75		0.800386
414.875		0.800386
415		0.800386
415.125		0.835914
415.25		0.835914
415.375		0.835914
415.5		0.835914
415.625		0.835914
415.75		0.835914
415.875		0.835914
416		0.835914
416.125		0.835914
416.25		0.835914
416.375		0.835914
416.5		0.835914
416.625		0.835914
416.75		0.835914
416.875		0.835914
417		0.835914
417.125		0.835914
417.25		0.835914
417.375		0.835914
417.5		0.835914
417.625		0.835914
417.75		0.835914
417.875		0.835914
418		0.835914
418.125		0.835914
418.25		0.835914
418.375		0.835914
418.5		0.835914
418.625		0.835914
418.75		0.835914
418.875		0.835914
419		0.835914
419.125		0.835914
419.25		0.835914
419.375		0.835914
419.5		0.835914
419.625		0.835914
419.75		0.835914
419.875		0.835914
420		0.835914
420.125		0.838915
420.25		0.838915
420.375		0.838915
420.5		0.838915
420.625		0.838915
420.75		0.838915
420.875		0.838915
421		0.838915
421.125		0.838915
421.25		0.838915
421.375		0.838915
421.5		0.838915
421.625		0.838915
421.75		0.838915
421.875		0.838915
422		0.838915
422.125		0.838915
422.25		0.838915
422.375		0.838915
422.5		0.838915
422.625		0.838915
422.75		0.838915
422.875		0.838915
423		0.838915
423.125		0.838915
423.25		0.838915
423.375		0.838915
423.5		0.838915
423.625		0.838915
423.75		0.838915
423.875		0.838915
424		0.838915
424.125		0.838915
424.25		0.838915
424.375		0.838915
424.5		0.838915
424.625		0.838915
424.75		0.838915
424.875		0.838915
425		0.838915
425.125		0.845935
425.25		0.845935
425.375		0.845935
425.5		0.845935
425.625		0.845935
425.75		0.845935
425.875		0.845935
426		0.845935
426.125		0.845935
426.25		0.845935
426.375		0.845935
426.5		0.845935
426.625		0.845935
426.75		0.845935
426.875		0.845935
427		0.845935
427.125		0.845935
427.25		0.845935
427.375		0.845935
427.5		0.845935
427.625		0.845935
427.75		0.845935
427.875		0.845935
428		0.845935
428.125		0.845935
428.25		0.845935
428.375		0.845935
428.5		0.845935
428.625		0.845935
428.75		0.845935
428.875		0.845935
429		0.845935
429.125		0.845935
429.25		0.845935
429.375		0.845935
429.5		0.845935
429.625		0.845935
429.75		0.845935
429.875		0.845935
430		0.845935
430.125		0.846632
430.25		0.846632
430.375		0.846632
430.5		0.846632
430.625		0.846632
430.75		0.846632
430.875		0.846632
431		0.846632
431.125		0.846632
431.25		0.846632
431.375		0.846632
431.5		0.846632
431.625		0.846632
431.75		0.846632
431.875		0.846632
432		0.846632
432.125		0.846632
432.25		0.846632
432.375		0.846632
432.5		0.846632
432.625		0.846632
432.75		0.846632
432.875		0.846632
433		0.846632
433.125		0.846632
433.25		0.846632
433.375		0.846632
433.5		0.846632
433.625		0.846632
433.75		0.846632
433.875		0.846632
434		0.846632
434.125		0.846632
434.25		0.846632
434.375		0.846632
434.5		0.846632
434.625		0.846632
434.75		0.846632
434.875		0.846632
435		0.846632
435.125		0.879749
435.25		0.879749
435.375		0.879749
435.5		0.879749
435.625		0.879749
435.75		0.879749
435.875		0.879749
436		0.879749
436.125		0.879749
436.25		0.879749
436.375		0.879749
436.5		0.879749
436.625		0.879749
436.75		0.879749
436.875		0.879749
437		0.879749
437.125		0.879749
437.25		0.879749
437.375		0.879749
437.5		0.879749
437.625		0.879749
437.75		0.879749
437.875		0.879749
438		0.879749
438.125		0.879749
438.25		0.879749
438.375		0.879749
438.5		0.879749
438.625		0.879749
438.75		0.879749
438.875		0.879749
439		0.879749
439.125		0.879749
439.25		0.879749
439.375		0.879749
439.5		0.879749
439.625		0.879749
439.75		0.879749
439.875		0.879749
440		0.879749
440.125		0.890199
440.25		0.890199
440.375		0.890199
440.5		0.890199
440.625		0.890199
440.75		0.890199
440.875		0.890199
441		0.890199
441.125		0.890199
441.25		0.890199
441.375		0.890199
441.5		0.890199
441.625		0.890199
441.75		0.890199
441.875		0.890199
442		0.890199
442.125		0.890199
442.25		0.890199
442.375		0.890199
442.5		0.890199
442.625		0.890199
442.75		0.890199
442.875		0.890199
443		0.890199
443.125		0.890199
443.25		0.890199
443.375		0.890199
443.5		0.890199
443.625		0.890199
443.75		0.890199
443.875		0.890199
444		0.890199
444.125		0.890199
444.25		0.890199
444.375		0.890199
444.5		0.890199
444.625		0.890199
444.75		0.890199
444.875		0.890199
445		0.890199
445.125		0.89395
445.25		0.89395
445.375		0.89395
445.5		0.89395
445.625		0.89395
445.75		0.89395
445.875		0.89395
446		0.89395
446.125		0.89395
446.25		0.89395
446.375		0.89395
446.5		0.89395
446.625		0.89395
446.75		0.89395
446.875		0.89395
447		0.89395
447.125		0.89395
447.25		0.89395
447.375		0.89395
447.5		0.89395
447.625		0.89395
447.75		0.89395
447.875		0.89395
448		0.89395
448.125		0.89395
448.25		0.89395
448.375		0.89395
448.5		0.89395
448.625		0.89395
448.75		0.89395
448.875		0.89395
449		0.89395
449.125		0.89395
449.25		0.89395
449.375		0.89395
449.5		0.89395
449.625		0.89395
449.75		0.89395
449.875		0.89395
450		0.89395
450.125		0.896469
450.25		0.896469
450.375		0.896469
450.5		0.896469
450.625		0.896469
450.75		0.896469
450.875		0.896469
451		0.896469
451.125		0.896469
451.25		0.896469
451.375		0.896469
451.5		0.896469
451.625		0.896469
451.75		0.896469
451.875		0.896469
452		0.896469
452.125		0.896469
452.25		0.896469
452.375		0.896469
452.5		0.896469
452.625		0.896469
452.75		0.896469
452.875		0.896469
453		0.896469
453.125		0.896469
453.25		0.896469
453.375		0.896469
453.5		0.896469
453.625		0.896469
453.75		0.896469
453.875		0.896469
454		0.896469
454.125		0.896469
454.25		0.896469
454.375		0.896469
454.5		0.896469
454.625		0.896469
454.75		0.896469
454.875		0.896469
455		0.896469
455.125		0.899684
455.25		0.899684
455.375		0.899684
455.5		0.899684
455.625		0.899684
455.75		0.899684
455.875		0.899684
456		0.899684
456.125		0.899684
456.25		0.899684
456.375		0.899684
456.5		0.899684
456.625		0.899684
456.75		0.899684
456.875		0.899684
457		0.899684
457.125		0.899684
457.25		0.899684
457.375		0.899684
457.5		0.899684
457.625		0.899684
457.75		0.899684
457.875		0.899684
458		0.899684
458.125		0.899684
458.25		0.899684
458.375		0.899684
458.5		0.899684
458.625		0.899684
458.75		0.899684
458.875		0.899684
459		0.899684
459.125		0.899684
459.25		0.899684
459.375		0.899684
459.5		0.899684
459.625		0.899684
459.75		0.899684
459.875		0.899684
460		0.899684
460.125		0.938856
460.25		0.938856
460.375		0.938856
460.5		0.938856
460.625		0.938856
460.75		0.938856
460.875		0.938856
461		0.938856
461.125		0.938856
461.25		0.938856
461.375		0.938856
461.5		0.938856
461.625		0.938856
461.75		0.938856
461.875		0.938856
462		0.938856
462.125		0.938856
462.25		0.938856
462.375		0.938856
462.5		0.938856
462.625		0.938856
462.75		0.938856
462.875		0.938856
463		0.938856
463.125		0.938856
463.25		0.938856
463.375		0.938856
463.5		0.938856
463.625		0.938856
463.75		0.938856
463.875		0.938856
464		0.938856
464.125		0.938856
464.25		0.938856
464.375		0.938856
464.5		0.938856
464.625		0.938856
464.75		0.938856
464.875		0.938856
465		0.938856
465.125		0.940196
465.25		0.940196
465.375		0.940196
465.5		0.940196
465.625		0.940196
465.75		0.940196
465.875		0.940196
466		0.940196
466.125		0.940196
466.25		0.940196
466.375		0.940196
466.5		0.940196
466.625		0.940196
466.75		0.940196
466.875		0.940196
467		0.940196
467.125		0.940196
467.25		0.940196
467.375		0.940196
467.5		0.940196
467.625		0.940196
467.75		0.940196
467.875		0.940196
468		0.940196
468.125		0.940196
468.25		0.940196
468.375		0.940196
468.5		0.940196
468.625		0.940196
468.75		0.940196
468.875		0.940196
469		0.940196
469.125		0.940196
469.25		0.940196
469.375		0.940196
469.5		0.940196
469.625		0.940196
469.75		0.940196
469.875		0.940196
470		0.940196
470.125		0.94234
470.25		0.94234
470.375		0.94234
470.5		0.94234
470.625		0.94234
470.75		0.94234
470.875		0.94234
471		0.94234
471.125		0.94234
471.25		0.94234
471.375		0.94234
471.5		0.94234
471.625		0.94234
471.75		0.94234
471.875		0.94234
472		0.94234
472.125		0.94234
472.25		0.94234
472.375		0.94234
472.5		0.94234
472.625		0.94234
472.75		0.94234
472.875		0.94234
473		0.94234
473.125		0.94234
473.25		0.94234
473.375		0.94234
473.5		0.94234
473.625		0.94234
473.75		0.94234
473.875		0.94234
474		0.94234
474.125		0.94234
474.25		0.94234
474.375		0.94234
474.5		0.94234
474.625		0.94234
474.75		0.94234
474.875		0.94234
475		0.94234
475.125		0.956005
475.25		0.956005
475.375		0.956005
475.5		0.956005
475.625		0.956005
475.75		0.956005
475.875		0.956005
476		0.956005
476.125		0.956005
476.25		0.956005
476.375		0.956005
476.5		0.956005
476.625		0.956005
476.75		0.956005
476.875		0.956005
477		0.956005
477.125		0.956005
477.25		0.956005
477.375		0.956005
477.5		0.956005
477.625		0.956005
477.75		0.956005
477.875		0.956005
478		0.956005
478.125		0.956005
478.25		0.956005
478.375		0.956005
478.5		0.956005
478.625		0.956005
478.75		0.956005
478.875		0.956005
479		0.956005
479.125		0.956005
479.25		0.956005
479.375		0.956005
479.5		0.956005
479.625		0.956005
479.75		0.956005
479.875		0.956005
480		0.956005
480.125		0.983334
480.25		0.983334
480.375		0.983334
480.5		0.983334
480.625		0.983334
480.75		0.983334
480.875		0.983334
481		0.983334
481.125		0.983334
481.25		0.983334
481.375		0.983334
481.5		0.983334
481.625		0.983334
481.75		0.983334
481.875		0.983334
482		0.983334
482.125		0.983334
482.25		0.983334
482.375		0.983334
482.5		0.983334
482.625		0.983334
482.75		0.983334
482.875		0.983334
483		0.983334
483.125		0.983334
483.25		0.983334
483.375		0.983334
483.5		0.983334
483.625		0.983334
483.75		0.983334
483.875		0.983334
484		0.983334
484.125		0.983334
484.25		0.983334
484.375		0.983334
484.5		0.983334
484.625		0.983334
484.75		0.983334
484.875		0.983334
485		0.983334
485.125		0.989979
485.25		0.989979
485.375		0.989979
485.5		0.989979
485.625		0.989979
485.75		0.989979
485.875		0.989979
486		0.989979
486.125		0.989979
486.25		0.989979
486.375		0.989979
486.5		0.989979
486.625		0.989979
486.75		0.989979
486.875		0.989979
487		0.989979
487.125		0.989979
487.25		0.989979
487.375		0.989979
487.5		0.989979
487.625		0.989979
487.75		0.989979
487.875		0.989979
488		0.989979
488.125		0.989979
488.25		0.989979
488.375		0.989979
488.5		0.989979
488.625		0.989979
488.75		0.989979
488.875		0.989979
489		0.989979
489.125		0.989979
489.25		0.989979
489.375		0.989979
489.5		0.989979
489.625		0.989979
489.75		0.989979
489.875		0.989979
490		0.989979
490.125		0.9985
490.25		0.9985
490.375		0.9985
490.5		0.9985
490.625		0.9985
490.75		0.9985
490.875		0.9985
491		0.9985
491.125		0.9985
491.25		0.9985
491.375		0.9985
491.5		0.9985
491.625		0.9985
491.75		0.9985
491.875		0.9985
492		0.9985
492.125		0.9985
492.25		0.9985
492.375		0.9985
492.5		0.9985
492.625		0.9985
492.75		0.9985
492.875		0.9985
493		0.9985
493.125		0.9985
493.25		0.9985
493.375		0.9985
493.5		0.9985
493.625		0.9985
493.75		0.9985
493.875		0.9985
494		0.9985
494.125		0.9985
494.25		0.9985
494.375		0.9985
494.5		0.9985
494.625		0.9985
494.75		0.9985
494.875		0.9985
495		0.9985
495.125		1
495.25		1
495.375		1
495.5		1
495.625		1
495.75		1
495.875		1
496		1
496.125		1
496.25		1
496.375		1
496.5		1
496.625		1
496.75		1
496.875		1
497		1
497.125		1
497.25		1
497.375		1
497.5		1
497.625		1
497.75		1
497.875		1
498		1
498.125		1
498.25		1
498.375		1
498.5		1
498.625		1
498.75		1
498.875		1
499		1
499.125		1
499.25		1
499.375		1
499.5		1
499.625		1
499.75		1
499.875		1
500		1
