# Calibration file of tamex_id 1 @ channel 16
# fine_T bin		 Calibration value
0.125		0
0.25		0
0.375		0
0.5		0
0.625		0
0.75		0
0.875		0
1		0
1.125		0
1.25		0
1.375		0
1.5		0
1.625		0
1.75		0
1.875		0
2		0
2.125		0
2.25		0
2.375		0
2.5		0
2.625		0
2.75		0
2.875		0
3		0
3.125		0
3.25		0
3.375		0
3.5		0
3.625		0
3.75		0
3.875		0
4		0
4.125		0
4.25		0
4.375		0
4.5		0
4.625		0
4.75		0
4.875		0
5		0
5.125		0
5.25		0
5.375		0
5.5		0
5.625		0
5.75		0
5.875		0
6		0
6.125		0
6.25		0
6.375		0
6.5		0
6.625		0
6.75		0
6.875		0
7		0
7.125		0
7.25		0
7.375		0
7.5		0
7.625		0
7.75		0
7.875		0
8		0
8.125		0
8.25		0
8.375		0
8.5		0
8.625		0
8.75		0
8.875		0
9		0
9.125		0
9.25		0
9.375		0
9.5		0
9.625		0
9.75		0
9.875		0
10		0
10.125		0
10.25		0
10.375		0
10.5		0
10.625		0
10.75		0
10.875		0
11		0
11.125		0
11.25		0
11.375		0
11.5		0
11.625		0
11.75		0
11.875		0
12		0
12.125		0
12.25		0
12.375		0
12.5		0
12.625		0
12.75		0
12.875		0
13		0
13.125		0
13.25		0
13.375		0
13.5		0
13.625		0
13.75		0
13.875		0
14		0
14.125		0
14.25		0
14.375		0
14.5		0
14.625		0
14.75		0
14.875		0
15		0
15.125		0
15.25		0
15.375		0
15.5		0
15.625		0
15.75		0
15.875		0
16		0
16.125		0
16.25		0
16.375		0
16.5		0
16.625		0
16.75		0
16.875		0
17		0
17.125		0
17.25		0
17.375		0
17.5		0
17.625		0
17.75		0
17.875		0
18		0
18.125		0
18.25		0
18.375		0
18.5		0
18.625		0
18.75		0
18.875		0
19		0
19.125		0
19.25		0
19.375		0
19.5		0
19.625		0
19.75		0
19.875		0
20		0
20.125		0
20.25		0
20.375		0
20.5		0
20.625		0
20.75		0
20.875		0
21		0
21.125		0
21.25		0
21.375		0
21.5		0
21.625		0
21.75		0
21.875		0
22		0
22.125		0
22.25		0
22.375		0
22.5		0
22.625		0
22.75		0
22.875		0
23		0
23.125		0
23.25		0
23.375		0
23.5		0
23.625		0
23.75		0
23.875		0
24		0
24.125		0
24.25		0
24.375		0
24.5		0
24.625		0
24.75		0
24.875		0
25		0
25.125		0
25.25		0
25.375		0
25.5		0
25.625		0
25.75		0
25.875		0
26		0
26.125		0
26.25		0
26.375		0
26.5		0
26.625		0
26.75		0
26.875		0
27		0
27.125		0
27.25		0
27.375		0
27.5		0
27.625		0
27.75		0
27.875		0
28		0
28.125		0
28.25		0
28.375		0
28.5		0
28.625		0
28.75		0
28.875		0
29		0
29.125		0
29.25		0
29.375		0
29.5		0
29.625		0
29.75		0
29.875		0
30		0
30.125		0
30.25		0
30.375		0
30.5		0
30.625		0
30.75		0
30.875		0
31		0
31.125		0
31.25		0
31.375		0
31.5		0
31.625		0
31.75		0
31.875		0
32		0
32.125		0
32.25		0
32.375		0
32.5		0
32.625		0
32.75		0
32.875		0
33		0
33.125		0
33.25		0
33.375		0
33.5		0
33.625		0
33.75		0
33.875		0
34		0
34.125		0
34.25		0
34.375		0
34.5		0
34.625		0
34.75		0
34.875		0
35		0
35.125		0
35.25		0
35.375		0
35.5		0
35.625		0
35.75		0
35.875		0
36		0
36.125		0
36.25		0
36.375		0
36.5		0
36.625		0
36.75		0
36.875		0
37		0
37.125		0
37.25		0
37.375		0
37.5		0
37.625		0
37.75		0
37.875		0
38		0
38.125		0
38.25		0
38.375		0
38.5		0
38.625		0
38.75		0
38.875		0
39		0
39.125		0
39.25		0
39.375		0
39.5		0
39.625		0
39.75		0
39.875		0
40		0
40.125		0
40.25		0
40.375		0
40.5		0
40.625		0
40.75		0
40.875		0
41		0
41.125		0
41.25		0
41.375		0
41.5		0
41.625		0
41.75		0
41.875		0
42		0
42.125		0
42.25		0
42.375		0
42.5		0
42.625		0
42.75		0
42.875		0
43		0
43.125		0
43.25		0
43.375		0
43.5		0
43.625		0
43.75		0
43.875		0
44		0
44.125		0
44.25		0
44.375		0
44.5		0
44.625		0
44.75		0
44.875		0
45		0
45.125		0
45.25		0
45.375		0
45.5		0
45.625		0
45.75		0
45.875		0
46		0
46.125		0
46.25		0
46.375		0
46.5		0
46.625		0
46.75		0
46.875		0
47		0
47.125		0
47.25		0
47.375		0
47.5		0
47.625		0
47.75		0
47.875		0
48		0
48.125		0
48.25		0
48.375		0
48.5		0
48.625		0
48.75		0
48.875		0
49		0
49.125		0
49.25		0
49.375		0
49.5		0
49.625		0
49.75		0
49.875		0
50		0
50.125		0
50.25		0
50.375		0
50.5		0
50.625		0
50.75		0
50.875		0
51		0
51.125		0
51.25		0
51.375		0
51.5		0
51.625		0
51.75		0
51.875		0
52		0
52.125		0
52.25		0
52.375		0
52.5		0
52.625		0
52.75		0
52.875		0
53		0
53.125		0
53.25		0
53.375		0
53.5		0
53.625		0
53.75		0
53.875		0
54		0
54.125		0
54.25		0
54.375		0
54.5		0
54.625		0
54.75		0
54.875		0
55		0
55.125		0
55.25		0
55.375		0
55.5		0
55.625		0
55.75		0
55.875		0
56		0
56.125		0
56.25		0
56.375		0
56.5		0
56.625		0
56.75		0
56.875		0
57		0
57.125		0
57.25		0
57.375		0
57.5		0
57.625		0
57.75		0
57.875		0
58		0
58.125		0
58.25		0
58.375		0
58.5		0
58.625		0
58.75		0
58.875		0
59		0
59.125		0
59.25		0
59.375		0
59.5		0
59.625		0
59.75		0
59.875		0
60		0
60.125		0
60.25		0
60.375		0
60.5		0
60.625		0
60.75		0
60.875		0
61		0
61.125		0
61.25		0
61.375		0
61.5		0
61.625		0
61.75		0
61.875		0
62		0
62.125		0
62.25		0
62.375		0
62.5		0
62.625		0
62.75		0
62.875		0
63		0
63.125		0
63.25		0
63.375		0
63.5		0
63.625		0
63.75		0
63.875		0
64		0
64.125		0
64.25		0
64.375		0
64.5		0
64.625		0
64.75		0
64.875		0
65		0
65.125		0
65.25		0
65.375		0
65.5		0
65.625		0
65.75		0
65.875		0
66		0
66.125		0
66.25		0
66.375		0
66.5		0
66.625		0
66.75		0
66.875		0
67		0
67.125		0
67.25		0
67.375		0
67.5		0
67.625		0
67.75		0
67.875		0
68		0
68.125		0
68.25		0
68.375		0
68.5		0
68.625		0
68.75		0
68.875		0
69		0
69.125		0
69.25		0
69.375		0
69.5		0
69.625		0
69.75		0
69.875		0
70		0
70.125		0
70.25		0
70.375		0
70.5		0
70.625		0
70.75		0
70.875		0
71		0
71.125		0
71.25		0
71.375		0
71.5		0
71.625		0
71.75		0
71.875		0
72		0
72.125		0
72.25		0
72.375		0
72.5		0
72.625		0
72.75		0
72.875		0
73		0
73.125		0
73.25		0
73.375		0
73.5		0
73.625		0
73.75		0
73.875		0
74		0
74.125		0
74.25		0
74.375		0
74.5		0
74.625		0
74.75		0
74.875		0
75		0
75.125		0
75.25		0
75.375		0
75.5		0
75.625		0
75.75		0
75.875		0
76		0
76.125		0
76.25		0
76.375		0
76.5		0
76.625		0
76.75		0
76.875		0
77		0
77.125		0
77.25		0
77.375		0
77.5		0
77.625		0
77.75		0
77.875		0
78		0
78.125		0
78.25		0
78.375		0
78.5		0
78.625		0
78.75		0
78.875		0
79		0
79.125		0
79.25		0
79.375		0
79.5		0
79.625		0
79.75		0
79.875		0
80		0
80.125		0.0586703
80.25		0.0586703
80.375		0.0586703
80.5		0.0586703
80.625		0.0586703
80.75		0.0586703
80.875		0.0586703
81		0.0586703
81.125		0.0586703
81.25		0.0586703
81.375		0.0586703
81.5		0.0586703
81.625		0.0586703
81.75		0.0586703
81.875		0.0586703
82		0.0586703
82.125		0.0586703
82.25		0.0586703
82.375		0.0586703
82.5		0.0586703
82.625		0.0586703
82.75		0.0586703
82.875		0.0586703
83		0.0586703
83.125		0.0586703
83.25		0.0586703
83.375		0.0586703
83.5		0.0586703
83.625		0.0586703
83.75		0.0586703
83.875		0.0586703
84		0.0586703
84.125		0.0586703
84.25		0.0586703
84.375		0.0586703
84.5		0.0586703
84.625		0.0586703
84.75		0.0586703
84.875		0.0586703
85		0.0586703
85.125		0.0647978
85.25		0.0647978
85.375		0.0647978
85.5		0.0647978
85.625		0.0647978
85.75		0.0647978
85.875		0.0647978
86		0.0647978
86.125		0.0647978
86.25		0.0647978
86.375		0.0647978
86.5		0.0647978
86.625		0.0647978
86.75		0.0647978
86.875		0.0647978
87		0.0647978
87.125		0.0647978
87.25		0.0647978
87.375		0.0647978
87.5		0.0647978
87.625		0.0647978
87.75		0.0647978
87.875		0.0647978
88		0.0647978
88.125		0.0647978
88.25		0.0647978
88.375		0.0647978
88.5		0.0647978
88.625		0.0647978
88.75		0.0647978
88.875		0.0647978
89		0.0647978
89.125		0.0647978
89.25		0.0647978
89.375		0.0647978
89.5		0.0647978
89.625		0.0647978
89.75		0.0647978
89.875		0.0647978
90		0.0647978
90.125		0.0657169
90.25		0.0657169
90.375		0.0657169
90.5		0.0657169
90.625		0.0657169
90.75		0.0657169
90.875		0.0657169
91		0.0657169
91.125		0.0657169
91.25		0.0657169
91.375		0.0657169
91.5		0.0657169
91.625		0.0657169
91.75		0.0657169
91.875		0.0657169
92		0.0657169
92.125		0.0657169
92.25		0.0657169
92.375		0.0657169
92.5		0.0657169
92.625		0.0657169
92.75		0.0657169
92.875		0.0657169
93		0.0657169
93.125		0.0657169
93.25		0.0657169
93.375		0.0657169
93.5		0.0657169
93.625		0.0657169
93.75		0.0657169
93.875		0.0657169
94		0.0657169
94.125		0.0657169
94.25		0.0657169
94.375		0.0657169
94.5		0.0657169
94.625		0.0657169
94.75		0.0657169
94.875		0.0657169
95		0.0657169
95.125		0.078125
95.25		0.078125
95.375		0.078125
95.5		0.078125
95.625		0.078125
95.75		0.078125
95.875		0.078125
96		0.078125
96.125		0.078125
96.25		0.078125
96.375		0.078125
96.5		0.078125
96.625		0.078125
96.75		0.078125
96.875		0.078125
97		0.078125
97.125		0.078125
97.25		0.078125
97.375		0.078125
97.5		0.078125
97.625		0.078125
97.75		0.078125
97.875		0.078125
98		0.078125
98.125		0.078125
98.25		0.078125
98.375		0.078125
98.5		0.078125
98.625		0.078125
98.75		0.078125
98.875		0.078125
99		0.078125
99.125		0.078125
99.25		0.078125
99.375		0.078125
99.5		0.078125
99.625		0.078125
99.75		0.078125
99.875		0.078125
100		0.078125
100.125		0.117034
100.25		0.117034
100.375		0.117034
100.5		0.117034
100.625		0.117034
100.75		0.117034
100.875		0.117034
101		0.117034
101.125		0.117034
101.25		0.117034
101.375		0.117034
101.5		0.117034
101.625		0.117034
101.75		0.117034
101.875		0.117034
102		0.117034
102.125		0.117034
102.25		0.117034
102.375		0.117034
102.5		0.117034
102.625		0.117034
102.75		0.117034
102.875		0.117034
103		0.117034
103.125		0.117034
103.25		0.117034
103.375		0.117034
103.5		0.117034
103.625		0.117034
103.75		0.117034
103.875		0.117034
104		0.117034
104.125		0.117034
104.25		0.117034
104.375		0.117034
104.5		0.117034
104.625		0.117034
104.75		0.117034
104.875		0.117034
105		0.117034
105.125		0.121783
105.25		0.121783
105.375		0.121783
105.5		0.121783
105.625		0.121783
105.75		0.121783
105.875		0.121783
106		0.121783
106.125		0.121783
106.25		0.121783
106.375		0.121783
106.5		0.121783
106.625		0.121783
106.75		0.121783
106.875		0.121783
107		0.121783
107.125		0.121783
107.25		0.121783
107.375		0.121783
107.5		0.121783
107.625		0.121783
107.75		0.121783
107.875		0.121783
108		0.121783
108.125		0.121783
108.25		0.121783
108.375		0.121783
108.5		0.121783
108.625		0.121783
108.75		0.121783
108.875		0.121783
109		0.121783
109.125		0.121783
109.25		0.121783
109.375		0.121783
109.5		0.121783
109.625		0.121783
109.75		0.121783
109.875		0.121783
110		0.121783
110.125		0.124081
110.25		0.124081
110.375		0.124081
110.5		0.124081
110.625		0.124081
110.75		0.124081
110.875		0.124081
111		0.124081
111.125		0.124081
111.25		0.124081
111.375		0.124081
111.5		0.124081
111.625		0.124081
111.75		0.124081
111.875		0.124081
112		0.124081
112.125		0.124081
112.25		0.124081
112.375		0.124081
112.5		0.124081
112.625		0.124081
112.75		0.124081
112.875		0.124081
113		0.124081
113.125		0.124081
113.25		0.124081
113.375		0.124081
113.5		0.124081
113.625		0.124081
113.75		0.124081
113.875		0.124081
114		0.124081
114.125		0.124081
114.25		0.124081
114.375		0.124081
114.5		0.124081
114.625		0.124081
114.75		0.124081
114.875		0.124081
115		0.124081
115.125		0.143536
115.25		0.143536
115.375		0.143536
115.5		0.143536
115.625		0.143536
115.75		0.143536
115.875		0.143536
116		0.143536
116.125		0.143536
116.25		0.143536
116.375		0.143536
116.5		0.143536
116.625		0.143536
116.75		0.143536
116.875		0.143536
117		0.143536
117.125		0.143536
117.25		0.143536
117.375		0.143536
117.5		0.143536
117.625		0.143536
117.75		0.143536
117.875		0.143536
118		0.143536
118.125		0.143536
118.25		0.143536
118.375		0.143536
118.5		0.143536
118.625		0.143536
118.75		0.143536
118.875		0.143536
119		0.143536
119.125		0.143536
119.25		0.143536
119.375		0.143536
119.5		0.143536
119.625		0.143536
119.75		0.143536
119.875		0.143536
120		0.143536
120.125		0.17356
120.25		0.17356
120.375		0.17356
120.5		0.17356
120.625		0.17356
120.75		0.17356
120.875		0.17356
121		0.17356
121.125		0.17356
121.25		0.17356
121.375		0.17356
121.5		0.17356
121.625		0.17356
121.75		0.17356
121.875		0.17356
122		0.17356
122.125		0.17356
122.25		0.17356
122.375		0.17356
122.5		0.17356
122.625		0.17356
122.75		0.17356
122.875		0.17356
123		0.17356
123.125		0.17356
123.25		0.17356
123.375		0.17356
123.5		0.17356
123.625		0.17356
123.75		0.17356
123.875		0.17356
124		0.17356
124.125		0.17356
124.25		0.17356
124.375		0.17356
124.5		0.17356
124.625		0.17356
124.75		0.17356
124.875		0.17356
125		0.17356
125.125		0.179075
125.25		0.179075
125.375		0.179075
125.5		0.179075
125.625		0.179075
125.75		0.179075
125.875		0.179075
126		0.179075
126.125		0.179075
126.25		0.179075
126.375		0.179075
126.5		0.179075
126.625		0.179075
126.75		0.179075
126.875		0.179075
127		0.179075
127.125		0.179075
127.25		0.179075
127.375		0.179075
127.5		0.179075
127.625		0.179075
127.75		0.179075
127.875		0.179075
128		0.179075
128.125		0.179075
128.25		0.179075
128.375		0.179075
128.5		0.179075
128.625		0.179075
128.75		0.179075
128.875		0.179075
129		0.179075
129.125		0.179075
129.25		0.179075
129.375		0.179075
129.5		0.179075
129.625		0.179075
129.75		0.179075
129.875		0.179075
130		0.179075
130.125		0.179841
130.25		0.179841
130.375		0.179841
130.5		0.179841
130.625		0.179841
130.75		0.179841
130.875		0.179841
131		0.179841
131.125		0.179841
131.25		0.179841
131.375		0.179841
131.5		0.179841
131.625		0.179841
131.75		0.179841
131.875		0.179841
132		0.179841
132.125		0.179841
132.25		0.179841
132.375		0.179841
132.5		0.179841
132.625		0.179841
132.75		0.179841
132.875		0.179841
133		0.179841
133.125		0.179841
133.25		0.179841
133.375		0.179841
133.5		0.179841
133.625		0.179841
133.75		0.179841
133.875		0.179841
134		0.179841
134.125		0.179841
134.25		0.179841
134.375		0.179841
134.5		0.179841
134.625		0.179841
134.75		0.179841
134.875		0.179841
135		0.179841
135.125		0.182598
135.25		0.182598
135.375		0.182598
135.5		0.182598
135.625		0.182598
135.75		0.182598
135.875		0.182598
136		0.182598
136.125		0.182598
136.25		0.182598
136.375		0.182598
136.5		0.182598
136.625		0.182598
136.75		0.182598
136.875		0.182598
137		0.182598
137.125		0.182598
137.25		0.182598
137.375		0.182598
137.5		0.182598
137.625		0.182598
137.75		0.182598
137.875		0.182598
138		0.182598
138.125		0.182598
138.25		0.182598
138.375		0.182598
138.5		0.182598
138.625		0.182598
138.75		0.182598
138.875		0.182598
139		0.182598
139.125		0.182598
139.25		0.182598
139.375		0.182598
139.5		0.182598
139.625		0.182598
139.75		0.182598
139.875		0.182598
140		0.182598
140.125		0.195925
140.25		0.195925
140.375		0.195925
140.5		0.195925
140.625		0.195925
140.75		0.195925
140.875		0.195925
141		0.195925
141.125		0.195925
141.25		0.195925
141.375		0.195925
141.5		0.195925
141.625		0.195925
141.75		0.195925
141.875		0.195925
142		0.195925
142.125		0.195925
142.25		0.195925
142.375		0.195925
142.5		0.195925
142.625		0.195925
142.75		0.195925
142.875		0.195925
143		0.195925
143.125		0.195925
143.25		0.195925
143.375		0.195925
143.5		0.195925
143.625		0.195925
143.75		0.195925
143.875		0.195925
144		0.195925
144.125		0.195925
144.25		0.195925
144.375		0.195925
144.5		0.195925
144.625		0.195925
144.75		0.195925
144.875		0.195925
145		0.195925
145.125		0.2019
145.25		0.2019
145.375		0.2019
145.5		0.2019
145.625		0.2019
145.75		0.2019
145.875		0.2019
146		0.2019
146.125		0.2019
146.25		0.2019
146.375		0.2019
146.5		0.2019
146.625		0.2019
146.75		0.2019
146.875		0.2019
147		0.2019
147.125		0.2019
147.25		0.2019
147.375		0.2019
147.5		0.2019
147.625		0.2019
147.75		0.2019
147.875		0.2019
148		0.2019
148.125		0.2019
148.25		0.2019
148.375		0.2019
148.5		0.2019
148.625		0.2019
148.75		0.2019
148.875		0.2019
149		0.2019
149.125		0.2019
149.25		0.2019
149.375		0.2019
149.5		0.2019
149.625		0.2019
149.75		0.2019
149.875		0.2019
150		0.2019
150.125		0.236979
150.25		0.236979
150.375		0.236979
150.5		0.236979
150.625		0.236979
150.75		0.236979
150.875		0.236979
151		0.236979
151.125		0.236979
151.25		0.236979
151.375		0.236979
151.5		0.236979
151.625		0.236979
151.75		0.236979
151.875		0.236979
152		0.236979
152.125		0.236979
152.25		0.236979
152.375		0.236979
152.5		0.236979
152.625		0.236979
152.75		0.236979
152.875		0.236979
153		0.236979
153.125		0.236979
153.25		0.236979
153.375		0.236979
153.5		0.236979
153.625		0.236979
153.75		0.236979
153.875		0.236979
154		0.236979
154.125		0.236979
154.25		0.236979
154.375		0.236979
154.5		0.236979
154.625		0.236979
154.75		0.236979
154.875		0.236979
155		0.236979
155.125		0.240196
155.25		0.240196
155.375		0.240196
155.5		0.240196
155.625		0.240196
155.75		0.240196
155.875		0.240196
156		0.240196
156.125		0.240196
156.25		0.240196
156.375		0.240196
156.5		0.240196
156.625		0.240196
156.75		0.240196
156.875		0.240196
157		0.240196
157.125		0.240196
157.25		0.240196
157.375		0.240196
157.5		0.240196
157.625		0.240196
157.75		0.240196
157.875		0.240196
158		0.240196
158.125		0.240196
158.25		0.240196
158.375		0.240196
158.5		0.240196
158.625		0.240196
158.75		0.240196
158.875		0.240196
159		0.240196
159.125		0.240196
159.25		0.240196
159.375		0.240196
159.5		0.240196
159.625		0.240196
159.75		0.240196
159.875		0.240196
160		0.240196
160.125		0.255362
160.25		0.255362
160.375		0.255362
160.5		0.255362
160.625		0.255362
160.75		0.255362
160.875		0.255362
161		0.255362
161.125		0.255362
161.25		0.255362
161.375		0.255362
161.5		0.255362
161.625		0.255362
161.75		0.255362
161.875		0.255362
162		0.255362
162.125		0.255362
162.25		0.255362
162.375		0.255362
162.5		0.255362
162.625		0.255362
162.75		0.255362
162.875		0.255362
163		0.255362
163.125		0.255362
163.25		0.255362
163.375		0.255362
163.5		0.255362
163.625		0.255362
163.75		0.255362
163.875		0.255362
164		0.255362
164.125		0.255362
164.25		0.255362
164.375		0.255362
164.5		0.255362
164.625		0.255362
164.75		0.255362
164.875		0.255362
165		0.255362
165.125		0.259038
165.25		0.259038
165.375		0.259038
165.5		0.259038
165.625		0.259038
165.75		0.259038
165.875		0.259038
166		0.259038
166.125		0.259038
166.25		0.259038
166.375		0.259038
166.5		0.259038
166.625		0.259038
166.75		0.259038
166.875		0.259038
167		0.259038
167.125		0.259038
167.25		0.259038
167.375		0.259038
167.5		0.259038
167.625		0.259038
167.75		0.259038
167.875		0.259038
168		0.259038
168.125		0.259038
168.25		0.259038
168.375		0.259038
168.5		0.259038
168.625		0.259038
168.75		0.259038
168.875		0.259038
169		0.259038
169.125		0.259038
169.25		0.259038
169.375		0.259038
169.5		0.259038
169.625		0.259038
169.75		0.259038
169.875		0.259038
170		0.259038
170.125		0.260723
170.25		0.260723
170.375		0.260723
170.5		0.260723
170.625		0.260723
170.75		0.260723
170.875		0.260723
171		0.260723
171.125		0.260723
171.25		0.260723
171.375		0.260723
171.5		0.260723
171.625		0.260723
171.75		0.260723
171.875		0.260723
172		0.260723
172.125		0.260723
172.25		0.260723
172.375		0.260723
172.5		0.260723
172.625		0.260723
172.75		0.260723
172.875		0.260723
173		0.260723
173.125		0.260723
173.25		0.260723
173.375		0.260723
173.5		0.260723
173.625		0.260723
173.75		0.260723
173.875		0.260723
174		0.260723
174.125		0.260723
174.25		0.260723
174.375		0.260723
174.5		0.260723
174.625		0.260723
174.75		0.260723
174.875		0.260723
175		0.260723
175.125		0.265165
175.25		0.265165
175.375		0.265165
175.5		0.265165
175.625		0.265165
175.75		0.265165
175.875		0.265165
176		0.265165
176.125		0.265165
176.25		0.265165
176.375		0.265165
176.5		0.265165
176.625		0.265165
176.75		0.265165
176.875		0.265165
177		0.265165
177.125		0.265165
177.25		0.265165
177.375		0.265165
177.5		0.265165
177.625		0.265165
177.75		0.265165
177.875		0.265165
178		0.265165
178.125		0.265165
178.25		0.265165
178.375		0.265165
178.5		0.265165
178.625		0.265165
178.75		0.265165
178.875		0.265165
179		0.265165
179.125		0.265165
179.25		0.265165
179.375		0.265165
179.5		0.265165
179.625		0.265165
179.75		0.265165
179.875		0.265165
180		0.265165
180.125		0.288297
180.25		0.288297
180.375		0.288297
180.5		0.288297
180.625		0.288297
180.75		0.288297
180.875		0.288297
181		0.288297
181.125		0.288297
181.25		0.288297
181.375		0.288297
181.5		0.288297
181.625		0.288297
181.75		0.288297
181.875		0.288297
182		0.288297
182.125		0.288297
182.25		0.288297
182.375		0.288297
182.5		0.288297
182.625		0.288297
182.75		0.288297
182.875		0.288297
183		0.288297
183.125		0.288297
183.25		0.288297
183.375		0.288297
183.5		0.288297
183.625		0.288297
183.75		0.288297
183.875		0.288297
184		0.288297
184.125		0.288297
184.25		0.288297
184.375		0.288297
184.5		0.288297
184.625		0.288297
184.75		0.288297
184.875		0.288297
185		0.288297
185.125		0.290135
185.25		0.290135
185.375		0.290135
185.5		0.290135
185.625		0.290135
185.75		0.290135
185.875		0.290135
186		0.290135
186.125		0.290135
186.25		0.290135
186.375		0.290135
186.5		0.290135
186.625		0.290135
186.75		0.290135
186.875		0.290135
187		0.290135
187.125		0.290135
187.25		0.290135
187.375		0.290135
187.5		0.290135
187.625		0.290135
187.75		0.290135
187.875		0.290135
188		0.290135
188.125		0.290135
188.25		0.290135
188.375		0.290135
188.5		0.290135
188.625		0.290135
188.75		0.290135
188.875		0.290135
189		0.290135
189.125		0.290135
189.25		0.290135
189.375		0.290135
189.5		0.290135
189.625		0.290135
189.75		0.290135
189.875		0.290135
190		0.290135
190.125		0.307292
190.25		0.307292
190.375		0.307292
190.5		0.307292
190.625		0.307292
190.75		0.307292
190.875		0.307292
191		0.307292
191.125		0.307292
191.25		0.307292
191.375		0.307292
191.5		0.307292
191.625		0.307292
191.75		0.307292
191.875		0.307292
192		0.307292
192.125		0.307292
192.25		0.307292
192.375		0.307292
192.5		0.307292
192.625		0.307292
192.75		0.307292
192.875		0.307292
193		0.307292
193.125		0.307292
193.25		0.307292
193.375		0.307292
193.5		0.307292
193.625		0.307292
193.75		0.307292
193.875		0.307292
194		0.307292
194.125		0.307292
194.25		0.307292
194.375		0.307292
194.5		0.307292
194.625		0.307292
194.75		0.307292
194.875		0.307292
195		0.307292
195.125		0.321385
195.25		0.321385
195.375		0.321385
195.5		0.321385
195.625		0.321385
195.75		0.321385
195.875		0.321385
196		0.321385
196.125		0.321385
196.25		0.321385
196.375		0.321385
196.5		0.321385
196.625		0.321385
196.75		0.321385
196.875		0.321385
197		0.321385
197.125		0.321385
197.25		0.321385
197.375		0.321385
197.5		0.321385
197.625		0.321385
197.75		0.321385
197.875		0.321385
198		0.321385
198.125		0.321385
198.25		0.321385
198.375		0.321385
198.5		0.321385
198.625		0.321385
198.75		0.321385
198.875		0.321385
199		0.321385
199.125		0.321385
199.25		0.321385
199.375		0.321385
199.5		0.321385
199.625		0.321385
199.75		0.321385
199.875		0.321385
200		0.321385
200.125		0.321998
200.25		0.321998
200.375		0.321998
200.5		0.321998
200.625		0.321998
200.75		0.321998
200.875		0.321998
201		0.321998
201.125		0.321998
201.25		0.321998
201.375		0.321998
201.5		0.321998
201.625		0.321998
201.75		0.321998
201.875		0.321998
202		0.321998
202.125		0.321998
202.25		0.321998
202.375		0.321998
202.5		0.321998
202.625		0.321998
202.75		0.321998
202.875		0.321998
203		0.321998
203.125		0.321998
203.25		0.321998
203.375		0.321998
203.5		0.321998
203.625		0.321998
203.75		0.321998
203.875		0.321998
204		0.321998
204.125		0.321998
204.25		0.321998
204.375		0.321998
204.5		0.321998
204.625		0.321998
204.75		0.321998
204.875		0.321998
205		0.321998
205.125		0.329963
205.25		0.329963
205.375		0.329963
205.5		0.329963
205.625		0.329963
205.75		0.329963
205.875		0.329963
206		0.329963
206.125		0.329963
206.25		0.329963
206.375		0.329963
206.5		0.329963
206.625		0.329963
206.75		0.329963
206.875		0.329963
207		0.329963
207.125		0.329963
207.25		0.329963
207.375		0.329963
207.5		0.329963
207.625		0.329963
207.75		0.329963
207.875		0.329963
208		0.329963
208.125		0.329963
208.25		0.329963
208.375		0.329963
208.5		0.329963
208.625		0.329963
208.75		0.329963
208.875		0.329963
209		0.329963
209.125		0.329963
209.25		0.329963
209.375		0.329963
209.5		0.329963
209.625		0.329963
209.75		0.329963
209.875		0.329963
210		0.329963
210.125		0.360141
210.25		0.360141
210.375		0.360141
210.5		0.360141
210.625		0.360141
210.75		0.360141
210.875		0.360141
211		0.360141
211.125		0.360141
211.25		0.360141
211.375		0.360141
211.5		0.360141
211.625		0.360141
211.75		0.360141
211.875		0.360141
212		0.360141
212.125		0.360141
212.25		0.360141
212.375		0.360141
212.5		0.360141
212.625		0.360141
212.75		0.360141
212.875		0.360141
213		0.360141
213.125		0.360141
213.25		0.360141
213.375		0.360141
213.5		0.360141
213.625		0.360141
213.75		0.360141
213.875		0.360141
214		0.360141
214.125		0.360141
214.25		0.360141
214.375		0.360141
214.5		0.360141
214.625		0.360141
214.75		0.360141
214.875		0.360141
215		0.360141
215.125		0.362592
215.25		0.362592
215.375		0.362592
215.5		0.362592
215.625		0.362592
215.75		0.362592
215.875		0.362592
216		0.362592
216.125		0.362592
216.25		0.362592
216.375		0.362592
216.5		0.362592
216.625		0.362592
216.75		0.362592
216.875		0.362592
217		0.362592
217.125		0.362592
217.25		0.362592
217.375		0.362592
217.5		0.362592
217.625		0.362592
217.75		0.362592
217.875		0.362592
218		0.362592
218.125		0.362592
218.25		0.362592
218.375		0.362592
218.5		0.362592
218.625		0.362592
218.75		0.362592
218.875		0.362592
219		0.362592
219.125		0.362592
219.25		0.362592
219.375		0.362592
219.5		0.362592
219.625		0.362592
219.75		0.362592
219.875		0.362592
220		0.362592
220.125		0.365962
220.25		0.365962
220.375		0.365962
220.5		0.365962
220.625		0.365962
220.75		0.365962
220.875		0.365962
221		0.365962
221.125		0.365962
221.25		0.365962
221.375		0.365962
221.5		0.365962
221.625		0.365962
221.75		0.365962
221.875		0.365962
222		0.365962
222.125		0.365962
222.25		0.365962
222.375		0.365962
222.5		0.365962
222.625		0.365962
222.75		0.365962
222.875		0.365962
223		0.365962
223.125		0.365962
223.25		0.365962
223.375		0.365962
223.5		0.365962
223.625		0.365962
223.75		0.365962
223.875		0.365962
224		0.365962
224.125		0.365962
224.25		0.365962
224.375		0.365962
224.5		0.365962
224.625		0.365962
224.75		0.365962
224.875		0.365962
225		0.365962
225.125		0.373162
225.25		0.373162
225.375		0.373162
225.5		0.373162
225.625		0.373162
225.75		0.373162
225.875		0.373162
226		0.373162
226.125		0.373162
226.25		0.373162
226.375		0.373162
226.5		0.373162
226.625		0.373162
226.75		0.373162
226.875		0.373162
227		0.373162
227.125		0.373162
227.25		0.373162
227.375		0.373162
227.5		0.373162
227.625		0.373162
227.75		0.373162
227.875		0.373162
228		0.373162
228.125		0.373162
228.25		0.373162
228.375		0.373162
228.5		0.373162
228.625		0.373162
228.75		0.373162
228.875		0.373162
229		0.373162
229.125		0.373162
229.25		0.373162
229.375		0.373162
229.5		0.373162
229.625		0.373162
229.75		0.373162
229.875		0.373162
230		0.373162
230.125		0.386489
230.25		0.386489
230.375		0.386489
230.5		0.386489
230.625		0.386489
230.75		0.386489
230.875		0.386489
231		0.386489
231.125		0.386489
231.25		0.386489
231.375		0.386489
231.5		0.386489
231.625		0.386489
231.75		0.386489
231.875		0.386489
232		0.386489
232.125		0.386489
232.25		0.386489
232.375		0.386489
232.5		0.386489
232.625		0.386489
232.75		0.386489
232.875		0.386489
233		0.386489
233.125		0.386489
233.25		0.386489
233.375		0.386489
233.5		0.386489
233.625		0.386489
233.75		0.386489
233.875		0.386489
234		0.386489
234.125		0.386489
234.25		0.386489
234.375		0.386489
234.5		0.386489
234.625		0.386489
234.75		0.386489
234.875		0.386489
235		0.386489
235.125		0.402114
235.25		0.402114
235.375		0.402114
235.5		0.402114
235.625		0.402114
235.75		0.402114
235.875		0.402114
236		0.402114
236.125		0.402114
236.25		0.402114
236.375		0.402114
236.5		0.402114
236.625		0.402114
236.75		0.402114
236.875		0.402114
237		0.402114
237.125		0.402114
237.25		0.402114
237.375		0.402114
237.5		0.402114
237.625		0.402114
237.75		0.402114
237.875		0.402114
238		0.402114
238.125		0.402114
238.25		0.402114
238.375		0.402114
238.5		0.402114
238.625		0.402114
238.75		0.402114
238.875		0.402114
239		0.402114
239.125		0.402114
239.25		0.402114
239.375		0.402114
239.5		0.402114
239.625		0.402114
239.75		0.402114
239.875		0.402114
240		0.402114
240.125		0.42402
240.25		0.42402
240.375		0.42402
240.5		0.42402
240.625		0.42402
240.75		0.42402
240.875		0.42402
241		0.42402
241.125		0.42402
241.25		0.42402
241.375		0.42402
241.5		0.42402
241.625		0.42402
241.75		0.42402
241.875		0.42402
242		0.42402
242.125		0.42402
242.25		0.42402
242.375		0.42402
242.5		0.42402
242.625		0.42402
242.75		0.42402
242.875		0.42402
243		0.42402
243.125		0.42402
243.25		0.42402
243.375		0.42402
243.5		0.42402
243.625		0.42402
243.75		0.42402
243.875		0.42402
244		0.42402
244.125		0.42402
244.25		0.42402
244.375		0.42402
244.5		0.42402
244.625		0.42402
244.75		0.42402
244.875		0.42402
245		0.42402
245.125		0.42693
245.25		0.42693
245.375		0.42693
245.5		0.42693
245.625		0.42693
245.75		0.42693
245.875		0.42693
246		0.42693
246.125		0.42693
246.25		0.42693
246.375		0.42693
246.5		0.42693
246.625		0.42693
246.75		0.42693
246.875		0.42693
247		0.42693
247.125		0.42693
247.25		0.42693
247.375		0.42693
247.5		0.42693
247.625		0.42693
247.75		0.42693
247.875		0.42693
248		0.42693
248.125		0.42693
248.25		0.42693
248.375		0.42693
248.5		0.42693
248.625		0.42693
248.75		0.42693
248.875		0.42693
249		0.42693
249.125		0.42693
249.25		0.42693
249.375		0.42693
249.5		0.42693
249.625		0.42693
249.75		0.42693
249.875		0.42693
250		0.42693
250.125		0.433211
250.25		0.433211
250.375		0.433211
250.5		0.433211
250.625		0.433211
250.75		0.433211
250.875		0.433211
251		0.433211
251.125		0.433211
251.25		0.433211
251.375		0.433211
251.5		0.433211
251.625		0.433211
251.75		0.433211
251.875		0.433211
252		0.433211
252.125		0.433211
252.25		0.433211
252.375		0.433211
252.5		0.433211
252.625		0.433211
252.75		0.433211
252.875		0.433211
253		0.433211
253.125		0.433211
253.25		0.433211
253.375		0.433211
253.5		0.433211
253.625		0.433211
253.75		0.433211
253.875		0.433211
254		0.433211
254.125		0.433211
254.25		0.433211
254.375		0.433211
254.5		0.433211
254.625		0.433211
254.75		0.433211
254.875		0.433211
255		0.433211
255.125		0.448223
255.25		0.448223
255.375		0.448223
255.5		0.448223
255.625		0.448223
255.75		0.448223
255.875		0.448223
256		0.448223
256.125		0.448223
256.25		0.448223
256.375		0.448223
256.5		0.448223
256.625		0.448223
256.75		0.448223
256.875		0.448223
257		0.448223
257.125		0.448223
257.25		0.448223
257.375		0.448223
257.5		0.448223
257.625		0.448223
257.75		0.448223
257.875		0.448223
258		0.448223
258.125		0.448223
258.25		0.448223
258.375		0.448223
258.5		0.448223
258.625		0.448223
258.75		0.448223
258.875		0.448223
259		0.448223
259.125		0.448223
259.25		0.448223
259.375		0.448223
259.5		0.448223
259.625		0.448223
259.75		0.448223
259.875		0.448223
260		0.448223
260.125		0.453585
260.25		0.453585
260.375		0.453585
260.5		0.453585
260.625		0.453585
260.75		0.453585
260.875		0.453585
261		0.453585
261.125		0.453585
261.25		0.453585
261.375		0.453585
261.5		0.453585
261.625		0.453585
261.75		0.453585
261.875		0.453585
262		0.453585
262.125		0.453585
262.25		0.453585
262.375		0.453585
262.5		0.453585
262.625		0.453585
262.75		0.453585
262.875		0.453585
263		0.453585
263.125		0.453585
263.25		0.453585
263.375		0.453585
263.5		0.453585
263.625		0.453585
263.75		0.453585
263.875		0.453585
264		0.453585
264.125		0.453585
264.25		0.453585
264.375		0.453585
264.5		0.453585
264.625		0.453585
264.75		0.453585
264.875		0.453585
265		0.453585
265.125		0.481311
265.25		0.481311
265.375		0.481311
265.5		0.481311
265.625		0.481311
265.75		0.481311
265.875		0.481311
266		0.481311
266.125		0.481311
266.25		0.481311
266.375		0.481311
266.5		0.481311
266.625		0.481311
266.75		0.481311
266.875		0.481311
267		0.481311
267.125		0.481311
267.25		0.481311
267.375		0.481311
267.5		0.481311
267.625		0.481311
267.75		0.481311
267.875		0.481311
268		0.481311
268.125		0.481311
268.25		0.481311
268.375		0.481311
268.5		0.481311
268.625		0.481311
268.75		0.481311
268.875		0.481311
269		0.481311
269.125		0.481311
269.25		0.481311
269.375		0.481311
269.5		0.481311
269.625		0.481311
269.75		0.481311
269.875		0.481311
270		0.481311
270.125		0.48223
270.25		0.48223
270.375		0.48223
270.5		0.48223
270.625		0.48223
270.75		0.48223
270.875		0.48223
271		0.48223
271.125		0.48223
271.25		0.48223
271.375		0.48223
271.5		0.48223
271.625		0.48223
271.75		0.48223
271.875		0.48223
272		0.48223
272.125		0.48223
272.25		0.48223
272.375		0.48223
272.5		0.48223
272.625		0.48223
272.75		0.48223
272.875		0.48223
273		0.48223
273.125		0.48223
273.25		0.48223
273.375		0.48223
273.5		0.48223
273.625		0.48223
273.75		0.48223
273.875		0.48223
274		0.48223
274.125		0.48223
274.25		0.48223
274.375		0.48223
274.5		0.48223
274.625		0.48223
274.75		0.48223
274.875		0.48223
275		0.48223
275.125		0.486673
275.25		0.486673
275.375		0.486673
275.5		0.486673
275.625		0.486673
275.75		0.486673
275.875		0.486673
276		0.486673
276.125		0.486673
276.25		0.486673
276.375		0.486673
276.5		0.486673
276.625		0.486673
276.75		0.486673
276.875		0.486673
277		0.486673
277.125		0.486673
277.25		0.486673
277.375		0.486673
277.5		0.486673
277.625		0.486673
277.75		0.486673
277.875		0.486673
278		0.486673
278.125		0.486673
278.25		0.486673
278.375		0.486673
278.5		0.486673
278.625		0.486673
278.75		0.486673
278.875		0.486673
279		0.486673
279.125		0.486673
279.25		0.486673
279.375		0.486673
279.5		0.486673
279.625		0.486673
279.75		0.486673
279.875		0.486673
280		0.486673
280.125		0.494179
280.25		0.494179
280.375		0.494179
280.5		0.494179
280.625		0.494179
280.75		0.494179
280.875		0.494179
281		0.494179
281.125		0.494179
281.25		0.494179
281.375		0.494179
281.5		0.494179
281.625		0.494179
281.75		0.494179
281.875		0.494179
282		0.494179
282.125		0.494179
282.25		0.494179
282.375		0.494179
282.5		0.494179
282.625		0.494179
282.75		0.494179
282.875		0.494179
283		0.494179
283.125		0.494179
283.25		0.494179
283.375		0.494179
283.5		0.494179
283.625		0.494179
283.75		0.494179
283.875		0.494179
284		0.494179
284.125		0.494179
284.25		0.494179
284.375		0.494179
284.5		0.494179
284.625		0.494179
284.75		0.494179
284.875		0.494179
285		0.494179
285.125		0.514246
285.25		0.514246
285.375		0.514246
285.5		0.514246
285.625		0.514246
285.75		0.514246
285.875		0.514246
286		0.514246
286.125		0.514246
286.25		0.514246
286.375		0.514246
286.5		0.514246
286.625		0.514246
286.75		0.514246
286.875		0.514246
287		0.514246
287.125		0.514246
287.25		0.514246
287.375		0.514246
287.5		0.514246
287.625		0.514246
287.75		0.514246
287.875		0.514246
288		0.514246
288.125		0.514246
288.25		0.514246
288.375		0.514246
288.5		0.514246
288.625		0.514246
288.75		0.514246
288.875		0.514246
289		0.514246
289.125		0.514246
289.25		0.514246
289.375		0.514246
289.5		0.514246
289.625		0.514246
289.75		0.514246
289.875		0.514246
290		0.514246
290.125		0.524969
290.25		0.524969
290.375		0.524969
290.5		0.524969
290.625		0.524969
290.75		0.524969
290.875		0.524969
291		0.524969
291.125		0.524969
291.25		0.524969
291.375		0.524969
291.5		0.524969
291.625		0.524969
291.75		0.524969
291.875		0.524969
292		0.524969
292.125		0.524969
292.25		0.524969
292.375		0.524969
292.5		0.524969
292.625		0.524969
292.75		0.524969
292.875		0.524969
293		0.524969
293.125		0.524969
293.25		0.524969
293.375		0.524969
293.5		0.524969
293.625		0.524969
293.75		0.524969
293.875		0.524969
294		0.524969
294.125		0.524969
294.25		0.524969
294.375		0.524969
294.5		0.524969
294.625		0.524969
294.75		0.524969
294.875		0.524969
295		0.524969
295.125		0.535846
295.25		0.535846
295.375		0.535846
295.5		0.535846
295.625		0.535846
295.75		0.535846
295.875		0.535846
296		0.535846
296.125		0.535846
296.25		0.535846
296.375		0.535846
296.5		0.535846
296.625		0.535846
296.75		0.535846
296.875		0.535846
297		0.535846
297.125		0.535846
297.25		0.535846
297.375		0.535846
297.5		0.535846
297.625		0.535846
297.75		0.535846
297.875		0.535846
298		0.535846
298.125		0.535846
298.25		0.535846
298.375		0.535846
298.5		0.535846
298.625		0.535846
298.75		0.535846
298.875		0.535846
299		0.535846
299.125		0.535846
299.25		0.535846
299.375		0.535846
299.5		0.535846
299.625		0.535846
299.75		0.535846
299.875		0.535846
300		0.535846
300.125		0.542586
300.25		0.542586
300.375		0.542586
300.5		0.542586
300.625		0.542586
300.75		0.542586
300.875		0.542586
301		0.542586
301.125		0.542586
301.25		0.542586
301.375		0.542586
301.5		0.542586
301.625		0.542586
301.75		0.542586
301.875		0.542586
302		0.542586
302.125		0.542586
302.25		0.542586
302.375		0.542586
302.5		0.542586
302.625		0.542586
302.75		0.542586
302.875		0.542586
303		0.542586
303.125		0.542586
303.25		0.542586
303.375		0.542586
303.5		0.542586
303.625		0.542586
303.75		0.542586
303.875		0.542586
304		0.542586
304.125		0.542586
304.25		0.542586
304.375		0.542586
304.5		0.542586
304.625		0.542586
304.75		0.542586
304.875		0.542586
305		0.542586
305.125		0.547028
305.25		0.547028
305.375		0.547028
305.5		0.547028
305.625		0.547028
305.75		0.547028
305.875		0.547028
306		0.547028
306.125		0.547028
306.25		0.547028
306.375		0.547028
306.5		0.547028
306.625		0.547028
306.75		0.547028
306.875		0.547028
307		0.547028
307.125		0.547028
307.25		0.547028
307.375		0.547028
307.5		0.547028
307.625		0.547028
307.75		0.547028
307.875		0.547028
308		0.547028
308.125		0.547028
308.25		0.547028
308.375		0.547028
308.5		0.547028
308.625		0.547028
308.75		0.547028
308.875		0.547028
309		0.547028
309.125		0.547028
309.25		0.547028
309.375		0.547028
309.5		0.547028
309.625		0.547028
309.75		0.547028
309.875		0.547028
310		0.547028
310.125		0.560355
310.25		0.560355
310.375		0.560355
310.5		0.560355
310.625		0.560355
310.75		0.560355
310.875		0.560355
311		0.560355
311.125		0.560355
311.25		0.560355
311.375		0.560355
311.5		0.560355
311.625		0.560355
311.75		0.560355
311.875		0.560355
312		0.560355
312.125		0.560355
312.25		0.560355
312.375		0.560355
312.5		0.560355
312.625		0.560355
312.75		0.560355
312.875		0.560355
313		0.560355
313.125		0.560355
313.25		0.560355
313.375		0.560355
313.5		0.560355
313.625		0.560355
313.75		0.560355
313.875		0.560355
314		0.560355
314.125		0.560355
314.25		0.560355
314.375		0.560355
314.5		0.560355
314.625		0.560355
314.75		0.560355
314.875		0.560355
315		0.560355
315.125		0.571691
315.25		0.571691
315.375		0.571691
315.5		0.571691
315.625		0.571691
315.75		0.571691
315.875		0.571691
316		0.571691
316.125		0.571691
316.25		0.571691
316.375		0.571691
316.5		0.571691
316.625		0.571691
316.75		0.571691
316.875		0.571691
317		0.571691
317.125		0.571691
317.25		0.571691
317.375		0.571691
317.5		0.571691
317.625		0.571691
317.75		0.571691
317.875		0.571691
318		0.571691
318.125		0.571691
318.25		0.571691
318.375		0.571691
318.5		0.571691
318.625		0.571691
318.75		0.571691
318.875		0.571691
319		0.571691
319.125		0.571691
319.25		0.571691
319.375		0.571691
319.5		0.571691
319.625		0.571691
319.75		0.571691
319.875		0.571691
320		0.571691
320.125		0.588848
320.25		0.588848
320.375		0.588848
320.5		0.588848
320.625		0.588848
320.75		0.588848
320.875		0.588848
321		0.588848
321.125		0.588848
321.25		0.588848
321.375		0.588848
321.5		0.588848
321.625		0.588848
321.75		0.588848
321.875		0.588848
322		0.588848
322.125		0.588848
322.25		0.588848
322.375		0.588848
322.5		0.588848
322.625		0.588848
322.75		0.588848
322.875		0.588848
323		0.588848
323.125		0.588848
323.25		0.588848
323.375		0.588848
323.5		0.588848
323.625		0.588848
323.75		0.588848
323.875		0.588848
324		0.588848
324.125		0.588848
324.25		0.588848
324.375		0.588848
324.5		0.588848
324.625		0.588848
324.75		0.588848
324.875		0.588848
325		0.588848
325.125		0.603248
325.25		0.603248
325.375		0.603248
325.5		0.603248
325.625		0.603248
325.75		0.603248
325.875		0.603248
326		0.603248
326.125		0.603248
326.25		0.603248
326.375		0.603248
326.5		0.603248
326.625		0.603248
326.75		0.603248
326.875		0.603248
327		0.603248
327.125		0.603248
327.25		0.603248
327.375		0.603248
327.5		0.603248
327.625		0.603248
327.75		0.603248
327.875		0.603248
328		0.603248
328.125		0.603248
328.25		0.603248
328.375		0.603248
328.5		0.603248
328.625		0.603248
328.75		0.603248
328.875		0.603248
329		0.603248
329.125		0.603248
329.25		0.603248
329.375		0.603248
329.5		0.603248
329.625		0.603248
329.75		0.603248
329.875		0.603248
330		0.603248
330.125		0.605392
330.25		0.605392
330.375		0.605392
330.5		0.605392
330.625		0.605392
330.75		0.605392
330.875		0.605392
331		0.605392
331.125		0.605392
331.25		0.605392
331.375		0.605392
331.5		0.605392
331.625		0.605392
331.75		0.605392
331.875		0.605392
332		0.605392
332.125		0.605392
332.25		0.605392
332.375		0.605392
332.5		0.605392
332.625		0.605392
332.75		0.605392
332.875		0.605392
333		0.605392
333.125		0.605392
333.25		0.605392
333.375		0.605392
333.5		0.605392
333.625		0.605392
333.75		0.605392
333.875		0.605392
334		0.605392
334.125		0.605392
334.25		0.605392
334.375		0.605392
334.5		0.605392
334.625		0.605392
334.75		0.605392
334.875		0.605392
335		0.605392
335.125		0.625766
335.25		0.625766
335.375		0.625766
335.5		0.625766
335.625		0.625766
335.75		0.625766
335.875		0.625766
336		0.625766
336.125		0.625766
336.25		0.625766
336.375		0.625766
336.5		0.625766
336.625		0.625766
336.75		0.625766
336.875		0.625766
337		0.625766
337.125		0.625766
337.25		0.625766
337.375		0.625766
337.5		0.625766
337.625		0.625766
337.75		0.625766
337.875		0.625766
338		0.625766
338.125		0.625766
338.25		0.625766
338.375		0.625766
338.5		0.625766
338.625		0.625766
338.75		0.625766
338.875		0.625766
339		0.625766
339.125		0.625766
339.25		0.625766
339.375		0.625766
339.5		0.625766
339.625		0.625766
339.75		0.625766
339.875		0.625766
340		0.625766
340.125		0.626685
340.25		0.626685
340.375		0.626685
340.5		0.626685
340.625		0.626685
340.75		0.626685
340.875		0.626685
341		0.626685
341.125		0.626685
341.25		0.626685
341.375		0.626685
341.5		0.626685
341.625		0.626685
341.75		0.626685
341.875		0.626685
342		0.626685
342.125		0.626685
342.25		0.626685
342.375		0.626685
342.5		0.626685
342.625		0.626685
342.75		0.626685
342.875		0.626685
343		0.626685
343.125		0.626685
343.25		0.626685
343.375		0.626685
343.5		0.626685
343.625		0.626685
343.75		0.626685
343.875		0.626685
344		0.626685
344.125		0.626685
344.25		0.626685
344.375		0.626685
344.5		0.626685
344.625		0.626685
344.75		0.626685
344.875		0.626685
345		0.626685
345.125		0.646446
345.25		0.646446
345.375		0.646446
345.5		0.646446
345.625		0.646446
345.75		0.646446
345.875		0.646446
346		0.646446
346.125		0.646446
346.25		0.646446
346.375		0.646446
346.5		0.646446
346.625		0.646446
346.75		0.646446
346.875		0.646446
347		0.646446
347.125		0.646446
347.25		0.646446
347.375		0.646446
347.5		0.646446
347.625		0.646446
347.75		0.646446
347.875		0.646446
348		0.646446
348.125		0.646446
348.25		0.646446
348.375		0.646446
348.5		0.646446
348.625		0.646446
348.75		0.646446
348.875		0.646446
349		0.646446
349.125		0.646446
349.25		0.646446
349.375		0.646446
349.5		0.646446
349.625		0.646446
349.75		0.646446
349.875		0.646446
350		0.646446
350.125		0.657475
350.25		0.657475
350.375		0.657475
350.5		0.657475
350.625		0.657475
350.75		0.657475
350.875		0.657475
351		0.657475
351.125		0.657475
351.25		0.657475
351.375		0.657475
351.5		0.657475
351.625		0.657475
351.75		0.657475
351.875		0.657475
352		0.657475
352.125		0.657475
352.25		0.657475
352.375		0.657475
352.5		0.657475
352.625		0.657475
352.75		0.657475
352.875		0.657475
353		0.657475
353.125		0.657475
353.25		0.657475
353.375		0.657475
353.5		0.657475
353.625		0.657475
353.75		0.657475
353.875		0.657475
354		0.657475
354.125		0.657475
354.25		0.657475
354.375		0.657475
354.5		0.657475
354.625		0.657475
354.75		0.657475
354.875		0.657475
355		0.657475
355.125		0.671875
355.25		0.671875
355.375		0.671875
355.5		0.671875
355.625		0.671875
355.75		0.671875
355.875		0.671875
356		0.671875
356.125		0.671875
356.25		0.671875
356.375		0.671875
356.5		0.671875
356.625		0.671875
356.75		0.671875
356.875		0.671875
357		0.671875
357.125		0.671875
357.25		0.671875
357.375		0.671875
357.5		0.671875
357.625		0.671875
357.75		0.671875
357.875		0.671875
358		0.671875
358.125		0.671875
358.25		0.671875
358.375		0.671875
358.5		0.671875
358.625		0.671875
358.75		0.671875
358.875		0.671875
359		0.671875
359.125		0.671875
359.25		0.671875
359.375		0.671875
359.5		0.671875
359.625		0.671875
359.75		0.671875
359.875		0.671875
360		0.671875
360.125		0.68796
360.25		0.68796
360.375		0.68796
360.5		0.68796
360.625		0.68796
360.75		0.68796
360.875		0.68796
361		0.68796
361.125		0.68796
361.25		0.68796
361.375		0.68796
361.5		0.68796
361.625		0.68796
361.75		0.68796
361.875		0.68796
362		0.68796
362.125		0.68796
362.25		0.68796
362.375		0.68796
362.5		0.68796
362.625		0.68796
362.75		0.68796
362.875		0.68796
363		0.68796
363.125		0.68796
363.25		0.68796
363.375		0.68796
363.5		0.68796
363.625		0.68796
363.75		0.68796
363.875		0.68796
364		0.68796
364.125		0.68796
364.25		0.68796
364.375		0.68796
364.5		0.68796
364.625		0.68796
364.75		0.68796
364.875		0.68796
365		0.68796
365.125		0.694087
365.25		0.694087
365.375		0.694087
365.5		0.694087
365.625		0.694087
365.75		0.694087
365.875		0.694087
366		0.694087
366.125		0.694087
366.25		0.694087
366.375		0.694087
366.5		0.694087
366.625		0.694087
366.75		0.694087
366.875		0.694087
367		0.694087
367.125		0.694087
367.25		0.694087
367.375		0.694087
367.5		0.694087
367.625		0.694087
367.75		0.694087
367.875		0.694087
368		0.694087
368.125		0.694087
368.25		0.694087
368.375		0.694087
368.5		0.694087
368.625		0.694087
368.75		0.694087
368.875		0.694087
369		0.694087
369.125		0.694087
369.25		0.694087
369.375		0.694087
369.5		0.694087
369.625		0.694087
369.75		0.694087
369.875		0.694087
370		0.694087
370.125		0.709865
370.25		0.709865
370.375		0.709865
370.5		0.709865
370.625		0.709865
370.75		0.709865
370.875		0.709865
371		0.709865
371.125		0.709865
371.25		0.709865
371.375		0.709865
371.5		0.709865
371.625		0.709865
371.75		0.709865
371.875		0.709865
372		0.709865
372.125		0.709865
372.25		0.709865
372.375		0.709865
372.5		0.709865
372.625		0.709865
372.75		0.709865
372.875		0.709865
373		0.709865
373.125		0.709865
373.25		0.709865
373.375		0.709865
373.5		0.709865
373.625		0.709865
373.75		0.709865
373.875		0.709865
374		0.709865
374.125		0.709865
374.25		0.709865
374.375		0.709865
374.5		0.709865
374.625		0.709865
374.75		0.709865
374.875		0.709865
375		0.709865
375.125		0.728401
375.25		0.728401
375.375		0.728401
375.5		0.728401
375.625		0.728401
375.75		0.728401
375.875		0.728401
376		0.728401
376.125		0.728401
376.25		0.728401
376.375		0.728401
376.5		0.728401
376.625		0.728401
376.75		0.728401
376.875		0.728401
377		0.728401
377.125		0.728401
377.25		0.728401
377.375		0.728401
377.5		0.728401
377.625		0.728401
377.75		0.728401
377.875		0.728401
378		0.728401
378.125		0.728401
378.25		0.728401
378.375		0.728401
378.5		0.728401
378.625		0.728401
378.75		0.728401
378.875		0.728401
379		0.728401
379.125		0.728401
379.25		0.728401
379.375		0.728401
379.5		0.728401
379.625		0.728401
379.75		0.728401
379.875		0.728401
380		0.728401
380.125		0.738205
380.25		0.738205
380.375		0.738205
380.5		0.738205
380.625		0.738205
380.75		0.738205
380.875		0.738205
381		0.738205
381.125		0.738205
381.25		0.738205
381.375		0.738205
381.5		0.738205
381.625		0.738205
381.75		0.738205
381.875		0.738205
382		0.738205
382.125		0.738205
382.25		0.738205
382.375		0.738205
382.5		0.738205
382.625		0.738205
382.75		0.738205
382.875		0.738205
383		0.738205
383.125		0.738205
383.25		0.738205
383.375		0.738205
383.5		0.738205
383.625		0.738205
383.75		0.738205
383.875		0.738205
384		0.738205
384.125		0.738205
384.25		0.738205
384.375		0.738205
384.5		0.738205
384.625		0.738205
384.75		0.738205
384.875		0.738205
385		0.738205
385.125		0.745711
385.25		0.745711
385.375		0.745711
385.5		0.745711
385.625		0.745711
385.75		0.745711
385.875		0.745711
386		0.745711
386.125		0.745711
386.25		0.745711
386.375		0.745711
386.5		0.745711
386.625		0.745711
386.75		0.745711
386.875		0.745711
387		0.745711
387.125		0.745711
387.25		0.745711
387.375		0.745711
387.5		0.745711
387.625		0.745711
387.75		0.745711
387.875		0.745711
388		0.745711
388.125		0.745711
388.25		0.745711
388.375		0.745711
388.5		0.745711
388.625		0.745711
388.75		0.745711
388.875		0.745711
389		0.745711
389.125		0.745711
389.25		0.745711
389.375		0.745711
389.5		0.745711
389.625		0.745711
389.75		0.745711
389.875		0.745711
390		0.745711
390.125		0.770527
390.25		0.770527
390.375		0.770527
390.5		0.770527
390.625		0.770527
390.75		0.770527
390.875		0.770527
391		0.770527
391.125		0.770527
391.25		0.770527
391.375		0.770527
391.5		0.770527
391.625		0.770527
391.75		0.770527
391.875		0.770527
392		0.770527
392.125		0.770527
392.25		0.770527
392.375		0.770527
392.5		0.770527
392.625		0.770527
392.75		0.770527
392.875		0.770527
393		0.770527
393.125		0.770527
393.25		0.770527
393.375		0.770527
393.5		0.770527
393.625		0.770527
393.75		0.770527
393.875		0.770527
394		0.770527
394.125		0.770527
394.25		0.770527
394.375		0.770527
394.5		0.770527
394.625		0.770527
394.75		0.770527
394.875		0.770527
395		0.770527
395.125		0.773591
395.25		0.773591
395.375		0.773591
395.5		0.773591
395.625		0.773591
395.75		0.773591
395.875		0.773591
396		0.773591
396.125		0.773591
396.25		0.773591
396.375		0.773591
396.5		0.773591
396.625		0.773591
396.75		0.773591
396.875		0.773591
397		0.773591
397.125		0.773591
397.25		0.773591
397.375		0.773591
397.5		0.773591
397.625		0.773591
397.75		0.773591
397.875		0.773591
398		0.773591
398.125		0.773591
398.25		0.773591
398.375		0.773591
398.5		0.773591
398.625		0.773591
398.75		0.773591
398.875		0.773591
399		0.773591
399.125		0.773591
399.25		0.773591
399.375		0.773591
399.5		0.773591
399.625		0.773591
399.75		0.773591
399.875		0.773591
400		0.773591
400.125		0.79182
400.25		0.79182
400.375		0.79182
400.5		0.79182
400.625		0.79182
400.75		0.79182
400.875		0.79182
401		0.79182
401.125		0.79182
401.25		0.79182
401.375		0.79182
401.5		0.79182
401.625		0.79182
401.75		0.79182
401.875		0.79182
402		0.79182
402.125		0.79182
402.25		0.79182
402.375		0.79182
402.5		0.79182
402.625		0.79182
402.75		0.79182
402.875		0.79182
403		0.79182
403.125		0.79182
403.25		0.79182
403.375		0.79182
403.5		0.79182
403.625		0.79182
403.75		0.79182
403.875		0.79182
404		0.79182
404.125		0.79182
404.25		0.79182
404.375		0.79182
404.5		0.79182
404.625		0.79182
404.75		0.79182
404.875		0.79182
405		0.79182
405.125		0.798866
405.25		0.798866
405.375		0.798866
405.5		0.798866
405.625		0.798866
405.75		0.798866
405.875		0.798866
406		0.798866
406.125		0.798866
406.25		0.798866
406.375		0.798866
406.5		0.798866
406.625		0.798866
406.75		0.798866
406.875		0.798866
407		0.798866
407.125		0.798866
407.25		0.798866
407.375		0.798866
407.5		0.798866
407.625		0.798866
407.75		0.798866
407.875		0.798866
408		0.798866
408.125		0.798866
408.25		0.798866
408.375		0.798866
408.5		0.798866
408.625		0.798866
408.75		0.798866
408.875		0.798866
409		0.798866
409.125		0.798866
409.25		0.798866
409.375		0.798866
409.5		0.798866
409.625		0.798866
409.75		0.798866
409.875		0.798866
410		0.798866
410.125		0.804534
410.25		0.804534
410.375		0.804534
410.5		0.804534
410.625		0.804534
410.75		0.804534
410.875		0.804534
411		0.804534
411.125		0.804534
411.25		0.804534
411.375		0.804534
411.5		0.804534
411.625		0.804534
411.75		0.804534
411.875		0.804534
412		0.804534
412.125		0.804534
412.25		0.804534
412.375		0.804534
412.5		0.804534
412.625		0.804534
412.75		0.804534
412.875		0.804534
413		0.804534
413.125		0.804534
413.25		0.804534
413.375		0.804534
413.5		0.804534
413.625		0.804534
413.75		0.804534
413.875		0.804534
414		0.804534
414.125		0.804534
414.25		0.804534
414.375		0.804534
414.5		0.804534
414.625		0.804534
414.75		0.804534
414.875		0.804534
415		0.804534
415.125		0.809589
415.25		0.809589
415.375		0.809589
415.5		0.809589
415.625		0.809589
415.75		0.809589
415.875		0.809589
416		0.809589
416.125		0.809589
416.25		0.809589
416.375		0.809589
416.5		0.809589
416.625		0.809589
416.75		0.809589
416.875		0.809589
417		0.809589
417.125		0.809589
417.25		0.809589
417.375		0.809589
417.5		0.809589
417.625		0.809589
417.75		0.809589
417.875		0.809589
418		0.809589
418.125		0.809589
418.25		0.809589
418.375		0.809589
418.5		0.809589
418.625		0.809589
418.75		0.809589
418.875		0.809589
419		0.809589
419.125		0.809589
419.25		0.809589
419.375		0.809589
419.5		0.809589
419.625		0.809589
419.75		0.809589
419.875		0.809589
420		0.809589
420.125		0.839001
420.25		0.839001
420.375		0.839001
420.5		0.839001
420.625		0.839001
420.75		0.839001
420.875		0.839001
421		0.839001
421.125		0.839001
421.25		0.839001
421.375		0.839001
421.5		0.839001
421.625		0.839001
421.75		0.839001
421.875		0.839001
422		0.839001
422.125		0.839001
422.25		0.839001
422.375		0.839001
422.5		0.839001
422.625		0.839001
422.75		0.839001
422.875		0.839001
423		0.839001
423.125		0.839001
423.25		0.839001
423.375		0.839001
423.5		0.839001
423.625		0.839001
423.75		0.839001
423.875		0.839001
424		0.839001
424.125		0.839001
424.25		0.839001
424.375		0.839001
424.5		0.839001
424.625		0.839001
424.75		0.839001
424.875		0.839001
425		0.839001
425.125		0.846507
425.25		0.846507
425.375		0.846507
425.5		0.846507
425.625		0.846507
425.75		0.846507
425.875		0.846507
426		0.846507
426.125		0.846507
426.25		0.846507
426.375		0.846507
426.5		0.846507
426.625		0.846507
426.75		0.846507
426.875		0.846507
427		0.846507
427.125		0.846507
427.25		0.846507
427.375		0.846507
427.5		0.846507
427.625		0.846507
427.75		0.846507
427.875		0.846507
428		0.846507
428.125		0.846507
428.25		0.846507
428.375		0.846507
428.5		0.846507
428.625		0.846507
428.75		0.846507
428.875		0.846507
429		0.846507
429.125		0.846507
429.25		0.846507
429.375		0.846507
429.5		0.846507
429.625		0.846507
429.75		0.846507
429.875		0.846507
430		0.846507
430.125		0.864277
430.25		0.864277
430.375		0.864277
430.5		0.864277
430.625		0.864277
430.75		0.864277
430.875		0.864277
431		0.864277
431.125		0.864277
431.25		0.864277
431.375		0.864277
431.5		0.864277
431.625		0.864277
431.75		0.864277
431.875		0.864277
432		0.864277
432.125		0.864277
432.25		0.864277
432.375		0.864277
432.5		0.864277
432.625		0.864277
432.75		0.864277
432.875		0.864277
433		0.864277
433.125		0.864277
433.25		0.864277
433.375		0.864277
433.5		0.864277
433.625		0.864277
433.75		0.864277
433.875		0.864277
434		0.864277
434.125		0.864277
434.25		0.864277
434.375		0.864277
434.5		0.864277
434.625		0.864277
434.75		0.864277
434.875		0.864277
435		0.864277
435.125		0.866422
435.25		0.866422
435.375		0.866422
435.5		0.866422
435.625		0.866422
435.75		0.866422
435.875		0.866422
436		0.866422
436.125		0.866422
436.25		0.866422
436.375		0.866422
436.5		0.866422
436.625		0.866422
436.75		0.866422
436.875		0.866422
437		0.866422
437.125		0.866422
437.25		0.866422
437.375		0.866422
437.5		0.866422
437.625		0.866422
437.75		0.866422
437.875		0.866422
438		0.866422
438.125		0.866422
438.25		0.866422
438.375		0.866422
438.5		0.866422
438.625		0.866422
438.75		0.866422
438.875		0.866422
439		0.866422
439.125		0.866422
439.25		0.866422
439.375		0.866422
439.5		0.866422
439.625		0.866422
439.75		0.866422
439.875		0.866422
440		0.866422
440.125		0.877451
440.25		0.877451
440.375		0.877451
440.5		0.877451
440.625		0.877451
440.75		0.877451
440.875		0.877451
441		0.877451
441.125		0.877451
441.25		0.877451
441.375		0.877451
441.5		0.877451
441.625		0.877451
441.75		0.877451
441.875		0.877451
442		0.877451
442.125		0.877451
442.25		0.877451
442.375		0.877451
442.5		0.877451
442.625		0.877451
442.75		0.877451
442.875		0.877451
443		0.877451
443.125		0.877451
443.25		0.877451
443.375		0.877451
443.5		0.877451
443.625		0.877451
443.75		0.877451
443.875		0.877451
444		0.877451
444.125		0.877451
444.25		0.877451
444.375		0.877451
444.5		0.877451
444.625		0.877451
444.75		0.877451
444.875		0.877451
445		0.877451
445.125		0.893229
445.25		0.893229
445.375		0.893229
445.5		0.893229
445.625		0.893229
445.75		0.893229
445.875		0.893229
446		0.893229
446.125		0.893229
446.25		0.893229
446.375		0.893229
446.5		0.893229
446.625		0.893229
446.75		0.893229
446.875		0.893229
447		0.893229
447.125		0.893229
447.25		0.893229
447.375		0.893229
447.5		0.893229
447.625		0.893229
447.75		0.893229
447.875		0.893229
448		0.893229
448.125		0.893229
448.25		0.893229
448.375		0.893229
448.5		0.893229
448.625		0.893229
448.75		0.893229
448.875		0.893229
449		0.893229
449.125		0.893229
449.25		0.893229
449.375		0.893229
449.5		0.893229
449.625		0.893229
449.75		0.893229
449.875		0.893229
450		0.893229
450.125		0.902267
450.25		0.902267
450.375		0.902267
450.5		0.902267
450.625		0.902267
450.75		0.902267
450.875		0.902267
451		0.902267
451.125		0.902267
451.25		0.902267
451.375		0.902267
451.5		0.902267
451.625		0.902267
451.75		0.902267
451.875		0.902267
452		0.902267
452.125		0.902267
452.25		0.902267
452.375		0.902267
452.5		0.902267
452.625		0.902267
452.75		0.902267
452.875		0.902267
453		0.902267
453.125		0.902267
453.25		0.902267
453.375		0.902267
453.5		0.902267
453.625		0.902267
453.75		0.902267
453.875		0.902267
454		0.902267
454.125		0.902267
454.25		0.902267
454.375		0.902267
454.5		0.902267
454.625		0.902267
454.75		0.902267
454.875		0.902267
455		0.902267
455.125		0.9231
455.25		0.9231
455.375		0.9231
455.5		0.9231
455.625		0.9231
455.75		0.9231
455.875		0.9231
456		0.9231
456.125		0.9231
456.25		0.9231
456.375		0.9231
456.5		0.9231
456.625		0.9231
456.75		0.9231
456.875		0.9231
457		0.9231
457.125		0.9231
457.25		0.9231
457.375		0.9231
457.5		0.9231
457.625		0.9231
457.75		0.9231
457.875		0.9231
458		0.9231
458.125		0.9231
458.25		0.9231
458.375		0.9231
458.5		0.9231
458.625		0.9231
458.75		0.9231
458.875		0.9231
459		0.9231
459.125		0.9231
459.25		0.9231
459.375		0.9231
459.5		0.9231
459.625		0.9231
459.75		0.9231
459.875		0.9231
460		0.9231
460.125		0.938725
460.25		0.938725
460.375		0.938725
460.5		0.938725
460.625		0.938725
460.75		0.938725
460.875		0.938725
461		0.938725
461.125		0.938725
461.25		0.938725
461.375		0.938725
461.5		0.938725
461.625		0.938725
461.75		0.938725
461.875		0.938725
462		0.938725
462.125		0.938725
462.25		0.938725
462.375		0.938725
462.5		0.938725
462.625		0.938725
462.75		0.938725
462.875		0.938725
463		0.938725
463.125		0.938725
463.25		0.938725
463.375		0.938725
463.5		0.938725
463.625		0.938725
463.75		0.938725
463.875		0.938725
464		0.938725
464.125		0.938725
464.25		0.938725
464.375		0.938725
464.5		0.938725
464.625		0.938725
464.75		0.938725
464.875		0.938725
465		0.938725
465.125		0.941176
465.25		0.941176
465.375		0.941176
465.5		0.941176
465.625		0.941176
465.75		0.941176
465.875		0.941176
466		0.941176
466.125		0.941176
466.25		0.941176
466.375		0.941176
466.5		0.941176
466.625		0.941176
466.75		0.941176
466.875		0.941176
467		0.941176
467.125		0.941176
467.25		0.941176
467.375		0.941176
467.5		0.941176
467.625		0.941176
467.75		0.941176
467.875		0.941176
468		0.941176
468.125		0.941176
468.25		0.941176
468.375		0.941176
468.5		0.941176
468.625		0.941176
468.75		0.941176
468.875		0.941176
469		0.941176
469.125		0.941176
469.25		0.941176
469.375		0.941176
469.5		0.941176
469.625		0.941176
469.75		0.941176
469.875		0.941176
470		0.941176
470.125		0.948223
470.25		0.948223
470.375		0.948223
470.5		0.948223
470.625		0.948223
470.75		0.948223
470.875		0.948223
471		0.948223
471.125		0.948223
471.25		0.948223
471.375		0.948223
471.5		0.948223
471.625		0.948223
471.75		0.948223
471.875		0.948223
472		0.948223
472.125		0.948223
472.25		0.948223
472.375		0.948223
472.5		0.948223
472.625		0.948223
472.75		0.948223
472.875		0.948223
473		0.948223
473.125		0.948223
473.25		0.948223
473.375		0.948223
473.5		0.948223
473.625		0.948223
473.75		0.948223
473.875		0.948223
474		0.948223
474.125		0.948223
474.25		0.948223
474.375		0.948223
474.5		0.948223
474.625		0.948223
474.75		0.948223
474.875		0.948223
475		0.948223
475.125		0.959099
475.25		0.959099
475.375		0.959099
475.5		0.959099
475.625		0.959099
475.75		0.959099
475.875		0.959099
476		0.959099
476.125		0.959099
476.25		0.959099
476.375		0.959099
476.5		0.959099
476.625		0.959099
476.75		0.959099
476.875		0.959099
477		0.959099
477.125		0.959099
477.25		0.959099
477.375		0.959099
477.5		0.959099
477.625		0.959099
477.75		0.959099
477.875		0.959099
478		0.959099
478.125		0.959099
478.25		0.959099
478.375		0.959099
478.5		0.959099
478.625		0.959099
478.75		0.959099
478.875		0.959099
479		0.959099
479.125		0.959099
479.25		0.959099
479.375		0.959099
479.5		0.959099
479.625		0.959099
479.75		0.959099
479.875		0.959099
480		0.959099
480.125		0.966912
480.25		0.966912
480.375		0.966912
480.5		0.966912
480.625		0.966912
480.75		0.966912
480.875		0.966912
481		0.966912
481.125		0.966912
481.25		0.966912
481.375		0.966912
481.5		0.966912
481.625		0.966912
481.75		0.966912
481.875		0.966912
482		0.966912
482.125		0.966912
482.25		0.966912
482.375		0.966912
482.5		0.966912
482.625		0.966912
482.75		0.966912
482.875		0.966912
483		0.966912
483.125		0.966912
483.25		0.966912
483.375		0.966912
483.5		0.966912
483.625		0.966912
483.75		0.966912
483.875		0.966912
484		0.966912
484.125		0.966912
484.25		0.966912
484.375		0.966912
484.5		0.966912
484.625		0.966912
484.75		0.966912
484.875		0.966912
485		0.966912
485.125		0.997396
485.25		0.997396
485.375		0.997396
485.5		0.997396
485.625		0.997396
485.75		0.997396
485.875		0.997396
486		0.997396
486.125		0.997396
486.25		0.997396
486.375		0.997396
486.5		0.997396
486.625		0.997396
486.75		0.997396
486.875		0.997396
487		0.997396
487.125		0.997396
487.25		0.997396
487.375		0.997396
487.5		0.997396
487.625		0.997396
487.75		0.997396
487.875		0.997396
488		0.997396
488.125		0.997396
488.25		0.997396
488.375		0.997396
488.5		0.997396
488.625		0.997396
488.75		0.997396
488.875		0.997396
489		0.997396
489.125		0.997396
489.25		0.997396
489.375		0.997396
489.5		0.997396
489.625		0.997396
489.75		0.997396
489.875		0.997396
490		0.997396
490.125		0.998621
490.25		0.998621
490.375		0.998621
490.5		0.998621
490.625		0.998621
490.75		0.998621
490.875		0.998621
491		0.998621
491.125		0.998621
491.25		0.998621
491.375		0.998621
491.5		0.998621
491.625		0.998621
491.75		0.998621
491.875		0.998621
492		0.998621
492.125		0.998621
492.25		0.998621
492.375		0.998621
492.5		0.998621
492.625		0.998621
492.75		0.998621
492.875		0.998621
493		0.998621
493.125		0.998621
493.25		0.998621
493.375		0.998621
493.5		0.998621
493.625		0.998621
493.75		0.998621
493.875		0.998621
494		0.998621
494.125		0.998621
494.25		0.998621
494.375		0.998621
494.5		0.998621
494.625		0.998621
494.75		0.998621
494.875		0.998621
495		0.998621
495.125		1
495.25		1
495.375		1
495.5		1
495.625		1
495.75		1
495.875		1
496		1
496.125		1
496.25		1
496.375		1
496.5		1
496.625		1
496.75		1
496.875		1
497		1
497.125		1
497.25		1
497.375		1
497.5		1
497.625		1
497.75		1
497.875		1
498		1
498.125		1
498.25		1
498.375		1
498.5		1
498.625		1
498.75		1
498.875		1
499		1
499.125		1
499.25		1
499.375		1
499.5		1
499.625		1
499.75		1
499.875		1
500		1
