# Calibration file of tamex_id 2 @ channel 4
# fine_T bin		 Calibration value
0.125		0
0.25		0
0.375		0
0.5		0
0.625		0
0.75		0
0.875		0
1		0
1.125		0
1.25		0
1.375		0
1.5		0
1.625		0
1.75		0
1.875		0
2		0
2.125		0
2.25		0
2.375		0
2.5		0
2.625		0
2.75		0
2.875		0
3		0
3.125		0
3.25		0
3.375		0
3.5		0
3.625		0
3.75		0
3.875		0
4		0
4.125		0
4.25		0
4.375		0
4.5		0
4.625		0
4.75		0
4.875		0
5		0
5.125		0
5.25		0
5.375		0
5.5		0
5.625		0
5.75		0
5.875		0
6		0
6.125		0
6.25		0
6.375		0
6.5		0
6.625		0
6.75		0
6.875		0
7		0
7.125		0
7.25		0
7.375		0
7.5		0
7.625		0
7.75		0
7.875		0
8		0
8.125		0
8.25		0
8.375		0
8.5		0
8.625		0
8.75		0
8.875		0
9		0
9.125		0
9.25		0
9.375		0
9.5		0
9.625		0
9.75		0
9.875		0
10		0
10.125		0
10.25		0
10.375		0
10.5		0
10.625		0
10.75		0
10.875		0
11		0
11.125		0
11.25		0
11.375		0
11.5		0
11.625		0
11.75		0
11.875		0
12		0
12.125		0
12.25		0
12.375		0
12.5		0
12.625		0
12.75		0
12.875		0
13		0
13.125		0
13.25		0
13.375		0
13.5		0
13.625		0
13.75		0
13.875		0
14		0
14.125		0
14.25		0
14.375		0
14.5		0
14.625		0
14.75		0
14.875		0
15		0
15.125		0
15.25		0
15.375		0
15.5		0
15.625		0
15.75		0
15.875		0
16		0
16.125		0
16.25		0
16.375		0
16.5		0
16.625		0
16.75		0
16.875		0
17		0
17.125		0
17.25		0
17.375		0
17.5		0
17.625		0
17.75		0
17.875		0
18		0
18.125		0
18.25		0
18.375		0
18.5		0
18.625		0
18.75		0
18.875		0
19		0
19.125		0
19.25		0
19.375		0
19.5		0
19.625		0
19.75		0
19.875		0
20		0
20.125		0
20.25		0
20.375		0
20.5		0
20.625		0
20.75		0
20.875		0
21		0
21.125		0
21.25		0
21.375		0
21.5		0
21.625		0
21.75		0
21.875		0
22		0
22.125		0
22.25		0
22.375		0
22.5		0
22.625		0
22.75		0
22.875		0
23		0
23.125		0
23.25		0
23.375		0
23.5		0
23.625		0
23.75		0
23.875		0
24		0
24.125		0
24.25		0
24.375		0
24.5		0
24.625		0
24.75		0
24.875		0
25		0
25.125		0
25.25		0
25.375		0
25.5		0
25.625		0
25.75		0
25.875		0
26		0
26.125		0
26.25		0
26.375		0
26.5		0
26.625		0
26.75		0
26.875		0
27		0
27.125		0
27.25		0
27.375		0
27.5		0
27.625		0
27.75		0
27.875		0
28		0
28.125		0
28.25		0
28.375		0
28.5		0
28.625		0
28.75		0
28.875		0
29		0
29.125		0
29.25		0
29.375		0
29.5		0
29.625		0
29.75		0
29.875		0
30		0
30.125		0
30.25		0
30.375		0
30.5		0
30.625		0
30.75		0
30.875		0
31		0
31.125		0
31.25		0
31.375		0
31.5		0
31.625		0
31.75		0
31.875		0
32		0
32.125		0
32.25		0
32.375		0
32.5		0
32.625		0
32.75		0
32.875		0
33		0
33.125		0
33.25		0
33.375		0
33.5		0
33.625		0
33.75		0
33.875		0
34		0
34.125		0
34.25		0
34.375		0
34.5		0
34.625		0
34.75		0
34.875		0
35		0
35.125		0
35.25		0
35.375		0
35.5		0
35.625		0
35.75		0
35.875		0
36		0
36.125		0
36.25		0
36.375		0
36.5		0
36.625		0
36.75		0
36.875		0
37		0
37.125		0
37.25		0
37.375		0
37.5		0
37.625		0
37.75		0
37.875		0
38		0
38.125		0
38.25		0
38.375		0
38.5		0
38.625		0
38.75		0
38.875		0
39		0
39.125		0
39.25		0
39.375		0
39.5		0
39.625		0
39.75		0
39.875		0
40		0
40.125		0
40.25		0
40.375		0
40.5		0
40.625		0
40.75		0
40.875		0
41		0
41.125		0
41.25		0
41.375		0
41.5		0
41.625		0
41.75		0
41.875		0
42		0
42.125		0
42.25		0
42.375		0
42.5		0
42.625		0
42.75		0
42.875		0
43		0
43.125		0
43.25		0
43.375		0
43.5		0
43.625		0
43.75		0
43.875		0
44		0
44.125		0
44.25		0
44.375		0
44.5		0
44.625		0
44.75		0
44.875		0
45		0
45.125		0
45.25		0
45.375		0
45.5		0
45.625		0
45.75		0
45.875		0
46		0
46.125		0
46.25		0
46.375		0
46.5		0
46.625		0
46.75		0
46.875		0
47		0
47.125		0
47.25		0
47.375		0
47.5		0
47.625		0
47.75		0
47.875		0
48		0
48.125		0
48.25		0
48.375		0
48.5		0
48.625		0
48.75		0
48.875		0
49		0
49.125		0
49.25		0
49.375		0
49.5		0
49.625		0
49.75		0
49.875		0
50		0
50.125		0
50.25		0
50.375		0
50.5		0
50.625		0
50.75		0
50.875		0
51		0
51.125		0
51.25		0
51.375		0
51.5		0
51.625		0
51.75		0
51.875		0
52		0
52.125		0
52.25		0
52.375		0
52.5		0
52.625		0
52.75		0
52.875		0
53		0
53.125		0
53.25		0
53.375		0
53.5		0
53.625		0
53.75		0
53.875		0
54		0
54.125		0
54.25		0
54.375		0
54.5		0
54.625		0
54.75		0
54.875		0
55		0
55.125		0
55.25		0
55.375		0
55.5		0
55.625		0
55.75		0
55.875		0
56		0
56.125		0
56.25		0
56.375		0
56.5		0
56.625		0
56.75		0
56.875		0
57		0
57.125		0
57.25		0
57.375		0
57.5		0
57.625		0
57.75		0
57.875		0
58		0
58.125		0
58.25		0
58.375		0
58.5		0
58.625		0
58.75		0
58.875		0
59		0
59.125		0
59.25		0
59.375		0
59.5		0
59.625		0
59.75		0
59.875		0
60		0
60.125		0
60.25		0
60.375		0
60.5		0
60.625		0
60.75		0
60.875		0
61		0
61.125		0
61.25		0
61.375		0
61.5		0
61.625		0
61.75		0
61.875		0
62		0
62.125		0
62.25		0
62.375		0
62.5		0
62.625		0
62.75		0
62.875		0
63		0
63.125		0
63.25		0
63.375		0
63.5		0
63.625		0
63.75		0
63.875		0
64		0
64.125		0
64.25		0
64.375		0
64.5		0
64.625		0
64.75		0
64.875		0
65		0
65.125		0
65.25		0
65.375		0
65.5		0
65.625		0
65.75		0
65.875		0
66		0
66.125		0
66.25		0
66.375		0
66.5		0
66.625		0
66.75		0
66.875		0
67		0
67.125		0
67.25		0
67.375		0
67.5		0
67.625		0
67.75		0
67.875		0
68		0
68.125		0
68.25		0
68.375		0
68.5		0
68.625		0
68.75		0
68.875		0
69		0
69.125		0
69.25		0
69.375		0
69.5		0
69.625		0
69.75		0
69.875		0
70		0
70.125		0
70.25		0
70.375		0
70.5		0
70.625		0
70.75		0
70.875		0
71		0
71.125		0
71.25		0
71.375		0
71.5		0
71.625		0
71.75		0
71.875		0
72		0
72.125		0
72.25		0
72.375		0
72.5		0
72.625		0
72.75		0
72.875		0
73		0
73.125		0
73.25		0
73.375		0
73.5		0
73.625		0
73.75		0
73.875		0
74		0
74.125		0
74.25		0
74.375		0
74.5		0
74.625		0
74.75		0
74.875		0
75		0
75.125		0
75.25		0
75.375		0
75.5		0
75.625		0
75.75		0
75.875		0
76		0
76.125		0
76.25		0
76.375		0
76.5		0
76.625		0
76.75		0
76.875		0
77		0
77.125		0
77.25		0
77.375		0
77.5		0
77.625		0
77.75		0
77.875		0
78		0
78.125		0
78.25		0
78.375		0
78.5		0
78.625		0
78.75		0
78.875		0
79		0
79.125		0
79.25		0
79.375		0
79.5		0
79.625		0
79.75		0
79.875		0
80		0
80.125		0
80.25		0
80.375		0
80.5		0
80.625		0
80.75		0
80.875		0
81		0
81.125		0
81.25		0
81.375		0
81.5		0
81.625		0
81.75		0
81.875		0
82		0
82.125		0
82.25		0
82.375		0
82.5		0
82.625		0
82.75		0
82.875		0
83		0
83.125		0
83.25		0
83.375		0
83.5		0
83.625		0
83.75		0
83.875		0
84		0
84.125		0
84.25		0
84.375		0
84.5		0
84.625		0
84.75		0
84.875		0
85		0
85.125		0
85.25		0
85.375		0
85.5		0
85.625		0
85.75		0
85.875		0
86		0
86.125		0
86.25		0
86.375		0
86.5		0
86.625		0
86.75		0
86.875		0
87		0
87.125		0
87.25		0
87.375		0
87.5		0
87.625		0
87.75		0
87.875		0
88		0
88.125		0
88.25		0
88.375		0
88.5		0
88.625		0
88.75		0
88.875		0
89		0
89.125		0
89.25		0
89.375		0
89.5		0
89.625		0
89.75		0
89.875		0
90		0
90.125		0
90.25		0
90.375		0
90.5		0
90.625		0
90.75		0
90.875		0
91		0
91.125		0
91.25		0
91.375		0
91.5		0
91.625		0
91.75		0
91.875		0
92		0
92.125		0
92.25		0
92.375		0
92.5		0
92.625		0
92.75		0
92.875		0
93		0
93.125		0
93.25		0
93.375		0
93.5		0
93.625		0
93.75		0
93.875		0
94		0
94.125		0
94.25		0
94.375		0
94.5		0
94.625		0
94.75		0
94.875		0
95		0
95.125		0
95.25		0
95.375		0
95.5		0
95.625		0
95.75		0
95.875		0
96		0
96.125		0
96.25		0
96.375		0
96.5		0
96.625		0
96.75		0
96.875		0
97		0
97.125		0
97.25		0
97.375		0
97.5		0
97.625		0
97.75		0
97.875		0
98		0
98.125		0
98.25		0
98.375		0
98.5		0
98.625		0
98.75		0
98.875		0
99		0
99.125		0
99.25		0
99.375		0
99.5		0
99.625		0
99.75		0
99.875		0
100		0
100.125		0
100.25		0
100.375		0
100.5		0
100.625		0
100.75		0
100.875		0
101		0
101.125		0
101.25		0
101.375		0
101.5		0
101.625		0
101.75		0
101.875		0
102		0
102.125		0
102.25		0
102.375		0
102.5		0
102.625		0
102.75		0
102.875		0
103		0
103.125		0
103.25		0
103.375		0
103.5		0
103.625		0
103.75		0
103.875		0
104		0
104.125		0
104.25		0
104.375		0
104.5		0
104.625		0
104.75		0
104.875		0
105		0
105.125		0
105.25		0
105.375		0
105.5		0
105.625		0
105.75		0
105.875		0
106		0
106.125		0
106.25		0
106.375		0
106.5		0
106.625		0
106.75		0
106.875		0
107		0
107.125		0
107.25		0
107.375		0
107.5		0
107.625		0
107.75		0
107.875		0
108		0
108.125		0
108.25		0
108.375		0
108.5		0
108.625		0
108.75		0
108.875		0
109		0
109.125		0
109.25		0
109.375		0
109.5		0
109.625		0
109.75		0
109.875		0
110		0
110.125		0
110.25		0
110.375		0
110.5		0
110.625		0
110.75		0
110.875		0
111		0
111.125		0
111.25		0
111.375		0
111.5		0
111.625		0
111.75		0
111.875		0
112		0
112.125		0
112.25		0
112.375		0
112.5		0
112.625		0
112.75		0
112.875		0
113		0
113.125		0
113.25		0
113.375		0
113.5		0
113.625		0
113.75		0
113.875		0
114		0
114.125		0
114.25		0
114.375		0
114.5		0
114.625		0
114.75		0
114.875		0
115		0
115.125		0.018595
115.25		0.018595
115.375		0.018595
115.5		0.018595
115.625		0.018595
115.75		0.018595
115.875		0.018595
116		0.018595
116.125		0.018595
116.25		0.018595
116.375		0.018595
116.5		0.018595
116.625		0.018595
116.75		0.018595
116.875		0.018595
117		0.018595
117.125		0.018595
117.25		0.018595
117.375		0.018595
117.5		0.018595
117.625		0.018595
117.75		0.018595
117.875		0.018595
118		0.018595
118.125		0.018595
118.25		0.018595
118.375		0.018595
118.5		0.018595
118.625		0.018595
118.75		0.018595
118.875		0.018595
119		0.018595
119.125		0.018595
119.25		0.018595
119.375		0.018595
119.5		0.018595
119.625		0.018595
119.75		0.018595
119.875		0.018595
120		0.018595
120.125		0.053719
120.25		0.053719
120.375		0.053719
120.5		0.053719
120.625		0.053719
120.75		0.053719
120.875		0.053719
121		0.053719
121.125		0.053719
121.25		0.053719
121.375		0.053719
121.5		0.053719
121.625		0.053719
121.75		0.053719
121.875		0.053719
122		0.053719
122.125		0.053719
122.25		0.053719
122.375		0.053719
122.5		0.053719
122.625		0.053719
122.75		0.053719
122.875		0.053719
123		0.053719
123.125		0.053719
123.25		0.053719
123.375		0.053719
123.5		0.053719
123.625		0.053719
123.75		0.053719
123.875		0.053719
124		0.053719
124.125		0.053719
124.25		0.053719
124.375		0.053719
124.5		0.053719
124.625		0.053719
124.75		0.053719
124.875		0.053719
125		0.053719
125.125		0.0557851
125.25		0.0557851
125.375		0.0557851
125.5		0.0557851
125.625		0.0557851
125.75		0.0557851
125.875		0.0557851
126		0.0557851
126.125		0.0557851
126.25		0.0557851
126.375		0.0557851
126.5		0.0557851
126.625		0.0557851
126.75		0.0557851
126.875		0.0557851
127		0.0557851
127.125		0.0557851
127.25		0.0557851
127.375		0.0557851
127.5		0.0557851
127.625		0.0557851
127.75		0.0557851
127.875		0.0557851
128		0.0557851
128.125		0.0557851
128.25		0.0557851
128.375		0.0557851
128.5		0.0557851
128.625		0.0557851
128.75		0.0557851
128.875		0.0557851
129		0.0557851
129.125		0.0557851
129.25		0.0557851
129.375		0.0557851
129.5		0.0557851
129.625		0.0557851
129.75		0.0557851
129.875		0.0557851
130		0.0557851
130.125		0.0619835
130.25		0.0619835
130.375		0.0619835
130.5		0.0619835
130.625		0.0619835
130.75		0.0619835
130.875		0.0619835
131		0.0619835
131.125		0.0619835
131.25		0.0619835
131.375		0.0619835
131.5		0.0619835
131.625		0.0619835
131.75		0.0619835
131.875		0.0619835
132		0.0619835
132.125		0.0619835
132.25		0.0619835
132.375		0.0619835
132.5		0.0619835
132.625		0.0619835
132.75		0.0619835
132.875		0.0619835
133		0.0619835
133.125		0.0619835
133.25		0.0619835
133.375		0.0619835
133.5		0.0619835
133.625		0.0619835
133.75		0.0619835
133.875		0.0619835
134		0.0619835
134.125		0.0619835
134.25		0.0619835
134.375		0.0619835
134.5		0.0619835
134.625		0.0619835
134.75		0.0619835
134.875		0.0619835
135		0.0619835
135.125		0.0661157
135.25		0.0661157
135.375		0.0661157
135.5		0.0661157
135.625		0.0661157
135.75		0.0661157
135.875		0.0661157
136		0.0661157
136.125		0.0661157
136.25		0.0661157
136.375		0.0661157
136.5		0.0661157
136.625		0.0661157
136.75		0.0661157
136.875		0.0661157
137		0.0661157
137.125		0.0661157
137.25		0.0661157
137.375		0.0661157
137.5		0.0661157
137.625		0.0661157
137.75		0.0661157
137.875		0.0661157
138		0.0661157
138.125		0.0661157
138.25		0.0661157
138.375		0.0661157
138.5		0.0661157
138.625		0.0661157
138.75		0.0661157
138.875		0.0661157
139		0.0661157
139.125		0.0661157
139.25		0.0661157
139.375		0.0661157
139.5		0.0661157
139.625		0.0661157
139.75		0.0661157
139.875		0.0661157
140		0.0661157
140.125		0.072314
140.25		0.072314
140.375		0.072314
140.5		0.072314
140.625		0.072314
140.75		0.072314
140.875		0.072314
141		0.072314
141.125		0.072314
141.25		0.072314
141.375		0.072314
141.5		0.072314
141.625		0.072314
141.75		0.072314
141.875		0.072314
142		0.072314
142.125		0.072314
142.25		0.072314
142.375		0.072314
142.5		0.072314
142.625		0.072314
142.75		0.072314
142.875		0.072314
143		0.072314
143.125		0.072314
143.25		0.072314
143.375		0.072314
143.5		0.072314
143.625		0.072314
143.75		0.072314
143.875		0.072314
144		0.072314
144.125		0.072314
144.25		0.072314
144.375		0.072314
144.5		0.072314
144.625		0.072314
144.75		0.072314
144.875		0.072314
145		0.072314
145.125		0.0805785
145.25		0.0805785
145.375		0.0805785
145.5		0.0805785
145.625		0.0805785
145.75		0.0805785
145.875		0.0805785
146		0.0805785
146.125		0.0805785
146.25		0.0805785
146.375		0.0805785
146.5		0.0805785
146.625		0.0805785
146.75		0.0805785
146.875		0.0805785
147		0.0805785
147.125		0.0805785
147.25		0.0805785
147.375		0.0805785
147.5		0.0805785
147.625		0.0805785
147.75		0.0805785
147.875		0.0805785
148		0.0805785
148.125		0.0805785
148.25		0.0805785
148.375		0.0805785
148.5		0.0805785
148.625		0.0805785
148.75		0.0805785
148.875		0.0805785
149		0.0805785
149.125		0.0805785
149.25		0.0805785
149.375		0.0805785
149.5		0.0805785
149.625		0.0805785
149.75		0.0805785
149.875		0.0805785
150		0.0805785
150.125		0.0805785
150.25		0.0805785
150.375		0.0805785
150.5		0.0805785
150.625		0.0805785
150.75		0.0805785
150.875		0.0805785
151		0.0805785
151.125		0.0805785
151.25		0.0805785
151.375		0.0805785
151.5		0.0805785
151.625		0.0805785
151.75		0.0805785
151.875		0.0805785
152		0.0805785
152.125		0.0805785
152.25		0.0805785
152.375		0.0805785
152.5		0.0805785
152.625		0.0805785
152.75		0.0805785
152.875		0.0805785
153		0.0805785
153.125		0.0805785
153.25		0.0805785
153.375		0.0805785
153.5		0.0805785
153.625		0.0805785
153.75		0.0805785
153.875		0.0805785
154		0.0805785
154.125		0.0805785
154.25		0.0805785
154.375		0.0805785
154.5		0.0805785
154.625		0.0805785
154.75		0.0805785
154.875		0.0805785
155		0.0805785
155.125		0.0847107
155.25		0.0847107
155.375		0.0847107
155.5		0.0847107
155.625		0.0847107
155.75		0.0847107
155.875		0.0847107
156		0.0847107
156.125		0.0847107
156.25		0.0847107
156.375		0.0847107
156.5		0.0847107
156.625		0.0847107
156.75		0.0847107
156.875		0.0847107
157		0.0847107
157.125		0.0847107
157.25		0.0847107
157.375		0.0847107
157.5		0.0847107
157.625		0.0847107
157.75		0.0847107
157.875		0.0847107
158		0.0847107
158.125		0.0847107
158.25		0.0847107
158.375		0.0847107
158.5		0.0847107
158.625		0.0847107
158.75		0.0847107
158.875		0.0847107
159		0.0847107
159.125		0.0847107
159.25		0.0847107
159.375		0.0847107
159.5		0.0847107
159.625		0.0847107
159.75		0.0847107
159.875		0.0847107
160		0.0847107
160.125		0.115702
160.25		0.115702
160.375		0.115702
160.5		0.115702
160.625		0.115702
160.75		0.115702
160.875		0.115702
161		0.115702
161.125		0.115702
161.25		0.115702
161.375		0.115702
161.5		0.115702
161.625		0.115702
161.75		0.115702
161.875		0.115702
162		0.115702
162.125		0.115702
162.25		0.115702
162.375		0.115702
162.5		0.115702
162.625		0.115702
162.75		0.115702
162.875		0.115702
163		0.115702
163.125		0.115702
163.25		0.115702
163.375		0.115702
163.5		0.115702
163.625		0.115702
163.75		0.115702
163.875		0.115702
164		0.115702
164.125		0.115702
164.25		0.115702
164.375		0.115702
164.5		0.115702
164.625		0.115702
164.75		0.115702
164.875		0.115702
165		0.115702
165.125		0.136364
165.25		0.136364
165.375		0.136364
165.5		0.136364
165.625		0.136364
165.75		0.136364
165.875		0.136364
166		0.136364
166.125		0.136364
166.25		0.136364
166.375		0.136364
166.5		0.136364
166.625		0.136364
166.75		0.136364
166.875		0.136364
167		0.136364
167.125		0.136364
167.25		0.136364
167.375		0.136364
167.5		0.136364
167.625		0.136364
167.75		0.136364
167.875		0.136364
168		0.136364
168.125		0.136364
168.25		0.136364
168.375		0.136364
168.5		0.136364
168.625		0.136364
168.75		0.136364
168.875		0.136364
169		0.136364
169.125		0.136364
169.25		0.136364
169.375		0.136364
169.5		0.136364
169.625		0.136364
169.75		0.136364
169.875		0.136364
170		0.136364
170.125		0.142562
170.25		0.142562
170.375		0.142562
170.5		0.142562
170.625		0.142562
170.75		0.142562
170.875		0.142562
171		0.142562
171.125		0.142562
171.25		0.142562
171.375		0.142562
171.5		0.142562
171.625		0.142562
171.75		0.142562
171.875		0.142562
172		0.142562
172.125		0.142562
172.25		0.142562
172.375		0.142562
172.5		0.142562
172.625		0.142562
172.75		0.142562
172.875		0.142562
173		0.142562
173.125		0.142562
173.25		0.142562
173.375		0.142562
173.5		0.142562
173.625		0.142562
173.75		0.142562
173.875		0.142562
174		0.142562
174.125		0.142562
174.25		0.142562
174.375		0.142562
174.5		0.142562
174.625		0.142562
174.75		0.142562
174.875		0.142562
175		0.142562
175.125		0.167355
175.25		0.167355
175.375		0.167355
175.5		0.167355
175.625		0.167355
175.75		0.167355
175.875		0.167355
176		0.167355
176.125		0.167355
176.25		0.167355
176.375		0.167355
176.5		0.167355
176.625		0.167355
176.75		0.167355
176.875		0.167355
177		0.167355
177.125		0.167355
177.25		0.167355
177.375		0.167355
177.5		0.167355
177.625		0.167355
177.75		0.167355
177.875		0.167355
178		0.167355
178.125		0.167355
178.25		0.167355
178.375		0.167355
178.5		0.167355
178.625		0.167355
178.75		0.167355
178.875		0.167355
179		0.167355
179.125		0.167355
179.25		0.167355
179.375		0.167355
179.5		0.167355
179.625		0.167355
179.75		0.167355
179.875		0.167355
180		0.167355
180.125		0.167355
180.25		0.167355
180.375		0.167355
180.5		0.167355
180.625		0.167355
180.75		0.167355
180.875		0.167355
181		0.167355
181.125		0.167355
181.25		0.167355
181.375		0.167355
181.5		0.167355
181.625		0.167355
181.75		0.167355
181.875		0.167355
182		0.167355
182.125		0.167355
182.25		0.167355
182.375		0.167355
182.5		0.167355
182.625		0.167355
182.75		0.167355
182.875		0.167355
183		0.167355
183.125		0.167355
183.25		0.167355
183.375		0.167355
183.5		0.167355
183.625		0.167355
183.75		0.167355
183.875		0.167355
184		0.167355
184.125		0.167355
184.25		0.167355
184.375		0.167355
184.5		0.167355
184.625		0.167355
184.75		0.167355
184.875		0.167355
185		0.167355
185.125		0.18595
185.25		0.18595
185.375		0.18595
185.5		0.18595
185.625		0.18595
185.75		0.18595
185.875		0.18595
186		0.18595
186.125		0.18595
186.25		0.18595
186.375		0.18595
186.5		0.18595
186.625		0.18595
186.75		0.18595
186.875		0.18595
187		0.18595
187.125		0.18595
187.25		0.18595
187.375		0.18595
187.5		0.18595
187.625		0.18595
187.75		0.18595
187.875		0.18595
188		0.18595
188.125		0.18595
188.25		0.18595
188.375		0.18595
188.5		0.18595
188.625		0.18595
188.75		0.18595
188.875		0.18595
189		0.18595
189.125		0.18595
189.25		0.18595
189.375		0.18595
189.5		0.18595
189.625		0.18595
189.75		0.18595
189.875		0.18595
190		0.18595
190.125		0.18595
190.25		0.18595
190.375		0.18595
190.5		0.18595
190.625		0.18595
190.75		0.18595
190.875		0.18595
191		0.18595
191.125		0.18595
191.25		0.18595
191.375		0.18595
191.5		0.18595
191.625		0.18595
191.75		0.18595
191.875		0.18595
192		0.18595
192.125		0.18595
192.25		0.18595
192.375		0.18595
192.5		0.18595
192.625		0.18595
192.75		0.18595
192.875		0.18595
193		0.18595
193.125		0.18595
193.25		0.18595
193.375		0.18595
193.5		0.18595
193.625		0.18595
193.75		0.18595
193.875		0.18595
194		0.18595
194.125		0.18595
194.25		0.18595
194.375		0.18595
194.5		0.18595
194.625		0.18595
194.75		0.18595
194.875		0.18595
195		0.18595
195.125		0.206612
195.25		0.206612
195.375		0.206612
195.5		0.206612
195.625		0.206612
195.75		0.206612
195.875		0.206612
196		0.206612
196.125		0.206612
196.25		0.206612
196.375		0.206612
196.5		0.206612
196.625		0.206612
196.75		0.206612
196.875		0.206612
197		0.206612
197.125		0.206612
197.25		0.206612
197.375		0.206612
197.5		0.206612
197.625		0.206612
197.75		0.206612
197.875		0.206612
198		0.206612
198.125		0.206612
198.25		0.206612
198.375		0.206612
198.5		0.206612
198.625		0.206612
198.75		0.206612
198.875		0.206612
199		0.206612
199.125		0.206612
199.25		0.206612
199.375		0.206612
199.5		0.206612
199.625		0.206612
199.75		0.206612
199.875		0.206612
200		0.206612
200.125		0.214876
200.25		0.214876
200.375		0.214876
200.5		0.214876
200.625		0.214876
200.75		0.214876
200.875		0.214876
201		0.214876
201.125		0.214876
201.25		0.214876
201.375		0.214876
201.5		0.214876
201.625		0.214876
201.75		0.214876
201.875		0.214876
202		0.214876
202.125		0.214876
202.25		0.214876
202.375		0.214876
202.5		0.214876
202.625		0.214876
202.75		0.214876
202.875		0.214876
203		0.214876
203.125		0.214876
203.25		0.214876
203.375		0.214876
203.5		0.214876
203.625		0.214876
203.75		0.214876
203.875		0.214876
204		0.214876
204.125		0.214876
204.25		0.214876
204.375		0.214876
204.5		0.214876
204.625		0.214876
204.75		0.214876
204.875		0.214876
205		0.214876
205.125		0.237603
205.25		0.237603
205.375		0.237603
205.5		0.237603
205.625		0.237603
205.75		0.237603
205.875		0.237603
206		0.237603
206.125		0.237603
206.25		0.237603
206.375		0.237603
206.5		0.237603
206.625		0.237603
206.75		0.237603
206.875		0.237603
207		0.237603
207.125		0.237603
207.25		0.237603
207.375		0.237603
207.5		0.237603
207.625		0.237603
207.75		0.237603
207.875		0.237603
208		0.237603
208.125		0.237603
208.25		0.237603
208.375		0.237603
208.5		0.237603
208.625		0.237603
208.75		0.237603
208.875		0.237603
209		0.237603
209.125		0.237603
209.25		0.237603
209.375		0.237603
209.5		0.237603
209.625		0.237603
209.75		0.237603
209.875		0.237603
210		0.237603
210.125		0.243802
210.25		0.243802
210.375		0.243802
210.5		0.243802
210.625		0.243802
210.75		0.243802
210.875		0.243802
211		0.243802
211.125		0.243802
211.25		0.243802
211.375		0.243802
211.5		0.243802
211.625		0.243802
211.75		0.243802
211.875		0.243802
212		0.243802
212.125		0.243802
212.25		0.243802
212.375		0.243802
212.5		0.243802
212.625		0.243802
212.75		0.243802
212.875		0.243802
213		0.243802
213.125		0.243802
213.25		0.243802
213.375		0.243802
213.5		0.243802
213.625		0.243802
213.75		0.243802
213.875		0.243802
214		0.243802
214.125		0.243802
214.25		0.243802
214.375		0.243802
214.5		0.243802
214.625		0.243802
214.75		0.243802
214.875		0.243802
215		0.243802
215.125		0.260331
215.25		0.260331
215.375		0.260331
215.5		0.260331
215.625		0.260331
215.75		0.260331
215.875		0.260331
216		0.260331
216.125		0.260331
216.25		0.260331
216.375		0.260331
216.5		0.260331
216.625		0.260331
216.75		0.260331
216.875		0.260331
217		0.260331
217.125		0.260331
217.25		0.260331
217.375		0.260331
217.5		0.260331
217.625		0.260331
217.75		0.260331
217.875		0.260331
218		0.260331
218.125		0.260331
218.25		0.260331
218.375		0.260331
218.5		0.260331
218.625		0.260331
218.75		0.260331
218.875		0.260331
219		0.260331
219.125		0.260331
219.25		0.260331
219.375		0.260331
219.5		0.260331
219.625		0.260331
219.75		0.260331
219.875		0.260331
220		0.260331
220.125		0.260331
220.25		0.260331
220.375		0.260331
220.5		0.260331
220.625		0.260331
220.75		0.260331
220.875		0.260331
221		0.260331
221.125		0.260331
221.25		0.260331
221.375		0.260331
221.5		0.260331
221.625		0.260331
221.75		0.260331
221.875		0.260331
222		0.260331
222.125		0.260331
222.25		0.260331
222.375		0.260331
222.5		0.260331
222.625		0.260331
222.75		0.260331
222.875		0.260331
223		0.260331
223.125		0.260331
223.25		0.260331
223.375		0.260331
223.5		0.260331
223.625		0.260331
223.75		0.260331
223.875		0.260331
224		0.260331
224.125		0.260331
224.25		0.260331
224.375		0.260331
224.5		0.260331
224.625		0.260331
224.75		0.260331
224.875		0.260331
225		0.260331
225.125		0.274793
225.25		0.274793
225.375		0.274793
225.5		0.274793
225.625		0.274793
225.75		0.274793
225.875		0.274793
226		0.274793
226.125		0.274793
226.25		0.274793
226.375		0.274793
226.5		0.274793
226.625		0.274793
226.75		0.274793
226.875		0.274793
227		0.274793
227.125		0.274793
227.25		0.274793
227.375		0.274793
227.5		0.274793
227.625		0.274793
227.75		0.274793
227.875		0.274793
228		0.274793
228.125		0.274793
228.25		0.274793
228.375		0.274793
228.5		0.274793
228.625		0.274793
228.75		0.274793
228.875		0.274793
229		0.274793
229.125		0.274793
229.25		0.274793
229.375		0.274793
229.5		0.274793
229.625		0.274793
229.75		0.274793
229.875		0.274793
230		0.274793
230.125		0.285124
230.25		0.285124
230.375		0.285124
230.5		0.285124
230.625		0.285124
230.75		0.285124
230.875		0.285124
231		0.285124
231.125		0.285124
231.25		0.285124
231.375		0.285124
231.5		0.285124
231.625		0.285124
231.75		0.285124
231.875		0.285124
232		0.285124
232.125		0.285124
232.25		0.285124
232.375		0.285124
232.5		0.285124
232.625		0.285124
232.75		0.285124
232.875		0.285124
233		0.285124
233.125		0.285124
233.25		0.285124
233.375		0.285124
233.5		0.285124
233.625		0.285124
233.75		0.285124
233.875		0.285124
234		0.285124
234.125		0.285124
234.25		0.285124
234.375		0.285124
234.5		0.285124
234.625		0.285124
234.75		0.285124
234.875		0.285124
235		0.285124
235.125		0.307851
235.25		0.307851
235.375		0.307851
235.5		0.307851
235.625		0.307851
235.75		0.307851
235.875		0.307851
236		0.307851
236.125		0.307851
236.25		0.307851
236.375		0.307851
236.5		0.307851
236.625		0.307851
236.75		0.307851
236.875		0.307851
237		0.307851
237.125		0.307851
237.25		0.307851
237.375		0.307851
237.5		0.307851
237.625		0.307851
237.75		0.307851
237.875		0.307851
238		0.307851
238.125		0.307851
238.25		0.307851
238.375		0.307851
238.5		0.307851
238.625		0.307851
238.75		0.307851
238.875		0.307851
239		0.307851
239.125		0.307851
239.25		0.307851
239.375		0.307851
239.5		0.307851
239.625		0.307851
239.75		0.307851
239.875		0.307851
240		0.307851
240.125		0.307851
240.25		0.307851
240.375		0.307851
240.5		0.307851
240.625		0.307851
240.75		0.307851
240.875		0.307851
241		0.307851
241.125		0.307851
241.25		0.307851
241.375		0.307851
241.5		0.307851
241.625		0.307851
241.75		0.307851
241.875		0.307851
242		0.307851
242.125		0.307851
242.25		0.307851
242.375		0.307851
242.5		0.307851
242.625		0.307851
242.75		0.307851
242.875		0.307851
243		0.307851
243.125		0.307851
243.25		0.307851
243.375		0.307851
243.5		0.307851
243.625		0.307851
243.75		0.307851
243.875		0.307851
244		0.307851
244.125		0.307851
244.25		0.307851
244.375		0.307851
244.5		0.307851
244.625		0.307851
244.75		0.307851
244.875		0.307851
245		0.307851
245.125		0.32438
245.25		0.32438
245.375		0.32438
245.5		0.32438
245.625		0.32438
245.75		0.32438
245.875		0.32438
246		0.32438
246.125		0.32438
246.25		0.32438
246.375		0.32438
246.5		0.32438
246.625		0.32438
246.75		0.32438
246.875		0.32438
247		0.32438
247.125		0.32438
247.25		0.32438
247.375		0.32438
247.5		0.32438
247.625		0.32438
247.75		0.32438
247.875		0.32438
248		0.32438
248.125		0.32438
248.25		0.32438
248.375		0.32438
248.5		0.32438
248.625		0.32438
248.75		0.32438
248.875		0.32438
249		0.32438
249.125		0.32438
249.25		0.32438
249.375		0.32438
249.5		0.32438
249.625		0.32438
249.75		0.32438
249.875		0.32438
250		0.32438
250.125		0.336777
250.25		0.336777
250.375		0.336777
250.5		0.336777
250.625		0.336777
250.75		0.336777
250.875		0.336777
251		0.336777
251.125		0.336777
251.25		0.336777
251.375		0.336777
251.5		0.336777
251.625		0.336777
251.75		0.336777
251.875		0.336777
252		0.336777
252.125		0.336777
252.25		0.336777
252.375		0.336777
252.5		0.336777
252.625		0.336777
252.75		0.336777
252.875		0.336777
253		0.336777
253.125		0.336777
253.25		0.336777
253.375		0.336777
253.5		0.336777
253.625		0.336777
253.75		0.336777
253.875		0.336777
254		0.336777
254.125		0.336777
254.25		0.336777
254.375		0.336777
254.5		0.336777
254.625		0.336777
254.75		0.336777
254.875		0.336777
255		0.336777
255.125		0.35124
255.25		0.35124
255.375		0.35124
255.5		0.35124
255.625		0.35124
255.75		0.35124
255.875		0.35124
256		0.35124
256.125		0.35124
256.25		0.35124
256.375		0.35124
256.5		0.35124
256.625		0.35124
256.75		0.35124
256.875		0.35124
257		0.35124
257.125		0.35124
257.25		0.35124
257.375		0.35124
257.5		0.35124
257.625		0.35124
257.75		0.35124
257.875		0.35124
258		0.35124
258.125		0.35124
258.25		0.35124
258.375		0.35124
258.5		0.35124
258.625		0.35124
258.75		0.35124
258.875		0.35124
259		0.35124
259.125		0.35124
259.25		0.35124
259.375		0.35124
259.5		0.35124
259.625		0.35124
259.75		0.35124
259.875		0.35124
260		0.35124
260.125		0.35124
260.25		0.35124
260.375		0.35124
260.5		0.35124
260.625		0.35124
260.75		0.35124
260.875		0.35124
261		0.35124
261.125		0.35124
261.25		0.35124
261.375		0.35124
261.5		0.35124
261.625		0.35124
261.75		0.35124
261.875		0.35124
262		0.35124
262.125		0.35124
262.25		0.35124
262.375		0.35124
262.5		0.35124
262.625		0.35124
262.75		0.35124
262.875		0.35124
263		0.35124
263.125		0.35124
263.25		0.35124
263.375		0.35124
263.5		0.35124
263.625		0.35124
263.75		0.35124
263.875		0.35124
264		0.35124
264.125		0.35124
264.25		0.35124
264.375		0.35124
264.5		0.35124
264.625		0.35124
264.75		0.35124
264.875		0.35124
265		0.35124
265.125		0.357438
265.25		0.357438
265.375		0.357438
265.5		0.357438
265.625		0.357438
265.75		0.357438
265.875		0.357438
266		0.357438
266.125		0.357438
266.25		0.357438
266.375		0.357438
266.5		0.357438
266.625		0.357438
266.75		0.357438
266.875		0.357438
267		0.357438
267.125		0.357438
267.25		0.357438
267.375		0.357438
267.5		0.357438
267.625		0.357438
267.75		0.357438
267.875		0.357438
268		0.357438
268.125		0.357438
268.25		0.357438
268.375		0.357438
268.5		0.357438
268.625		0.357438
268.75		0.357438
268.875		0.357438
269		0.357438
269.125		0.357438
269.25		0.357438
269.375		0.357438
269.5		0.357438
269.625		0.357438
269.75		0.357438
269.875		0.357438
270		0.357438
270.125		0.396694
270.25		0.396694
270.375		0.396694
270.5		0.396694
270.625		0.396694
270.75		0.396694
270.875		0.396694
271		0.396694
271.125		0.396694
271.25		0.396694
271.375		0.396694
271.5		0.396694
271.625		0.396694
271.75		0.396694
271.875		0.396694
272		0.396694
272.125		0.396694
272.25		0.396694
272.375		0.396694
272.5		0.396694
272.625		0.396694
272.75		0.396694
272.875		0.396694
273		0.396694
273.125		0.396694
273.25		0.396694
273.375		0.396694
273.5		0.396694
273.625		0.396694
273.75		0.396694
273.875		0.396694
274		0.396694
274.125		0.396694
274.25		0.396694
274.375		0.396694
274.5		0.396694
274.625		0.396694
274.75		0.396694
274.875		0.396694
275		0.396694
275.125		0.396694
275.25		0.396694
275.375		0.396694
275.5		0.396694
275.625		0.396694
275.75		0.396694
275.875		0.396694
276		0.396694
276.125		0.396694
276.25		0.396694
276.375		0.396694
276.5		0.396694
276.625		0.396694
276.75		0.396694
276.875		0.396694
277		0.396694
277.125		0.396694
277.25		0.396694
277.375		0.396694
277.5		0.396694
277.625		0.396694
277.75		0.396694
277.875		0.396694
278		0.396694
278.125		0.396694
278.25		0.396694
278.375		0.396694
278.5		0.396694
278.625		0.396694
278.75		0.396694
278.875		0.396694
279		0.396694
279.125		0.396694
279.25		0.396694
279.375		0.396694
279.5		0.396694
279.625		0.396694
279.75		0.396694
279.875		0.396694
280		0.396694
280.125		0.400826
280.25		0.400826
280.375		0.400826
280.5		0.400826
280.625		0.400826
280.75		0.400826
280.875		0.400826
281		0.400826
281.125		0.400826
281.25		0.400826
281.375		0.400826
281.5		0.400826
281.625		0.400826
281.75		0.400826
281.875		0.400826
282		0.400826
282.125		0.400826
282.25		0.400826
282.375		0.400826
282.5		0.400826
282.625		0.400826
282.75		0.400826
282.875		0.400826
283		0.400826
283.125		0.400826
283.25		0.400826
283.375		0.400826
283.5		0.400826
283.625		0.400826
283.75		0.400826
283.875		0.400826
284		0.400826
284.125		0.400826
284.25		0.400826
284.375		0.400826
284.5		0.400826
284.625		0.400826
284.75		0.400826
284.875		0.400826
285		0.400826
285.125		0.411157
285.25		0.411157
285.375		0.411157
285.5		0.411157
285.625		0.411157
285.75		0.411157
285.875		0.411157
286		0.411157
286.125		0.411157
286.25		0.411157
286.375		0.411157
286.5		0.411157
286.625		0.411157
286.75		0.411157
286.875		0.411157
287		0.411157
287.125		0.411157
287.25		0.411157
287.375		0.411157
287.5		0.411157
287.625		0.411157
287.75		0.411157
287.875		0.411157
288		0.411157
288.125		0.411157
288.25		0.411157
288.375		0.411157
288.5		0.411157
288.625		0.411157
288.75		0.411157
288.875		0.411157
289		0.411157
289.125		0.411157
289.25		0.411157
289.375		0.411157
289.5		0.411157
289.625		0.411157
289.75		0.411157
289.875		0.411157
290		0.411157
290.125		0.450413
290.25		0.450413
290.375		0.450413
290.5		0.450413
290.625		0.450413
290.75		0.450413
290.875		0.450413
291		0.450413
291.125		0.450413
291.25		0.450413
291.375		0.450413
291.5		0.450413
291.625		0.450413
291.75		0.450413
291.875		0.450413
292		0.450413
292.125		0.450413
292.25		0.450413
292.375		0.450413
292.5		0.450413
292.625		0.450413
292.75		0.450413
292.875		0.450413
293		0.450413
293.125		0.450413
293.25		0.450413
293.375		0.450413
293.5		0.450413
293.625		0.450413
293.75		0.450413
293.875		0.450413
294		0.450413
294.125		0.450413
294.25		0.450413
294.375		0.450413
294.5		0.450413
294.625		0.450413
294.75		0.450413
294.875		0.450413
295		0.450413
295.125		0.452479
295.25		0.452479
295.375		0.452479
295.5		0.452479
295.625		0.452479
295.75		0.452479
295.875		0.452479
296		0.452479
296.125		0.452479
296.25		0.452479
296.375		0.452479
296.5		0.452479
296.625		0.452479
296.75		0.452479
296.875		0.452479
297		0.452479
297.125		0.452479
297.25		0.452479
297.375		0.452479
297.5		0.452479
297.625		0.452479
297.75		0.452479
297.875		0.452479
298		0.452479
298.125		0.452479
298.25		0.452479
298.375		0.452479
298.5		0.452479
298.625		0.452479
298.75		0.452479
298.875		0.452479
299		0.452479
299.125		0.452479
299.25		0.452479
299.375		0.452479
299.5		0.452479
299.625		0.452479
299.75		0.452479
299.875		0.452479
300		0.452479
300.125		0.456612
300.25		0.456612
300.375		0.456612
300.5		0.456612
300.625		0.456612
300.75		0.456612
300.875		0.456612
301		0.456612
301.125		0.456612
301.25		0.456612
301.375		0.456612
301.5		0.456612
301.625		0.456612
301.75		0.456612
301.875		0.456612
302		0.456612
302.125		0.456612
302.25		0.456612
302.375		0.456612
302.5		0.456612
302.625		0.456612
302.75		0.456612
302.875		0.456612
303		0.456612
303.125		0.456612
303.25		0.456612
303.375		0.456612
303.5		0.456612
303.625		0.456612
303.75		0.456612
303.875		0.456612
304		0.456612
304.125		0.456612
304.25		0.456612
304.375		0.456612
304.5		0.456612
304.625		0.456612
304.75		0.456612
304.875		0.456612
305		0.456612
305.125		0.469008
305.25		0.469008
305.375		0.469008
305.5		0.469008
305.625		0.469008
305.75		0.469008
305.875		0.469008
306		0.469008
306.125		0.469008
306.25		0.469008
306.375		0.469008
306.5		0.469008
306.625		0.469008
306.75		0.469008
306.875		0.469008
307		0.469008
307.125		0.469008
307.25		0.469008
307.375		0.469008
307.5		0.469008
307.625		0.469008
307.75		0.469008
307.875		0.469008
308		0.469008
308.125		0.469008
308.25		0.469008
308.375		0.469008
308.5		0.469008
308.625		0.469008
308.75		0.469008
308.875		0.469008
309		0.469008
309.125		0.469008
309.25		0.469008
309.375		0.469008
309.5		0.469008
309.625		0.469008
309.75		0.469008
309.875		0.469008
310		0.469008
310.125		0.481405
310.25		0.481405
310.375		0.481405
310.5		0.481405
310.625		0.481405
310.75		0.481405
310.875		0.481405
311		0.481405
311.125		0.481405
311.25		0.481405
311.375		0.481405
311.5		0.481405
311.625		0.481405
311.75		0.481405
311.875		0.481405
312		0.481405
312.125		0.481405
312.25		0.481405
312.375		0.481405
312.5		0.481405
312.625		0.481405
312.75		0.481405
312.875		0.481405
313		0.481405
313.125		0.481405
313.25		0.481405
313.375		0.481405
313.5		0.481405
313.625		0.481405
313.75		0.481405
313.875		0.481405
314		0.481405
314.125		0.481405
314.25		0.481405
314.375		0.481405
314.5		0.481405
314.625		0.481405
314.75		0.481405
314.875		0.481405
315		0.481405
315.125		0.504132
315.25		0.504132
315.375		0.504132
315.5		0.504132
315.625		0.504132
315.75		0.504132
315.875		0.504132
316		0.504132
316.125		0.504132
316.25		0.504132
316.375		0.504132
316.5		0.504132
316.625		0.504132
316.75		0.504132
316.875		0.504132
317		0.504132
317.125		0.504132
317.25		0.504132
317.375		0.504132
317.5		0.504132
317.625		0.504132
317.75		0.504132
317.875		0.504132
318		0.504132
318.125		0.504132
318.25		0.504132
318.375		0.504132
318.5		0.504132
318.625		0.504132
318.75		0.504132
318.875		0.504132
319		0.504132
319.125		0.504132
319.25		0.504132
319.375		0.504132
319.5		0.504132
319.625		0.504132
319.75		0.504132
319.875		0.504132
320		0.504132
320.125		0.504132
320.25		0.504132
320.375		0.504132
320.5		0.504132
320.625		0.504132
320.75		0.504132
320.875		0.504132
321		0.504132
321.125		0.504132
321.25		0.504132
321.375		0.504132
321.5		0.504132
321.625		0.504132
321.75		0.504132
321.875		0.504132
322		0.504132
322.125		0.504132
322.25		0.504132
322.375		0.504132
322.5		0.504132
322.625		0.504132
322.75		0.504132
322.875		0.504132
323		0.504132
323.125		0.504132
323.25		0.504132
323.375		0.504132
323.5		0.504132
323.625		0.504132
323.75		0.504132
323.875		0.504132
324		0.504132
324.125		0.504132
324.25		0.504132
324.375		0.504132
324.5		0.504132
324.625		0.504132
324.75		0.504132
324.875		0.504132
325		0.504132
325.125		0.518595
325.25		0.518595
325.375		0.518595
325.5		0.518595
325.625		0.518595
325.75		0.518595
325.875		0.518595
326		0.518595
326.125		0.518595
326.25		0.518595
326.375		0.518595
326.5		0.518595
326.625		0.518595
326.75		0.518595
326.875		0.518595
327		0.518595
327.125		0.518595
327.25		0.518595
327.375		0.518595
327.5		0.518595
327.625		0.518595
327.75		0.518595
327.875		0.518595
328		0.518595
328.125		0.518595
328.25		0.518595
328.375		0.518595
328.5		0.518595
328.625		0.518595
328.75		0.518595
328.875		0.518595
329		0.518595
329.125		0.518595
329.25		0.518595
329.375		0.518595
329.5		0.518595
329.625		0.518595
329.75		0.518595
329.875		0.518595
330		0.518595
330.125		0.530992
330.25		0.530992
330.375		0.530992
330.5		0.530992
330.625		0.530992
330.75		0.530992
330.875		0.530992
331		0.530992
331.125		0.530992
331.25		0.530992
331.375		0.530992
331.5		0.530992
331.625		0.530992
331.75		0.530992
331.875		0.530992
332		0.530992
332.125		0.530992
332.25		0.530992
332.375		0.530992
332.5		0.530992
332.625		0.530992
332.75		0.530992
332.875		0.530992
333		0.530992
333.125		0.530992
333.25		0.530992
333.375		0.530992
333.5		0.530992
333.625		0.530992
333.75		0.530992
333.875		0.530992
334		0.530992
334.125		0.530992
334.25		0.530992
334.375		0.530992
334.5		0.530992
334.625		0.530992
334.75		0.530992
334.875		0.530992
335		0.530992
335.125		0.541322
335.25		0.541322
335.375		0.541322
335.5		0.541322
335.625		0.541322
335.75		0.541322
335.875		0.541322
336		0.541322
336.125		0.541322
336.25		0.541322
336.375		0.541322
336.5		0.541322
336.625		0.541322
336.75		0.541322
336.875		0.541322
337		0.541322
337.125		0.541322
337.25		0.541322
337.375		0.541322
337.5		0.541322
337.625		0.541322
337.75		0.541322
337.875		0.541322
338		0.541322
338.125		0.541322
338.25		0.541322
338.375		0.541322
338.5		0.541322
338.625		0.541322
338.75		0.541322
338.875		0.541322
339		0.541322
339.125		0.541322
339.25		0.541322
339.375		0.541322
339.5		0.541322
339.625		0.541322
339.75		0.541322
339.875		0.541322
340		0.541322
340.125		0.543388
340.25		0.543388
340.375		0.543388
340.5		0.543388
340.625		0.543388
340.75		0.543388
340.875		0.543388
341		0.543388
341.125		0.543388
341.25		0.543388
341.375		0.543388
341.5		0.543388
341.625		0.543388
341.75		0.543388
341.875		0.543388
342		0.543388
342.125		0.543388
342.25		0.543388
342.375		0.543388
342.5		0.543388
342.625		0.543388
342.75		0.543388
342.875		0.543388
343		0.543388
343.125		0.543388
343.25		0.543388
343.375		0.543388
343.5		0.543388
343.625		0.543388
343.75		0.543388
343.875		0.543388
344		0.543388
344.125		0.543388
344.25		0.543388
344.375		0.543388
344.5		0.543388
344.625		0.543388
344.75		0.543388
344.875		0.543388
345		0.543388
345.125		0.568182
345.25		0.568182
345.375		0.568182
345.5		0.568182
345.625		0.568182
345.75		0.568182
345.875		0.568182
346		0.568182
346.125		0.568182
346.25		0.568182
346.375		0.568182
346.5		0.568182
346.625		0.568182
346.75		0.568182
346.875		0.568182
347		0.568182
347.125		0.568182
347.25		0.568182
347.375		0.568182
347.5		0.568182
347.625		0.568182
347.75		0.568182
347.875		0.568182
348		0.568182
348.125		0.568182
348.25		0.568182
348.375		0.568182
348.5		0.568182
348.625		0.568182
348.75		0.568182
348.875		0.568182
349		0.568182
349.125		0.568182
349.25		0.568182
349.375		0.568182
349.5		0.568182
349.625		0.568182
349.75		0.568182
349.875		0.568182
350		0.568182
350.125		0.580579
350.25		0.580579
350.375		0.580579
350.5		0.580579
350.625		0.580579
350.75		0.580579
350.875		0.580579
351		0.580579
351.125		0.580579
351.25		0.580579
351.375		0.580579
351.5		0.580579
351.625		0.580579
351.75		0.580579
351.875		0.580579
352		0.580579
352.125		0.580579
352.25		0.580579
352.375		0.580579
352.5		0.580579
352.625		0.580579
352.75		0.580579
352.875		0.580579
353		0.580579
353.125		0.580579
353.25		0.580579
353.375		0.580579
353.5		0.580579
353.625		0.580579
353.75		0.580579
353.875		0.580579
354		0.580579
354.125		0.580579
354.25		0.580579
354.375		0.580579
354.5		0.580579
354.625		0.580579
354.75		0.580579
354.875		0.580579
355		0.580579
355.125		0.599174
355.25		0.599174
355.375		0.599174
355.5		0.599174
355.625		0.599174
355.75		0.599174
355.875		0.599174
356		0.599174
356.125		0.599174
356.25		0.599174
356.375		0.599174
356.5		0.599174
356.625		0.599174
356.75		0.599174
356.875		0.599174
357		0.599174
357.125		0.599174
357.25		0.599174
357.375		0.599174
357.5		0.599174
357.625		0.599174
357.75		0.599174
357.875		0.599174
358		0.599174
358.125		0.599174
358.25		0.599174
358.375		0.599174
358.5		0.599174
358.625		0.599174
358.75		0.599174
358.875		0.599174
359		0.599174
359.125		0.599174
359.25		0.599174
359.375		0.599174
359.5		0.599174
359.625		0.599174
359.75		0.599174
359.875		0.599174
360		0.599174
360.125		0.599174
360.25		0.599174
360.375		0.599174
360.5		0.599174
360.625		0.599174
360.75		0.599174
360.875		0.599174
361		0.599174
361.125		0.599174
361.25		0.599174
361.375		0.599174
361.5		0.599174
361.625		0.599174
361.75		0.599174
361.875		0.599174
362		0.599174
362.125		0.599174
362.25		0.599174
362.375		0.599174
362.5		0.599174
362.625		0.599174
362.75		0.599174
362.875		0.599174
363		0.599174
363.125		0.599174
363.25		0.599174
363.375		0.599174
363.5		0.599174
363.625		0.599174
363.75		0.599174
363.875		0.599174
364		0.599174
364.125		0.599174
364.25		0.599174
364.375		0.599174
364.5		0.599174
364.625		0.599174
364.75		0.599174
364.875		0.599174
365		0.599174
365.125		0.605372
365.25		0.605372
365.375		0.605372
365.5		0.605372
365.625		0.605372
365.75		0.605372
365.875		0.605372
366		0.605372
366.125		0.605372
366.25		0.605372
366.375		0.605372
366.5		0.605372
366.625		0.605372
366.75		0.605372
366.875		0.605372
367		0.605372
367.125		0.605372
367.25		0.605372
367.375		0.605372
367.5		0.605372
367.625		0.605372
367.75		0.605372
367.875		0.605372
368		0.605372
368.125		0.605372
368.25		0.605372
368.375		0.605372
368.5		0.605372
368.625		0.605372
368.75		0.605372
368.875		0.605372
369		0.605372
369.125		0.605372
369.25		0.605372
369.375		0.605372
369.5		0.605372
369.625		0.605372
369.75		0.605372
369.875		0.605372
370		0.605372
370.125		0.644628
370.25		0.644628
370.375		0.644628
370.5		0.644628
370.625		0.644628
370.75		0.644628
370.875		0.644628
371		0.644628
371.125		0.644628
371.25		0.644628
371.375		0.644628
371.5		0.644628
371.625		0.644628
371.75		0.644628
371.875		0.644628
372		0.644628
372.125		0.644628
372.25		0.644628
372.375		0.644628
372.5		0.644628
372.625		0.644628
372.75		0.644628
372.875		0.644628
373		0.644628
373.125		0.644628
373.25		0.644628
373.375		0.644628
373.5		0.644628
373.625		0.644628
373.75		0.644628
373.875		0.644628
374		0.644628
374.125		0.644628
374.25		0.644628
374.375		0.644628
374.5		0.644628
374.625		0.644628
374.75		0.644628
374.875		0.644628
375		0.644628
375.125		0.663223
375.25		0.663223
375.375		0.663223
375.5		0.663223
375.625		0.663223
375.75		0.663223
375.875		0.663223
376		0.663223
376.125		0.663223
376.25		0.663223
376.375		0.663223
376.5		0.663223
376.625		0.663223
376.75		0.663223
376.875		0.663223
377		0.663223
377.125		0.663223
377.25		0.663223
377.375		0.663223
377.5		0.663223
377.625		0.663223
377.75		0.663223
377.875		0.663223
378		0.663223
378.125		0.663223
378.25		0.663223
378.375		0.663223
378.5		0.663223
378.625		0.663223
378.75		0.663223
378.875		0.663223
379		0.663223
379.125		0.663223
379.25		0.663223
379.375		0.663223
379.5		0.663223
379.625		0.663223
379.75		0.663223
379.875		0.663223
380		0.663223
380.125		0.667355
380.25		0.667355
380.375		0.667355
380.5		0.667355
380.625		0.667355
380.75		0.667355
380.875		0.667355
381		0.667355
381.125		0.667355
381.25		0.667355
381.375		0.667355
381.5		0.667355
381.625		0.667355
381.75		0.667355
381.875		0.667355
382		0.667355
382.125		0.667355
382.25		0.667355
382.375		0.667355
382.5		0.667355
382.625		0.667355
382.75		0.667355
382.875		0.667355
383		0.667355
383.125		0.667355
383.25		0.667355
383.375		0.667355
383.5		0.667355
383.625		0.667355
383.75		0.667355
383.875		0.667355
384		0.667355
384.125		0.667355
384.25		0.667355
384.375		0.667355
384.5		0.667355
384.625		0.667355
384.75		0.667355
384.875		0.667355
385		0.667355
385.125		0.671488
385.25		0.671488
385.375		0.671488
385.5		0.671488
385.625		0.671488
385.75		0.671488
385.875		0.671488
386		0.671488
386.125		0.671488
386.25		0.671488
386.375		0.671488
386.5		0.671488
386.625		0.671488
386.75		0.671488
386.875		0.671488
387		0.671488
387.125		0.671488
387.25		0.671488
387.375		0.671488
387.5		0.671488
387.625		0.671488
387.75		0.671488
387.875		0.671488
388		0.671488
388.125		0.671488
388.25		0.671488
388.375		0.671488
388.5		0.671488
388.625		0.671488
388.75		0.671488
388.875		0.671488
389		0.671488
389.125		0.671488
389.25		0.671488
389.375		0.671488
389.5		0.671488
389.625		0.671488
389.75		0.671488
389.875		0.671488
390		0.671488
390.125		0.71281
390.25		0.71281
390.375		0.71281
390.5		0.71281
390.625		0.71281
390.75		0.71281
390.875		0.71281
391		0.71281
391.125		0.71281
391.25		0.71281
391.375		0.71281
391.5		0.71281
391.625		0.71281
391.75		0.71281
391.875		0.71281
392		0.71281
392.125		0.71281
392.25		0.71281
392.375		0.71281
392.5		0.71281
392.625		0.71281
392.75		0.71281
392.875		0.71281
393		0.71281
393.125		0.71281
393.25		0.71281
393.375		0.71281
393.5		0.71281
393.625		0.71281
393.75		0.71281
393.875		0.71281
394		0.71281
394.125		0.71281
394.25		0.71281
394.375		0.71281
394.5		0.71281
394.625		0.71281
394.75		0.71281
394.875		0.71281
395		0.71281
395.125		0.72314
395.25		0.72314
395.375		0.72314
395.5		0.72314
395.625		0.72314
395.75		0.72314
395.875		0.72314
396		0.72314
396.125		0.72314
396.25		0.72314
396.375		0.72314
396.5		0.72314
396.625		0.72314
396.75		0.72314
396.875		0.72314
397		0.72314
397.125		0.72314
397.25		0.72314
397.375		0.72314
397.5		0.72314
397.625		0.72314
397.75		0.72314
397.875		0.72314
398		0.72314
398.125		0.72314
398.25		0.72314
398.375		0.72314
398.5		0.72314
398.625		0.72314
398.75		0.72314
398.875		0.72314
399		0.72314
399.125		0.72314
399.25		0.72314
399.375		0.72314
399.5		0.72314
399.625		0.72314
399.75		0.72314
399.875		0.72314
400		0.72314
400.125		0.735537
400.25		0.735537
400.375		0.735537
400.5		0.735537
400.625		0.735537
400.75		0.735537
400.875		0.735537
401		0.735537
401.125		0.735537
401.25		0.735537
401.375		0.735537
401.5		0.735537
401.625		0.735537
401.75		0.735537
401.875		0.735537
402		0.735537
402.125		0.735537
402.25		0.735537
402.375		0.735537
402.5		0.735537
402.625		0.735537
402.75		0.735537
402.875		0.735537
403		0.735537
403.125		0.735537
403.25		0.735537
403.375		0.735537
403.5		0.735537
403.625		0.735537
403.75		0.735537
403.875		0.735537
404		0.735537
404.125		0.735537
404.25		0.735537
404.375		0.735537
404.5		0.735537
404.625		0.735537
404.75		0.735537
404.875		0.735537
405		0.735537
405.125		0.737603
405.25		0.737603
405.375		0.737603
405.5		0.737603
405.625		0.737603
405.75		0.737603
405.875		0.737603
406		0.737603
406.125		0.737603
406.25		0.737603
406.375		0.737603
406.5		0.737603
406.625		0.737603
406.75		0.737603
406.875		0.737603
407		0.737603
407.125		0.737603
407.25		0.737603
407.375		0.737603
407.5		0.737603
407.625		0.737603
407.75		0.737603
407.875		0.737603
408		0.737603
408.125		0.737603
408.25		0.737603
408.375		0.737603
408.5		0.737603
408.625		0.737603
408.75		0.737603
408.875		0.737603
409		0.737603
409.125		0.737603
409.25		0.737603
409.375		0.737603
409.5		0.737603
409.625		0.737603
409.75		0.737603
409.875		0.737603
410		0.737603
410.125		0.752066
410.25		0.752066
410.375		0.752066
410.5		0.752066
410.625		0.752066
410.75		0.752066
410.875		0.752066
411		0.752066
411.125		0.752066
411.25		0.752066
411.375		0.752066
411.5		0.752066
411.625		0.752066
411.75		0.752066
411.875		0.752066
412		0.752066
412.125		0.752066
412.25		0.752066
412.375		0.752066
412.5		0.752066
412.625		0.752066
412.75		0.752066
412.875		0.752066
413		0.752066
413.125		0.752066
413.25		0.752066
413.375		0.752066
413.5		0.752066
413.625		0.752066
413.75		0.752066
413.875		0.752066
414		0.752066
414.125		0.752066
414.25		0.752066
414.375		0.752066
414.5		0.752066
414.625		0.752066
414.75		0.752066
414.875		0.752066
415		0.752066
415.125		0.760331
415.25		0.760331
415.375		0.760331
415.5		0.760331
415.625		0.760331
415.75		0.760331
415.875		0.760331
416		0.760331
416.125		0.760331
416.25		0.760331
416.375		0.760331
416.5		0.760331
416.625		0.760331
416.75		0.760331
416.875		0.760331
417		0.760331
417.125		0.760331
417.25		0.760331
417.375		0.760331
417.5		0.760331
417.625		0.760331
417.75		0.760331
417.875		0.760331
418		0.760331
418.125		0.760331
418.25		0.760331
418.375		0.760331
418.5		0.760331
418.625		0.760331
418.75		0.760331
418.875		0.760331
419		0.760331
419.125		0.760331
419.25		0.760331
419.375		0.760331
419.5		0.760331
419.625		0.760331
419.75		0.760331
419.875		0.760331
420		0.760331
420.125		0.764463
420.25		0.764463
420.375		0.764463
420.5		0.764463
420.625		0.764463
420.75		0.764463
420.875		0.764463
421		0.764463
421.125		0.764463
421.25		0.764463
421.375		0.764463
421.5		0.764463
421.625		0.764463
421.75		0.764463
421.875		0.764463
422		0.764463
422.125		0.764463
422.25		0.764463
422.375		0.764463
422.5		0.764463
422.625		0.764463
422.75		0.764463
422.875		0.764463
423		0.764463
423.125		0.764463
423.25		0.764463
423.375		0.764463
423.5		0.764463
423.625		0.764463
423.75		0.764463
423.875		0.764463
424		0.764463
424.125		0.764463
424.25		0.764463
424.375		0.764463
424.5		0.764463
424.625		0.764463
424.75		0.764463
424.875		0.764463
425		0.764463
425.125		0.770661
425.25		0.770661
425.375		0.770661
425.5		0.770661
425.625		0.770661
425.75		0.770661
425.875		0.770661
426		0.770661
426.125		0.770661
426.25		0.770661
426.375		0.770661
426.5		0.770661
426.625		0.770661
426.75		0.770661
426.875		0.770661
427		0.770661
427.125		0.770661
427.25		0.770661
427.375		0.770661
427.5		0.770661
427.625		0.770661
427.75		0.770661
427.875		0.770661
428		0.770661
428.125		0.770661
428.25		0.770661
428.375		0.770661
428.5		0.770661
428.625		0.770661
428.75		0.770661
428.875		0.770661
429		0.770661
429.125		0.770661
429.25		0.770661
429.375		0.770661
429.5		0.770661
429.625		0.770661
429.75		0.770661
429.875		0.770661
430		0.770661
430.125		0.77686
430.25		0.77686
430.375		0.77686
430.5		0.77686
430.625		0.77686
430.75		0.77686
430.875		0.77686
431		0.77686
431.125		0.77686
431.25		0.77686
431.375		0.77686
431.5		0.77686
431.625		0.77686
431.75		0.77686
431.875		0.77686
432		0.77686
432.125		0.77686
432.25		0.77686
432.375		0.77686
432.5		0.77686
432.625		0.77686
432.75		0.77686
432.875		0.77686
433		0.77686
433.125		0.77686
433.25		0.77686
433.375		0.77686
433.5		0.77686
433.625		0.77686
433.75		0.77686
433.875		0.77686
434		0.77686
434.125		0.77686
434.25		0.77686
434.375		0.77686
434.5		0.77686
434.625		0.77686
434.75		0.77686
434.875		0.77686
435		0.77686
435.125		0.818182
435.25		0.818182
435.375		0.818182
435.5		0.818182
435.625		0.818182
435.75		0.818182
435.875		0.818182
436		0.818182
436.125		0.818182
436.25		0.818182
436.375		0.818182
436.5		0.818182
436.625		0.818182
436.75		0.818182
436.875		0.818182
437		0.818182
437.125		0.818182
437.25		0.818182
437.375		0.818182
437.5		0.818182
437.625		0.818182
437.75		0.818182
437.875		0.818182
438		0.818182
438.125		0.818182
438.25		0.818182
438.375		0.818182
438.5		0.818182
438.625		0.818182
438.75		0.818182
438.875		0.818182
439		0.818182
439.125		0.818182
439.25		0.818182
439.375		0.818182
439.5		0.818182
439.625		0.818182
439.75		0.818182
439.875		0.818182
440		0.818182
440.125		0.832645
440.25		0.832645
440.375		0.832645
440.5		0.832645
440.625		0.832645
440.75		0.832645
440.875		0.832645
441		0.832645
441.125		0.832645
441.25		0.832645
441.375		0.832645
441.5		0.832645
441.625		0.832645
441.75		0.832645
441.875		0.832645
442		0.832645
442.125		0.832645
442.25		0.832645
442.375		0.832645
442.5		0.832645
442.625		0.832645
442.75		0.832645
442.875		0.832645
443		0.832645
443.125		0.832645
443.25		0.832645
443.375		0.832645
443.5		0.832645
443.625		0.832645
443.75		0.832645
443.875		0.832645
444		0.832645
444.125		0.832645
444.25		0.832645
444.375		0.832645
444.5		0.832645
444.625		0.832645
444.75		0.832645
444.875		0.832645
445		0.832645
445.125		0.832645
445.25		0.832645
445.375		0.832645
445.5		0.832645
445.625		0.832645
445.75		0.832645
445.875		0.832645
446		0.832645
446.125		0.832645
446.25		0.832645
446.375		0.832645
446.5		0.832645
446.625		0.832645
446.75		0.832645
446.875		0.832645
447		0.832645
447.125		0.832645
447.25		0.832645
447.375		0.832645
447.5		0.832645
447.625		0.832645
447.75		0.832645
447.875		0.832645
448		0.832645
448.125		0.832645
448.25		0.832645
448.375		0.832645
448.5		0.832645
448.625		0.832645
448.75		0.832645
448.875		0.832645
449		0.832645
449.125		0.832645
449.25		0.832645
449.375		0.832645
449.5		0.832645
449.625		0.832645
449.75		0.832645
449.875		0.832645
450		0.832645
450.125		0.832645
450.25		0.832645
450.375		0.832645
450.5		0.832645
450.625		0.832645
450.75		0.832645
450.875		0.832645
451		0.832645
451.125		0.832645
451.25		0.832645
451.375		0.832645
451.5		0.832645
451.625		0.832645
451.75		0.832645
451.875		0.832645
452		0.832645
452.125		0.832645
452.25		0.832645
452.375		0.832645
452.5		0.832645
452.625		0.832645
452.75		0.832645
452.875		0.832645
453		0.832645
453.125		0.832645
453.25		0.832645
453.375		0.832645
453.5		0.832645
453.625		0.832645
453.75		0.832645
453.875		0.832645
454		0.832645
454.125		0.832645
454.25		0.832645
454.375		0.832645
454.5		0.832645
454.625		0.832645
454.75		0.832645
454.875		0.832645
455		0.832645
455.125		0.853306
455.25		0.853306
455.375		0.853306
455.5		0.853306
455.625		0.853306
455.75		0.853306
455.875		0.853306
456		0.853306
456.125		0.853306
456.25		0.853306
456.375		0.853306
456.5		0.853306
456.625		0.853306
456.75		0.853306
456.875		0.853306
457		0.853306
457.125		0.853306
457.25		0.853306
457.375		0.853306
457.5		0.853306
457.625		0.853306
457.75		0.853306
457.875		0.853306
458		0.853306
458.125		0.853306
458.25		0.853306
458.375		0.853306
458.5		0.853306
458.625		0.853306
458.75		0.853306
458.875		0.853306
459		0.853306
459.125		0.853306
459.25		0.853306
459.375		0.853306
459.5		0.853306
459.625		0.853306
459.75		0.853306
459.875		0.853306
460		0.853306
460.125		0.904959
460.25		0.904959
460.375		0.904959
460.5		0.904959
460.625		0.904959
460.75		0.904959
460.875		0.904959
461		0.904959
461.125		0.904959
461.25		0.904959
461.375		0.904959
461.5		0.904959
461.625		0.904959
461.75		0.904959
461.875		0.904959
462		0.904959
462.125		0.904959
462.25		0.904959
462.375		0.904959
462.5		0.904959
462.625		0.904959
462.75		0.904959
462.875		0.904959
463		0.904959
463.125		0.904959
463.25		0.904959
463.375		0.904959
463.5		0.904959
463.625		0.904959
463.75		0.904959
463.875		0.904959
464		0.904959
464.125		0.904959
464.25		0.904959
464.375		0.904959
464.5		0.904959
464.625		0.904959
464.75		0.904959
464.875		0.904959
465		0.904959
465.125		0.904959
465.25		0.904959
465.375		0.904959
465.5		0.904959
465.625		0.904959
465.75		0.904959
465.875		0.904959
466		0.904959
466.125		0.904959
466.25		0.904959
466.375		0.904959
466.5		0.904959
466.625		0.904959
466.75		0.904959
466.875		0.904959
467		0.904959
467.125		0.904959
467.25		0.904959
467.375		0.904959
467.5		0.904959
467.625		0.904959
467.75		0.904959
467.875		0.904959
468		0.904959
468.125		0.904959
468.25		0.904959
468.375		0.904959
468.5		0.904959
468.625		0.904959
468.75		0.904959
468.875		0.904959
469		0.904959
469.125		0.904959
469.25		0.904959
469.375		0.904959
469.5		0.904959
469.625		0.904959
469.75		0.904959
469.875		0.904959
470		0.904959
470.125		0.911157
470.25		0.911157
470.375		0.911157
470.5		0.911157
470.625		0.911157
470.75		0.911157
470.875		0.911157
471		0.911157
471.125		0.911157
471.25		0.911157
471.375		0.911157
471.5		0.911157
471.625		0.911157
471.75		0.911157
471.875		0.911157
472		0.911157
472.125		0.911157
472.25		0.911157
472.375		0.911157
472.5		0.911157
472.625		0.911157
472.75		0.911157
472.875		0.911157
473		0.911157
473.125		0.911157
473.25		0.911157
473.375		0.911157
473.5		0.911157
473.625		0.911157
473.75		0.911157
473.875		0.911157
474		0.911157
474.125		0.911157
474.25		0.911157
474.375		0.911157
474.5		0.911157
474.625		0.911157
474.75		0.911157
474.875		0.911157
475		0.911157
475.125		0.919421
475.25		0.919421
475.375		0.919421
475.5		0.919421
475.625		0.919421
475.75		0.919421
475.875		0.919421
476		0.919421
476.125		0.919421
476.25		0.919421
476.375		0.919421
476.5		0.919421
476.625		0.919421
476.75		0.919421
476.875		0.919421
477		0.919421
477.125		0.919421
477.25		0.919421
477.375		0.919421
477.5		0.919421
477.625		0.919421
477.75		0.919421
477.875		0.919421
478		0.919421
478.125		0.919421
478.25		0.919421
478.375		0.919421
478.5		0.919421
478.625		0.919421
478.75		0.919421
478.875		0.919421
479		0.919421
479.125		0.919421
479.25		0.919421
479.375		0.919421
479.5		0.919421
479.625		0.919421
479.75		0.919421
479.875		0.919421
480		0.919421
480.125		0.97314
480.25		0.97314
480.375		0.97314
480.5		0.97314
480.625		0.97314
480.75		0.97314
480.875		0.97314
481		0.97314
481.125		0.97314
481.25		0.97314
481.375		0.97314
481.5		0.97314
481.625		0.97314
481.75		0.97314
481.875		0.97314
482		0.97314
482.125		0.97314
482.25		0.97314
482.375		0.97314
482.5		0.97314
482.625		0.97314
482.75		0.97314
482.875		0.97314
483		0.97314
483.125		0.97314
483.25		0.97314
483.375		0.97314
483.5		0.97314
483.625		0.97314
483.75		0.97314
483.875		0.97314
484		0.97314
484.125		0.97314
484.25		0.97314
484.375		0.97314
484.5		0.97314
484.625		0.97314
484.75		0.97314
484.875		0.97314
485		0.97314
485.125		0.979339
485.25		0.979339
485.375		0.979339
485.5		0.979339
485.625		0.979339
485.75		0.979339
485.875		0.979339
486		0.979339
486.125		0.979339
486.25		0.979339
486.375		0.979339
486.5		0.979339
486.625		0.979339
486.75		0.979339
486.875		0.979339
487		0.979339
487.125		0.979339
487.25		0.979339
487.375		0.979339
487.5		0.979339
487.625		0.979339
487.75		0.979339
487.875		0.979339
488		0.979339
488.125		0.979339
488.25		0.979339
488.375		0.979339
488.5		0.979339
488.625		0.979339
488.75		0.979339
488.875		0.979339
489		0.979339
489.125		0.979339
489.25		0.979339
489.375		0.979339
489.5		0.979339
489.625		0.979339
489.75		0.979339
489.875		0.979339
490		0.979339
490.125		0.989669
490.25		0.989669
490.375		0.989669
490.5		0.989669
490.625		0.989669
490.75		0.989669
490.875		0.989669
491		0.989669
491.125		0.989669
491.25		0.989669
491.375		0.989669
491.5		0.989669
491.625		0.989669
491.75		0.989669
491.875		0.989669
492		0.989669
492.125		0.989669
492.25		0.989669
492.375		0.989669
492.5		0.989669
492.625		0.989669
492.75		0.989669
492.875		0.989669
493		0.989669
493.125		0.989669
493.25		0.989669
493.375		0.989669
493.5		0.989669
493.625		0.989669
493.75		0.989669
493.875		0.989669
494		0.989669
494.125		0.989669
494.25		0.989669
494.375		0.989669
494.5		0.989669
494.625		0.989669
494.75		0.989669
494.875		0.989669
495		0.989669
495.125		1
495.25		1
495.375		1
495.5		1
495.625		1
495.75		1
495.875		1
496		1
496.125		1
496.25		1
496.375		1
496.5		1
496.625		1
496.75		1
496.875		1
497		1
497.125		1
497.25		1
497.375		1
497.5		1
497.625		1
497.75		1
497.875		1
498		1
498.125		1
498.25		1
498.375		1
498.5		1
498.625		1
498.75		1
498.875		1
499		1
499.125		1
499.25		1
499.375		1
499.5		1
499.625		1
499.75		1
499.875		1
500		1
