# Calibration file of tamex_id 1 @ channel 9
# fine_T bin		 Calibration value
0.125		0
0.25		0
0.375		0
0.5		0
0.625		0
0.75		0
0.875		0
1		0
1.125		0
1.25		0
1.375		0
1.5		0
1.625		0
1.75		0
1.875		0
2		0
2.125		0
2.25		0
2.375		0
2.5		0
2.625		0
2.75		0
2.875		0
3		0
3.125		0
3.25		0
3.375		0
3.5		0
3.625		0
3.75		0
3.875		0
4		0
4.125		0
4.25		0
4.375		0
4.5		0
4.625		0
4.75		0
4.875		0
5		0
5.125		0
5.25		0
5.375		0
5.5		0
5.625		0
5.75		0
5.875		0
6		0
6.125		0
6.25		0
6.375		0
6.5		0
6.625		0
6.75		0
6.875		0
7		0
7.125		0
7.25		0
7.375		0
7.5		0
7.625		0
7.75		0
7.875		0
8		0
8.125		0
8.25		0
8.375		0
8.5		0
8.625		0
8.75		0
8.875		0
9		0
9.125		0
9.25		0
9.375		0
9.5		0
9.625		0
9.75		0
9.875		0
10		0
10.125		0
10.25		0
10.375		0
10.5		0
10.625		0
10.75		0
10.875		0
11		0
11.125		0
11.25		0
11.375		0
11.5		0
11.625		0
11.75		0
11.875		0
12		0
12.125		0
12.25		0
12.375		0
12.5		0
12.625		0
12.75		0
12.875		0
13		0
13.125		0
13.25		0
13.375		0
13.5		0
13.625		0
13.75		0
13.875		0
14		0
14.125		0
14.25		0
14.375		0
14.5		0
14.625		0
14.75		0
14.875		0
15		0
15.125		0
15.25		0
15.375		0
15.5		0
15.625		0
15.75		0
15.875		0
16		0
16.125		0
16.25		0
16.375		0
16.5		0
16.625		0
16.75		0
16.875		0
17		0
17.125		0
17.25		0
17.375		0
17.5		0
17.625		0
17.75		0
17.875		0
18		0
18.125		0
18.25		0
18.375		0
18.5		0
18.625		0
18.75		0
18.875		0
19		0
19.125		0
19.25		0
19.375		0
19.5		0
19.625		0
19.75		0
19.875		0
20		0
20.125		0
20.25		0
20.375		0
20.5		0
20.625		0
20.75		0
20.875		0
21		0
21.125		0
21.25		0
21.375		0
21.5		0
21.625		0
21.75		0
21.875		0
22		0
22.125		0
22.25		0
22.375		0
22.5		0
22.625		0
22.75		0
22.875		0
23		0
23.125		0
23.25		0
23.375		0
23.5		0
23.625		0
23.75		0
23.875		0
24		0
24.125		0
24.25		0
24.375		0
24.5		0
24.625		0
24.75		0
24.875		0
25		0
25.125		0
25.25		0
25.375		0
25.5		0
25.625		0
25.75		0
25.875		0
26		0
26.125		0
26.25		0
26.375		0
26.5		0
26.625		0
26.75		0
26.875		0
27		0
27.125		0
27.25		0
27.375		0
27.5		0
27.625		0
27.75		0
27.875		0
28		0
28.125		0
28.25		0
28.375		0
28.5		0
28.625		0
28.75		0
28.875		0
29		0
29.125		0
29.25		0
29.375		0
29.5		0
29.625		0
29.75		0
29.875		0
30		0
30.125		0
30.25		0
30.375		0
30.5		0
30.625		0
30.75		0
30.875		0
31		0
31.125		0
31.25		0
31.375		0
31.5		0
31.625		0
31.75		0
31.875		0
32		0
32.125		0
32.25		0
32.375		0
32.5		0
32.625		0
32.75		0
32.875		0
33		0
33.125		0
33.25		0
33.375		0
33.5		0
33.625		0
33.75		0
33.875		0
34		0
34.125		0
34.25		0
34.375		0
34.5		0
34.625		0
34.75		0
34.875		0
35		0
35.125		0
35.25		0
35.375		0
35.5		0
35.625		0
35.75		0
35.875		0
36		0
36.125		0
36.25		0
36.375		0
36.5		0
36.625		0
36.75		0
36.875		0
37		0
37.125		0
37.25		0
37.375		0
37.5		0
37.625		0
37.75		0
37.875		0
38		0
38.125		0
38.25		0
38.375		0
38.5		0
38.625		0
38.75		0
38.875		0
39		0
39.125		0
39.25		0
39.375		0
39.5		0
39.625		0
39.75		0
39.875		0
40		0
40.125		0
40.25		0
40.375		0
40.5		0
40.625		0
40.75		0
40.875		0
41		0
41.125		0
41.25		0
41.375		0
41.5		0
41.625		0
41.75		0
41.875		0
42		0
42.125		0
42.25		0
42.375		0
42.5		0
42.625		0
42.75		0
42.875		0
43		0
43.125		0
43.25		0
43.375		0
43.5		0
43.625		0
43.75		0
43.875		0
44		0
44.125		0
44.25		0
44.375		0
44.5		0
44.625		0
44.75		0
44.875		0
45		0
45.125		0
45.25		0
45.375		0
45.5		0
45.625		0
45.75		0
45.875		0
46		0
46.125		0
46.25		0
46.375		0
46.5		0
46.625		0
46.75		0
46.875		0
47		0
47.125		0
47.25		0
47.375		0
47.5		0
47.625		0
47.75		0
47.875		0
48		0
48.125		0
48.25		0
48.375		0
48.5		0
48.625		0
48.75		0
48.875		0
49		0
49.125		0
49.25		0
49.375		0
49.5		0
49.625		0
49.75		0
49.875		0
50		0
50.125		0
50.25		0
50.375		0
50.5		0
50.625		0
50.75		0
50.875		0
51		0
51.125		0
51.25		0
51.375		0
51.5		0
51.625		0
51.75		0
51.875		0
52		0
52.125		0
52.25		0
52.375		0
52.5		0
52.625		0
52.75		0
52.875		0
53		0
53.125		0
53.25		0
53.375		0
53.5		0
53.625		0
53.75		0
53.875		0
54		0
54.125		0
54.25		0
54.375		0
54.5		0
54.625		0
54.75		0
54.875		0
55		0
55.125		0
55.25		0
55.375		0
55.5		0
55.625		0
55.75		0
55.875		0
56		0
56.125		0
56.25		0
56.375		0
56.5		0
56.625		0
56.75		0
56.875		0
57		0
57.125		0
57.25		0
57.375		0
57.5		0
57.625		0
57.75		0
57.875		0
58		0
58.125		0
58.25		0
58.375		0
58.5		0
58.625		0
58.75		0
58.875		0
59		0
59.125		0
59.25		0
59.375		0
59.5		0
59.625		0
59.75		0
59.875		0
60		0
60.125		0
60.25		0
60.375		0
60.5		0
60.625		0
60.75		0
60.875		0
61		0
61.125		0
61.25		0
61.375		0
61.5		0
61.625		0
61.75		0
61.875		0
62		0
62.125		0
62.25		0
62.375		0
62.5		0
62.625		0
62.75		0
62.875		0
63		0
63.125		0
63.25		0
63.375		0
63.5		0
63.625		0
63.75		0
63.875		0
64		0
64.125		0
64.25		0
64.375		0
64.5		0
64.625		0
64.75		0
64.875		0
65		0
65.125		0
65.25		0
65.375		0
65.5		0
65.625		0
65.75		0
65.875		0
66		0
66.125		0
66.25		0
66.375		0
66.5		0
66.625		0
66.75		0
66.875		0
67		0
67.125		0
67.25		0
67.375		0
67.5		0
67.625		0
67.75		0
67.875		0
68		0
68.125		0
68.25		0
68.375		0
68.5		0
68.625		0
68.75		0
68.875		0
69		0
69.125		0
69.25		0
69.375		0
69.5		0
69.625		0
69.75		0
69.875		0
70		0
70.125		0
70.25		0
70.375		0
70.5		0
70.625		0
70.75		0
70.875		0
71		0
71.125		0
71.25		0
71.375		0
71.5		0
71.625		0
71.75		0
71.875		0
72		0
72.125		0
72.25		0
72.375		0
72.5		0
72.625		0
72.75		0
72.875		0
73		0
73.125		0
73.25		0
73.375		0
73.5		0
73.625		0
73.75		0
73.875		0
74		0
74.125		0
74.25		0
74.375		0
74.5		0
74.625		0
74.75		0
74.875		0
75		0
75.125		0
75.25		0
75.375		0
75.5		0
75.625		0
75.75		0
75.875		0
76		0
76.125		0
76.25		0
76.375		0
76.5		0
76.625		0
76.75		0
76.875		0
77		0
77.125		0
77.25		0
77.375		0
77.5		0
77.625		0
77.75		0
77.875		0
78		0
78.125		0
78.25		0
78.375		0
78.5		0
78.625		0
78.75		0
78.875		0
79		0
79.125		0
79.25		0
79.375		0
79.5		0
79.625		0
79.75		0
79.875		0
80		0
80.125		0
80.25		0
80.375		0
80.5		0
80.625		0
80.75		0
80.875		0
81		0
81.125		0
81.25		0
81.375		0
81.5		0
81.625		0
81.75		0
81.875		0
82		0
82.125		0
82.25		0
82.375		0
82.5		0
82.625		0
82.75		0
82.875		0
83		0
83.125		0
83.25		0
83.375		0
83.5		0
83.625		0
83.75		0
83.875		0
84		0
84.125		0
84.25		0
84.375		0
84.5		0
84.625		0
84.75		0
84.875		0
85		0
85.125		0.0272858
85.25		0.0272858
85.375		0.0272858
85.5		0.0272858
85.625		0.0272858
85.75		0.0272858
85.875		0.0272858
86		0.0272858
86.125		0.0272858
86.25		0.0272858
86.375		0.0272858
86.5		0.0272858
86.625		0.0272858
86.75		0.0272858
86.875		0.0272858
87		0.0272858
87.125		0.0272858
87.25		0.0272858
87.375		0.0272858
87.5		0.0272858
87.625		0.0272858
87.75		0.0272858
87.875		0.0272858
88		0.0272858
88.125		0.0272858
88.25		0.0272858
88.375		0.0272858
88.5		0.0272858
88.625		0.0272858
88.75		0.0272858
88.875		0.0272858
89		0.0272858
89.125		0.0272858
89.25		0.0272858
89.375		0.0272858
89.5		0.0272858
89.625		0.0272858
89.75		0.0272858
89.875		0.0272858
90		0.0272858
90.125		0.0570461
90.25		0.0570461
90.375		0.0570461
90.5		0.0570461
90.625		0.0570461
90.75		0.0570461
90.875		0.0570461
91		0.0570461
91.125		0.0570461
91.25		0.0570461
91.375		0.0570461
91.5		0.0570461
91.625		0.0570461
91.75		0.0570461
91.875		0.0570461
92		0.0570461
92.125		0.0570461
92.25		0.0570461
92.375		0.0570461
92.5		0.0570461
92.625		0.0570461
92.75		0.0570461
92.875		0.0570461
93		0.0570461
93.125		0.0570461
93.25		0.0570461
93.375		0.0570461
93.5		0.0570461
93.625		0.0570461
93.75		0.0570461
93.875		0.0570461
94		0.0570461
94.125		0.0570461
94.25		0.0570461
94.375		0.0570461
94.5		0.0570461
94.625		0.0570461
94.75		0.0570461
94.875		0.0570461
95		0.0570461
95.125		0.0654467
95.25		0.0654467
95.375		0.0654467
95.5		0.0654467
95.625		0.0654467
95.75		0.0654467
95.875		0.0654467
96		0.0654467
96.125		0.0654467
96.25		0.0654467
96.375		0.0654467
96.5		0.0654467
96.625		0.0654467
96.75		0.0654467
96.875		0.0654467
97		0.0654467
97.125		0.0654467
97.25		0.0654467
97.375		0.0654467
97.5		0.0654467
97.625		0.0654467
97.75		0.0654467
97.875		0.0654467
98		0.0654467
98.125		0.0654467
98.25		0.0654467
98.375		0.0654467
98.5		0.0654467
98.625		0.0654467
98.75		0.0654467
98.875		0.0654467
99		0.0654467
99.125		0.0654467
99.25		0.0654467
99.375		0.0654467
99.5		0.0654467
99.625		0.0654467
99.75		0.0654467
99.875		0.0654467
100		0.0654467
100.125		0.0857645
100.25		0.0857645
100.375		0.0857645
100.5		0.0857645
100.625		0.0857645
100.75		0.0857645
100.875		0.0857645
101		0.0857645
101.125		0.0857645
101.25		0.0857645
101.375		0.0857645
101.5		0.0857645
101.625		0.0857645
101.75		0.0857645
101.875		0.0857645
102		0.0857645
102.125		0.0857645
102.25		0.0857645
102.375		0.0857645
102.5		0.0857645
102.625		0.0857645
102.75		0.0857645
102.875		0.0857645
103		0.0857645
103.125		0.0857645
103.25		0.0857645
103.375		0.0857645
103.5		0.0857645
103.625		0.0857645
103.75		0.0857645
103.875		0.0857645
104		0.0857645
104.125		0.0857645
104.25		0.0857645
104.375		0.0857645
104.5		0.0857645
104.625		0.0857645
104.75		0.0857645
104.875		0.0857645
105		0.0857645
105.125		0.0867413
105.25		0.0867413
105.375		0.0867413
105.5		0.0867413
105.625		0.0867413
105.75		0.0867413
105.875		0.0867413
106		0.0867413
106.125		0.0867413
106.25		0.0867413
106.375		0.0867413
106.5		0.0867413
106.625		0.0867413
106.75		0.0867413
106.875		0.0867413
107		0.0867413
107.125		0.0867413
107.25		0.0867413
107.375		0.0867413
107.5		0.0867413
107.625		0.0867413
107.75		0.0867413
107.875		0.0867413
108		0.0867413
108.125		0.0867413
108.25		0.0867413
108.375		0.0867413
108.5		0.0867413
108.625		0.0867413
108.75		0.0867413
108.875		0.0867413
109		0.0867413
109.125		0.0867413
109.25		0.0867413
109.375		0.0867413
109.5		0.0867413
109.625		0.0867413
109.75		0.0867413
109.875		0.0867413
110		0.0867413
110.125		0.102566
110.25		0.102566
110.375		0.102566
110.5		0.102566
110.625		0.102566
110.75		0.102566
110.875		0.102566
111		0.102566
111.125		0.102566
111.25		0.102566
111.375		0.102566
111.5		0.102566
111.625		0.102566
111.75		0.102566
111.875		0.102566
112		0.102566
112.125		0.102566
112.25		0.102566
112.375		0.102566
112.5		0.102566
112.625		0.102566
112.75		0.102566
112.875		0.102566
113		0.102566
113.125		0.102566
113.25		0.102566
113.375		0.102566
113.5		0.102566
113.625		0.102566
113.75		0.102566
113.875		0.102566
114		0.102566
114.125		0.102566
114.25		0.102566
114.375		0.102566
114.5		0.102566
114.625		0.102566
114.75		0.102566
114.875		0.102566
115		0.102566
115.125		0.11305
115.25		0.11305
115.375		0.11305
115.5		0.11305
115.625		0.11305
115.75		0.11305
115.875		0.11305
116		0.11305
116.125		0.11305
116.25		0.11305
116.375		0.11305
116.5		0.11305
116.625		0.11305
116.75		0.11305
116.875		0.11305
117		0.11305
117.125		0.11305
117.25		0.11305
117.375		0.11305
117.5		0.11305
117.625		0.11305
117.75		0.11305
117.875		0.11305
118		0.11305
118.125		0.11305
118.25		0.11305
118.375		0.11305
118.5		0.11305
118.625		0.11305
118.75		0.11305
118.875		0.11305
119		0.11305
119.125		0.11305
119.25		0.11305
119.375		0.11305
119.5		0.11305
119.625		0.11305
119.75		0.11305
119.875		0.11305
120		0.11305
120.125		0.123405
120.25		0.123405
120.375		0.123405
120.5		0.123405
120.625		0.123405
120.75		0.123405
120.875		0.123405
121		0.123405
121.125		0.123405
121.25		0.123405
121.375		0.123405
121.5		0.123405
121.625		0.123405
121.75		0.123405
121.875		0.123405
122		0.123405
122.125		0.123405
122.25		0.123405
122.375		0.123405
122.5		0.123405
122.625		0.123405
122.75		0.123405
122.875		0.123405
123		0.123405
123.125		0.123405
123.25		0.123405
123.375		0.123405
123.5		0.123405
123.625		0.123405
123.75		0.123405
123.875		0.123405
124		0.123405
124.125		0.123405
124.25		0.123405
124.375		0.123405
124.5		0.123405
124.625		0.123405
124.75		0.123405
124.875		0.123405
125		0.123405
125.125		0.130763
125.25		0.130763
125.375		0.130763
125.5		0.130763
125.625		0.130763
125.75		0.130763
125.875		0.130763
126		0.130763
126.125		0.130763
126.25		0.130763
126.375		0.130763
126.5		0.130763
126.625		0.130763
126.75		0.130763
126.875		0.130763
127		0.130763
127.125		0.130763
127.25		0.130763
127.375		0.130763
127.5		0.130763
127.625		0.130763
127.75		0.130763
127.875		0.130763
128		0.130763
128.125		0.130763
128.25		0.130763
128.375		0.130763
128.5		0.130763
128.625		0.130763
128.75		0.130763
128.875		0.130763
129		0.130763
129.125		0.130763
129.25		0.130763
129.375		0.130763
129.5		0.130763
129.625		0.130763
129.75		0.130763
129.875		0.130763
130		0.130763
130.125		0.146913
130.25		0.146913
130.375		0.146913
130.5		0.146913
130.625		0.146913
130.75		0.146913
130.875		0.146913
131		0.146913
131.125		0.146913
131.25		0.146913
131.375		0.146913
131.5		0.146913
131.625		0.146913
131.75		0.146913
131.875		0.146913
132		0.146913
132.125		0.146913
132.25		0.146913
132.375		0.146913
132.5		0.146913
132.625		0.146913
132.75		0.146913
132.875		0.146913
133		0.146913
133.125		0.146913
133.25		0.146913
133.375		0.146913
133.5		0.146913
133.625		0.146913
133.75		0.146913
133.875		0.146913
134		0.146913
134.125		0.146913
134.25		0.146913
134.375		0.146913
134.5		0.146913
134.625		0.146913
134.75		0.146913
134.875		0.146913
135		0.146913
135.125		0.16404
135.25		0.16404
135.375		0.16404
135.5		0.16404
135.625		0.16404
135.75		0.16404
135.875		0.16404
136		0.16404
136.125		0.16404
136.25		0.16404
136.375		0.16404
136.5		0.16404
136.625		0.16404
136.75		0.16404
136.875		0.16404
137		0.16404
137.125		0.16404
137.25		0.16404
137.375		0.16404
137.5		0.16404
137.625		0.16404
137.75		0.16404
137.875		0.16404
138		0.16404
138.125		0.16404
138.25		0.16404
138.375		0.16404
138.5		0.16404
138.625		0.16404
138.75		0.16404
138.875		0.16404
139		0.16404
139.125		0.16404
139.25		0.16404
139.375		0.16404
139.5		0.16404
139.625		0.16404
139.75		0.16404
139.875		0.16404
140		0.16404
140.125		0.168338
140.25		0.168338
140.375		0.168338
140.5		0.168338
140.625		0.168338
140.75		0.168338
140.875		0.168338
141		0.168338
141.125		0.168338
141.25		0.168338
141.375		0.168338
141.5		0.168338
141.625		0.168338
141.75		0.168338
141.875		0.168338
142		0.168338
142.125		0.168338
142.25		0.168338
142.375		0.168338
142.5		0.168338
142.625		0.168338
142.75		0.168338
142.875		0.168338
143		0.168338
143.125		0.168338
143.25		0.168338
143.375		0.168338
143.5		0.168338
143.625		0.168338
143.75		0.168338
143.875		0.168338
144		0.168338
144.125		0.168338
144.25		0.168338
144.375		0.168338
144.5		0.168338
144.625		0.168338
144.75		0.168338
144.875		0.168338
145		0.168338
145.125		0.175827
145.25		0.175827
145.375		0.175827
145.5		0.175827
145.625		0.175827
145.75		0.175827
145.875		0.175827
146		0.175827
146.125		0.175827
146.25		0.175827
146.375		0.175827
146.5		0.175827
146.625		0.175827
146.75		0.175827
146.875		0.175827
147		0.175827
147.125		0.175827
147.25		0.175827
147.375		0.175827
147.5		0.175827
147.625		0.175827
147.75		0.175827
147.875		0.175827
148		0.175827
148.125		0.175827
148.25		0.175827
148.375		0.175827
148.5		0.175827
148.625		0.175827
148.75		0.175827
148.875		0.175827
149		0.175827
149.125		0.175827
149.25		0.175827
149.375		0.175827
149.5		0.175827
149.625		0.175827
149.75		0.175827
149.875		0.175827
150		0.175827
150.125		0.208843
150.25		0.208843
150.375		0.208843
150.5		0.208843
150.625		0.208843
150.75		0.208843
150.875		0.208843
151		0.208843
151.125		0.208843
151.25		0.208843
151.375		0.208843
151.5		0.208843
151.625		0.208843
151.75		0.208843
151.875		0.208843
152		0.208843
152.125		0.208843
152.25		0.208843
152.375		0.208843
152.5		0.208843
152.625		0.208843
152.75		0.208843
152.875		0.208843
153		0.208843
153.125		0.208843
153.25		0.208843
153.375		0.208843
153.5		0.208843
153.625		0.208843
153.75		0.208843
153.875		0.208843
154		0.208843
154.125		0.208843
154.25		0.208843
154.375		0.208843
154.5		0.208843
154.625		0.208843
154.75		0.208843
154.875		0.208843
155		0.208843
155.125		0.211188
155.25		0.211188
155.375		0.211188
155.5		0.211188
155.625		0.211188
155.75		0.211188
155.875		0.211188
156		0.211188
156.125		0.211188
156.25		0.211188
156.375		0.211188
156.5		0.211188
156.625		0.211188
156.75		0.211188
156.875		0.211188
157		0.211188
157.125		0.211188
157.25		0.211188
157.375		0.211188
157.5		0.211188
157.625		0.211188
157.75		0.211188
157.875		0.211188
158		0.211188
158.125		0.211188
158.25		0.211188
158.375		0.211188
158.5		0.211188
158.625		0.211188
158.75		0.211188
158.875		0.211188
159		0.211188
159.125		0.211188
159.25		0.211188
159.375		0.211188
159.5		0.211188
159.625		0.211188
159.75		0.211188
159.875		0.211188
160		0.211188
160.125		0.216723
160.25		0.216723
160.375		0.216723
160.5		0.216723
160.625		0.216723
160.75		0.216723
160.875		0.216723
161		0.216723
161.125		0.216723
161.25		0.216723
161.375		0.216723
161.5		0.216723
161.625		0.216723
161.75		0.216723
161.875		0.216723
162		0.216723
162.125		0.216723
162.25		0.216723
162.375		0.216723
162.5		0.216723
162.625		0.216723
162.75		0.216723
162.875		0.216723
163		0.216723
163.125		0.216723
163.25		0.216723
163.375		0.216723
163.5		0.216723
163.625		0.216723
163.75		0.216723
163.875		0.216723
164		0.216723
164.125		0.216723
164.25		0.216723
164.375		0.216723
164.5		0.216723
164.625		0.216723
164.75		0.216723
164.875		0.216723
165		0.216723
165.125		0.227077
165.25		0.227077
165.375		0.227077
165.5		0.227077
165.625		0.227077
165.75		0.227077
165.875		0.227077
166		0.227077
166.125		0.227077
166.25		0.227077
166.375		0.227077
166.5		0.227077
166.625		0.227077
166.75		0.227077
166.875		0.227077
167		0.227077
167.125		0.227077
167.25		0.227077
167.375		0.227077
167.5		0.227077
167.625		0.227077
167.75		0.227077
167.875		0.227077
168		0.227077
168.125		0.227077
168.25		0.227077
168.375		0.227077
168.5		0.227077
168.625		0.227077
168.75		0.227077
168.875		0.227077
169		0.227077
169.125		0.227077
169.25		0.227077
169.375		0.227077
169.5		0.227077
169.625		0.227077
169.75		0.227077
169.875		0.227077
170		0.227077
170.125		0.240883
170.25		0.240883
170.375		0.240883
170.5		0.240883
170.625		0.240883
170.75		0.240883
170.875		0.240883
171		0.240883
171.125		0.240883
171.25		0.240883
171.375		0.240883
171.5		0.240883
171.625		0.240883
171.75		0.240883
171.875		0.240883
172		0.240883
172.125		0.240883
172.25		0.240883
172.375		0.240883
172.5		0.240883
172.625		0.240883
172.75		0.240883
172.875		0.240883
173		0.240883
173.125		0.240883
173.25		0.240883
173.375		0.240883
173.5		0.240883
173.625		0.240883
173.75		0.240883
173.875		0.240883
174		0.240883
174.125		0.240883
174.25		0.240883
174.375		0.240883
174.5		0.240883
174.625		0.240883
174.75		0.240883
174.875		0.240883
175		0.240883
175.125		0.252605
175.25		0.252605
175.375		0.252605
175.5		0.252605
175.625		0.252605
175.75		0.252605
175.875		0.252605
176		0.252605
176.125		0.252605
176.25		0.252605
176.375		0.252605
176.5		0.252605
176.625		0.252605
176.75		0.252605
176.875		0.252605
177		0.252605
177.125		0.252605
177.25		0.252605
177.375		0.252605
177.5		0.252605
177.625		0.252605
177.75		0.252605
177.875		0.252605
178		0.252605
178.125		0.252605
178.25		0.252605
178.375		0.252605
178.5		0.252605
178.625		0.252605
178.75		0.252605
178.875		0.252605
179		0.252605
179.125		0.252605
179.25		0.252605
179.375		0.252605
179.5		0.252605
179.625		0.252605
179.75		0.252605
179.875		0.252605
180		0.252605
180.125		0.268429
180.25		0.268429
180.375		0.268429
180.5		0.268429
180.625		0.268429
180.75		0.268429
180.875		0.268429
181		0.268429
181.125		0.268429
181.25		0.268429
181.375		0.268429
181.5		0.268429
181.625		0.268429
181.75		0.268429
181.875		0.268429
182		0.268429
182.125		0.268429
182.25		0.268429
182.375		0.268429
182.5		0.268429
182.625		0.268429
182.75		0.268429
182.875		0.268429
183		0.268429
183.125		0.268429
183.25		0.268429
183.375		0.268429
183.5		0.268429
183.625		0.268429
183.75		0.268429
183.875		0.268429
184		0.268429
184.125		0.268429
184.25		0.268429
184.375		0.268429
184.5		0.268429
184.625		0.268429
184.75		0.268429
184.875		0.268429
185		0.268429
185.125		0.271425
185.25		0.271425
185.375		0.271425
185.5		0.271425
185.625		0.271425
185.75		0.271425
185.875		0.271425
186		0.271425
186.125		0.271425
186.25		0.271425
186.375		0.271425
186.5		0.271425
186.625		0.271425
186.75		0.271425
186.875		0.271425
187		0.271425
187.125		0.271425
187.25		0.271425
187.375		0.271425
187.5		0.271425
187.625		0.271425
187.75		0.271425
187.875		0.271425
188		0.271425
188.125		0.271425
188.25		0.271425
188.375		0.271425
188.5		0.271425
188.625		0.271425
188.75		0.271425
188.875		0.271425
189		0.271425
189.125		0.271425
189.25		0.271425
189.375		0.271425
189.5		0.271425
189.625		0.271425
189.75		0.271425
189.875		0.271425
190		0.271425
190.125		0.281584
190.25		0.281584
190.375		0.281584
190.5		0.281584
190.625		0.281584
190.75		0.281584
190.875		0.281584
191		0.281584
191.125		0.281584
191.25		0.281584
191.375		0.281584
191.5		0.281584
191.625		0.281584
191.75		0.281584
191.875		0.281584
192		0.281584
192.125		0.281584
192.25		0.281584
192.375		0.281584
192.5		0.281584
192.625		0.281584
192.75		0.281584
192.875		0.281584
193		0.281584
193.125		0.281584
193.25		0.281584
193.375		0.281584
193.5		0.281584
193.625		0.281584
193.75		0.281584
193.875		0.281584
194		0.281584
194.125		0.281584
194.25		0.281584
194.375		0.281584
194.5		0.281584
194.625		0.281584
194.75		0.281584
194.875		0.281584
195		0.281584
195.125		0.29832
195.25		0.29832
195.375		0.29832
195.5		0.29832
195.625		0.29832
195.75		0.29832
195.875		0.29832
196		0.29832
196.125		0.29832
196.25		0.29832
196.375		0.29832
196.5		0.29832
196.625		0.29832
196.75		0.29832
196.875		0.29832
197		0.29832
197.125		0.29832
197.25		0.29832
197.375		0.29832
197.5		0.29832
197.625		0.29832
197.75		0.29832
197.875		0.29832
198		0.29832
198.125		0.29832
198.25		0.29832
198.375		0.29832
198.5		0.29832
198.625		0.29832
198.75		0.29832
198.875		0.29832
199		0.29832
199.125		0.29832
199.25		0.29832
199.375		0.29832
199.5		0.29832
199.625		0.29832
199.75		0.29832
199.875		0.29832
200		0.29832
200.125		0.309977
200.25		0.309977
200.375		0.309977
200.5		0.309977
200.625		0.309977
200.75		0.309977
200.875		0.309977
201		0.309977
201.125		0.309977
201.25		0.309977
201.375		0.309977
201.5		0.309977
201.625		0.309977
201.75		0.309977
201.875		0.309977
202		0.309977
202.125		0.309977
202.25		0.309977
202.375		0.309977
202.5		0.309977
202.625		0.309977
202.75		0.309977
202.875		0.309977
203		0.309977
203.125		0.309977
203.25		0.309977
203.375		0.309977
203.5		0.309977
203.625		0.309977
203.75		0.309977
203.875		0.309977
204		0.309977
204.125		0.309977
204.25		0.309977
204.375		0.309977
204.5		0.309977
204.625		0.309977
204.75		0.309977
204.875		0.309977
205		0.309977
205.125		0.315447
205.25		0.315447
205.375		0.315447
205.5		0.315447
205.625		0.315447
205.75		0.315447
205.875		0.315447
206		0.315447
206.125		0.315447
206.25		0.315447
206.375		0.315447
206.5		0.315447
206.625		0.315447
206.75		0.315447
206.875		0.315447
207		0.315447
207.125		0.315447
207.25		0.315447
207.375		0.315447
207.5		0.315447
207.625		0.315447
207.75		0.315447
207.875		0.315447
208		0.315447
208.125		0.315447
208.25		0.315447
208.375		0.315447
208.5		0.315447
208.625		0.315447
208.75		0.315447
208.875		0.315447
209		0.315447
209.125		0.315447
209.25		0.315447
209.375		0.315447
209.5		0.315447
209.625		0.315447
209.75		0.315447
209.875		0.315447
210		0.315447
210.125		0.331467
210.25		0.331467
210.375		0.331467
210.5		0.331467
210.625		0.331467
210.75		0.331467
210.875		0.331467
211		0.331467
211.125		0.331467
211.25		0.331467
211.375		0.331467
211.5		0.331467
211.625		0.331467
211.75		0.331467
211.875		0.331467
212		0.331467
212.125		0.331467
212.25		0.331467
212.375		0.331467
212.5		0.331467
212.625		0.331467
212.75		0.331467
212.875		0.331467
213		0.331467
213.125		0.331467
213.25		0.331467
213.375		0.331467
213.5		0.331467
213.625		0.331467
213.75		0.331467
213.875		0.331467
214		0.331467
214.125		0.331467
214.25		0.331467
214.375		0.331467
214.5		0.331467
214.625		0.331467
214.75		0.331467
214.875		0.331467
215		0.331467
215.125		0.332899
215.25		0.332899
215.375		0.332899
215.5		0.332899
215.625		0.332899
215.75		0.332899
215.875		0.332899
216		0.332899
216.125		0.332899
216.25		0.332899
216.375		0.332899
216.5		0.332899
216.625		0.332899
216.75		0.332899
216.875		0.332899
217		0.332899
217.125		0.332899
217.25		0.332899
217.375		0.332899
217.5		0.332899
217.625		0.332899
217.75		0.332899
217.875		0.332899
218		0.332899
218.125		0.332899
218.25		0.332899
218.375		0.332899
218.5		0.332899
218.625		0.332899
218.75		0.332899
218.875		0.332899
219		0.332899
219.125		0.332899
219.25		0.332899
219.375		0.332899
219.5		0.332899
219.625		0.332899
219.75		0.332899
219.875		0.332899
220		0.332899
220.125		0.353803
220.25		0.353803
220.375		0.353803
220.5		0.353803
220.625		0.353803
220.75		0.353803
220.875		0.353803
221		0.353803
221.125		0.353803
221.25		0.353803
221.375		0.353803
221.5		0.353803
221.625		0.353803
221.75		0.353803
221.875		0.353803
222		0.353803
222.125		0.353803
222.25		0.353803
222.375		0.353803
222.5		0.353803
222.625		0.353803
222.75		0.353803
222.875		0.353803
223		0.353803
223.125		0.353803
223.25		0.353803
223.375		0.353803
223.5		0.353803
223.625		0.353803
223.75		0.353803
223.875		0.353803
224		0.353803
224.125		0.353803
224.25		0.353803
224.375		0.353803
224.5		0.353803
224.625		0.353803
224.75		0.353803
224.875		0.353803
225		0.353803
225.125		0.359794
225.25		0.359794
225.375		0.359794
225.5		0.359794
225.625		0.359794
225.75		0.359794
225.875		0.359794
226		0.359794
226.125		0.359794
226.25		0.359794
226.375		0.359794
226.5		0.359794
226.625		0.359794
226.75		0.359794
226.875		0.359794
227		0.359794
227.125		0.359794
227.25		0.359794
227.375		0.359794
227.5		0.359794
227.625		0.359794
227.75		0.359794
227.875		0.359794
228		0.359794
228.125		0.359794
228.25		0.359794
228.375		0.359794
228.5		0.359794
228.625		0.359794
228.75		0.359794
228.875		0.359794
229		0.359794
229.125		0.359794
229.25		0.359794
229.375		0.359794
229.5		0.359794
229.625		0.359794
229.75		0.359794
229.875		0.359794
230		0.359794
230.125		0.3764
230.25		0.3764
230.375		0.3764
230.5		0.3764
230.625		0.3764
230.75		0.3764
230.875		0.3764
231		0.3764
231.125		0.3764
231.25		0.3764
231.375		0.3764
231.5		0.3764
231.625		0.3764
231.75		0.3764
231.875		0.3764
232		0.3764
232.125		0.3764
232.25		0.3764
232.375		0.3764
232.5		0.3764
232.625		0.3764
232.75		0.3764
232.875		0.3764
233		0.3764
233.125		0.3764
233.25		0.3764
233.375		0.3764
233.5		0.3764
233.625		0.3764
233.75		0.3764
233.875		0.3764
234		0.3764
234.125		0.3764
234.25		0.3764
234.375		0.3764
234.5		0.3764
234.625		0.3764
234.75		0.3764
234.875		0.3764
235		0.3764
235.125		0.389685
235.25		0.389685
235.375		0.389685
235.5		0.389685
235.625		0.389685
235.75		0.389685
235.875		0.389685
236		0.389685
236.125		0.389685
236.25		0.389685
236.375		0.389685
236.5		0.389685
236.625		0.389685
236.75		0.389685
236.875		0.389685
237		0.389685
237.125		0.389685
237.25		0.389685
237.375		0.389685
237.5		0.389685
237.625		0.389685
237.75		0.389685
237.875		0.389685
238		0.389685
238.125		0.389685
238.25		0.389685
238.375		0.389685
238.5		0.389685
238.625		0.389685
238.75		0.389685
238.875		0.389685
239		0.389685
239.125		0.389685
239.25		0.389685
239.375		0.389685
239.5		0.389685
239.625		0.389685
239.75		0.389685
239.875		0.389685
240		0.389685
240.125		0.392485
240.25		0.392485
240.375		0.392485
240.5		0.392485
240.625		0.392485
240.75		0.392485
240.875		0.392485
241		0.392485
241.125		0.392485
241.25		0.392485
241.375		0.392485
241.5		0.392485
241.625		0.392485
241.75		0.392485
241.875		0.392485
242		0.392485
242.125		0.392485
242.25		0.392485
242.375		0.392485
242.5		0.392485
242.625		0.392485
242.75		0.392485
242.875		0.392485
243		0.392485
243.125		0.392485
243.25		0.392485
243.375		0.392485
243.5		0.392485
243.625		0.392485
243.75		0.392485
243.875		0.392485
244		0.392485
244.125		0.392485
244.25		0.392485
244.375		0.392485
244.5		0.392485
244.625		0.392485
244.75		0.392485
244.875		0.392485
245		0.392485
245.125		0.409026
245.25		0.409026
245.375		0.409026
245.5		0.409026
245.625		0.409026
245.75		0.409026
245.875		0.409026
246		0.409026
246.125		0.409026
246.25		0.409026
246.375		0.409026
246.5		0.409026
246.625		0.409026
246.75		0.409026
246.875		0.409026
247		0.409026
247.125		0.409026
247.25		0.409026
247.375		0.409026
247.5		0.409026
247.625		0.409026
247.75		0.409026
247.875		0.409026
248		0.409026
248.125		0.409026
248.25		0.409026
248.375		0.409026
248.5		0.409026
248.625		0.409026
248.75		0.409026
248.875		0.409026
249		0.409026
249.125		0.409026
249.25		0.409026
249.375		0.409026
249.5		0.409026
249.625		0.409026
249.75		0.409026
249.875		0.409026
250		0.409026
250.125		0.417036
250.25		0.417036
250.375		0.417036
250.5		0.417036
250.625		0.417036
250.75		0.417036
250.875		0.417036
251		0.417036
251.125		0.417036
251.25		0.417036
251.375		0.417036
251.5		0.417036
251.625		0.417036
251.75		0.417036
251.875		0.417036
252		0.417036
252.125		0.417036
252.25		0.417036
252.375		0.417036
252.5		0.417036
252.625		0.417036
252.75		0.417036
252.875		0.417036
253		0.417036
253.125		0.417036
253.25		0.417036
253.375		0.417036
253.5		0.417036
253.625		0.417036
253.75		0.417036
253.875		0.417036
254		0.417036
254.125		0.417036
254.25		0.417036
254.375		0.417036
254.5		0.417036
254.625		0.417036
254.75		0.417036
254.875		0.417036
255		0.417036
255.125		0.435009
255.25		0.435009
255.375		0.435009
255.5		0.435009
255.625		0.435009
255.75		0.435009
255.875		0.435009
256		0.435009
256.125		0.435009
256.25		0.435009
256.375		0.435009
256.5		0.435009
256.625		0.435009
256.75		0.435009
256.875		0.435009
257		0.435009
257.125		0.435009
257.25		0.435009
257.375		0.435009
257.5		0.435009
257.625		0.435009
257.75		0.435009
257.875		0.435009
258		0.435009
258.125		0.435009
258.25		0.435009
258.375		0.435009
258.5		0.435009
258.625		0.435009
258.75		0.435009
258.875		0.435009
259		0.435009
259.125		0.435009
259.25		0.435009
259.375		0.435009
259.5		0.435009
259.625		0.435009
259.75		0.435009
259.875		0.435009
260		0.435009
260.125		0.450508
260.25		0.450508
260.375		0.450508
260.5		0.450508
260.625		0.450508
260.75		0.450508
260.875		0.450508
261		0.450508
261.125		0.450508
261.25		0.450508
261.375		0.450508
261.5		0.450508
261.625		0.450508
261.75		0.450508
261.875		0.450508
262		0.450508
262.125		0.450508
262.25		0.450508
262.375		0.450508
262.5		0.450508
262.625		0.450508
262.75		0.450508
262.875		0.450508
263		0.450508
263.125		0.450508
263.25		0.450508
263.375		0.450508
263.5		0.450508
263.625		0.450508
263.75		0.450508
263.875		0.450508
264		0.450508
264.125		0.450508
264.25		0.450508
264.375		0.450508
264.5		0.450508
264.625		0.450508
264.75		0.450508
264.875		0.450508
265		0.450508
265.125		0.452266
265.25		0.452266
265.375		0.452266
265.5		0.452266
265.625		0.452266
265.75		0.452266
265.875		0.452266
266		0.452266
266.125		0.452266
266.25		0.452266
266.375		0.452266
266.5		0.452266
266.625		0.452266
266.75		0.452266
266.875		0.452266
267		0.452266
267.125		0.452266
267.25		0.452266
267.375		0.452266
267.5		0.452266
267.625		0.452266
267.75		0.452266
267.875		0.452266
268		0.452266
268.125		0.452266
268.25		0.452266
268.375		0.452266
268.5		0.452266
268.625		0.452266
268.75		0.452266
268.875		0.452266
269		0.452266
269.125		0.452266
269.25		0.452266
269.375		0.452266
269.5		0.452266
269.625		0.452266
269.75		0.452266
269.875		0.452266
270		0.452266
270.125		0.466918
270.25		0.466918
270.375		0.466918
270.5		0.466918
270.625		0.466918
270.75		0.466918
270.875		0.466918
271		0.466918
271.125		0.466918
271.25		0.466918
271.375		0.466918
271.5		0.466918
271.625		0.466918
271.75		0.466918
271.875		0.466918
272		0.466918
272.125		0.466918
272.25		0.466918
272.375		0.466918
272.5		0.466918
272.625		0.466918
272.75		0.466918
272.875		0.466918
273		0.466918
273.125		0.466918
273.25		0.466918
273.375		0.466918
273.5		0.466918
273.625		0.466918
273.75		0.466918
273.875		0.466918
274		0.466918
274.125		0.466918
274.25		0.466918
274.375		0.466918
274.5		0.466918
274.625		0.466918
274.75		0.466918
274.875		0.466918
275		0.466918
275.125		0.469914
275.25		0.469914
275.375		0.469914
275.5		0.469914
275.625		0.469914
275.75		0.469914
275.875		0.469914
276		0.469914
276.125		0.469914
276.25		0.469914
276.375		0.469914
276.5		0.469914
276.625		0.469914
276.75		0.469914
276.875		0.469914
277		0.469914
277.125		0.469914
277.25		0.469914
277.375		0.469914
277.5		0.469914
277.625		0.469914
277.75		0.469914
277.875		0.469914
278		0.469914
278.125		0.469914
278.25		0.469914
278.375		0.469914
278.5		0.469914
278.625		0.469914
278.75		0.469914
278.875		0.469914
279		0.469914
279.125		0.469914
279.25		0.469914
279.375		0.469914
279.5		0.469914
279.625		0.469914
279.75		0.469914
279.875		0.469914
280		0.469914
280.125		0.494074
280.25		0.494074
280.375		0.494074
280.5		0.494074
280.625		0.494074
280.75		0.494074
280.875		0.494074
281		0.494074
281.125		0.494074
281.25		0.494074
281.375		0.494074
281.5		0.494074
281.625		0.494074
281.75		0.494074
281.875		0.494074
282		0.494074
282.125		0.494074
282.25		0.494074
282.375		0.494074
282.5		0.494074
282.625		0.494074
282.75		0.494074
282.875		0.494074
283		0.494074
283.125		0.494074
283.25		0.494074
283.375		0.494074
283.5		0.494074
283.625		0.494074
283.75		0.494074
283.875		0.494074
284		0.494074
284.125		0.494074
284.25		0.494074
284.375		0.494074
284.5		0.494074
284.625		0.494074
284.75		0.494074
284.875		0.494074
285		0.494074
285.125		0.495962
285.25		0.495962
285.375		0.495962
285.5		0.495962
285.625		0.495962
285.75		0.495962
285.875		0.495962
286		0.495962
286.125		0.495962
286.25		0.495962
286.375		0.495962
286.5		0.495962
286.625		0.495962
286.75		0.495962
286.875		0.495962
287		0.495962
287.125		0.495962
287.25		0.495962
287.375		0.495962
287.5		0.495962
287.625		0.495962
287.75		0.495962
287.875		0.495962
288		0.495962
288.125		0.495962
288.25		0.495962
288.375		0.495962
288.5		0.495962
288.625		0.495962
288.75		0.495962
288.875		0.495962
289		0.495962
289.125		0.495962
289.25		0.495962
289.375		0.495962
289.5		0.495962
289.625		0.495962
289.75		0.495962
289.875		0.495962
290		0.495962
290.125		0.511982
290.25		0.511982
290.375		0.511982
290.5		0.511982
290.625		0.511982
290.75		0.511982
290.875		0.511982
291		0.511982
291.125		0.511982
291.25		0.511982
291.375		0.511982
291.5		0.511982
291.625		0.511982
291.75		0.511982
291.875		0.511982
292		0.511982
292.125		0.511982
292.25		0.511982
292.375		0.511982
292.5		0.511982
292.625		0.511982
292.75		0.511982
292.875		0.511982
293		0.511982
293.125		0.511982
293.25		0.511982
293.375		0.511982
293.5		0.511982
293.625		0.511982
293.75		0.511982
293.875		0.511982
294		0.511982
294.125		0.511982
294.25		0.511982
294.375		0.511982
294.5		0.511982
294.625		0.511982
294.75		0.511982
294.875		0.511982
295		0.511982
295.125		0.522597
295.25		0.522597
295.375		0.522597
295.5		0.522597
295.625		0.522597
295.75		0.522597
295.875		0.522597
296		0.522597
296.125		0.522597
296.25		0.522597
296.375		0.522597
296.5		0.522597
296.625		0.522597
296.75		0.522597
296.875		0.522597
297		0.522597
297.125		0.522597
297.25		0.522597
297.375		0.522597
297.5		0.522597
297.625		0.522597
297.75		0.522597
297.875		0.522597
298		0.522597
298.125		0.522597
298.25		0.522597
298.375		0.522597
298.5		0.522597
298.625		0.522597
298.75		0.522597
298.875		0.522597
299		0.522597
299.125		0.522597
299.25		0.522597
299.375		0.522597
299.5		0.522597
299.625		0.522597
299.75		0.522597
299.875		0.522597
300		0.522597
300.125		0.549297
300.25		0.549297
300.375		0.549297
300.5		0.549297
300.625		0.549297
300.75		0.549297
300.875		0.549297
301		0.549297
301.125		0.549297
301.25		0.549297
301.375		0.549297
301.5		0.549297
301.625		0.549297
301.75		0.549297
301.875		0.549297
302		0.549297
302.125		0.549297
302.25		0.549297
302.375		0.549297
302.5		0.549297
302.625		0.549297
302.75		0.549297
302.875		0.549297
303		0.549297
303.125		0.549297
303.25		0.549297
303.375		0.549297
303.5		0.549297
303.625		0.549297
303.75		0.549297
303.875		0.549297
304		0.549297
304.125		0.549297
304.25		0.549297
304.375		0.549297
304.5		0.549297
304.625		0.549297
304.75		0.549297
304.875		0.549297
305		0.549297
305.125		0.554637
305.25		0.554637
305.375		0.554637
305.5		0.554637
305.625		0.554637
305.75		0.554637
305.875		0.554637
306		0.554637
306.125		0.554637
306.25		0.554637
306.375		0.554637
306.5		0.554637
306.625		0.554637
306.75		0.554637
306.875		0.554637
307		0.554637
307.125		0.554637
307.25		0.554637
307.375		0.554637
307.5		0.554637
307.625		0.554637
307.75		0.554637
307.875		0.554637
308		0.554637
308.125		0.554637
308.25		0.554637
308.375		0.554637
308.5		0.554637
308.625		0.554637
308.75		0.554637
308.875		0.554637
309		0.554637
309.125		0.554637
309.25		0.554637
309.375		0.554637
309.5		0.554637
309.625		0.554637
309.75		0.554637
309.875		0.554637
310		0.554637
310.125		0.563623
310.25		0.563623
310.375		0.563623
310.5		0.563623
310.625		0.563623
310.75		0.563623
310.875		0.563623
311		0.563623
311.125		0.563623
311.25		0.563623
311.375		0.563623
311.5		0.563623
311.625		0.563623
311.75		0.563623
311.875		0.563623
312		0.563623
312.125		0.563623
312.25		0.563623
312.375		0.563623
312.5		0.563623
312.625		0.563623
312.75		0.563623
312.875		0.563623
313		0.563623
313.125		0.563623
313.25		0.563623
313.375		0.563623
313.5		0.563623
313.625		0.563623
313.75		0.563623
313.875		0.563623
314		0.563623
314.125		0.563623
314.25		0.563623
314.375		0.563623
314.5		0.563623
314.625		0.563623
314.75		0.563623
314.875		0.563623
315		0.563623
315.125		0.564665
315.25		0.564665
315.375		0.564665
315.5		0.564665
315.625		0.564665
315.75		0.564665
315.875		0.564665
316		0.564665
316.125		0.564665
316.25		0.564665
316.375		0.564665
316.5		0.564665
316.625		0.564665
316.75		0.564665
316.875		0.564665
317		0.564665
317.125		0.564665
317.25		0.564665
317.375		0.564665
317.5		0.564665
317.625		0.564665
317.75		0.564665
317.875		0.564665
318		0.564665
318.125		0.564665
318.25		0.564665
318.375		0.564665
318.5		0.564665
318.625		0.564665
318.75		0.564665
318.875		0.564665
319		0.564665
319.125		0.564665
319.25		0.564665
319.375		0.564665
319.5		0.564665
319.625		0.564665
319.75		0.564665
319.875		0.564665
320		0.564665
320.125		0.593188
320.25		0.593188
320.375		0.593188
320.5		0.593188
320.625		0.593188
320.75		0.593188
320.875		0.593188
321		0.593188
321.125		0.593188
321.25		0.593188
321.375		0.593188
321.5		0.593188
321.625		0.593188
321.75		0.593188
321.875		0.593188
322		0.593188
322.125		0.593188
322.25		0.593188
322.375		0.593188
322.5		0.593188
322.625		0.593188
322.75		0.593188
322.875		0.593188
323		0.593188
323.125		0.593188
323.25		0.593188
323.375		0.593188
323.5		0.593188
323.625		0.593188
323.75		0.593188
323.875		0.593188
324		0.593188
324.125		0.593188
324.25		0.593188
324.375		0.593188
324.5		0.593188
324.625		0.593188
324.75		0.593188
324.875		0.593188
325		0.593188
325.125		0.59664
325.25		0.59664
325.375		0.59664
325.5		0.59664
325.625		0.59664
325.75		0.59664
325.875		0.59664
326		0.59664
326.125		0.59664
326.25		0.59664
326.375		0.59664
326.5		0.59664
326.625		0.59664
326.75		0.59664
326.875		0.59664
327		0.59664
327.125		0.59664
327.25		0.59664
327.375		0.59664
327.5		0.59664
327.625		0.59664
327.75		0.59664
327.875		0.59664
328		0.59664
328.125		0.59664
328.25		0.59664
328.375		0.59664
328.5		0.59664
328.625		0.59664
328.75		0.59664
328.875		0.59664
329		0.59664
329.125		0.59664
329.25		0.59664
329.375		0.59664
329.5		0.59664
329.625		0.59664
329.75		0.59664
329.875		0.59664
330		0.59664
330.125		0.614809
330.25		0.614809
330.375		0.614809
330.5		0.614809
330.625		0.614809
330.75		0.614809
330.875		0.614809
331		0.614809
331.125		0.614809
331.25		0.614809
331.375		0.614809
331.5		0.614809
331.625		0.614809
331.75		0.614809
331.875		0.614809
332		0.614809
332.125		0.614809
332.25		0.614809
332.375		0.614809
332.5		0.614809
332.625		0.614809
332.75		0.614809
332.875		0.614809
333		0.614809
333.125		0.614809
333.25		0.614809
333.375		0.614809
333.5		0.614809
333.625		0.614809
333.75		0.614809
333.875		0.614809
334		0.614809
334.125		0.614809
334.25		0.614809
334.375		0.614809
334.5		0.614809
334.625		0.614809
334.75		0.614809
334.875		0.614809
335		0.614809
335.125		0.61839
335.25		0.61839
335.375		0.61839
335.5		0.61839
335.625		0.61839
335.75		0.61839
335.875		0.61839
336		0.61839
336.125		0.61839
336.25		0.61839
336.375		0.61839
336.5		0.61839
336.625		0.61839
336.75		0.61839
336.875		0.61839
337		0.61839
337.125		0.61839
337.25		0.61839
337.375		0.61839
337.5		0.61839
337.625		0.61839
337.75		0.61839
337.875		0.61839
338		0.61839
338.125		0.61839
338.25		0.61839
338.375		0.61839
338.5		0.61839
338.625		0.61839
338.75		0.61839
338.875		0.61839
339		0.61839
339.125		0.61839
339.25		0.61839
339.375		0.61839
339.5		0.61839
339.625		0.61839
339.75		0.61839
339.875		0.61839
340		0.61839
340.125		0.63187
340.25		0.63187
340.375		0.63187
340.5		0.63187
340.625		0.63187
340.75		0.63187
340.875		0.63187
341		0.63187
341.125		0.63187
341.25		0.63187
341.375		0.63187
341.5		0.63187
341.625		0.63187
341.75		0.63187
341.875		0.63187
342		0.63187
342.125		0.63187
342.25		0.63187
342.375		0.63187
342.5		0.63187
342.625		0.63187
342.75		0.63187
342.875		0.63187
343		0.63187
343.125		0.63187
343.25		0.63187
343.375		0.63187
343.5		0.63187
343.625		0.63187
343.75		0.63187
343.875		0.63187
344		0.63187
344.125		0.63187
344.25		0.63187
344.375		0.63187
344.5		0.63187
344.625		0.63187
344.75		0.63187
344.875		0.63187
345		0.63187
345.125		0.654011
345.25		0.654011
345.375		0.654011
345.5		0.654011
345.625		0.654011
345.75		0.654011
345.875		0.654011
346		0.654011
346.125		0.654011
346.25		0.654011
346.375		0.654011
346.5		0.654011
346.625		0.654011
346.75		0.654011
346.875		0.654011
347		0.654011
347.125		0.654011
347.25		0.654011
347.375		0.654011
347.5		0.654011
347.625		0.654011
347.75		0.654011
347.875		0.654011
348		0.654011
348.125		0.654011
348.25		0.654011
348.375		0.654011
348.5		0.654011
348.625		0.654011
348.75		0.654011
348.875		0.654011
349		0.654011
349.125		0.654011
349.25		0.654011
349.375		0.654011
349.5		0.654011
349.625		0.654011
349.75		0.654011
349.875		0.654011
350		0.654011
350.125		0.655965
350.25		0.655965
350.375		0.655965
350.5		0.655965
350.625		0.655965
350.75		0.655965
350.875		0.655965
351		0.655965
351.125		0.655965
351.25		0.655965
351.375		0.655965
351.5		0.655965
351.625		0.655965
351.75		0.655965
351.875		0.655965
352		0.655965
352.125		0.655965
352.25		0.655965
352.375		0.655965
352.5		0.655965
352.625		0.655965
352.75		0.655965
352.875		0.655965
353		0.655965
353.125		0.655965
353.25		0.655965
353.375		0.655965
353.5		0.655965
353.625		0.655965
353.75		0.655965
353.875		0.655965
354		0.655965
354.125		0.655965
354.25		0.655965
354.375		0.655965
354.5		0.655965
354.625		0.655965
354.75		0.655965
354.875		0.655965
355		0.655965
355.125		0.657333
355.25		0.657333
355.375		0.657333
355.5		0.657333
355.625		0.657333
355.75		0.657333
355.875		0.657333
356		0.657333
356.125		0.657333
356.25		0.657333
356.375		0.657333
356.5		0.657333
356.625		0.657333
356.75		0.657333
356.875		0.657333
357		0.657333
357.125		0.657333
357.25		0.657333
357.375		0.657333
357.5		0.657333
357.625		0.657333
357.75		0.657333
357.875		0.657333
358		0.657333
358.125		0.657333
358.25		0.657333
358.375		0.657333
358.5		0.657333
358.625		0.657333
358.75		0.657333
358.875		0.657333
359		0.657333
359.125		0.657333
359.25		0.657333
359.375		0.657333
359.5		0.657333
359.625		0.657333
359.75		0.657333
359.875		0.657333
360		0.657333
360.125		0.681558
360.25		0.681558
360.375		0.681558
360.5		0.681558
360.625		0.681558
360.75		0.681558
360.875		0.681558
361		0.681558
361.125		0.681558
361.25		0.681558
361.375		0.681558
361.5		0.681558
361.625		0.681558
361.75		0.681558
361.875		0.681558
362		0.681558
362.125		0.681558
362.25		0.681558
362.375		0.681558
362.5		0.681558
362.625		0.681558
362.75		0.681558
362.875		0.681558
363		0.681558
363.125		0.681558
363.25		0.681558
363.375		0.681558
363.5		0.681558
363.625		0.681558
363.75		0.681558
363.875		0.681558
364		0.681558
364.125		0.681558
364.25		0.681558
364.375		0.681558
364.5		0.681558
364.625		0.681558
364.75		0.681558
364.875		0.681558
365		0.681558
365.125		0.696666
365.25		0.696666
365.375		0.696666
365.5		0.696666
365.625		0.696666
365.75		0.696666
365.875		0.696666
366		0.696666
366.125		0.696666
366.25		0.696666
366.375		0.696666
366.5		0.696666
366.625		0.696666
366.75		0.696666
366.875		0.696666
367		0.696666
367.125		0.696666
367.25		0.696666
367.375		0.696666
367.5		0.696666
367.625		0.696666
367.75		0.696666
367.875		0.696666
368		0.696666
368.125		0.696666
368.25		0.696666
368.375		0.696666
368.5		0.696666
368.625		0.696666
368.75		0.696666
368.875		0.696666
369		0.696666
369.125		0.696666
369.25		0.696666
369.375		0.696666
369.5		0.696666
369.625		0.696666
369.75		0.696666
369.875		0.696666
370		0.696666
370.125		0.708257
370.25		0.708257
370.375		0.708257
370.5		0.708257
370.625		0.708257
370.75		0.708257
370.875		0.708257
371		0.708257
371.125		0.708257
371.25		0.708257
371.375		0.708257
371.5		0.708257
371.625		0.708257
371.75		0.708257
371.875		0.708257
372		0.708257
372.125		0.708257
372.25		0.708257
372.375		0.708257
372.5		0.708257
372.625		0.708257
372.75		0.708257
372.875		0.708257
373		0.708257
373.125		0.708257
373.25		0.708257
373.375		0.708257
373.5		0.708257
373.625		0.708257
373.75		0.708257
373.875		0.708257
374		0.708257
374.125		0.708257
374.25		0.708257
374.375		0.708257
374.5		0.708257
374.625		0.708257
374.75		0.708257
374.875		0.708257
375		0.708257
375.125		0.711383
375.25		0.711383
375.375		0.711383
375.5		0.711383
375.625		0.711383
375.75		0.711383
375.875		0.711383
376		0.711383
376.125		0.711383
376.25		0.711383
376.375		0.711383
376.5		0.711383
376.625		0.711383
376.75		0.711383
376.875		0.711383
377		0.711383
377.125		0.711383
377.25		0.711383
377.375		0.711383
377.5		0.711383
377.625		0.711383
377.75		0.711383
377.875		0.711383
378		0.711383
378.125		0.711383
378.25		0.711383
378.375		0.711383
378.5		0.711383
378.625		0.711383
378.75		0.711383
378.875		0.711383
379		0.711383
379.125		0.711383
379.25		0.711383
379.375		0.711383
379.5		0.711383
379.625		0.711383
379.75		0.711383
379.875		0.711383
380		0.711383
380.125		0.726752
380.25		0.726752
380.375		0.726752
380.5		0.726752
380.625		0.726752
380.75		0.726752
380.875		0.726752
381		0.726752
381.125		0.726752
381.25		0.726752
381.375		0.726752
381.5		0.726752
381.625		0.726752
381.75		0.726752
381.875		0.726752
382		0.726752
382.125		0.726752
382.25		0.726752
382.375		0.726752
382.5		0.726752
382.625		0.726752
382.75		0.726752
382.875		0.726752
383		0.726752
383.125		0.726752
383.25		0.726752
383.375		0.726752
383.5		0.726752
383.625		0.726752
383.75		0.726752
383.875		0.726752
384		0.726752
384.125		0.726752
384.25		0.726752
384.375		0.726752
384.5		0.726752
384.625		0.726752
384.75		0.726752
384.875		0.726752
385		0.726752
385.125		0.735283
385.25		0.735283
385.375		0.735283
385.5		0.735283
385.625		0.735283
385.75		0.735283
385.875		0.735283
386		0.735283
386.125		0.735283
386.25		0.735283
386.375		0.735283
386.5		0.735283
386.625		0.735283
386.75		0.735283
386.875		0.735283
387		0.735283
387.125		0.735283
387.25		0.735283
387.375		0.735283
387.5		0.735283
387.625		0.735283
387.75		0.735283
387.875		0.735283
388		0.735283
388.125		0.735283
388.25		0.735283
388.375		0.735283
388.5		0.735283
388.625		0.735283
388.75		0.735283
388.875		0.735283
389		0.735283
389.125		0.735283
389.25		0.735283
389.375		0.735283
389.5		0.735283
389.625		0.735283
389.75		0.735283
389.875		0.735283
390		0.735283
390.125		0.737757
390.25		0.737757
390.375		0.737757
390.5		0.737757
390.625		0.737757
390.75		0.737757
390.875		0.737757
391		0.737757
391.125		0.737757
391.25		0.737757
391.375		0.737757
391.5		0.737757
391.625		0.737757
391.75		0.737757
391.875		0.737757
392		0.737757
392.125		0.737757
392.25		0.737757
392.375		0.737757
392.5		0.737757
392.625		0.737757
392.75		0.737757
392.875		0.737757
393		0.737757
393.125		0.737757
393.25		0.737757
393.375		0.737757
393.5		0.737757
393.625		0.737757
393.75		0.737757
393.875		0.737757
394		0.737757
394.125		0.737757
394.25		0.737757
394.375		0.737757
394.5		0.737757
394.625		0.737757
394.75		0.737757
394.875		0.737757
395		0.737757
395.125		0.76348
395.25		0.76348
395.375		0.76348
395.5		0.76348
395.625		0.76348
395.75		0.76348
395.875		0.76348
396		0.76348
396.125		0.76348
396.25		0.76348
396.375		0.76348
396.5		0.76348
396.625		0.76348
396.75		0.76348
396.875		0.76348
397		0.76348
397.125		0.76348
397.25		0.76348
397.375		0.76348
397.5		0.76348
397.625		0.76348
397.75		0.76348
397.875		0.76348
398		0.76348
398.125		0.76348
398.25		0.76348
398.375		0.76348
398.5		0.76348
398.625		0.76348
398.75		0.76348
398.875		0.76348
399		0.76348
399.125		0.76348
399.25		0.76348
399.375		0.76348
399.5		0.76348
399.625		0.76348
399.75		0.76348
399.875		0.76348
400		0.76348
400.125		0.777286
400.25		0.777286
400.375		0.777286
400.5		0.777286
400.625		0.777286
400.75		0.777286
400.875		0.777286
401		0.777286
401.125		0.777286
401.25		0.777286
401.375		0.777286
401.5		0.777286
401.625		0.777286
401.75		0.777286
401.875		0.777286
402		0.777286
402.125		0.777286
402.25		0.777286
402.375		0.777286
402.5		0.777286
402.625		0.777286
402.75		0.777286
402.875		0.777286
403		0.777286
403.125		0.777286
403.25		0.777286
403.375		0.777286
403.5		0.777286
403.625		0.777286
403.75		0.777286
403.875		0.777286
404		0.777286
404.125		0.777286
404.25		0.777286
404.375		0.777286
404.5		0.777286
404.625		0.777286
404.75		0.777286
404.875		0.777286
405		0.777286
405.125		0.784123
405.25		0.784123
405.375		0.784123
405.5		0.784123
405.625		0.784123
405.75		0.784123
405.875		0.784123
406		0.784123
406.125		0.784123
406.25		0.784123
406.375		0.784123
406.5		0.784123
406.625		0.784123
406.75		0.784123
406.875		0.784123
407		0.784123
407.125		0.784123
407.25		0.784123
407.375		0.784123
407.5		0.784123
407.625		0.784123
407.75		0.784123
407.875		0.784123
408		0.784123
408.125		0.784123
408.25		0.784123
408.375		0.784123
408.5		0.784123
408.625		0.784123
408.75		0.784123
408.875		0.784123
409		0.784123
409.125		0.784123
409.25		0.784123
409.375		0.784123
409.5		0.784123
409.625		0.784123
409.75		0.784123
409.875		0.784123
410		0.784123
410.125		0.79018
410.25		0.79018
410.375		0.79018
410.5		0.79018
410.625		0.79018
410.75		0.79018
410.875		0.79018
411		0.79018
411.125		0.79018
411.25		0.79018
411.375		0.79018
411.5		0.79018
411.625		0.79018
411.75		0.79018
411.875		0.79018
412		0.79018
412.125		0.79018
412.25		0.79018
412.375		0.79018
412.5		0.79018
412.625		0.79018
412.75		0.79018
412.875		0.79018
413		0.79018
413.125		0.79018
413.25		0.79018
413.375		0.79018
413.5		0.79018
413.625		0.79018
413.75		0.79018
413.875		0.79018
414		0.79018
414.125		0.79018
414.25		0.79018
414.375		0.79018
414.5		0.79018
414.625		0.79018
414.75		0.79018
414.875		0.79018
415		0.79018
415.125		0.793892
415.25		0.793892
415.375		0.793892
415.5		0.793892
415.625		0.793892
415.75		0.793892
415.875		0.793892
416		0.793892
416.125		0.793892
416.25		0.793892
416.375		0.793892
416.5		0.793892
416.625		0.793892
416.75		0.793892
416.875		0.793892
417		0.793892
417.125		0.793892
417.25		0.793892
417.375		0.793892
417.5		0.793892
417.625		0.793892
417.75		0.793892
417.875		0.793892
418		0.793892
418.125		0.793892
418.25		0.793892
418.375		0.793892
418.5		0.793892
418.625		0.793892
418.75		0.793892
418.875		0.793892
419		0.793892
419.125		0.793892
419.25		0.793892
419.375		0.793892
419.5		0.793892
419.625		0.793892
419.75		0.793892
419.875		0.793892
420		0.793892
420.125		0.801185
420.25		0.801185
420.375		0.801185
420.5		0.801185
420.625		0.801185
420.75		0.801185
420.875		0.801185
421		0.801185
421.125		0.801185
421.25		0.801185
421.375		0.801185
421.5		0.801185
421.625		0.801185
421.75		0.801185
421.875		0.801185
422		0.801185
422.125		0.801185
422.25		0.801185
422.375		0.801185
422.5		0.801185
422.625		0.801185
422.75		0.801185
422.875		0.801185
423		0.801185
423.125		0.801185
423.25		0.801185
423.375		0.801185
423.5		0.801185
423.625		0.801185
423.75		0.801185
423.875		0.801185
424		0.801185
424.125		0.801185
424.25		0.801185
424.375		0.801185
424.5		0.801185
424.625		0.801185
424.75		0.801185
424.875		0.801185
425		0.801185
425.125		0.837327
425.25		0.837327
425.375		0.837327
425.5		0.837327
425.625		0.837327
425.75		0.837327
425.875		0.837327
426		0.837327
426.125		0.837327
426.25		0.837327
426.375		0.837327
426.5		0.837327
426.625		0.837327
426.75		0.837327
426.875		0.837327
427		0.837327
427.125		0.837327
427.25		0.837327
427.375		0.837327
427.5		0.837327
427.625		0.837327
427.75		0.837327
427.875		0.837327
428		0.837327
428.125		0.837327
428.25		0.837327
428.375		0.837327
428.5		0.837327
428.625		0.837327
428.75		0.837327
428.875		0.837327
429		0.837327
429.125		0.837327
429.25		0.837327
429.375		0.837327
429.5		0.837327
429.625		0.837327
429.75		0.837327
429.875		0.837327
430		0.837327
430.125		0.85198
430.25		0.85198
430.375		0.85198
430.5		0.85198
430.625		0.85198
430.75		0.85198
430.875		0.85198
431		0.85198
431.125		0.85198
431.25		0.85198
431.375		0.85198
431.5		0.85198
431.625		0.85198
431.75		0.85198
431.875		0.85198
432		0.85198
432.125		0.85198
432.25		0.85198
432.375		0.85198
432.5		0.85198
432.625		0.85198
432.75		0.85198
432.875		0.85198
433		0.85198
433.125		0.85198
433.25		0.85198
433.375		0.85198
433.5		0.85198
433.625		0.85198
433.75		0.85198
433.875		0.85198
434		0.85198
434.125		0.85198
434.25		0.85198
434.375		0.85198
434.5		0.85198
434.625		0.85198
434.75		0.85198
434.875		0.85198
435		0.85198
435.125		0.854194
435.25		0.854194
435.375		0.854194
435.5		0.854194
435.625		0.854194
435.75		0.854194
435.875		0.854194
436		0.854194
436.125		0.854194
436.25		0.854194
436.375		0.854194
436.5		0.854194
436.625		0.854194
436.75		0.854194
436.875		0.854194
437		0.854194
437.125		0.854194
437.25		0.854194
437.375		0.854194
437.5		0.854194
437.625		0.854194
437.75		0.854194
437.875		0.854194
438		0.854194
438.125		0.854194
438.25		0.854194
438.375		0.854194
438.5		0.854194
438.625		0.854194
438.75		0.854194
438.875		0.854194
439		0.854194
439.125		0.854194
439.25		0.854194
439.375		0.854194
439.5		0.854194
439.625		0.854194
439.75		0.854194
439.875		0.854194
440		0.854194
440.125		0.858948
440.25		0.858948
440.375		0.858948
440.5		0.858948
440.625		0.858948
440.75		0.858948
440.875		0.858948
441		0.858948
441.125		0.858948
441.25		0.858948
441.375		0.858948
441.5		0.858948
441.625		0.858948
441.75		0.858948
441.875		0.858948
442		0.858948
442.125		0.858948
442.25		0.858948
442.375		0.858948
442.5		0.858948
442.625		0.858948
442.75		0.858948
442.875		0.858948
443		0.858948
443.125		0.858948
443.25		0.858948
443.375		0.858948
443.5		0.858948
443.625		0.858948
443.75		0.858948
443.875		0.858948
444		0.858948
444.125		0.858948
444.25		0.858948
444.375		0.858948
444.5		0.858948
444.625		0.858948
444.75		0.858948
444.875		0.858948
445		0.858948
445.125		0.86266
445.25		0.86266
445.375		0.86266
445.5		0.86266
445.625		0.86266
445.75		0.86266
445.875		0.86266
446		0.86266
446.125		0.86266
446.25		0.86266
446.375		0.86266
446.5		0.86266
446.625		0.86266
446.75		0.86266
446.875		0.86266
447		0.86266
447.125		0.86266
447.25		0.86266
447.375		0.86266
447.5		0.86266
447.625		0.86266
447.75		0.86266
447.875		0.86266
448		0.86266
448.125		0.86266
448.25		0.86266
448.375		0.86266
448.5		0.86266
448.625		0.86266
448.75		0.86266
448.875		0.86266
449		0.86266
449.125		0.86266
449.25		0.86266
449.375		0.86266
449.5		0.86266
449.625		0.86266
449.75		0.86266
449.875		0.86266
450		0.86266
450.125		0.901146
450.25		0.901146
450.375		0.901146
450.5		0.901146
450.625		0.901146
450.75		0.901146
450.875		0.901146
451		0.901146
451.125		0.901146
451.25		0.901146
451.375		0.901146
451.5		0.901146
451.625		0.901146
451.75		0.901146
451.875		0.901146
452		0.901146
452.125		0.901146
452.25		0.901146
452.375		0.901146
452.5		0.901146
452.625		0.901146
452.75		0.901146
452.875		0.901146
453		0.901146
453.125		0.901146
453.25		0.901146
453.375		0.901146
453.5		0.901146
453.625		0.901146
453.75		0.901146
453.875		0.901146
454		0.901146
454.125		0.901146
454.25		0.901146
454.375		0.901146
454.5		0.901146
454.625		0.901146
454.75		0.901146
454.875		0.901146
455		0.901146
455.125		0.902904
455.25		0.902904
455.375		0.902904
455.5		0.902904
455.625		0.902904
455.75		0.902904
455.875		0.902904
456		0.902904
456.125		0.902904
456.25		0.902904
456.375		0.902904
456.5		0.902904
456.625		0.902904
456.75		0.902904
456.875		0.902904
457		0.902904
457.125		0.902904
457.25		0.902904
457.375		0.902904
457.5		0.902904
457.625		0.902904
457.75		0.902904
457.875		0.902904
458		0.902904
458.125		0.902904
458.25		0.902904
458.375		0.902904
458.5		0.902904
458.625		0.902904
458.75		0.902904
458.875		0.902904
459		0.902904
459.125		0.902904
459.25		0.902904
459.375		0.902904
459.5		0.902904
459.625		0.902904
459.75		0.902904
459.875		0.902904
460		0.902904
460.125		0.911826
460.25		0.911826
460.375		0.911826
460.5		0.911826
460.625		0.911826
460.75		0.911826
460.875		0.911826
461		0.911826
461.125		0.911826
461.25		0.911826
461.375		0.911826
461.5		0.911826
461.625		0.911826
461.75		0.911826
461.875		0.911826
462		0.911826
462.125		0.911826
462.25		0.911826
462.375		0.911826
462.5		0.911826
462.625		0.911826
462.75		0.911826
462.875		0.911826
463		0.911826
463.125		0.911826
463.25		0.911826
463.375		0.911826
463.5		0.911826
463.625		0.911826
463.75		0.911826
463.875		0.911826
464		0.911826
464.125		0.911826
464.25		0.911826
464.375		0.911826
464.5		0.911826
464.625		0.911826
464.75		0.911826
464.875		0.911826
465		0.911826
465.125		0.923483
465.25		0.923483
465.375		0.923483
465.5		0.923483
465.625		0.923483
465.75		0.923483
465.875		0.923483
466		0.923483
466.125		0.923483
466.25		0.923483
466.375		0.923483
466.5		0.923483
466.625		0.923483
466.75		0.923483
466.875		0.923483
467		0.923483
467.125		0.923483
467.25		0.923483
467.375		0.923483
467.5		0.923483
467.625		0.923483
467.75		0.923483
467.875		0.923483
468		0.923483
468.125		0.923483
468.25		0.923483
468.375		0.923483
468.5		0.923483
468.625		0.923483
468.75		0.923483
468.875		0.923483
469		0.923483
469.125		0.923483
469.25		0.923483
469.375		0.923483
469.5		0.923483
469.625		0.923483
469.75		0.923483
469.875		0.923483
470		0.923483
470.125		0.94608
470.25		0.94608
470.375		0.94608
470.5		0.94608
470.625		0.94608
470.75		0.94608
470.875		0.94608
471		0.94608
471.125		0.94608
471.25		0.94608
471.375		0.94608
471.5		0.94608
471.625		0.94608
471.75		0.94608
471.875		0.94608
472		0.94608
472.125		0.94608
472.25		0.94608
472.375		0.94608
472.5		0.94608
472.625		0.94608
472.75		0.94608
472.875		0.94608
473		0.94608
473.125		0.94608
473.25		0.94608
473.375		0.94608
473.5		0.94608
473.625		0.94608
473.75		0.94608
473.875		0.94608
474		0.94608
474.125		0.94608
474.25		0.94608
474.375		0.94608
474.5		0.94608
474.625		0.94608
474.75		0.94608
474.875		0.94608
475		0.94608
475.125		0.955001
475.25		0.955001
475.375		0.955001
475.5		0.955001
475.625		0.955001
475.75		0.955001
475.875		0.955001
476		0.955001
476.125		0.955001
476.25		0.955001
476.375		0.955001
476.5		0.955001
476.625		0.955001
476.75		0.955001
476.875		0.955001
477		0.955001
477.125		0.955001
477.25		0.955001
477.375		0.955001
477.5		0.955001
477.625		0.955001
477.75		0.955001
477.875		0.955001
478		0.955001
478.125		0.955001
478.25		0.955001
478.375		0.955001
478.5		0.955001
478.625		0.955001
478.75		0.955001
478.875		0.955001
479		0.955001
479.125		0.955001
479.25		0.955001
479.375		0.955001
479.5		0.955001
479.625		0.955001
479.75		0.955001
479.875		0.955001
480		0.955001
480.125		0.965421
480.25		0.965421
480.375		0.965421
480.5		0.965421
480.625		0.965421
480.75		0.965421
480.875		0.965421
481		0.965421
481.125		0.965421
481.25		0.965421
481.375		0.965421
481.5		0.965421
481.625		0.965421
481.75		0.965421
481.875		0.965421
482		0.965421
482.125		0.965421
482.25		0.965421
482.375		0.965421
482.5		0.965421
482.625		0.965421
482.75		0.965421
482.875		0.965421
483		0.965421
483.125		0.965421
483.25		0.965421
483.375		0.965421
483.5		0.965421
483.625		0.965421
483.75		0.965421
483.875		0.965421
484		0.965421
484.125		0.965421
484.25		0.965421
484.375		0.965421
484.5		0.965421
484.625		0.965421
484.75		0.965421
484.875		0.965421
485		0.965421
485.125		0.970435
485.25		0.970435
485.375		0.970435
485.5		0.970435
485.625		0.970435
485.75		0.970435
485.875		0.970435
486		0.970435
486.125		0.970435
486.25		0.970435
486.375		0.970435
486.5		0.970435
486.625		0.970435
486.75		0.970435
486.875		0.970435
487		0.970435
487.125		0.970435
487.25		0.970435
487.375		0.970435
487.5		0.970435
487.625		0.970435
487.75		0.970435
487.875		0.970435
488		0.970435
488.125		0.970435
488.25		0.970435
488.375		0.970435
488.5		0.970435
488.625		0.970435
488.75		0.970435
488.875		0.970435
489		0.970435
489.125		0.970435
489.25		0.970435
489.375		0.970435
489.5		0.970435
489.625		0.970435
489.75		0.970435
489.875		0.970435
490		0.970435
490.125		0.992837
490.25		0.992837
490.375		0.992837
490.5		0.992837
490.625		0.992837
490.75		0.992837
490.875		0.992837
491		0.992837
491.125		0.992837
491.25		0.992837
491.375		0.992837
491.5		0.992837
491.625		0.992837
491.75		0.992837
491.875		0.992837
492		0.992837
492.125		0.992837
492.25		0.992837
492.375		0.992837
492.5		0.992837
492.625		0.992837
492.75		0.992837
492.875		0.992837
493		0.992837
493.125		0.992837
493.25		0.992837
493.375		0.992837
493.5		0.992837
493.625		0.992837
493.75		0.992837
493.875		0.992837
494		0.992837
494.125		0.992837
494.25		0.992837
494.375		0.992837
494.5		0.992837
494.625		0.992837
494.75		0.992837
494.875		0.992837
495		0.992837
495.125		1
495.25		1
495.375		1
495.5		1
495.625		1
495.75		1
495.875		1
496		1
496.125		1
496.25		1
496.375		1
496.5		1
496.625		1
496.75		1
496.875		1
497		1
497.125		1
497.25		1
497.375		1
497.5		1
497.625		1
497.75		1
497.875		1
498		1
498.125		1
498.25		1
498.375		1
498.5		1
498.625		1
498.75		1
498.875		1
499		1
499.125		1
499.25		1
499.375		1
499.5		1
499.625		1
499.75		1
499.875		1
500		1
