# Calibration file of tamex_id 0 @ channel 4
# fine_T bin		 Calibration value
0.125		0
0.25		0
0.375		0
0.5		0
0.625		0
0.75		0
0.875		0
1		0
1.125		0
1.25		0
1.375		0
1.5		0
1.625		0
1.75		0
1.875		0
2		0
2.125		0
2.25		0
2.375		0
2.5		0
2.625		0
2.75		0
2.875		0
3		0
3.125		0
3.25		0
3.375		0
3.5		0
3.625		0
3.75		0
3.875		0
4		0
4.125		0
4.25		0
4.375		0
4.5		0
4.625		0
4.75		0
4.875		0
5		0
5.125		0
5.25		0
5.375		0
5.5		0
5.625		0
5.75		0
5.875		0
6		0
6.125		0
6.25		0
6.375		0
6.5		0
6.625		0
6.75		0
6.875		0
7		0
7.125		0
7.25		0
7.375		0
7.5		0
7.625		0
7.75		0
7.875		0
8		0
8.125		0
8.25		0
8.375		0
8.5		0
8.625		0
8.75		0
8.875		0
9		0
9.125		0
9.25		0
9.375		0
9.5		0
9.625		0
9.75		0
9.875		0
10		0
10.125		0
10.25		0
10.375		0
10.5		0
10.625		0
10.75		0
10.875		0
11		0
11.125		0
11.25		0
11.375		0
11.5		0
11.625		0
11.75		0
11.875		0
12		0
12.125		0
12.25		0
12.375		0
12.5		0
12.625		0
12.75		0
12.875		0
13		0
13.125		0
13.25		0
13.375		0
13.5		0
13.625		0
13.75		0
13.875		0
14		0
14.125		0
14.25		0
14.375		0
14.5		0
14.625		0
14.75		0
14.875		0
15		0
15.125		0
15.25		0
15.375		0
15.5		0
15.625		0
15.75		0
15.875		0
16		0
16.125		0
16.25		0
16.375		0
16.5		0
16.625		0
16.75		0
16.875		0
17		0
17.125		0
17.25		0
17.375		0
17.5		0
17.625		0
17.75		0
17.875		0
18		0
18.125		0
18.25		0
18.375		0
18.5		0
18.625		0
18.75		0
18.875		0
19		0
19.125		0
19.25		0
19.375		0
19.5		0
19.625		0
19.75		0
19.875		0
20		0
20.125		0
20.25		0
20.375		0
20.5		0
20.625		0
20.75		0
20.875		0
21		0
21.125		0
21.25		0
21.375		0
21.5		0
21.625		0
21.75		0
21.875		0
22		0
22.125		0
22.25		0
22.375		0
22.5		0
22.625		0
22.75		0
22.875		0
23		0
23.125		0
23.25		0
23.375		0
23.5		0
23.625		0
23.75		0
23.875		0
24		0
24.125		0
24.25		0
24.375		0
24.5		0
24.625		0
24.75		0
24.875		0
25		0
25.125		0
25.25		0
25.375		0
25.5		0
25.625		0
25.75		0
25.875		0
26		0
26.125		0
26.25		0
26.375		0
26.5		0
26.625		0
26.75		0
26.875		0
27		0
27.125		0
27.25		0
27.375		0
27.5		0
27.625		0
27.75		0
27.875		0
28		0
28.125		0
28.25		0
28.375		0
28.5		0
28.625		0
28.75		0
28.875		0
29		0
29.125		0
29.25		0
29.375		0
29.5		0
29.625		0
29.75		0
29.875		0
30		0
30.125		0
30.25		0
30.375		0
30.5		0
30.625		0
30.75		0
30.875		0
31		0
31.125		0
31.25		0
31.375		0
31.5		0
31.625		0
31.75		0
31.875		0
32		0
32.125		0
32.25		0
32.375		0
32.5		0
32.625		0
32.75		0
32.875		0
33		0
33.125		0
33.25		0
33.375		0
33.5		0
33.625		0
33.75		0
33.875		0
34		0
34.125		0
34.25		0
34.375		0
34.5		0
34.625		0
34.75		0
34.875		0
35		0
35.125		0
35.25		0
35.375		0
35.5		0
35.625		0
35.75		0
35.875		0
36		0
36.125		0
36.25		0
36.375		0
36.5		0
36.625		0
36.75		0
36.875		0
37		0
37.125		0
37.25		0
37.375		0
37.5		0
37.625		0
37.75		0
37.875		0
38		0
38.125		0
38.25		0
38.375		0
38.5		0
38.625		0
38.75		0
38.875		0
39		0
39.125		0
39.25		0
39.375		0
39.5		0
39.625		0
39.75		0
39.875		0
40		0
40.125		0
40.25		0
40.375		0
40.5		0
40.625		0
40.75		0
40.875		0
41		0
41.125		0
41.25		0
41.375		0
41.5		0
41.625		0
41.75		0
41.875		0
42		0
42.125		0
42.25		0
42.375		0
42.5		0
42.625		0
42.75		0
42.875		0
43		0
43.125		0
43.25		0
43.375		0
43.5		0
43.625		0
43.75		0
43.875		0
44		0
44.125		0
44.25		0
44.375		0
44.5		0
44.625		0
44.75		0
44.875		0
45		0
45.125		0
45.25		0
45.375		0
45.5		0
45.625		0
45.75		0
45.875		0
46		0
46.125		0
46.25		0
46.375		0
46.5		0
46.625		0
46.75		0
46.875		0
47		0
47.125		0
47.25		0
47.375		0
47.5		0
47.625		0
47.75		0
47.875		0
48		0
48.125		0
48.25		0
48.375		0
48.5		0
48.625		0
48.75		0
48.875		0
49		0
49.125		0
49.25		0
49.375		0
49.5		0
49.625		0
49.75		0
49.875		0
50		0
50.125		0
50.25		0
50.375		0
50.5		0
50.625		0
50.75		0
50.875		0
51		0
51.125		0
51.25		0
51.375		0
51.5		0
51.625		0
51.75		0
51.875		0
52		0
52.125		0
52.25		0
52.375		0
52.5		0
52.625		0
52.75		0
52.875		0
53		0
53.125		0
53.25		0
53.375		0
53.5		0
53.625		0
53.75		0
53.875		0
54		0
54.125		0
54.25		0
54.375		0
54.5		0
54.625		0
54.75		0
54.875		0
55		0
55.125		0
55.25		0
55.375		0
55.5		0
55.625		0
55.75		0
55.875		0
56		0
56.125		0
56.25		0
56.375		0
56.5		0
56.625		0
56.75		0
56.875		0
57		0
57.125		0
57.25		0
57.375		0
57.5		0
57.625		0
57.75		0
57.875		0
58		0
58.125		0
58.25		0
58.375		0
58.5		0
58.625		0
58.75		0
58.875		0
59		0
59.125		0
59.25		0
59.375		0
59.5		0
59.625		0
59.75		0
59.875		0
60		0
60.125		0
60.25		0
60.375		0
60.5		0
60.625		0
60.75		0
60.875		0
61		0
61.125		0
61.25		0
61.375		0
61.5		0
61.625		0
61.75		0
61.875		0
62		0
62.125		0
62.25		0
62.375		0
62.5		0
62.625		0
62.75		0
62.875		0
63		0
63.125		0
63.25		0
63.375		0
63.5		0
63.625		0
63.75		0
63.875		0
64		0
64.125		0
64.25		0
64.375		0
64.5		0
64.625		0
64.75		0
64.875		0
65		0
65.125		0
65.25		0
65.375		0
65.5		0
65.625		0
65.75		0
65.875		0
66		0
66.125		0
66.25		0
66.375		0
66.5		0
66.625		0
66.75		0
66.875		0
67		0
67.125		0
67.25		0
67.375		0
67.5		0
67.625		0
67.75		0
67.875		0
68		0
68.125		0
68.25		0
68.375		0
68.5		0
68.625		0
68.75		0
68.875		0
69		0
69.125		0
69.25		0
69.375		0
69.5		0
69.625		0
69.75		0
69.875		0
70		0
70.125		0
70.25		0
70.375		0
70.5		0
70.625		0
70.75		0
70.875		0
71		0
71.125		0
71.25		0
71.375		0
71.5		0
71.625		0
71.75		0
71.875		0
72		0
72.125		0
72.25		0
72.375		0
72.5		0
72.625		0
72.75		0
72.875		0
73		0
73.125		0
73.25		0
73.375		0
73.5		0
73.625		0
73.75		0
73.875		0
74		0
74.125		0
74.25		0
74.375		0
74.5		0
74.625		0
74.75		0
74.875		0
75		0
75.125		0
75.25		0
75.375		0
75.5		0
75.625		0
75.75		0
75.875		0
76		0
76.125		0
76.25		0
76.375		0
76.5		0
76.625		0
76.75		0
76.875		0
77		0
77.125		0
77.25		0
77.375		0
77.5		0
77.625		0
77.75		0
77.875		0
78		0
78.125		0
78.25		0
78.375		0
78.5		0
78.625		0
78.75		0
78.875		0
79		0
79.125		0
79.25		0
79.375		0
79.5		0
79.625		0
79.75		0
79.875		0
80		0
80.125		0
80.25		0
80.375		0
80.5		0
80.625		0
80.75		0
80.875		0
81		0
81.125		0
81.25		0
81.375		0
81.5		0
81.625		0
81.75		0
81.875		0
82		0
82.125		0
82.25		0
82.375		0
82.5		0
82.625		0
82.75		0
82.875		0
83		0
83.125		0
83.25		0
83.375		0
83.5		0
83.625		0
83.75		0
83.875		0
84		0
84.125		0
84.25		0
84.375		0
84.5		0
84.625		0
84.75		0
84.875		0
85		0
85.125		0
85.25		0
85.375		0
85.5		0
85.625		0
85.75		0
85.875		0
86		0
86.125		0
86.25		0
86.375		0
86.5		0
86.625		0
86.75		0
86.875		0
87		0
87.125		0
87.25		0
87.375		0
87.5		0
87.625		0
87.75		0
87.875		0
88		0
88.125		0
88.25		0
88.375		0
88.5		0
88.625		0
88.75		0
88.875		0
89		0
89.125		0
89.25		0
89.375		0
89.5		0
89.625		0
89.75		0
89.875		0
90		0
90.125		0
90.25		0
90.375		0
90.5		0
90.625		0
90.75		0
90.875		0
91		0
91.125		0
91.25		0
91.375		0
91.5		0
91.625		0
91.75		0
91.875		0
92		0
92.125		0
92.25		0
92.375		0
92.5		0
92.625		0
92.75		0
92.875		0
93		0
93.125		0
93.25		0
93.375		0
93.5		0
93.625		0
93.75		0
93.875		0
94		0
94.125		0
94.25		0
94.375		0
94.5		0
94.625		0
94.75		0
94.875		0
95		0
95.125		0
95.25		0
95.375		0
95.5		0
95.625		0
95.75		0
95.875		0
96		0
96.125		0
96.25		0
96.375		0
96.5		0
96.625		0
96.75		0
96.875		0
97		0
97.125		0
97.25		0
97.375		0
97.5		0
97.625		0
97.75		0
97.875		0
98		0
98.125		0
98.25		0
98.375		0
98.5		0
98.625		0
98.75		0
98.875		0
99		0
99.125		0
99.25		0
99.375		0
99.5		0
99.625		0
99.75		0
99.875		0
100		0
100.125		0
100.25		0
100.375		0
100.5		0
100.625		0
100.75		0
100.875		0
101		0
101.125		0
101.25		0
101.375		0
101.5		0
101.625		0
101.75		0
101.875		0
102		0
102.125		0
102.25		0
102.375		0
102.5		0
102.625		0
102.75		0
102.875		0
103		0
103.125		0
103.25		0
103.375		0
103.5		0
103.625		0
103.75		0
103.875		0
104		0
104.125		0
104.25		0
104.375		0
104.5		0
104.625		0
104.75		0
104.875		0
105		0
105.125		0
105.25		0
105.375		0
105.5		0
105.625		0
105.75		0
105.875		0
106		0
106.125		0
106.25		0
106.375		0
106.5		0
106.625		0
106.75		0
106.875		0
107		0
107.125		0
107.25		0
107.375		0
107.5		0
107.625		0
107.75		0
107.875		0
108		0
108.125		0
108.25		0
108.375		0
108.5		0
108.625		0
108.75		0
108.875		0
109		0
109.125		0
109.25		0
109.375		0
109.5		0
109.625		0
109.75		0
109.875		0
110		0
110.125		0.015453
110.25		0.015453
110.375		0.015453
110.5		0.015453
110.625		0.015453
110.75		0.015453
110.875		0.015453
111		0.015453
111.125		0.015453
111.25		0.015453
111.375		0.015453
111.5		0.015453
111.625		0.015453
111.75		0.015453
111.875		0.015453
112		0.015453
112.125		0.015453
112.25		0.015453
112.375		0.015453
112.5		0.015453
112.625		0.015453
112.75		0.015453
112.875		0.015453
113		0.015453
113.125		0.015453
113.25		0.015453
113.375		0.015453
113.5		0.015453
113.625		0.015453
113.75		0.015453
113.875		0.015453
114		0.015453
114.125		0.015453
114.25		0.015453
114.375		0.015453
114.5		0.015453
114.625		0.015453
114.75		0.015453
114.875		0.015453
115		0.015453
115.125		0.0192735
115.25		0.0192735
115.375		0.0192735
115.5		0.0192735
115.625		0.0192735
115.75		0.0192735
115.875		0.0192735
116		0.0192735
116.125		0.0192735
116.25		0.0192735
116.375		0.0192735
116.5		0.0192735
116.625		0.0192735
116.75		0.0192735
116.875		0.0192735
117		0.0192735
117.125		0.0192735
117.25		0.0192735
117.375		0.0192735
117.5		0.0192735
117.625		0.0192735
117.75		0.0192735
117.875		0.0192735
118		0.0192735
118.125		0.0192735
118.25		0.0192735
118.375		0.0192735
118.5		0.0192735
118.625		0.0192735
118.75		0.0192735
118.875		0.0192735
119		0.0192735
119.125		0.0192735
119.25		0.0192735
119.375		0.0192735
119.5		0.0192735
119.625		0.0192735
119.75		0.0192735
119.875		0.0192735
120		0.0192735
120.125		0.0627245
120.25		0.0627245
120.375		0.0627245
120.5		0.0627245
120.625		0.0627245
120.75		0.0627245
120.875		0.0627245
121		0.0627245
121.125		0.0627245
121.25		0.0627245
121.375		0.0627245
121.5		0.0627245
121.625		0.0627245
121.75		0.0627245
121.875		0.0627245
122		0.0627245
122.125		0.0627245
122.25		0.0627245
122.375		0.0627245
122.5		0.0627245
122.625		0.0627245
122.75		0.0627245
122.875		0.0627245
123		0.0627245
123.125		0.0627245
123.25		0.0627245
123.375		0.0627245
123.5		0.0627245
123.625		0.0627245
123.75		0.0627245
123.875		0.0627245
124		0.0627245
124.125		0.0627245
124.25		0.0627245
124.375		0.0627245
124.5		0.0627245
124.625		0.0627245
124.75		0.0627245
124.875		0.0627245
125		0.0627245
125.125		0.0633518
125.25		0.0633518
125.375		0.0633518
125.5		0.0633518
125.625		0.0633518
125.75		0.0633518
125.875		0.0633518
126		0.0633518
126.125		0.0633518
126.25		0.0633518
126.375		0.0633518
126.5		0.0633518
126.625		0.0633518
126.75		0.0633518
126.875		0.0633518
127		0.0633518
127.125		0.0633518
127.25		0.0633518
127.375		0.0633518
127.5		0.0633518
127.625		0.0633518
127.75		0.0633518
127.875		0.0633518
128		0.0633518
128.125		0.0633518
128.25		0.0633518
128.375		0.0633518
128.5		0.0633518
128.625		0.0633518
128.75		0.0633518
128.875		0.0633518
129		0.0633518
129.125		0.0633518
129.25		0.0633518
129.375		0.0633518
129.5		0.0633518
129.625		0.0633518
129.75		0.0633518
129.875		0.0633518
130		0.0633518
130.125		0.0711638
130.25		0.0711638
130.375		0.0711638
130.5		0.0711638
130.625		0.0711638
130.75		0.0711638
130.875		0.0711638
131		0.0711638
131.125		0.0711638
131.25		0.0711638
131.375		0.0711638
131.5		0.0711638
131.625		0.0711638
131.75		0.0711638
131.875		0.0711638
132		0.0711638
132.125		0.0711638
132.25		0.0711638
132.375		0.0711638
132.5		0.0711638
132.625		0.0711638
132.75		0.0711638
132.875		0.0711638
133		0.0711638
133.125		0.0711638
133.25		0.0711638
133.375		0.0711638
133.5		0.0711638
133.625		0.0711638
133.75		0.0711638
133.875		0.0711638
134		0.0711638
134.125		0.0711638
134.25		0.0711638
134.375		0.0711638
134.5		0.0711638
134.625		0.0711638
134.75		0.0711638
134.875		0.0711638
135		0.0711638
135.125		0.0777784
135.25		0.0777784
135.375		0.0777784
135.5		0.0777784
135.625		0.0777784
135.75		0.0777784
135.875		0.0777784
136		0.0777784
136.125		0.0777784
136.25		0.0777784
136.375		0.0777784
136.5		0.0777784
136.625		0.0777784
136.75		0.0777784
136.875		0.0777784
137		0.0777784
137.125		0.0777784
137.25		0.0777784
137.375		0.0777784
137.5		0.0777784
137.625		0.0777784
137.75		0.0777784
137.875		0.0777784
138		0.0777784
138.125		0.0777784
138.25		0.0777784
138.375		0.0777784
138.5		0.0777784
138.625		0.0777784
138.75		0.0777784
138.875		0.0777784
139		0.0777784
139.125		0.0777784
139.25		0.0777784
139.375		0.0777784
139.5		0.0777784
139.625		0.0777784
139.75		0.0777784
139.875		0.0777784
140		0.0777784
140.125		0.111079
140.25		0.111079
140.375		0.111079
140.5		0.111079
140.625		0.111079
140.75		0.111079
140.875		0.111079
141		0.111079
141.125		0.111079
141.25		0.111079
141.375		0.111079
141.5		0.111079
141.625		0.111079
141.75		0.111079
141.875		0.111079
142		0.111079
142.125		0.111079
142.25		0.111079
142.375		0.111079
142.5		0.111079
142.625		0.111079
142.75		0.111079
142.875		0.111079
143		0.111079
143.125		0.111079
143.25		0.111079
143.375		0.111079
143.5		0.111079
143.625		0.111079
143.75		0.111079
143.875		0.111079
144		0.111079
144.125		0.111079
144.25		0.111079
144.375		0.111079
144.5		0.111079
144.625		0.111079
144.75		0.111079
144.875		0.111079
145		0.111079
145.125		0.124765
145.25		0.124765
145.375		0.124765
145.5		0.124765
145.625		0.124765
145.75		0.124765
145.875		0.124765
146		0.124765
146.125		0.124765
146.25		0.124765
146.375		0.124765
146.5		0.124765
146.625		0.124765
146.75		0.124765
146.875		0.124765
147		0.124765
147.125		0.124765
147.25		0.124765
147.375		0.124765
147.5		0.124765
147.625		0.124765
147.75		0.124765
147.875		0.124765
148		0.124765
148.125		0.124765
148.25		0.124765
148.375		0.124765
148.5		0.124765
148.625		0.124765
148.75		0.124765
148.875		0.124765
149		0.124765
149.125		0.124765
149.25		0.124765
149.375		0.124765
149.5		0.124765
149.625		0.124765
149.75		0.124765
149.875		0.124765
150		0.124765
150.125		0.128072
150.25		0.128072
150.375		0.128072
150.5		0.128072
150.625		0.128072
150.75		0.128072
150.875		0.128072
151		0.128072
151.125		0.128072
151.25		0.128072
151.375		0.128072
151.5		0.128072
151.625		0.128072
151.75		0.128072
151.875		0.128072
152		0.128072
152.125		0.128072
152.25		0.128072
152.375		0.128072
152.5		0.128072
152.625		0.128072
152.75		0.128072
152.875		0.128072
153		0.128072
153.125		0.128072
153.25		0.128072
153.375		0.128072
153.5		0.128072
153.625		0.128072
153.75		0.128072
153.875		0.128072
154		0.128072
154.125		0.128072
154.25		0.128072
154.375		0.128072
154.5		0.128072
154.625		0.128072
154.75		0.128072
154.875		0.128072
155		0.128072
155.125		0.137538
155.25		0.137538
155.375		0.137538
155.5		0.137538
155.625		0.137538
155.75		0.137538
155.875		0.137538
156		0.137538
156.125		0.137538
156.25		0.137538
156.375		0.137538
156.5		0.137538
156.625		0.137538
156.75		0.137538
156.875		0.137538
157		0.137538
157.125		0.137538
157.25		0.137538
157.375		0.137538
157.5		0.137538
157.625		0.137538
157.75		0.137538
157.875		0.137538
158		0.137538
158.125		0.137538
158.25		0.137538
158.375		0.137538
158.5		0.137538
158.625		0.137538
158.75		0.137538
158.875		0.137538
159		0.137538
159.125		0.137538
159.25		0.137538
159.375		0.137538
159.5		0.137538
159.625		0.137538
159.75		0.137538
159.875		0.137538
160		0.137538
160.125		0.150482
160.25		0.150482
160.375		0.150482
160.5		0.150482
160.625		0.150482
160.75		0.150482
160.875		0.150482
161		0.150482
161.125		0.150482
161.25		0.150482
161.375		0.150482
161.5		0.150482
161.625		0.150482
161.75		0.150482
161.875		0.150482
162		0.150482
162.125		0.150482
162.25		0.150482
162.375		0.150482
162.5		0.150482
162.625		0.150482
162.75		0.150482
162.875		0.150482
163		0.150482
163.125		0.150482
163.25		0.150482
163.375		0.150482
163.5		0.150482
163.625		0.150482
163.75		0.150482
163.875		0.150482
164		0.150482
164.125		0.150482
164.25		0.150482
164.375		0.150482
164.5		0.150482
164.625		0.150482
164.75		0.150482
164.875		0.150482
165		0.150482
165.125		0.17158
165.25		0.17158
165.375		0.17158
165.5		0.17158
165.625		0.17158
165.75		0.17158
165.875		0.17158
166		0.17158
166.125		0.17158
166.25		0.17158
166.375		0.17158
166.5		0.17158
166.625		0.17158
166.75		0.17158
166.875		0.17158
167		0.17158
167.125		0.17158
167.25		0.17158
167.375		0.17158
167.5		0.17158
167.625		0.17158
167.75		0.17158
167.875		0.17158
168		0.17158
168.125		0.17158
168.25		0.17158
168.375		0.17158
168.5		0.17158
168.625		0.17158
168.75		0.17158
168.875		0.17158
169		0.17158
169.125		0.17158
169.25		0.17158
169.375		0.17158
169.5		0.17158
169.625		0.17158
169.75		0.17158
169.875		0.17158
170		0.17158
170.125		0.1758
170.25		0.1758
170.375		0.1758
170.5		0.1758
170.625		0.1758
170.75		0.1758
170.875		0.1758
171		0.1758
171.125		0.1758
171.25		0.1758
171.375		0.1758
171.5		0.1758
171.625		0.1758
171.75		0.1758
171.875		0.1758
172		0.1758
172.125		0.1758
172.25		0.1758
172.375		0.1758
172.5		0.1758
172.625		0.1758
172.75		0.1758
172.875		0.1758
173		0.1758
173.125		0.1758
173.25		0.1758
173.375		0.1758
173.5		0.1758
173.625		0.1758
173.75		0.1758
173.875		0.1758
174		0.1758
174.125		0.1758
174.25		0.1758
174.375		0.1758
174.5		0.1758
174.625		0.1758
174.75		0.1758
174.875		0.1758
175		0.1758
175.125		0.185437
175.25		0.185437
175.375		0.185437
175.5		0.185437
175.625		0.185437
175.75		0.185437
175.875		0.185437
176		0.185437
176.125		0.185437
176.25		0.185437
176.375		0.185437
176.5		0.185437
176.625		0.185437
176.75		0.185437
176.875		0.185437
177		0.185437
177.125		0.185437
177.25		0.185437
177.375		0.185437
177.5		0.185437
177.625		0.185437
177.75		0.185437
177.875		0.185437
178		0.185437
178.125		0.185437
178.25		0.185437
178.375		0.185437
178.5		0.185437
178.625		0.185437
178.75		0.185437
178.875		0.185437
179		0.185437
179.125		0.185437
179.25		0.185437
179.375		0.185437
179.5		0.185437
179.625		0.185437
179.75		0.185437
179.875		0.185437
180		0.185437
180.125		0.194845
180.25		0.194845
180.375		0.194845
180.5		0.194845
180.625		0.194845
180.75		0.194845
180.875		0.194845
181		0.194845
181.125		0.194845
181.25		0.194845
181.375		0.194845
181.5		0.194845
181.625		0.194845
181.75		0.194845
181.875		0.194845
182		0.194845
182.125		0.194845
182.25		0.194845
182.375		0.194845
182.5		0.194845
182.625		0.194845
182.75		0.194845
182.875		0.194845
183		0.194845
183.125		0.194845
183.25		0.194845
183.375		0.194845
183.5		0.194845
183.625		0.194845
183.75		0.194845
183.875		0.194845
184		0.194845
184.125		0.194845
184.25		0.194845
184.375		0.194845
184.5		0.194845
184.625		0.194845
184.75		0.194845
184.875		0.194845
185		0.194845
185.125		0.213263
185.25		0.213263
185.375		0.213263
185.5		0.213263
185.625		0.213263
185.75		0.213263
185.875		0.213263
186		0.213263
186.125		0.213263
186.25		0.213263
186.375		0.213263
186.5		0.213263
186.625		0.213263
186.75		0.213263
186.875		0.213263
187		0.213263
187.125		0.213263
187.25		0.213263
187.375		0.213263
187.5		0.213263
187.625		0.213263
187.75		0.213263
187.875		0.213263
188		0.213263
188.125		0.213263
188.25		0.213263
188.375		0.213263
188.5		0.213263
188.625		0.213263
188.75		0.213263
188.875		0.213263
189		0.213263
189.125		0.213263
189.25		0.213263
189.375		0.213263
189.5		0.213263
189.625		0.213263
189.75		0.213263
189.875		0.213263
190		0.213263
190.125		0.220334
190.25		0.220334
190.375		0.220334
190.5		0.220334
190.625		0.220334
190.75		0.220334
190.875		0.220334
191		0.220334
191.125		0.220334
191.25		0.220334
191.375		0.220334
191.5		0.220334
191.625		0.220334
191.75		0.220334
191.875		0.220334
192		0.220334
192.125		0.220334
192.25		0.220334
192.375		0.220334
192.5		0.220334
192.625		0.220334
192.75		0.220334
192.875		0.220334
193		0.220334
193.125		0.220334
193.25		0.220334
193.375		0.220334
193.5		0.220334
193.625		0.220334
193.75		0.220334
193.875		0.220334
194		0.220334
194.125		0.220334
194.25		0.220334
194.375		0.220334
194.5		0.220334
194.625		0.220334
194.75		0.220334
194.875		0.220334
195		0.220334
195.125		0.232138
195.25		0.232138
195.375		0.232138
195.5		0.232138
195.625		0.232138
195.75		0.232138
195.875		0.232138
196		0.232138
196.125		0.232138
196.25		0.232138
196.375		0.232138
196.5		0.232138
196.625		0.232138
196.75		0.232138
196.875		0.232138
197		0.232138
197.125		0.232138
197.25		0.232138
197.375		0.232138
197.5		0.232138
197.625		0.232138
197.75		0.232138
197.875		0.232138
198		0.232138
198.125		0.232138
198.25		0.232138
198.375		0.232138
198.5		0.232138
198.625		0.232138
198.75		0.232138
198.875		0.232138
199		0.232138
199.125		0.232138
199.25		0.232138
199.375		0.232138
199.5		0.232138
199.625		0.232138
199.75		0.232138
199.875		0.232138
200		0.232138
200.125		0.248788
200.25		0.248788
200.375		0.248788
200.5		0.248788
200.625		0.248788
200.75		0.248788
200.875		0.248788
201		0.248788
201.125		0.248788
201.25		0.248788
201.375		0.248788
201.5		0.248788
201.625		0.248788
201.75		0.248788
201.875		0.248788
202		0.248788
202.125		0.248788
202.25		0.248788
202.375		0.248788
202.5		0.248788
202.625		0.248788
202.75		0.248788
202.875		0.248788
203		0.248788
203.125		0.248788
203.25		0.248788
203.375		0.248788
203.5		0.248788
203.625		0.248788
203.75		0.248788
203.875		0.248788
204		0.248788
204.125		0.248788
204.25		0.248788
204.375		0.248788
204.5		0.248788
204.625		0.248788
204.75		0.248788
204.875		0.248788
205		0.248788
205.125		0.262987
205.25		0.262987
205.375		0.262987
205.5		0.262987
205.625		0.262987
205.75		0.262987
205.875		0.262987
206		0.262987
206.125		0.262987
206.25		0.262987
206.375		0.262987
206.5		0.262987
206.625		0.262987
206.75		0.262987
206.875		0.262987
207		0.262987
207.125		0.262987
207.25		0.262987
207.375		0.262987
207.5		0.262987
207.625		0.262987
207.75		0.262987
207.875		0.262987
208		0.262987
208.125		0.262987
208.25		0.262987
208.375		0.262987
208.5		0.262987
208.625		0.262987
208.75		0.262987
208.875		0.262987
209		0.262987
209.125		0.262987
209.25		0.262987
209.375		0.262987
209.5		0.262987
209.625		0.262987
209.75		0.262987
209.875		0.262987
210		0.262987
210.125		0.270229
210.25		0.270229
210.375		0.270229
210.5		0.270229
210.625		0.270229
210.75		0.270229
210.875		0.270229
211		0.270229
211.125		0.270229
211.25		0.270229
211.375		0.270229
211.5		0.270229
211.625		0.270229
211.75		0.270229
211.875		0.270229
212		0.270229
212.125		0.270229
212.25		0.270229
212.375		0.270229
212.5		0.270229
212.625		0.270229
212.75		0.270229
212.875		0.270229
213		0.270229
213.125		0.270229
213.25		0.270229
213.375		0.270229
213.5		0.270229
213.625		0.270229
213.75		0.270229
213.875		0.270229
214		0.270229
214.125		0.270229
214.25		0.270229
214.375		0.270229
214.5		0.270229
214.625		0.270229
214.75		0.270229
214.875		0.270229
215		0.270229
215.125		0.280036
215.25		0.280036
215.375		0.280036
215.5		0.280036
215.625		0.280036
215.75		0.280036
215.875		0.280036
216		0.280036
216.125		0.280036
216.25		0.280036
216.375		0.280036
216.5		0.280036
216.625		0.280036
216.75		0.280036
216.875		0.280036
217		0.280036
217.125		0.280036
217.25		0.280036
217.375		0.280036
217.5		0.280036
217.625		0.280036
217.75		0.280036
217.875		0.280036
218		0.280036
218.125		0.280036
218.25		0.280036
218.375		0.280036
218.5		0.280036
218.625		0.280036
218.75		0.280036
218.875		0.280036
219		0.280036
219.125		0.280036
219.25		0.280036
219.375		0.280036
219.5		0.280036
219.625		0.280036
219.75		0.280036
219.875		0.280036
220		0.280036
220.125		0.285967
220.25		0.285967
220.375		0.285967
220.5		0.285967
220.625		0.285967
220.75		0.285967
220.875		0.285967
221		0.285967
221.125		0.285967
221.25		0.285967
221.375		0.285967
221.5		0.285967
221.625		0.285967
221.75		0.285967
221.875		0.285967
222		0.285967
222.125		0.285967
222.25		0.285967
222.375		0.285967
222.5		0.285967
222.625		0.285967
222.75		0.285967
222.875		0.285967
223		0.285967
223.125		0.285967
223.25		0.285967
223.375		0.285967
223.5		0.285967
223.625		0.285967
223.75		0.285967
223.875		0.285967
224		0.285967
224.125		0.285967
224.25		0.285967
224.375		0.285967
224.5		0.285967
224.625		0.285967
224.75		0.285967
224.875		0.285967
225		0.285967
225.125		0.309517
225.25		0.309517
225.375		0.309517
225.5		0.309517
225.625		0.309517
225.75		0.309517
225.875		0.309517
226		0.309517
226.125		0.309517
226.25		0.309517
226.375		0.309517
226.5		0.309517
226.625		0.309517
226.75		0.309517
226.875		0.309517
227		0.309517
227.125		0.309517
227.25		0.309517
227.375		0.309517
227.5		0.309517
227.625		0.309517
227.75		0.309517
227.875		0.309517
228		0.309517
228.125		0.309517
228.25		0.309517
228.375		0.309517
228.5		0.309517
228.625		0.309517
228.75		0.309517
228.875		0.309517
229		0.309517
229.125		0.309517
229.25		0.309517
229.375		0.309517
229.5		0.309517
229.625		0.309517
229.75		0.309517
229.875		0.309517
230		0.309517
230.125		0.312083
230.25		0.312083
230.375		0.312083
230.5		0.312083
230.625		0.312083
230.75		0.312083
230.875		0.312083
231		0.312083
231.125		0.312083
231.25		0.312083
231.375		0.312083
231.5		0.312083
231.625		0.312083
231.75		0.312083
231.875		0.312083
232		0.312083
232.125		0.312083
232.25		0.312083
232.375		0.312083
232.5		0.312083
232.625		0.312083
232.75		0.312083
232.875		0.312083
233		0.312083
233.125		0.312083
233.25		0.312083
233.375		0.312083
233.5		0.312083
233.625		0.312083
233.75		0.312083
233.875		0.312083
234		0.312083
234.125		0.312083
234.25		0.312083
234.375		0.312083
234.5		0.312083
234.625		0.312083
234.75		0.312083
234.875		0.312083
235		0.312083
235.125		0.339283
235.25		0.339283
235.375		0.339283
235.5		0.339283
235.625		0.339283
235.75		0.339283
235.875		0.339283
236		0.339283
236.125		0.339283
236.25		0.339283
236.375		0.339283
236.5		0.339283
236.625		0.339283
236.75		0.339283
236.875		0.339283
237		0.339283
237.125		0.339283
237.25		0.339283
237.375		0.339283
237.5		0.339283
237.625		0.339283
237.75		0.339283
237.875		0.339283
238		0.339283
238.125		0.339283
238.25		0.339283
238.375		0.339283
238.5		0.339283
238.625		0.339283
238.75		0.339283
238.875		0.339283
239		0.339283
239.125		0.339283
239.25		0.339283
239.375		0.339283
239.5		0.339283
239.625		0.339283
239.75		0.339283
239.875		0.339283
240		0.339283
240.125		0.347152
240.25		0.347152
240.375		0.347152
240.5		0.347152
240.625		0.347152
240.75		0.347152
240.875		0.347152
241		0.347152
241.125		0.347152
241.25		0.347152
241.375		0.347152
241.5		0.347152
241.625		0.347152
241.75		0.347152
241.875		0.347152
242		0.347152
242.125		0.347152
242.25		0.347152
242.375		0.347152
242.5		0.347152
242.625		0.347152
242.75		0.347152
242.875		0.347152
243		0.347152
243.125		0.347152
243.25		0.347152
243.375		0.347152
243.5		0.347152
243.625		0.347152
243.75		0.347152
243.875		0.347152
244		0.347152
244.125		0.347152
244.25		0.347152
244.375		0.347152
244.5		0.347152
244.625		0.347152
244.75		0.347152
244.875		0.347152
245		0.347152
245.125		0.348007
245.25		0.348007
245.375		0.348007
245.5		0.348007
245.625		0.348007
245.75		0.348007
245.875		0.348007
246		0.348007
246.125		0.348007
246.25		0.348007
246.375		0.348007
246.5		0.348007
246.625		0.348007
246.75		0.348007
246.875		0.348007
247		0.348007
247.125		0.348007
247.25		0.348007
247.375		0.348007
247.5		0.348007
247.625		0.348007
247.75		0.348007
247.875		0.348007
248		0.348007
248.125		0.348007
248.25		0.348007
248.375		0.348007
248.5		0.348007
248.625		0.348007
248.75		0.348007
248.875		0.348007
249		0.348007
249.125		0.348007
249.25		0.348007
249.375		0.348007
249.5		0.348007
249.625		0.348007
249.75		0.348007
249.875		0.348007
250		0.348007
250.125		0.374237
250.25		0.374237
250.375		0.374237
250.5		0.374237
250.625		0.374237
250.75		0.374237
250.875		0.374237
251		0.374237
251.125		0.374237
251.25		0.374237
251.375		0.374237
251.5		0.374237
251.625		0.374237
251.75		0.374237
251.875		0.374237
252		0.374237
252.125		0.374237
252.25		0.374237
252.375		0.374237
252.5		0.374237
252.625		0.374237
252.75		0.374237
252.875		0.374237
253		0.374237
253.125		0.374237
253.25		0.374237
253.375		0.374237
253.5		0.374237
253.625		0.374237
253.75		0.374237
253.875		0.374237
254		0.374237
254.125		0.374237
254.25		0.374237
254.375		0.374237
254.5		0.374237
254.625		0.374237
254.75		0.374237
254.875		0.374237
255		0.374237
255.125		0.380453
255.25		0.380453
255.375		0.380453
255.5		0.380453
255.625		0.380453
255.75		0.380453
255.875		0.380453
256		0.380453
256.125		0.380453
256.25		0.380453
256.375		0.380453
256.5		0.380453
256.625		0.380453
256.75		0.380453
256.875		0.380453
257		0.380453
257.125		0.380453
257.25		0.380453
257.375		0.380453
257.5		0.380453
257.625		0.380453
257.75		0.380453
257.875		0.380453
258		0.380453
258.125		0.380453
258.25		0.380453
258.375		0.380453
258.5		0.380453
258.625		0.380453
258.75		0.380453
258.875		0.380453
259		0.380453
259.125		0.380453
259.25		0.380453
259.375		0.380453
259.5		0.380453
259.625		0.380453
259.75		0.380453
259.875		0.380453
260		0.380453
260.125		0.390432
260.25		0.390432
260.375		0.390432
260.5		0.390432
260.625		0.390432
260.75		0.390432
260.875		0.390432
261		0.390432
261.125		0.390432
261.25		0.390432
261.375		0.390432
261.5		0.390432
261.625		0.390432
261.75		0.390432
261.875		0.390432
262		0.390432
262.125		0.390432
262.25		0.390432
262.375		0.390432
262.5		0.390432
262.625		0.390432
262.75		0.390432
262.875		0.390432
263		0.390432
263.125		0.390432
263.25		0.390432
263.375		0.390432
263.5		0.390432
263.625		0.390432
263.75		0.390432
263.875		0.390432
264		0.390432
264.125		0.390432
264.25		0.390432
264.375		0.390432
264.5		0.390432
264.625		0.390432
264.75		0.390432
264.875		0.390432
265		0.390432
265.125		0.414039
265.25		0.414039
265.375		0.414039
265.5		0.414039
265.625		0.414039
265.75		0.414039
265.875		0.414039
266		0.414039
266.125		0.414039
266.25		0.414039
266.375		0.414039
266.5		0.414039
266.625		0.414039
266.75		0.414039
266.875		0.414039
267		0.414039
267.125		0.414039
267.25		0.414039
267.375		0.414039
267.5		0.414039
267.625		0.414039
267.75		0.414039
267.875		0.414039
268		0.414039
268.125		0.414039
268.25		0.414039
268.375		0.414039
268.5		0.414039
268.625		0.414039
268.75		0.414039
268.875		0.414039
269		0.414039
269.125		0.414039
269.25		0.414039
269.375		0.414039
269.5		0.414039
269.625		0.414039
269.75		0.414039
269.875		0.414039
270		0.414039
270.125		0.421395
270.25		0.421395
270.375		0.421395
270.5		0.421395
270.625		0.421395
270.75		0.421395
270.875		0.421395
271		0.421395
271.125		0.421395
271.25		0.421395
271.375		0.421395
271.5		0.421395
271.625		0.421395
271.75		0.421395
271.875		0.421395
272		0.421395
272.125		0.421395
272.25		0.421395
272.375		0.421395
272.5		0.421395
272.625		0.421395
272.75		0.421395
272.875		0.421395
273		0.421395
273.125		0.421395
273.25		0.421395
273.375		0.421395
273.5		0.421395
273.625		0.421395
273.75		0.421395
273.875		0.421395
274		0.421395
274.125		0.421395
274.25		0.421395
274.375		0.421395
274.5		0.421395
274.625		0.421395
274.75		0.421395
274.875		0.421395
275		0.421395
275.125		0.432514
275.25		0.432514
275.375		0.432514
275.5		0.432514
275.625		0.432514
275.75		0.432514
275.875		0.432514
276		0.432514
276.125		0.432514
276.25		0.432514
276.375		0.432514
276.5		0.432514
276.625		0.432514
276.75		0.432514
276.875		0.432514
277		0.432514
277.125		0.432514
277.25		0.432514
277.375		0.432514
277.5		0.432514
277.625		0.432514
277.75		0.432514
277.875		0.432514
278		0.432514
278.125		0.432514
278.25		0.432514
278.375		0.432514
278.5		0.432514
278.625		0.432514
278.75		0.432514
278.875		0.432514
279		0.432514
279.125		0.432514
279.25		0.432514
279.375		0.432514
279.5		0.432514
279.625		0.432514
279.75		0.432514
279.875		0.432514
280		0.432514
280.125		0.452643
280.25		0.452643
280.375		0.452643
280.5		0.452643
280.625		0.452643
280.75		0.452643
280.875		0.452643
281		0.452643
281.125		0.452643
281.25		0.452643
281.375		0.452643
281.5		0.452643
281.625		0.452643
281.75		0.452643
281.875		0.452643
282		0.452643
282.125		0.452643
282.25		0.452643
282.375		0.452643
282.5		0.452643
282.625		0.452643
282.75		0.452643
282.875		0.452643
283		0.452643
283.125		0.452643
283.25		0.452643
283.375		0.452643
283.5		0.452643
283.625		0.452643
283.75		0.452643
283.875		0.452643
284		0.452643
284.125		0.452643
284.25		0.452643
284.375		0.452643
284.5		0.452643
284.625		0.452643
284.75		0.452643
284.875		0.452643
285		0.452643
285.125		0.45424
285.25		0.45424
285.375		0.45424
285.5		0.45424
285.625		0.45424
285.75		0.45424
285.875		0.45424
286		0.45424
286.125		0.45424
286.25		0.45424
286.375		0.45424
286.5		0.45424
286.625		0.45424
286.75		0.45424
286.875		0.45424
287		0.45424
287.125		0.45424
287.25		0.45424
287.375		0.45424
287.5		0.45424
287.625		0.45424
287.75		0.45424
287.875		0.45424
288		0.45424
288.125		0.45424
288.25		0.45424
288.375		0.45424
288.5		0.45424
288.625		0.45424
288.75		0.45424
288.875		0.45424
289		0.45424
289.125		0.45424
289.25		0.45424
289.375		0.45424
289.5		0.45424
289.625		0.45424
289.75		0.45424
289.875		0.45424
290		0.45424
290.125		0.475509
290.25		0.475509
290.375		0.475509
290.5		0.475509
290.625		0.475509
290.75		0.475509
290.875		0.475509
291		0.475509
291.125		0.475509
291.25		0.475509
291.375		0.475509
291.5		0.475509
291.625		0.475509
291.75		0.475509
291.875		0.475509
292		0.475509
292.125		0.475509
292.25		0.475509
292.375		0.475509
292.5		0.475509
292.625		0.475509
292.75		0.475509
292.875		0.475509
293		0.475509
293.125		0.475509
293.25		0.475509
293.375		0.475509
293.5		0.475509
293.625		0.475509
293.75		0.475509
293.875		0.475509
294		0.475509
294.125		0.475509
294.25		0.475509
294.375		0.475509
294.5		0.475509
294.625		0.475509
294.75		0.475509
294.875		0.475509
295		0.475509
295.125		0.488624
295.25		0.488624
295.375		0.488624
295.5		0.488624
295.625		0.488624
295.75		0.488624
295.875		0.488624
296		0.488624
296.125		0.488624
296.25		0.488624
296.375		0.488624
296.5		0.488624
296.625		0.488624
296.75		0.488624
296.875		0.488624
297		0.488624
297.125		0.488624
297.25		0.488624
297.375		0.488624
297.5		0.488624
297.625		0.488624
297.75		0.488624
297.875		0.488624
298		0.488624
298.125		0.488624
298.25		0.488624
298.375		0.488624
298.5		0.488624
298.625		0.488624
298.75		0.488624
298.875		0.488624
299		0.488624
299.125		0.488624
299.25		0.488624
299.375		0.488624
299.5		0.488624
299.625		0.488624
299.75		0.488624
299.875		0.488624
300		0.488624
300.125		0.491874
300.25		0.491874
300.375		0.491874
300.5		0.491874
300.625		0.491874
300.75		0.491874
300.875		0.491874
301		0.491874
301.125		0.491874
301.25		0.491874
301.375		0.491874
301.5		0.491874
301.625		0.491874
301.75		0.491874
301.875		0.491874
302		0.491874
302.125		0.491874
302.25		0.491874
302.375		0.491874
302.5		0.491874
302.625		0.491874
302.75		0.491874
302.875		0.491874
303		0.491874
303.125		0.491874
303.25		0.491874
303.375		0.491874
303.5		0.491874
303.625		0.491874
303.75		0.491874
303.875		0.491874
304		0.491874
304.125		0.491874
304.25		0.491874
304.375		0.491874
304.5		0.491874
304.625		0.491874
304.75		0.491874
304.875		0.491874
305		0.491874
305.125		0.497348
305.25		0.497348
305.375		0.497348
305.5		0.497348
305.625		0.497348
305.75		0.497348
305.875		0.497348
306		0.497348
306.125		0.497348
306.25		0.497348
306.375		0.497348
306.5		0.497348
306.625		0.497348
306.75		0.497348
306.875		0.497348
307		0.497348
307.125		0.497348
307.25		0.497348
307.375		0.497348
307.5		0.497348
307.625		0.497348
307.75		0.497348
307.875		0.497348
308		0.497348
308.125		0.497348
308.25		0.497348
308.375		0.497348
308.5		0.497348
308.625		0.497348
308.75		0.497348
308.875		0.497348
309		0.497348
309.125		0.497348
309.25		0.497348
309.375		0.497348
309.5		0.497348
309.625		0.497348
309.75		0.497348
309.875		0.497348
310		0.497348
310.125		0.511262
310.25		0.511262
310.375		0.511262
310.5		0.511262
310.625		0.511262
310.75		0.511262
310.875		0.511262
311		0.511262
311.125		0.511262
311.25		0.511262
311.375		0.511262
311.5		0.511262
311.625		0.511262
311.75		0.511262
311.875		0.511262
312		0.511262
312.125		0.511262
312.25		0.511262
312.375		0.511262
312.5		0.511262
312.625		0.511262
312.75		0.511262
312.875		0.511262
313		0.511262
313.125		0.511262
313.25		0.511262
313.375		0.511262
313.5		0.511262
313.625		0.511262
313.75		0.511262
313.875		0.511262
314		0.511262
314.125		0.511262
314.25		0.511262
314.375		0.511262
314.5		0.511262
314.625		0.511262
314.75		0.511262
314.875		0.511262
315		0.511262
315.125		0.542396
315.25		0.542396
315.375		0.542396
315.5		0.542396
315.625		0.542396
315.75		0.542396
315.875		0.542396
316		0.542396
316.125		0.542396
316.25		0.542396
316.375		0.542396
316.5		0.542396
316.625		0.542396
316.75		0.542396
316.875		0.542396
317		0.542396
317.125		0.542396
317.25		0.542396
317.375		0.542396
317.5		0.542396
317.625		0.542396
317.75		0.542396
317.875		0.542396
318		0.542396
318.125		0.542396
318.25		0.542396
318.375		0.542396
318.5		0.542396
318.625		0.542396
318.75		0.542396
318.875		0.542396
319		0.542396
319.125		0.542396
319.25		0.542396
319.375		0.542396
319.5		0.542396
319.625		0.542396
319.75		0.542396
319.875		0.542396
320		0.542396
320.125		0.54519
320.25		0.54519
320.375		0.54519
320.5		0.54519
320.625		0.54519
320.75		0.54519
320.875		0.54519
321		0.54519
321.125		0.54519
321.25		0.54519
321.375		0.54519
321.5		0.54519
321.625		0.54519
321.75		0.54519
321.875		0.54519
322		0.54519
322.125		0.54519
322.25		0.54519
322.375		0.54519
322.5		0.54519
322.625		0.54519
322.75		0.54519
322.875		0.54519
323		0.54519
323.125		0.54519
323.25		0.54519
323.375		0.54519
323.5		0.54519
323.625		0.54519
323.75		0.54519
323.875		0.54519
324		0.54519
324.125		0.54519
324.25		0.54519
324.375		0.54519
324.5		0.54519
324.625		0.54519
324.75		0.54519
324.875		0.54519
325		0.54519
325.125		0.554941
325.25		0.554941
325.375		0.554941
325.5		0.554941
325.625		0.554941
325.75		0.554941
325.875		0.554941
326		0.554941
326.125		0.554941
326.25		0.554941
326.375		0.554941
326.5		0.554941
326.625		0.554941
326.75		0.554941
326.875		0.554941
327		0.554941
327.125		0.554941
327.25		0.554941
327.375		0.554941
327.5		0.554941
327.625		0.554941
327.75		0.554941
327.875		0.554941
328		0.554941
328.125		0.554941
328.25		0.554941
328.375		0.554941
328.5		0.554941
328.625		0.554941
328.75		0.554941
328.875		0.554941
329		0.554941
329.125		0.554941
329.25		0.554941
329.375		0.554941
329.5		0.554941
329.625		0.554941
329.75		0.554941
329.875		0.554941
330		0.554941
330.125		0.570793
330.25		0.570793
330.375		0.570793
330.5		0.570793
330.625		0.570793
330.75		0.570793
330.875		0.570793
331		0.570793
331.125		0.570793
331.25		0.570793
331.375		0.570793
331.5		0.570793
331.625		0.570793
331.75		0.570793
331.875		0.570793
332		0.570793
332.125		0.570793
332.25		0.570793
332.375		0.570793
332.5		0.570793
332.625		0.570793
332.75		0.570793
332.875		0.570793
333		0.570793
333.125		0.570793
333.25		0.570793
333.375		0.570793
333.5		0.570793
333.625		0.570793
333.75		0.570793
333.875		0.570793
334		0.570793
334.125		0.570793
334.25		0.570793
334.375		0.570793
334.5		0.570793
334.625		0.570793
334.75		0.570793
334.875		0.570793
335		0.570793
335.125		0.571934
335.25		0.571934
335.375		0.571934
335.5		0.571934
335.625		0.571934
335.75		0.571934
335.875		0.571934
336		0.571934
336.125		0.571934
336.25		0.571934
336.375		0.571934
336.5		0.571934
336.625		0.571934
336.75		0.571934
336.875		0.571934
337		0.571934
337.125		0.571934
337.25		0.571934
337.375		0.571934
337.5		0.571934
337.625		0.571934
337.75		0.571934
337.875		0.571934
338		0.571934
338.125		0.571934
338.25		0.571934
338.375		0.571934
338.5		0.571934
338.625		0.571934
338.75		0.571934
338.875		0.571934
339		0.571934
339.125		0.571934
339.25		0.571934
339.375		0.571934
339.5		0.571934
339.625		0.571934
339.75		0.571934
339.875		0.571934
340		0.571934
340.125		0.596852
340.25		0.596852
340.375		0.596852
340.5		0.596852
340.625		0.596852
340.75		0.596852
340.875		0.596852
341		0.596852
341.125		0.596852
341.25		0.596852
341.375		0.596852
341.5		0.596852
341.625		0.596852
341.75		0.596852
341.875		0.596852
342		0.596852
342.125		0.596852
342.25		0.596852
342.375		0.596852
342.5		0.596852
342.625		0.596852
342.75		0.596852
342.875		0.596852
343		0.596852
343.125		0.596852
343.25		0.596852
343.375		0.596852
343.5		0.596852
343.625		0.596852
343.75		0.596852
343.875		0.596852
344		0.596852
344.125		0.596852
344.25		0.596852
344.375		0.596852
344.5		0.596852
344.625		0.596852
344.75		0.596852
344.875		0.596852
345		0.596852
345.125		0.607344
345.25		0.607344
345.375		0.607344
345.5		0.607344
345.625		0.607344
345.75		0.607344
345.875		0.607344
346		0.607344
346.125		0.607344
346.25		0.607344
346.375		0.607344
346.5		0.607344
346.625		0.607344
346.75		0.607344
346.875		0.607344
347		0.607344
347.125		0.607344
347.25		0.607344
347.375		0.607344
347.5		0.607344
347.625		0.607344
347.75		0.607344
347.875		0.607344
348		0.607344
348.125		0.607344
348.25		0.607344
348.375		0.607344
348.5		0.607344
348.625		0.607344
348.75		0.607344
348.875		0.607344
349		0.607344
349.125		0.607344
349.25		0.607344
349.375		0.607344
349.5		0.607344
349.625		0.607344
349.75		0.607344
349.875		0.607344
350		0.607344
350.125		0.608713
350.25		0.608713
350.375		0.608713
350.5		0.608713
350.625		0.608713
350.75		0.608713
350.875		0.608713
351		0.608713
351.125		0.608713
351.25		0.608713
351.375		0.608713
351.5		0.608713
351.625		0.608713
351.75		0.608713
351.875		0.608713
352		0.608713
352.125		0.608713
352.25		0.608713
352.375		0.608713
352.5		0.608713
352.625		0.608713
352.75		0.608713
352.875		0.608713
353		0.608713
353.125		0.608713
353.25		0.608713
353.375		0.608713
353.5		0.608713
353.625		0.608713
353.75		0.608713
353.875		0.608713
354		0.608713
354.125		0.608713
354.25		0.608713
354.375		0.608713
354.5		0.608713
354.625		0.608713
354.75		0.608713
354.875		0.608713
355		0.608713
355.125		0.628899
355.25		0.628899
355.375		0.628899
355.5		0.628899
355.625		0.628899
355.75		0.628899
355.875		0.628899
356		0.628899
356.125		0.628899
356.25		0.628899
356.375		0.628899
356.5		0.628899
356.625		0.628899
356.75		0.628899
356.875		0.628899
357		0.628899
357.125		0.628899
357.25		0.628899
357.375		0.628899
357.5		0.628899
357.625		0.628899
357.75		0.628899
357.875		0.628899
358		0.628899
358.125		0.628899
358.25		0.628899
358.375		0.628899
358.5		0.628899
358.625		0.628899
358.75		0.628899
358.875		0.628899
359		0.628899
359.125		0.628899
359.25		0.628899
359.375		0.628899
359.5		0.628899
359.625		0.628899
359.75		0.628899
359.875		0.628899
360		0.628899
360.125		0.643097
360.25		0.643097
360.375		0.643097
360.5		0.643097
360.625		0.643097
360.75		0.643097
360.875		0.643097
361		0.643097
361.125		0.643097
361.25		0.643097
361.375		0.643097
361.5		0.643097
361.625		0.643097
361.75		0.643097
361.875		0.643097
362		0.643097
362.125		0.643097
362.25		0.643097
362.375		0.643097
362.5		0.643097
362.625		0.643097
362.75		0.643097
362.875		0.643097
363		0.643097
363.125		0.643097
363.25		0.643097
363.375		0.643097
363.5		0.643097
363.625		0.643097
363.75		0.643097
363.875		0.643097
364		0.643097
364.125		0.643097
364.25		0.643097
364.375		0.643097
364.5		0.643097
364.625		0.643097
364.75		0.643097
364.875		0.643097
365		0.643097
365.125		0.664538
365.25		0.664538
365.375		0.664538
365.5		0.664538
365.625		0.664538
365.75		0.664538
365.875		0.664538
366		0.664538
366.125		0.664538
366.25		0.664538
366.375		0.664538
366.5		0.664538
366.625		0.664538
366.75		0.664538
366.875		0.664538
367		0.664538
367.125		0.664538
367.25		0.664538
367.375		0.664538
367.5		0.664538
367.625		0.664538
367.75		0.664538
367.875		0.664538
368		0.664538
368.125		0.664538
368.25		0.664538
368.375		0.664538
368.5		0.664538
368.625		0.664538
368.75		0.664538
368.875		0.664538
369		0.664538
369.125		0.664538
369.25		0.664538
369.375		0.664538
369.5		0.664538
369.625		0.664538
369.75		0.664538
369.875		0.664538
370		0.664538
370.125		0.672749
370.25		0.672749
370.375		0.672749
370.5		0.672749
370.625		0.672749
370.75		0.672749
370.875		0.672749
371		0.672749
371.125		0.672749
371.25		0.672749
371.375		0.672749
371.5		0.672749
371.625		0.672749
371.75		0.672749
371.875		0.672749
372		0.672749
372.125		0.672749
372.25		0.672749
372.375		0.672749
372.5		0.672749
372.625		0.672749
372.75		0.672749
372.875		0.672749
373		0.672749
373.125		0.672749
373.25		0.672749
373.375		0.672749
373.5		0.672749
373.625		0.672749
373.75		0.672749
373.875		0.672749
374		0.672749
374.125		0.672749
374.25		0.672749
374.375		0.672749
374.5		0.672749
374.625		0.672749
374.75		0.672749
374.875		0.672749
375		0.672749
375.125		0.706392
375.25		0.706392
375.375		0.706392
375.5		0.706392
375.625		0.706392
375.75		0.706392
375.875		0.706392
376		0.706392
376.125		0.706392
376.25		0.706392
376.375		0.706392
376.5		0.706392
376.625		0.706392
376.75		0.706392
376.875		0.706392
377		0.706392
377.125		0.706392
377.25		0.706392
377.375		0.706392
377.5		0.706392
377.625		0.706392
377.75		0.706392
377.875		0.706392
378		0.706392
378.125		0.706392
378.25		0.706392
378.375		0.706392
378.5		0.706392
378.625		0.706392
378.75		0.706392
378.875		0.706392
379		0.706392
379.125		0.706392
379.25		0.706392
379.375		0.706392
379.5		0.706392
379.625		0.706392
379.75		0.706392
379.875		0.706392
380		0.706392
380.125		0.714033
380.25		0.714033
380.375		0.714033
380.5		0.714033
380.625		0.714033
380.75		0.714033
380.875		0.714033
381		0.714033
381.125		0.714033
381.25		0.714033
381.375		0.714033
381.5		0.714033
381.625		0.714033
381.75		0.714033
381.875		0.714033
382		0.714033
382.125		0.714033
382.25		0.714033
382.375		0.714033
382.5		0.714033
382.625		0.714033
382.75		0.714033
382.875		0.714033
383		0.714033
383.125		0.714033
383.25		0.714033
383.375		0.714033
383.5		0.714033
383.625		0.714033
383.75		0.714033
383.875		0.714033
384		0.714033
384.125		0.714033
384.25		0.714033
384.375		0.714033
384.5		0.714033
384.625		0.714033
384.75		0.714033
384.875		0.714033
385		0.714033
385.125		0.721218
385.25		0.721218
385.375		0.721218
385.5		0.721218
385.625		0.721218
385.75		0.721218
385.875		0.721218
386		0.721218
386.125		0.721218
386.25		0.721218
386.375		0.721218
386.5		0.721218
386.625		0.721218
386.75		0.721218
386.875		0.721218
387		0.721218
387.125		0.721218
387.25		0.721218
387.375		0.721218
387.5		0.721218
387.625		0.721218
387.75		0.721218
387.875		0.721218
388		0.721218
388.125		0.721218
388.25		0.721218
388.375		0.721218
388.5		0.721218
388.625		0.721218
388.75		0.721218
388.875		0.721218
389		0.721218
389.125		0.721218
389.25		0.721218
389.375		0.721218
389.5		0.721218
389.625		0.721218
389.75		0.721218
389.875		0.721218
390		0.721218
390.125		0.732337
390.25		0.732337
390.375		0.732337
390.5		0.732337
390.625		0.732337
390.75		0.732337
390.875		0.732337
391		0.732337
391.125		0.732337
391.25		0.732337
391.375		0.732337
391.5		0.732337
391.625		0.732337
391.75		0.732337
391.875		0.732337
392		0.732337
392.125		0.732337
392.25		0.732337
392.375		0.732337
392.5		0.732337
392.625		0.732337
392.75		0.732337
392.875		0.732337
393		0.732337
393.125		0.732337
393.25		0.732337
393.375		0.732337
393.5		0.732337
393.625		0.732337
393.75		0.732337
393.875		0.732337
394		0.732337
394.125		0.732337
394.25		0.732337
394.375		0.732337
394.5		0.732337
394.625		0.732337
394.75		0.732337
394.875		0.732337
395		0.732337
395.125		0.769117
395.25		0.769117
395.375		0.769117
395.5		0.769117
395.625		0.769117
395.75		0.769117
395.875		0.769117
396		0.769117
396.125		0.769117
396.25		0.769117
396.375		0.769117
396.5		0.769117
396.625		0.769117
396.75		0.769117
396.875		0.769117
397		0.769117
397.125		0.769117
397.25		0.769117
397.375		0.769117
397.5		0.769117
397.625		0.769117
397.75		0.769117
397.875		0.769117
398		0.769117
398.125		0.769117
398.25		0.769117
398.375		0.769117
398.5		0.769117
398.625		0.769117
398.75		0.769117
398.875		0.769117
399		0.769117
399.125		0.769117
399.25		0.769117
399.375		0.769117
399.5		0.769117
399.625		0.769117
399.75		0.769117
399.875		0.769117
400		0.769117
400.125		0.774762
400.25		0.774762
400.375		0.774762
400.5		0.774762
400.625		0.774762
400.75		0.774762
400.875		0.774762
401		0.774762
401.125		0.774762
401.25		0.774762
401.375		0.774762
401.5		0.774762
401.625		0.774762
401.75		0.774762
401.875		0.774762
402		0.774762
402.125		0.774762
402.25		0.774762
402.375		0.774762
402.5		0.774762
402.625		0.774762
402.75		0.774762
402.875		0.774762
403		0.774762
403.125		0.774762
403.25		0.774762
403.375		0.774762
403.5		0.774762
403.625		0.774762
403.75		0.774762
403.875		0.774762
404		0.774762
404.125		0.774762
404.25		0.774762
404.375		0.774762
404.5		0.774762
404.625		0.774762
404.75		0.774762
404.875		0.774762
405		0.774762
405.125		0.778582
405.25		0.778582
405.375		0.778582
405.5		0.778582
405.625		0.778582
405.75		0.778582
405.875		0.778582
406		0.778582
406.125		0.778582
406.25		0.778582
406.375		0.778582
406.5		0.778582
406.625		0.778582
406.75		0.778582
406.875		0.778582
407		0.778582
407.125		0.778582
407.25		0.778582
407.375		0.778582
407.5		0.778582
407.625		0.778582
407.75		0.778582
407.875		0.778582
408		0.778582
408.125		0.778582
408.25		0.778582
408.375		0.778582
408.5		0.778582
408.625		0.778582
408.75		0.778582
408.875		0.778582
409		0.778582
409.125		0.778582
409.25		0.778582
409.375		0.778582
409.5		0.778582
409.625		0.778582
409.75		0.778582
409.875		0.778582
410		0.778582
410.125		0.785482
410.25		0.785482
410.375		0.785482
410.5		0.785482
410.625		0.785482
410.75		0.785482
410.875		0.785482
411		0.785482
411.125		0.785482
411.25		0.785482
411.375		0.785482
411.5		0.785482
411.625		0.785482
411.75		0.785482
411.875		0.785482
412		0.785482
412.125		0.785482
412.25		0.785482
412.375		0.785482
412.5		0.785482
412.625		0.785482
412.75		0.785482
412.875		0.785482
413		0.785482
413.125		0.785482
413.25		0.785482
413.375		0.785482
413.5		0.785482
413.625		0.785482
413.75		0.785482
413.875		0.785482
414		0.785482
414.125		0.785482
414.25		0.785482
414.375		0.785482
414.5		0.785482
414.625		0.785482
414.75		0.785482
414.875		0.785482
415		0.785482
415.125		0.789531
415.25		0.789531
415.375		0.789531
415.5		0.789531
415.625		0.789531
415.75		0.789531
415.875		0.789531
416		0.789531
416.125		0.789531
416.25		0.789531
416.375		0.789531
416.5		0.789531
416.625		0.789531
416.75		0.789531
416.875		0.789531
417		0.789531
417.125		0.789531
417.25		0.789531
417.375		0.789531
417.5		0.789531
417.625		0.789531
417.75		0.789531
417.875		0.789531
418		0.789531
418.125		0.789531
418.25		0.789531
418.375		0.789531
418.5		0.789531
418.625		0.789531
418.75		0.789531
418.875		0.789531
419		0.789531
419.125		0.789531
419.25		0.789531
419.375		0.789531
419.5		0.789531
419.625		0.789531
419.75		0.789531
419.875		0.789531
420		0.789531
420.125		0.802304
420.25		0.802304
420.375		0.802304
420.5		0.802304
420.625		0.802304
420.75		0.802304
420.875		0.802304
421		0.802304
421.125		0.802304
421.25		0.802304
421.375		0.802304
421.5		0.802304
421.625		0.802304
421.75		0.802304
421.875		0.802304
422		0.802304
422.125		0.802304
422.25		0.802304
422.375		0.802304
422.5		0.802304
422.625		0.802304
422.75		0.802304
422.875		0.802304
423		0.802304
423.125		0.802304
423.25		0.802304
423.375		0.802304
423.5		0.802304
423.625		0.802304
423.75		0.802304
423.875		0.802304
424		0.802304
424.125		0.802304
424.25		0.802304
424.375		0.802304
424.5		0.802304
424.625		0.802304
424.75		0.802304
424.875		0.802304
425		0.802304
425.125		0.834977
425.25		0.834977
425.375		0.834977
425.5		0.834977
425.625		0.834977
425.75		0.834977
425.875		0.834977
426		0.834977
426.125		0.834977
426.25		0.834977
426.375		0.834977
426.5		0.834977
426.625		0.834977
426.75		0.834977
426.875		0.834977
427		0.834977
427.125		0.834977
427.25		0.834977
427.375		0.834977
427.5		0.834977
427.625		0.834977
427.75		0.834977
427.875		0.834977
428		0.834977
428.125		0.834977
428.25		0.834977
428.375		0.834977
428.5		0.834977
428.625		0.834977
428.75		0.834977
428.875		0.834977
429		0.834977
429.125		0.834977
429.25		0.834977
429.375		0.834977
429.5		0.834977
429.625		0.834977
429.75		0.834977
429.875		0.834977
430		0.834977
430.125		0.836061
430.25		0.836061
430.375		0.836061
430.5		0.836061
430.625		0.836061
430.75		0.836061
430.875		0.836061
431		0.836061
431.125		0.836061
431.25		0.836061
431.375		0.836061
431.5		0.836061
431.625		0.836061
431.75		0.836061
431.875		0.836061
432		0.836061
432.125		0.836061
432.25		0.836061
432.375		0.836061
432.5		0.836061
432.625		0.836061
432.75		0.836061
432.875		0.836061
433		0.836061
433.125		0.836061
433.25		0.836061
433.375		0.836061
433.5		0.836061
433.625		0.836061
433.75		0.836061
433.875		0.836061
434		0.836061
434.125		0.836061
434.25		0.836061
434.375		0.836061
434.5		0.836061
434.625		0.836061
434.75		0.836061
434.875		0.836061
435		0.836061
435.125		0.847408
435.25		0.847408
435.375		0.847408
435.5		0.847408
435.625		0.847408
435.75		0.847408
435.875		0.847408
436		0.847408
436.125		0.847408
436.25		0.847408
436.375		0.847408
436.5		0.847408
436.625		0.847408
436.75		0.847408
436.875		0.847408
437		0.847408
437.125		0.847408
437.25		0.847408
437.375		0.847408
437.5		0.847408
437.625		0.847408
437.75		0.847408
437.875		0.847408
438		0.847408
438.125		0.847408
438.25		0.847408
438.375		0.847408
438.5		0.847408
438.625		0.847408
438.75		0.847408
438.875		0.847408
439		0.847408
439.125		0.847408
439.25		0.847408
439.375		0.847408
439.5		0.847408
439.625		0.847408
439.75		0.847408
439.875		0.847408
440		0.847408
440.125		0.860809
440.25		0.860809
440.375		0.860809
440.5		0.860809
440.625		0.860809
440.75		0.860809
440.875		0.860809
441		0.860809
441.125		0.860809
441.25		0.860809
441.375		0.860809
441.5		0.860809
441.625		0.860809
441.75		0.860809
441.875		0.860809
442		0.860809
442.125		0.860809
442.25		0.860809
442.375		0.860809
442.5		0.860809
442.625		0.860809
442.75		0.860809
442.875		0.860809
443		0.860809
443.125		0.860809
443.25		0.860809
443.375		0.860809
443.5		0.860809
443.625		0.860809
443.75		0.860809
443.875		0.860809
444		0.860809
444.125		0.860809
444.25		0.860809
444.375		0.860809
444.5		0.860809
444.625		0.860809
444.75		0.860809
444.875		0.860809
445		0.860809
445.125		0.867879
445.25		0.867879
445.375		0.867879
445.5		0.867879
445.625		0.867879
445.75		0.867879
445.875		0.867879
446		0.867879
446.125		0.867879
446.25		0.867879
446.375		0.867879
446.5		0.867879
446.625		0.867879
446.75		0.867879
446.875		0.867879
447		0.867879
447.125		0.867879
447.25		0.867879
447.375		0.867879
447.5		0.867879
447.625		0.867879
447.75		0.867879
447.875		0.867879
448		0.867879
448.125		0.867879
448.25		0.867879
448.375		0.867879
448.5		0.867879
448.625		0.867879
448.75		0.867879
448.875		0.867879
449		0.867879
449.125		0.867879
449.25		0.867879
449.375		0.867879
449.5		0.867879
449.625		0.867879
449.75		0.867879
449.875		0.867879
450		0.867879
450.125		0.869248
450.25		0.869248
450.375		0.869248
450.5		0.869248
450.625		0.869248
450.75		0.869248
450.875		0.869248
451		0.869248
451.125		0.869248
451.25		0.869248
451.375		0.869248
451.5		0.869248
451.625		0.869248
451.75		0.869248
451.875		0.869248
452		0.869248
452.125		0.869248
452.25		0.869248
452.375		0.869248
452.5		0.869248
452.625		0.869248
452.75		0.869248
452.875		0.869248
453		0.869248
453.125		0.869248
453.25		0.869248
453.375		0.869248
453.5		0.869248
453.625		0.869248
453.75		0.869248
453.875		0.869248
454		0.869248
454.125		0.869248
454.25		0.869248
454.375		0.869248
454.5		0.869248
454.625		0.869248
454.75		0.869248
454.875		0.869248
455		0.869248
455.125		0.902036
455.25		0.902036
455.375		0.902036
455.5		0.902036
455.625		0.902036
455.75		0.902036
455.875		0.902036
456		0.902036
456.125		0.902036
456.25		0.902036
456.375		0.902036
456.5		0.902036
456.625		0.902036
456.75		0.902036
456.875		0.902036
457		0.902036
457.125		0.902036
457.25		0.902036
457.375		0.902036
457.5		0.902036
457.625		0.902036
457.75		0.902036
457.875		0.902036
458		0.902036
458.125		0.902036
458.25		0.902036
458.375		0.902036
458.5		0.902036
458.625		0.902036
458.75		0.902036
458.875		0.902036
459		0.902036
459.125		0.902036
459.25		0.902036
459.375		0.902036
459.5		0.902036
459.625		0.902036
459.75		0.902036
459.875		0.902036
460		0.902036
460.125		0.928266
460.25		0.928266
460.375		0.928266
460.5		0.928266
460.625		0.928266
460.75		0.928266
460.875		0.928266
461		0.928266
461.125		0.928266
461.25		0.928266
461.375		0.928266
461.5		0.928266
461.625		0.928266
461.75		0.928266
461.875		0.928266
462		0.928266
462.125		0.928266
462.25		0.928266
462.375		0.928266
462.5		0.928266
462.625		0.928266
462.75		0.928266
462.875		0.928266
463		0.928266
463.125		0.928266
463.25		0.928266
463.375		0.928266
463.5		0.928266
463.625		0.928266
463.75		0.928266
463.875		0.928266
464		0.928266
464.125		0.928266
464.25		0.928266
464.375		0.928266
464.5		0.928266
464.625		0.928266
464.75		0.928266
464.875		0.928266
465		0.928266
465.125		0.929577
465.25		0.929577
465.375		0.929577
465.5		0.929577
465.625		0.929577
465.75		0.929577
465.875		0.929577
466		0.929577
466.125		0.929577
466.25		0.929577
466.375		0.929577
466.5		0.929577
466.625		0.929577
466.75		0.929577
466.875		0.929577
467		0.929577
467.125		0.929577
467.25		0.929577
467.375		0.929577
467.5		0.929577
467.625		0.929577
467.75		0.929577
467.875		0.929577
468		0.929577
468.125		0.929577
468.25		0.929577
468.375		0.929577
468.5		0.929577
468.625		0.929577
468.75		0.929577
468.875		0.929577
469		0.929577
469.125		0.929577
469.25		0.929577
469.375		0.929577
469.5		0.929577
469.625		0.929577
469.75		0.929577
469.875		0.929577
470		0.929577
470.125		0.93739
470.25		0.93739
470.375		0.93739
470.5		0.93739
470.625		0.93739
470.75		0.93739
470.875		0.93739
471		0.93739
471.125		0.93739
471.25		0.93739
471.375		0.93739
471.5		0.93739
471.625		0.93739
471.75		0.93739
471.875		0.93739
472		0.93739
472.125		0.93739
472.25		0.93739
472.375		0.93739
472.5		0.93739
472.625		0.93739
472.75		0.93739
472.875		0.93739
473		0.93739
473.125		0.93739
473.25		0.93739
473.375		0.93739
473.5		0.93739
473.625		0.93739
473.75		0.93739
473.875		0.93739
474		0.93739
474.125		0.93739
474.25		0.93739
474.375		0.93739
474.5		0.93739
474.625		0.93739
474.75		0.93739
474.875		0.93739
475		0.93739
475.125		0.945886
475.25		0.945886
475.375		0.945886
475.5		0.945886
475.625		0.945886
475.75		0.945886
475.875		0.945886
476		0.945886
476.125		0.945886
476.25		0.945886
476.375		0.945886
476.5		0.945886
476.625		0.945886
476.75		0.945886
476.875		0.945886
477		0.945886
477.125		0.945886
477.25		0.945886
477.375		0.945886
477.5		0.945886
477.625		0.945886
477.75		0.945886
477.875		0.945886
478		0.945886
478.125		0.945886
478.25		0.945886
478.375		0.945886
478.5		0.945886
478.625		0.945886
478.75		0.945886
478.875		0.945886
479		0.945886
479.125		0.945886
479.25		0.945886
479.375		0.945886
479.5		0.945886
479.625		0.945886
479.75		0.945886
479.875		0.945886
480		0.945886
480.125		0.969949
480.25		0.969949
480.375		0.969949
480.5		0.969949
480.625		0.969949
480.75		0.969949
480.875		0.969949
481		0.969949
481.125		0.969949
481.25		0.969949
481.375		0.969949
481.5		0.969949
481.625		0.969949
481.75		0.969949
481.875		0.969949
482		0.969949
482.125		0.969949
482.25		0.969949
482.375		0.969949
482.5		0.969949
482.625		0.969949
482.75		0.969949
482.875		0.969949
483		0.969949
483.125		0.969949
483.25		0.969949
483.375		0.969949
483.5		0.969949
483.625		0.969949
483.75		0.969949
483.875		0.969949
484		0.969949
484.125		0.969949
484.25		0.969949
484.375		0.969949
484.5		0.969949
484.625		0.969949
484.75		0.969949
484.875		0.969949
485		0.969949
485.125		0.98563
485.25		0.98563
485.375		0.98563
485.5		0.98563
485.625		0.98563
485.75		0.98563
485.875		0.98563
486		0.98563
486.125		0.98563
486.25		0.98563
486.375		0.98563
486.5		0.98563
486.625		0.98563
486.75		0.98563
486.875		0.98563
487		0.98563
487.125		0.98563
487.25		0.98563
487.375		0.98563
487.5		0.98563
487.625		0.98563
487.75		0.98563
487.875		0.98563
488		0.98563
488.125		0.98563
488.25		0.98563
488.375		0.98563
488.5		0.98563
488.625		0.98563
488.75		0.98563
488.875		0.98563
489		0.98563
489.125		0.98563
489.25		0.98563
489.375		0.98563
489.5		0.98563
489.625		0.98563
489.75		0.98563
489.875		0.98563
490		0.98563
490.125		0.995609
490.25		0.995609
490.375		0.995609
490.5		0.995609
490.625		0.995609
490.75		0.995609
490.875		0.995609
491		0.995609
491.125		0.995609
491.25		0.995609
491.375		0.995609
491.5		0.995609
491.625		0.995609
491.75		0.995609
491.875		0.995609
492		0.995609
492.125		0.995609
492.25		0.995609
492.375		0.995609
492.5		0.995609
492.625		0.995609
492.75		0.995609
492.875		0.995609
493		0.995609
493.125		0.995609
493.25		0.995609
493.375		0.995609
493.5		0.995609
493.625		0.995609
493.75		0.995609
493.875		0.995609
494		0.995609
494.125		0.995609
494.25		0.995609
494.375		0.995609
494.5		0.995609
494.625		0.995609
494.75		0.995609
494.875		0.995609
495		0.995609
495.125		1
495.25		1
495.375		1
495.5		1
495.625		1
495.75		1
495.875		1
496		1
496.125		1
496.25		1
496.375		1
496.5		1
496.625		1
496.75		1
496.875		1
497		1
497.125		1
497.25		1
497.375		1
497.5		1
497.625		1
497.75		1
497.875		1
498		1
498.125		1
498.25		1
498.375		1
498.5		1
498.625		1
498.75		1
498.875		1
499		1
499.125		1
499.25		1
499.375		1
499.5		1
499.625		1
499.75		1
499.875		1
500		1
