# Calibration file of tamex_id 2 @ channel 3
# fine_T bin		 Calibration value
0.125		0
0.25		0
0.375		0
0.5		0
0.625		0
0.75		0
0.875		0
1		0
1.125		0
1.25		0
1.375		0
1.5		0
1.625		0
1.75		0
1.875		0
2		0
2.125		0
2.25		0
2.375		0
2.5		0
2.625		0
2.75		0
2.875		0
3		0
3.125		0
3.25		0
3.375		0
3.5		0
3.625		0
3.75		0
3.875		0
4		0
4.125		0
4.25		0
4.375		0
4.5		0
4.625		0
4.75		0
4.875		0
5		0
5.125		0
5.25		0
5.375		0
5.5		0
5.625		0
5.75		0
5.875		0
6		0
6.125		0
6.25		0
6.375		0
6.5		0
6.625		0
6.75		0
6.875		0
7		0
7.125		0
7.25		0
7.375		0
7.5		0
7.625		0
7.75		0
7.875		0
8		0
8.125		0
8.25		0
8.375		0
8.5		0
8.625		0
8.75		0
8.875		0
9		0
9.125		0
9.25		0
9.375		0
9.5		0
9.625		0
9.75		0
9.875		0
10		0
10.125		0
10.25		0
10.375		0
10.5		0
10.625		0
10.75		0
10.875		0
11		0
11.125		0
11.25		0
11.375		0
11.5		0
11.625		0
11.75		0
11.875		0
12		0
12.125		0
12.25		0
12.375		0
12.5		0
12.625		0
12.75		0
12.875		0
13		0
13.125		0
13.25		0
13.375		0
13.5		0
13.625		0
13.75		0
13.875		0
14		0
14.125		0
14.25		0
14.375		0
14.5		0
14.625		0
14.75		0
14.875		0
15		0
15.125		0
15.25		0
15.375		0
15.5		0
15.625		0
15.75		0
15.875		0
16		0
16.125		0
16.25		0
16.375		0
16.5		0
16.625		0
16.75		0
16.875		0
17		0
17.125		0
17.25		0
17.375		0
17.5		0
17.625		0
17.75		0
17.875		0
18		0
18.125		0
18.25		0
18.375		0
18.5		0
18.625		0
18.75		0
18.875		0
19		0
19.125		0
19.25		0
19.375		0
19.5		0
19.625		0
19.75		0
19.875		0
20		0
20.125		0
20.25		0
20.375		0
20.5		0
20.625		0
20.75		0
20.875		0
21		0
21.125		0
21.25		0
21.375		0
21.5		0
21.625		0
21.75		0
21.875		0
22		0
22.125		0
22.25		0
22.375		0
22.5		0
22.625		0
22.75		0
22.875		0
23		0
23.125		0
23.25		0
23.375		0
23.5		0
23.625		0
23.75		0
23.875		0
24		0
24.125		0
24.25		0
24.375		0
24.5		0
24.625		0
24.75		0
24.875		0
25		0
25.125		0
25.25		0
25.375		0
25.5		0
25.625		0
25.75		0
25.875		0
26		0
26.125		0
26.25		0
26.375		0
26.5		0
26.625		0
26.75		0
26.875		0
27		0
27.125		0
27.25		0
27.375		0
27.5		0
27.625		0
27.75		0
27.875		0
28		0
28.125		0
28.25		0
28.375		0
28.5		0
28.625		0
28.75		0
28.875		0
29		0
29.125		0
29.25		0
29.375		0
29.5		0
29.625		0
29.75		0
29.875		0
30		0
30.125		0
30.25		0
30.375		0
30.5		0
30.625		0
30.75		0
30.875		0
31		0
31.125		0
31.25		0
31.375		0
31.5		0
31.625		0
31.75		0
31.875		0
32		0
32.125		0
32.25		0
32.375		0
32.5		0
32.625		0
32.75		0
32.875		0
33		0
33.125		0
33.25		0
33.375		0
33.5		0
33.625		0
33.75		0
33.875		0
34		0
34.125		0
34.25		0
34.375		0
34.5		0
34.625		0
34.75		0
34.875		0
35		0
35.125		0
35.25		0
35.375		0
35.5		0
35.625		0
35.75		0
35.875		0
36		0
36.125		0
36.25		0
36.375		0
36.5		0
36.625		0
36.75		0
36.875		0
37		0
37.125		0
37.25		0
37.375		0
37.5		0
37.625		0
37.75		0
37.875		0
38		0
38.125		0
38.25		0
38.375		0
38.5		0
38.625		0
38.75		0
38.875		0
39		0
39.125		0
39.25		0
39.375		0
39.5		0
39.625		0
39.75		0
39.875		0
40		0
40.125		0
40.25		0
40.375		0
40.5		0
40.625		0
40.75		0
40.875		0
41		0
41.125		0
41.25		0
41.375		0
41.5		0
41.625		0
41.75		0
41.875		0
42		0
42.125		0
42.25		0
42.375		0
42.5		0
42.625		0
42.75		0
42.875		0
43		0
43.125		0
43.25		0
43.375		0
43.5		0
43.625		0
43.75		0
43.875		0
44		0
44.125		0
44.25		0
44.375		0
44.5		0
44.625		0
44.75		0
44.875		0
45		0
45.125		0
45.25		0
45.375		0
45.5		0
45.625		0
45.75		0
45.875		0
46		0
46.125		0
46.25		0
46.375		0
46.5		0
46.625		0
46.75		0
46.875		0
47		0
47.125		0
47.25		0
47.375		0
47.5		0
47.625		0
47.75		0
47.875		0
48		0
48.125		0
48.25		0
48.375		0
48.5		0
48.625		0
48.75		0
48.875		0
49		0
49.125		0
49.25		0
49.375		0
49.5		0
49.625		0
49.75		0
49.875		0
50		0
50.125		0
50.25		0
50.375		0
50.5		0
50.625		0
50.75		0
50.875		0
51		0
51.125		0
51.25		0
51.375		0
51.5		0
51.625		0
51.75		0
51.875		0
52		0
52.125		0
52.25		0
52.375		0
52.5		0
52.625		0
52.75		0
52.875		0
53		0
53.125		0
53.25		0
53.375		0
53.5		0
53.625		0
53.75		0
53.875		0
54		0
54.125		0
54.25		0
54.375		0
54.5		0
54.625		0
54.75		0
54.875		0
55		0
55.125		0
55.25		0
55.375		0
55.5		0
55.625		0
55.75		0
55.875		0
56		0
56.125		0
56.25		0
56.375		0
56.5		0
56.625		0
56.75		0
56.875		0
57		0
57.125		0
57.25		0
57.375		0
57.5		0
57.625		0
57.75		0
57.875		0
58		0
58.125		0
58.25		0
58.375		0
58.5		0
58.625		0
58.75		0
58.875		0
59		0
59.125		0
59.25		0
59.375		0
59.5		0
59.625		0
59.75		0
59.875		0
60		0
60.125		0
60.25		0
60.375		0
60.5		0
60.625		0
60.75		0
60.875		0
61		0
61.125		0
61.25		0
61.375		0
61.5		0
61.625		0
61.75		0
61.875		0
62		0
62.125		0
62.25		0
62.375		0
62.5		0
62.625		0
62.75		0
62.875		0
63		0
63.125		0
63.25		0
63.375		0
63.5		0
63.625		0
63.75		0
63.875		0
64		0
64.125		0
64.25		0
64.375		0
64.5		0
64.625		0
64.75		0
64.875		0
65		0
65.125		0
65.25		0
65.375		0
65.5		0
65.625		0
65.75		0
65.875		0
66		0
66.125		0
66.25		0
66.375		0
66.5		0
66.625		0
66.75		0
66.875		0
67		0
67.125		0
67.25		0
67.375		0
67.5		0
67.625		0
67.75		0
67.875		0
68		0
68.125		0
68.25		0
68.375		0
68.5		0
68.625		0
68.75		0
68.875		0
69		0
69.125		0
69.25		0
69.375		0
69.5		0
69.625		0
69.75		0
69.875		0
70		0
70.125		0
70.25		0
70.375		0
70.5		0
70.625		0
70.75		0
70.875		0
71		0
71.125		0
71.25		0
71.375		0
71.5		0
71.625		0
71.75		0
71.875		0
72		0
72.125		0
72.25		0
72.375		0
72.5		0
72.625		0
72.75		0
72.875		0
73		0
73.125		0
73.25		0
73.375		0
73.5		0
73.625		0
73.75		0
73.875		0
74		0
74.125		0
74.25		0
74.375		0
74.5		0
74.625		0
74.75		0
74.875		0
75		0
75.125		0
75.25		0
75.375		0
75.5		0
75.625		0
75.75		0
75.875		0
76		0
76.125		0
76.25		0
76.375		0
76.5		0
76.625		0
76.75		0
76.875		0
77		0
77.125		0
77.25		0
77.375		0
77.5		0
77.625		0
77.75		0
77.875		0
78		0
78.125		0
78.25		0
78.375		0
78.5		0
78.625		0
78.75		0
78.875		0
79		0
79.125		0
79.25		0
79.375		0
79.5		0
79.625		0
79.75		0
79.875		0
80		0
80.125		0.0358491
80.25		0.0358491
80.375		0.0358491
80.5		0.0358491
80.625		0.0358491
80.75		0.0358491
80.875		0.0358491
81		0.0358491
81.125		0.0358491
81.25		0.0358491
81.375		0.0358491
81.5		0.0358491
81.625		0.0358491
81.75		0.0358491
81.875		0.0358491
82		0.0358491
82.125		0.0358491
82.25		0.0358491
82.375		0.0358491
82.5		0.0358491
82.625		0.0358491
82.75		0.0358491
82.875		0.0358491
83		0.0358491
83.125		0.0358491
83.25		0.0358491
83.375		0.0358491
83.5		0.0358491
83.625		0.0358491
83.75		0.0358491
83.875		0.0358491
84		0.0358491
84.125		0.0358491
84.25		0.0358491
84.375		0.0358491
84.5		0.0358491
84.625		0.0358491
84.75		0.0358491
84.875		0.0358491
85		0.0358491
85.125		0.0396226
85.25		0.0396226
85.375		0.0396226
85.5		0.0396226
85.625		0.0396226
85.75		0.0396226
85.875		0.0396226
86		0.0396226
86.125		0.0396226
86.25		0.0396226
86.375		0.0396226
86.5		0.0396226
86.625		0.0396226
86.75		0.0396226
86.875		0.0396226
87		0.0396226
87.125		0.0396226
87.25		0.0396226
87.375		0.0396226
87.5		0.0396226
87.625		0.0396226
87.75		0.0396226
87.875		0.0396226
88		0.0396226
88.125		0.0396226
88.25		0.0396226
88.375		0.0396226
88.5		0.0396226
88.625		0.0396226
88.75		0.0396226
88.875		0.0396226
89		0.0396226
89.125		0.0396226
89.25		0.0396226
89.375		0.0396226
89.5		0.0396226
89.625		0.0396226
89.75		0.0396226
89.875		0.0396226
90		0.0396226
90.125		0.0433962
90.25		0.0433962
90.375		0.0433962
90.5		0.0433962
90.625		0.0433962
90.75		0.0433962
90.875		0.0433962
91		0.0433962
91.125		0.0433962
91.25		0.0433962
91.375		0.0433962
91.5		0.0433962
91.625		0.0433962
91.75		0.0433962
91.875		0.0433962
92		0.0433962
92.125		0.0433962
92.25		0.0433962
92.375		0.0433962
92.5		0.0433962
92.625		0.0433962
92.75		0.0433962
92.875		0.0433962
93		0.0433962
93.125		0.0433962
93.25		0.0433962
93.375		0.0433962
93.5		0.0433962
93.625		0.0433962
93.75		0.0433962
93.875		0.0433962
94		0.0433962
94.125		0.0433962
94.25		0.0433962
94.375		0.0433962
94.5		0.0433962
94.625		0.0433962
94.75		0.0433962
94.875		0.0433962
95		0.0433962
95.125		0.0811321
95.25		0.0811321
95.375		0.0811321
95.5		0.0811321
95.625		0.0811321
95.75		0.0811321
95.875		0.0811321
96		0.0811321
96.125		0.0811321
96.25		0.0811321
96.375		0.0811321
96.5		0.0811321
96.625		0.0811321
96.75		0.0811321
96.875		0.0811321
97		0.0811321
97.125		0.0811321
97.25		0.0811321
97.375		0.0811321
97.5		0.0811321
97.625		0.0811321
97.75		0.0811321
97.875		0.0811321
98		0.0811321
98.125		0.0811321
98.25		0.0811321
98.375		0.0811321
98.5		0.0811321
98.625		0.0811321
98.75		0.0811321
98.875		0.0811321
99		0.0811321
99.125		0.0811321
99.25		0.0811321
99.375		0.0811321
99.5		0.0811321
99.625		0.0811321
99.75		0.0811321
99.875		0.0811321
100		0.0811321
100.125		0.1
100.25		0.1
100.375		0.1
100.5		0.1
100.625		0.1
100.75		0.1
100.875		0.1
101		0.1
101.125		0.1
101.25		0.1
101.375		0.1
101.5		0.1
101.625		0.1
101.75		0.1
101.875		0.1
102		0.1
102.125		0.1
102.25		0.1
102.375		0.1
102.5		0.1
102.625		0.1
102.75		0.1
102.875		0.1
103		0.1
103.125		0.1
103.25		0.1
103.375		0.1
103.5		0.1
103.625		0.1
103.75		0.1
103.875		0.1
104		0.1
104.125		0.1
104.25		0.1
104.375		0.1
104.5		0.1
104.625		0.1
104.75		0.1
104.875		0.1
105		0.1
105.125		0.115094
105.25		0.115094
105.375		0.115094
105.5		0.115094
105.625		0.115094
105.75		0.115094
105.875		0.115094
106		0.115094
106.125		0.115094
106.25		0.115094
106.375		0.115094
106.5		0.115094
106.625		0.115094
106.75		0.115094
106.875		0.115094
107		0.115094
107.125		0.115094
107.25		0.115094
107.375		0.115094
107.5		0.115094
107.625		0.115094
107.75		0.115094
107.875		0.115094
108		0.115094
108.125		0.115094
108.25		0.115094
108.375		0.115094
108.5		0.115094
108.625		0.115094
108.75		0.115094
108.875		0.115094
109		0.115094
109.125		0.115094
109.25		0.115094
109.375		0.115094
109.5		0.115094
109.625		0.115094
109.75		0.115094
109.875		0.115094
110		0.115094
110.125		0.126415
110.25		0.126415
110.375		0.126415
110.5		0.126415
110.625		0.126415
110.75		0.126415
110.875		0.126415
111		0.126415
111.125		0.126415
111.25		0.126415
111.375		0.126415
111.5		0.126415
111.625		0.126415
111.75		0.126415
111.875		0.126415
112		0.126415
112.125		0.126415
112.25		0.126415
112.375		0.126415
112.5		0.126415
112.625		0.126415
112.75		0.126415
112.875		0.126415
113		0.126415
113.125		0.126415
113.25		0.126415
113.375		0.126415
113.5		0.126415
113.625		0.126415
113.75		0.126415
113.875		0.126415
114		0.126415
114.125		0.126415
114.25		0.126415
114.375		0.126415
114.5		0.126415
114.625		0.126415
114.75		0.126415
114.875		0.126415
115		0.126415
115.125		0.135849
115.25		0.135849
115.375		0.135849
115.5		0.135849
115.625		0.135849
115.75		0.135849
115.875		0.135849
116		0.135849
116.125		0.135849
116.25		0.135849
116.375		0.135849
116.5		0.135849
116.625		0.135849
116.75		0.135849
116.875		0.135849
117		0.135849
117.125		0.135849
117.25		0.135849
117.375		0.135849
117.5		0.135849
117.625		0.135849
117.75		0.135849
117.875		0.135849
118		0.135849
118.125		0.135849
118.25		0.135849
118.375		0.135849
118.5		0.135849
118.625		0.135849
118.75		0.135849
118.875		0.135849
119		0.135849
119.125		0.135849
119.25		0.135849
119.375		0.135849
119.5		0.135849
119.625		0.135849
119.75		0.135849
119.875		0.135849
120		0.135849
120.125		0.156604
120.25		0.156604
120.375		0.156604
120.5		0.156604
120.625		0.156604
120.75		0.156604
120.875		0.156604
121		0.156604
121.125		0.156604
121.25		0.156604
121.375		0.156604
121.5		0.156604
121.625		0.156604
121.75		0.156604
121.875		0.156604
122		0.156604
122.125		0.156604
122.25		0.156604
122.375		0.156604
122.5		0.156604
122.625		0.156604
122.75		0.156604
122.875		0.156604
123		0.156604
123.125		0.156604
123.25		0.156604
123.375		0.156604
123.5		0.156604
123.625		0.156604
123.75		0.156604
123.875		0.156604
124		0.156604
124.125		0.156604
124.25		0.156604
124.375		0.156604
124.5		0.156604
124.625		0.156604
124.75		0.156604
124.875		0.156604
125		0.156604
125.125		0.164151
125.25		0.164151
125.375		0.164151
125.5		0.164151
125.625		0.164151
125.75		0.164151
125.875		0.164151
126		0.164151
126.125		0.164151
126.25		0.164151
126.375		0.164151
126.5		0.164151
126.625		0.164151
126.75		0.164151
126.875		0.164151
127		0.164151
127.125		0.164151
127.25		0.164151
127.375		0.164151
127.5		0.164151
127.625		0.164151
127.75		0.164151
127.875		0.164151
128		0.164151
128.125		0.164151
128.25		0.164151
128.375		0.164151
128.5		0.164151
128.625		0.164151
128.75		0.164151
128.875		0.164151
129		0.164151
129.125		0.164151
129.25		0.164151
129.375		0.164151
129.5		0.164151
129.625		0.164151
129.75		0.164151
129.875		0.164151
130		0.164151
130.125		0.166038
130.25		0.166038
130.375		0.166038
130.5		0.166038
130.625		0.166038
130.75		0.166038
130.875		0.166038
131		0.166038
131.125		0.166038
131.25		0.166038
131.375		0.166038
131.5		0.166038
131.625		0.166038
131.75		0.166038
131.875		0.166038
132		0.166038
132.125		0.166038
132.25		0.166038
132.375		0.166038
132.5		0.166038
132.625		0.166038
132.75		0.166038
132.875		0.166038
133		0.166038
133.125		0.166038
133.25		0.166038
133.375		0.166038
133.5		0.166038
133.625		0.166038
133.75		0.166038
133.875		0.166038
134		0.166038
134.125		0.166038
134.25		0.166038
134.375		0.166038
134.5		0.166038
134.625		0.166038
134.75		0.166038
134.875		0.166038
135		0.166038
135.125		0.192453
135.25		0.192453
135.375		0.192453
135.5		0.192453
135.625		0.192453
135.75		0.192453
135.875		0.192453
136		0.192453
136.125		0.192453
136.25		0.192453
136.375		0.192453
136.5		0.192453
136.625		0.192453
136.75		0.192453
136.875		0.192453
137		0.192453
137.125		0.192453
137.25		0.192453
137.375		0.192453
137.5		0.192453
137.625		0.192453
137.75		0.192453
137.875		0.192453
138		0.192453
138.125		0.192453
138.25		0.192453
138.375		0.192453
138.5		0.192453
138.625		0.192453
138.75		0.192453
138.875		0.192453
139		0.192453
139.125		0.192453
139.25		0.192453
139.375		0.192453
139.5		0.192453
139.625		0.192453
139.75		0.192453
139.875		0.192453
140		0.192453
140.125		0.203774
140.25		0.203774
140.375		0.203774
140.5		0.203774
140.625		0.203774
140.75		0.203774
140.875		0.203774
141		0.203774
141.125		0.203774
141.25		0.203774
141.375		0.203774
141.5		0.203774
141.625		0.203774
141.75		0.203774
141.875		0.203774
142		0.203774
142.125		0.203774
142.25		0.203774
142.375		0.203774
142.5		0.203774
142.625		0.203774
142.75		0.203774
142.875		0.203774
143		0.203774
143.125		0.203774
143.25		0.203774
143.375		0.203774
143.5		0.203774
143.625		0.203774
143.75		0.203774
143.875		0.203774
144		0.203774
144.125		0.203774
144.25		0.203774
144.375		0.203774
144.5		0.203774
144.625		0.203774
144.75		0.203774
144.875		0.203774
145		0.203774
145.125		0.218868
145.25		0.218868
145.375		0.218868
145.5		0.218868
145.625		0.218868
145.75		0.218868
145.875		0.218868
146		0.218868
146.125		0.218868
146.25		0.218868
146.375		0.218868
146.5		0.218868
146.625		0.218868
146.75		0.218868
146.875		0.218868
147		0.218868
147.125		0.218868
147.25		0.218868
147.375		0.218868
147.5		0.218868
147.625		0.218868
147.75		0.218868
147.875		0.218868
148		0.218868
148.125		0.218868
148.25		0.218868
148.375		0.218868
148.5		0.218868
148.625		0.218868
148.75		0.218868
148.875		0.218868
149		0.218868
149.125		0.218868
149.25		0.218868
149.375		0.218868
149.5		0.218868
149.625		0.218868
149.75		0.218868
149.875		0.218868
150		0.218868
150.125		0.232075
150.25		0.232075
150.375		0.232075
150.5		0.232075
150.625		0.232075
150.75		0.232075
150.875		0.232075
151		0.232075
151.125		0.232075
151.25		0.232075
151.375		0.232075
151.5		0.232075
151.625		0.232075
151.75		0.232075
151.875		0.232075
152		0.232075
152.125		0.232075
152.25		0.232075
152.375		0.232075
152.5		0.232075
152.625		0.232075
152.75		0.232075
152.875		0.232075
153		0.232075
153.125		0.232075
153.25		0.232075
153.375		0.232075
153.5		0.232075
153.625		0.232075
153.75		0.232075
153.875		0.232075
154		0.232075
154.125		0.232075
154.25		0.232075
154.375		0.232075
154.5		0.232075
154.625		0.232075
154.75		0.232075
154.875		0.232075
155		0.232075
155.125		0.235849
155.25		0.235849
155.375		0.235849
155.5		0.235849
155.625		0.235849
155.75		0.235849
155.875		0.235849
156		0.235849
156.125		0.235849
156.25		0.235849
156.375		0.235849
156.5		0.235849
156.625		0.235849
156.75		0.235849
156.875		0.235849
157		0.235849
157.125		0.235849
157.25		0.235849
157.375		0.235849
157.5		0.235849
157.625		0.235849
157.75		0.235849
157.875		0.235849
158		0.235849
158.125		0.235849
158.25		0.235849
158.375		0.235849
158.5		0.235849
158.625		0.235849
158.75		0.235849
158.875		0.235849
159		0.235849
159.125		0.235849
159.25		0.235849
159.375		0.235849
159.5		0.235849
159.625		0.235849
159.75		0.235849
159.875		0.235849
160		0.235849
160.125		0.237736
160.25		0.237736
160.375		0.237736
160.5		0.237736
160.625		0.237736
160.75		0.237736
160.875		0.237736
161		0.237736
161.125		0.237736
161.25		0.237736
161.375		0.237736
161.5		0.237736
161.625		0.237736
161.75		0.237736
161.875		0.237736
162		0.237736
162.125		0.237736
162.25		0.237736
162.375		0.237736
162.5		0.237736
162.625		0.237736
162.75		0.237736
162.875		0.237736
163		0.237736
163.125		0.237736
163.25		0.237736
163.375		0.237736
163.5		0.237736
163.625		0.237736
163.75		0.237736
163.875		0.237736
164		0.237736
164.125		0.237736
164.25		0.237736
164.375		0.237736
164.5		0.237736
164.625		0.237736
164.75		0.237736
164.875		0.237736
165		0.237736
165.125		0.250943
165.25		0.250943
165.375		0.250943
165.5		0.250943
165.625		0.250943
165.75		0.250943
165.875		0.250943
166		0.250943
166.125		0.250943
166.25		0.250943
166.375		0.250943
166.5		0.250943
166.625		0.250943
166.75		0.250943
166.875		0.250943
167		0.250943
167.125		0.250943
167.25		0.250943
167.375		0.250943
167.5		0.250943
167.625		0.250943
167.75		0.250943
167.875		0.250943
168		0.250943
168.125		0.250943
168.25		0.250943
168.375		0.250943
168.5		0.250943
168.625		0.250943
168.75		0.250943
168.875		0.250943
169		0.250943
169.125		0.250943
169.25		0.250943
169.375		0.250943
169.5		0.250943
169.625		0.250943
169.75		0.250943
169.875		0.250943
170		0.250943
170.125		0.273585
170.25		0.273585
170.375		0.273585
170.5		0.273585
170.625		0.273585
170.75		0.273585
170.875		0.273585
171		0.273585
171.125		0.273585
171.25		0.273585
171.375		0.273585
171.5		0.273585
171.625		0.273585
171.75		0.273585
171.875		0.273585
172		0.273585
172.125		0.273585
172.25		0.273585
172.375		0.273585
172.5		0.273585
172.625		0.273585
172.75		0.273585
172.875		0.273585
173		0.273585
173.125		0.273585
173.25		0.273585
173.375		0.273585
173.5		0.273585
173.625		0.273585
173.75		0.273585
173.875		0.273585
174		0.273585
174.125		0.273585
174.25		0.273585
174.375		0.273585
174.5		0.273585
174.625		0.273585
174.75		0.273585
174.875		0.273585
175		0.273585
175.125		0.273585
175.25		0.273585
175.375		0.273585
175.5		0.273585
175.625		0.273585
175.75		0.273585
175.875		0.273585
176		0.273585
176.125		0.273585
176.25		0.273585
176.375		0.273585
176.5		0.273585
176.625		0.273585
176.75		0.273585
176.875		0.273585
177		0.273585
177.125		0.273585
177.25		0.273585
177.375		0.273585
177.5		0.273585
177.625		0.273585
177.75		0.273585
177.875		0.273585
178		0.273585
178.125		0.273585
178.25		0.273585
178.375		0.273585
178.5		0.273585
178.625		0.273585
178.75		0.273585
178.875		0.273585
179		0.273585
179.125		0.273585
179.25		0.273585
179.375		0.273585
179.5		0.273585
179.625		0.273585
179.75		0.273585
179.875		0.273585
180		0.273585
180.125		0.281132
180.25		0.281132
180.375		0.281132
180.5		0.281132
180.625		0.281132
180.75		0.281132
180.875		0.281132
181		0.281132
181.125		0.281132
181.25		0.281132
181.375		0.281132
181.5		0.281132
181.625		0.281132
181.75		0.281132
181.875		0.281132
182		0.281132
182.125		0.281132
182.25		0.281132
182.375		0.281132
182.5		0.281132
182.625		0.281132
182.75		0.281132
182.875		0.281132
183		0.281132
183.125		0.281132
183.25		0.281132
183.375		0.281132
183.5		0.281132
183.625		0.281132
183.75		0.281132
183.875		0.281132
184		0.281132
184.125		0.281132
184.25		0.281132
184.375		0.281132
184.5		0.281132
184.625		0.281132
184.75		0.281132
184.875		0.281132
185		0.281132
185.125		0.288679
185.25		0.288679
185.375		0.288679
185.5		0.288679
185.625		0.288679
185.75		0.288679
185.875		0.288679
186		0.288679
186.125		0.288679
186.25		0.288679
186.375		0.288679
186.5		0.288679
186.625		0.288679
186.75		0.288679
186.875		0.288679
187		0.288679
187.125		0.288679
187.25		0.288679
187.375		0.288679
187.5		0.288679
187.625		0.288679
187.75		0.288679
187.875		0.288679
188		0.288679
188.125		0.288679
188.25		0.288679
188.375		0.288679
188.5		0.288679
188.625		0.288679
188.75		0.288679
188.875		0.288679
189		0.288679
189.125		0.288679
189.25		0.288679
189.375		0.288679
189.5		0.288679
189.625		0.288679
189.75		0.288679
189.875		0.288679
190		0.288679
190.125		0.288679
190.25		0.288679
190.375		0.288679
190.5		0.288679
190.625		0.288679
190.75		0.288679
190.875		0.288679
191		0.288679
191.125		0.288679
191.25		0.288679
191.375		0.288679
191.5		0.288679
191.625		0.288679
191.75		0.288679
191.875		0.288679
192		0.288679
192.125		0.288679
192.25		0.288679
192.375		0.288679
192.5		0.288679
192.625		0.288679
192.75		0.288679
192.875		0.288679
193		0.288679
193.125		0.288679
193.25		0.288679
193.375		0.288679
193.5		0.288679
193.625		0.288679
193.75		0.288679
193.875		0.288679
194		0.288679
194.125		0.288679
194.25		0.288679
194.375		0.288679
194.5		0.288679
194.625		0.288679
194.75		0.288679
194.875		0.288679
195		0.288679
195.125		0.29434
195.25		0.29434
195.375		0.29434
195.5		0.29434
195.625		0.29434
195.75		0.29434
195.875		0.29434
196		0.29434
196.125		0.29434
196.25		0.29434
196.375		0.29434
196.5		0.29434
196.625		0.29434
196.75		0.29434
196.875		0.29434
197		0.29434
197.125		0.29434
197.25		0.29434
197.375		0.29434
197.5		0.29434
197.625		0.29434
197.75		0.29434
197.875		0.29434
198		0.29434
198.125		0.29434
198.25		0.29434
198.375		0.29434
198.5		0.29434
198.625		0.29434
198.75		0.29434
198.875		0.29434
199		0.29434
199.125		0.29434
199.25		0.29434
199.375		0.29434
199.5		0.29434
199.625		0.29434
199.75		0.29434
199.875		0.29434
200		0.29434
200.125		0.333962
200.25		0.333962
200.375		0.333962
200.5		0.333962
200.625		0.333962
200.75		0.333962
200.875		0.333962
201		0.333962
201.125		0.333962
201.25		0.333962
201.375		0.333962
201.5		0.333962
201.625		0.333962
201.75		0.333962
201.875		0.333962
202		0.333962
202.125		0.333962
202.25		0.333962
202.375		0.333962
202.5		0.333962
202.625		0.333962
202.75		0.333962
202.875		0.333962
203		0.333962
203.125		0.333962
203.25		0.333962
203.375		0.333962
203.5		0.333962
203.625		0.333962
203.75		0.333962
203.875		0.333962
204		0.333962
204.125		0.333962
204.25		0.333962
204.375		0.333962
204.5		0.333962
204.625		0.333962
204.75		0.333962
204.875		0.333962
205		0.333962
205.125		0.335849
205.25		0.335849
205.375		0.335849
205.5		0.335849
205.625		0.335849
205.75		0.335849
205.875		0.335849
206		0.335849
206.125		0.335849
206.25		0.335849
206.375		0.335849
206.5		0.335849
206.625		0.335849
206.75		0.335849
206.875		0.335849
207		0.335849
207.125		0.335849
207.25		0.335849
207.375		0.335849
207.5		0.335849
207.625		0.335849
207.75		0.335849
207.875		0.335849
208		0.335849
208.125		0.335849
208.25		0.335849
208.375		0.335849
208.5		0.335849
208.625		0.335849
208.75		0.335849
208.875		0.335849
209		0.335849
209.125		0.335849
209.25		0.335849
209.375		0.335849
209.5		0.335849
209.625		0.335849
209.75		0.335849
209.875		0.335849
210		0.335849
210.125		0.345283
210.25		0.345283
210.375		0.345283
210.5		0.345283
210.625		0.345283
210.75		0.345283
210.875		0.345283
211		0.345283
211.125		0.345283
211.25		0.345283
211.375		0.345283
211.5		0.345283
211.625		0.345283
211.75		0.345283
211.875		0.345283
212		0.345283
212.125		0.345283
212.25		0.345283
212.375		0.345283
212.5		0.345283
212.625		0.345283
212.75		0.345283
212.875		0.345283
213		0.345283
213.125		0.345283
213.25		0.345283
213.375		0.345283
213.5		0.345283
213.625		0.345283
213.75		0.345283
213.875		0.345283
214		0.345283
214.125		0.345283
214.25		0.345283
214.375		0.345283
214.5		0.345283
214.625		0.345283
214.75		0.345283
214.875		0.345283
215		0.345283
215.125		0.364151
215.25		0.364151
215.375		0.364151
215.5		0.364151
215.625		0.364151
215.75		0.364151
215.875		0.364151
216		0.364151
216.125		0.364151
216.25		0.364151
216.375		0.364151
216.5		0.364151
216.625		0.364151
216.75		0.364151
216.875		0.364151
217		0.364151
217.125		0.364151
217.25		0.364151
217.375		0.364151
217.5		0.364151
217.625		0.364151
217.75		0.364151
217.875		0.364151
218		0.364151
218.125		0.364151
218.25		0.364151
218.375		0.364151
218.5		0.364151
218.625		0.364151
218.75		0.364151
218.875		0.364151
219		0.364151
219.125		0.364151
219.25		0.364151
219.375		0.364151
219.5		0.364151
219.625		0.364151
219.75		0.364151
219.875		0.364151
220		0.364151
220.125		0.364151
220.25		0.364151
220.375		0.364151
220.5		0.364151
220.625		0.364151
220.75		0.364151
220.875		0.364151
221		0.364151
221.125		0.364151
221.25		0.364151
221.375		0.364151
221.5		0.364151
221.625		0.364151
221.75		0.364151
221.875		0.364151
222		0.364151
222.125		0.364151
222.25		0.364151
222.375		0.364151
222.5		0.364151
222.625		0.364151
222.75		0.364151
222.875		0.364151
223		0.364151
223.125		0.364151
223.25		0.364151
223.375		0.364151
223.5		0.364151
223.625		0.364151
223.75		0.364151
223.875		0.364151
224		0.364151
224.125		0.364151
224.25		0.364151
224.375		0.364151
224.5		0.364151
224.625		0.364151
224.75		0.364151
224.875		0.364151
225		0.364151
225.125		0.383019
225.25		0.383019
225.375		0.383019
225.5		0.383019
225.625		0.383019
225.75		0.383019
225.875		0.383019
226		0.383019
226.125		0.383019
226.25		0.383019
226.375		0.383019
226.5		0.383019
226.625		0.383019
226.75		0.383019
226.875		0.383019
227		0.383019
227.125		0.383019
227.25		0.383019
227.375		0.383019
227.5		0.383019
227.625		0.383019
227.75		0.383019
227.875		0.383019
228		0.383019
228.125		0.383019
228.25		0.383019
228.375		0.383019
228.5		0.383019
228.625		0.383019
228.75		0.383019
228.875		0.383019
229		0.383019
229.125		0.383019
229.25		0.383019
229.375		0.383019
229.5		0.383019
229.625		0.383019
229.75		0.383019
229.875		0.383019
230		0.383019
230.125		0.407547
230.25		0.407547
230.375		0.407547
230.5		0.407547
230.625		0.407547
230.75		0.407547
230.875		0.407547
231		0.407547
231.125		0.407547
231.25		0.407547
231.375		0.407547
231.5		0.407547
231.625		0.407547
231.75		0.407547
231.875		0.407547
232		0.407547
232.125		0.407547
232.25		0.407547
232.375		0.407547
232.5		0.407547
232.625		0.407547
232.75		0.407547
232.875		0.407547
233		0.407547
233.125		0.407547
233.25		0.407547
233.375		0.407547
233.5		0.407547
233.625		0.407547
233.75		0.407547
233.875		0.407547
234		0.407547
234.125		0.407547
234.25		0.407547
234.375		0.407547
234.5		0.407547
234.625		0.407547
234.75		0.407547
234.875		0.407547
235		0.407547
235.125		0.409434
235.25		0.409434
235.375		0.409434
235.5		0.409434
235.625		0.409434
235.75		0.409434
235.875		0.409434
236		0.409434
236.125		0.409434
236.25		0.409434
236.375		0.409434
236.5		0.409434
236.625		0.409434
236.75		0.409434
236.875		0.409434
237		0.409434
237.125		0.409434
237.25		0.409434
237.375		0.409434
237.5		0.409434
237.625		0.409434
237.75		0.409434
237.875		0.409434
238		0.409434
238.125		0.409434
238.25		0.409434
238.375		0.409434
238.5		0.409434
238.625		0.409434
238.75		0.409434
238.875		0.409434
239		0.409434
239.125		0.409434
239.25		0.409434
239.375		0.409434
239.5		0.409434
239.625		0.409434
239.75		0.409434
239.875		0.409434
240		0.409434
240.125		0.409434
240.25		0.409434
240.375		0.409434
240.5		0.409434
240.625		0.409434
240.75		0.409434
240.875		0.409434
241		0.409434
241.125		0.409434
241.25		0.409434
241.375		0.409434
241.5		0.409434
241.625		0.409434
241.75		0.409434
241.875		0.409434
242		0.409434
242.125		0.409434
242.25		0.409434
242.375		0.409434
242.5		0.409434
242.625		0.409434
242.75		0.409434
242.875		0.409434
243		0.409434
243.125		0.409434
243.25		0.409434
243.375		0.409434
243.5		0.409434
243.625		0.409434
243.75		0.409434
243.875		0.409434
244		0.409434
244.125		0.409434
244.25		0.409434
244.375		0.409434
244.5		0.409434
244.625		0.409434
244.75		0.409434
244.875		0.409434
245		0.409434
245.125		0.424528
245.25		0.424528
245.375		0.424528
245.5		0.424528
245.625		0.424528
245.75		0.424528
245.875		0.424528
246		0.424528
246.125		0.424528
246.25		0.424528
246.375		0.424528
246.5		0.424528
246.625		0.424528
246.75		0.424528
246.875		0.424528
247		0.424528
247.125		0.424528
247.25		0.424528
247.375		0.424528
247.5		0.424528
247.625		0.424528
247.75		0.424528
247.875		0.424528
248		0.424528
248.125		0.424528
248.25		0.424528
248.375		0.424528
248.5		0.424528
248.625		0.424528
248.75		0.424528
248.875		0.424528
249		0.424528
249.125		0.424528
249.25		0.424528
249.375		0.424528
249.5		0.424528
249.625		0.424528
249.75		0.424528
249.875		0.424528
250		0.424528
250.125		0.428302
250.25		0.428302
250.375		0.428302
250.5		0.428302
250.625		0.428302
250.75		0.428302
250.875		0.428302
251		0.428302
251.125		0.428302
251.25		0.428302
251.375		0.428302
251.5		0.428302
251.625		0.428302
251.75		0.428302
251.875		0.428302
252		0.428302
252.125		0.428302
252.25		0.428302
252.375		0.428302
252.5		0.428302
252.625		0.428302
252.75		0.428302
252.875		0.428302
253		0.428302
253.125		0.428302
253.25		0.428302
253.375		0.428302
253.5		0.428302
253.625		0.428302
253.75		0.428302
253.875		0.428302
254		0.428302
254.125		0.428302
254.25		0.428302
254.375		0.428302
254.5		0.428302
254.625		0.428302
254.75		0.428302
254.875		0.428302
255		0.428302
255.125		0.449057
255.25		0.449057
255.375		0.449057
255.5		0.449057
255.625		0.449057
255.75		0.449057
255.875		0.449057
256		0.449057
256.125		0.449057
256.25		0.449057
256.375		0.449057
256.5		0.449057
256.625		0.449057
256.75		0.449057
256.875		0.449057
257		0.449057
257.125		0.449057
257.25		0.449057
257.375		0.449057
257.5		0.449057
257.625		0.449057
257.75		0.449057
257.875		0.449057
258		0.449057
258.125		0.449057
258.25		0.449057
258.375		0.449057
258.5		0.449057
258.625		0.449057
258.75		0.449057
258.875		0.449057
259		0.449057
259.125		0.449057
259.25		0.449057
259.375		0.449057
259.5		0.449057
259.625		0.449057
259.75		0.449057
259.875		0.449057
260		0.449057
260.125		0.462264
260.25		0.462264
260.375		0.462264
260.5		0.462264
260.625		0.462264
260.75		0.462264
260.875		0.462264
261		0.462264
261.125		0.462264
261.25		0.462264
261.375		0.462264
261.5		0.462264
261.625		0.462264
261.75		0.462264
261.875		0.462264
262		0.462264
262.125		0.462264
262.25		0.462264
262.375		0.462264
262.5		0.462264
262.625		0.462264
262.75		0.462264
262.875		0.462264
263		0.462264
263.125		0.462264
263.25		0.462264
263.375		0.462264
263.5		0.462264
263.625		0.462264
263.75		0.462264
263.875		0.462264
264		0.462264
264.125		0.462264
264.25		0.462264
264.375		0.462264
264.5		0.462264
264.625		0.462264
264.75		0.462264
264.875		0.462264
265		0.462264
265.125		0.469811
265.25		0.469811
265.375		0.469811
265.5		0.469811
265.625		0.469811
265.75		0.469811
265.875		0.469811
266		0.469811
266.125		0.469811
266.25		0.469811
266.375		0.469811
266.5		0.469811
266.625		0.469811
266.75		0.469811
266.875		0.469811
267		0.469811
267.125		0.469811
267.25		0.469811
267.375		0.469811
267.5		0.469811
267.625		0.469811
267.75		0.469811
267.875		0.469811
268		0.469811
268.125		0.469811
268.25		0.469811
268.375		0.469811
268.5		0.469811
268.625		0.469811
268.75		0.469811
268.875		0.469811
269		0.469811
269.125		0.469811
269.25		0.469811
269.375		0.469811
269.5		0.469811
269.625		0.469811
269.75		0.469811
269.875		0.469811
270		0.469811
270.125		0.471698
270.25		0.471698
270.375		0.471698
270.5		0.471698
270.625		0.471698
270.75		0.471698
270.875		0.471698
271		0.471698
271.125		0.471698
271.25		0.471698
271.375		0.471698
271.5		0.471698
271.625		0.471698
271.75		0.471698
271.875		0.471698
272		0.471698
272.125		0.471698
272.25		0.471698
272.375		0.471698
272.5		0.471698
272.625		0.471698
272.75		0.471698
272.875		0.471698
273		0.471698
273.125		0.471698
273.25		0.471698
273.375		0.471698
273.5		0.471698
273.625		0.471698
273.75		0.471698
273.875		0.471698
274		0.471698
274.125		0.471698
274.25		0.471698
274.375		0.471698
274.5		0.471698
274.625		0.471698
274.75		0.471698
274.875		0.471698
275		0.471698
275.125		0.481132
275.25		0.481132
275.375		0.481132
275.5		0.481132
275.625		0.481132
275.75		0.481132
275.875		0.481132
276		0.481132
276.125		0.481132
276.25		0.481132
276.375		0.481132
276.5		0.481132
276.625		0.481132
276.75		0.481132
276.875		0.481132
277		0.481132
277.125		0.481132
277.25		0.481132
277.375		0.481132
277.5		0.481132
277.625		0.481132
277.75		0.481132
277.875		0.481132
278		0.481132
278.125		0.481132
278.25		0.481132
278.375		0.481132
278.5		0.481132
278.625		0.481132
278.75		0.481132
278.875		0.481132
279		0.481132
279.125		0.481132
279.25		0.481132
279.375		0.481132
279.5		0.481132
279.625		0.481132
279.75		0.481132
279.875		0.481132
280		0.481132
280.125		0.496226
280.25		0.496226
280.375		0.496226
280.5		0.496226
280.625		0.496226
280.75		0.496226
280.875		0.496226
281		0.496226
281.125		0.496226
281.25		0.496226
281.375		0.496226
281.5		0.496226
281.625		0.496226
281.75		0.496226
281.875		0.496226
282		0.496226
282.125		0.496226
282.25		0.496226
282.375		0.496226
282.5		0.496226
282.625		0.496226
282.75		0.496226
282.875		0.496226
283		0.496226
283.125		0.496226
283.25		0.496226
283.375		0.496226
283.5		0.496226
283.625		0.496226
283.75		0.496226
283.875		0.496226
284		0.496226
284.125		0.496226
284.25		0.496226
284.375		0.496226
284.5		0.496226
284.625		0.496226
284.75		0.496226
284.875		0.496226
285		0.496226
285.125		0.509434
285.25		0.509434
285.375		0.509434
285.5		0.509434
285.625		0.509434
285.75		0.509434
285.875		0.509434
286		0.509434
286.125		0.509434
286.25		0.509434
286.375		0.509434
286.5		0.509434
286.625		0.509434
286.75		0.509434
286.875		0.509434
287		0.509434
287.125		0.509434
287.25		0.509434
287.375		0.509434
287.5		0.509434
287.625		0.509434
287.75		0.509434
287.875		0.509434
288		0.509434
288.125		0.509434
288.25		0.509434
288.375		0.509434
288.5		0.509434
288.625		0.509434
288.75		0.509434
288.875		0.509434
289		0.509434
289.125		0.509434
289.25		0.509434
289.375		0.509434
289.5		0.509434
289.625		0.509434
289.75		0.509434
289.875		0.509434
290		0.509434
290.125		0.513208
290.25		0.513208
290.375		0.513208
290.5		0.513208
290.625		0.513208
290.75		0.513208
290.875		0.513208
291		0.513208
291.125		0.513208
291.25		0.513208
291.375		0.513208
291.5		0.513208
291.625		0.513208
291.75		0.513208
291.875		0.513208
292		0.513208
292.125		0.513208
292.25		0.513208
292.375		0.513208
292.5		0.513208
292.625		0.513208
292.75		0.513208
292.875		0.513208
293		0.513208
293.125		0.513208
293.25		0.513208
293.375		0.513208
293.5		0.513208
293.625		0.513208
293.75		0.513208
293.875		0.513208
294		0.513208
294.125		0.513208
294.25		0.513208
294.375		0.513208
294.5		0.513208
294.625		0.513208
294.75		0.513208
294.875		0.513208
295		0.513208
295.125		0.524528
295.25		0.524528
295.375		0.524528
295.5		0.524528
295.625		0.524528
295.75		0.524528
295.875		0.524528
296		0.524528
296.125		0.524528
296.25		0.524528
296.375		0.524528
296.5		0.524528
296.625		0.524528
296.75		0.524528
296.875		0.524528
297		0.524528
297.125		0.524528
297.25		0.524528
297.375		0.524528
297.5		0.524528
297.625		0.524528
297.75		0.524528
297.875		0.524528
298		0.524528
298.125		0.524528
298.25		0.524528
298.375		0.524528
298.5		0.524528
298.625		0.524528
298.75		0.524528
298.875		0.524528
299		0.524528
299.125		0.524528
299.25		0.524528
299.375		0.524528
299.5		0.524528
299.625		0.524528
299.75		0.524528
299.875		0.524528
300		0.524528
300.125		0.545283
300.25		0.545283
300.375		0.545283
300.5		0.545283
300.625		0.545283
300.75		0.545283
300.875		0.545283
301		0.545283
301.125		0.545283
301.25		0.545283
301.375		0.545283
301.5		0.545283
301.625		0.545283
301.75		0.545283
301.875		0.545283
302		0.545283
302.125		0.545283
302.25		0.545283
302.375		0.545283
302.5		0.545283
302.625		0.545283
302.75		0.545283
302.875		0.545283
303		0.545283
303.125		0.545283
303.25		0.545283
303.375		0.545283
303.5		0.545283
303.625		0.545283
303.75		0.545283
303.875		0.545283
304		0.545283
304.125		0.545283
304.25		0.545283
304.375		0.545283
304.5		0.545283
304.625		0.545283
304.75		0.545283
304.875		0.545283
305		0.545283
305.125		0.549057
305.25		0.549057
305.375		0.549057
305.5		0.549057
305.625		0.549057
305.75		0.549057
305.875		0.549057
306		0.549057
306.125		0.549057
306.25		0.549057
306.375		0.549057
306.5		0.549057
306.625		0.549057
306.75		0.549057
306.875		0.549057
307		0.549057
307.125		0.549057
307.25		0.549057
307.375		0.549057
307.5		0.549057
307.625		0.549057
307.75		0.549057
307.875		0.549057
308		0.549057
308.125		0.549057
308.25		0.549057
308.375		0.549057
308.5		0.549057
308.625		0.549057
308.75		0.549057
308.875		0.549057
309		0.549057
309.125		0.549057
309.25		0.549057
309.375		0.549057
309.5		0.549057
309.625		0.549057
309.75		0.549057
309.875		0.549057
310		0.549057
310.125		0.562264
310.25		0.562264
310.375		0.562264
310.5		0.562264
310.625		0.562264
310.75		0.562264
310.875		0.562264
311		0.562264
311.125		0.562264
311.25		0.562264
311.375		0.562264
311.5		0.562264
311.625		0.562264
311.75		0.562264
311.875		0.562264
312		0.562264
312.125		0.562264
312.25		0.562264
312.375		0.562264
312.5		0.562264
312.625		0.562264
312.75		0.562264
312.875		0.562264
313		0.562264
313.125		0.562264
313.25		0.562264
313.375		0.562264
313.5		0.562264
313.625		0.562264
313.75		0.562264
313.875		0.562264
314		0.562264
314.125		0.562264
314.25		0.562264
314.375		0.562264
314.5		0.562264
314.625		0.562264
314.75		0.562264
314.875		0.562264
315		0.562264
315.125		0.571698
315.25		0.571698
315.375		0.571698
315.5		0.571698
315.625		0.571698
315.75		0.571698
315.875		0.571698
316		0.571698
316.125		0.571698
316.25		0.571698
316.375		0.571698
316.5		0.571698
316.625		0.571698
316.75		0.571698
316.875		0.571698
317		0.571698
317.125		0.571698
317.25		0.571698
317.375		0.571698
317.5		0.571698
317.625		0.571698
317.75		0.571698
317.875		0.571698
318		0.571698
318.125		0.571698
318.25		0.571698
318.375		0.571698
318.5		0.571698
318.625		0.571698
318.75		0.571698
318.875		0.571698
319		0.571698
319.125		0.571698
319.25		0.571698
319.375		0.571698
319.5		0.571698
319.625		0.571698
319.75		0.571698
319.875		0.571698
320		0.571698
320.125		0.588679
320.25		0.588679
320.375		0.588679
320.5		0.588679
320.625		0.588679
320.75		0.588679
320.875		0.588679
321		0.588679
321.125		0.588679
321.25		0.588679
321.375		0.588679
321.5		0.588679
321.625		0.588679
321.75		0.588679
321.875		0.588679
322		0.588679
322.125		0.588679
322.25		0.588679
322.375		0.588679
322.5		0.588679
322.625		0.588679
322.75		0.588679
322.875		0.588679
323		0.588679
323.125		0.588679
323.25		0.588679
323.375		0.588679
323.5		0.588679
323.625		0.588679
323.75		0.588679
323.875		0.588679
324		0.588679
324.125		0.588679
324.25		0.588679
324.375		0.588679
324.5		0.588679
324.625		0.588679
324.75		0.588679
324.875		0.588679
325		0.588679
325.125		0.59434
325.25		0.59434
325.375		0.59434
325.5		0.59434
325.625		0.59434
325.75		0.59434
325.875		0.59434
326		0.59434
326.125		0.59434
326.25		0.59434
326.375		0.59434
326.5		0.59434
326.625		0.59434
326.75		0.59434
326.875		0.59434
327		0.59434
327.125		0.59434
327.25		0.59434
327.375		0.59434
327.5		0.59434
327.625		0.59434
327.75		0.59434
327.875		0.59434
328		0.59434
328.125		0.59434
328.25		0.59434
328.375		0.59434
328.5		0.59434
328.625		0.59434
328.75		0.59434
328.875		0.59434
329		0.59434
329.125		0.59434
329.25		0.59434
329.375		0.59434
329.5		0.59434
329.625		0.59434
329.75		0.59434
329.875		0.59434
330		0.59434
330.125		0.60566
330.25		0.60566
330.375		0.60566
330.5		0.60566
330.625		0.60566
330.75		0.60566
330.875		0.60566
331		0.60566
331.125		0.60566
331.25		0.60566
331.375		0.60566
331.5		0.60566
331.625		0.60566
331.75		0.60566
331.875		0.60566
332		0.60566
332.125		0.60566
332.25		0.60566
332.375		0.60566
332.5		0.60566
332.625		0.60566
332.75		0.60566
332.875		0.60566
333		0.60566
333.125		0.60566
333.25		0.60566
333.375		0.60566
333.5		0.60566
333.625		0.60566
333.75		0.60566
333.875		0.60566
334		0.60566
334.125		0.60566
334.25		0.60566
334.375		0.60566
334.5		0.60566
334.625		0.60566
334.75		0.60566
334.875		0.60566
335		0.60566
335.125		0.620755
335.25		0.620755
335.375		0.620755
335.5		0.620755
335.625		0.620755
335.75		0.620755
335.875		0.620755
336		0.620755
336.125		0.620755
336.25		0.620755
336.375		0.620755
336.5		0.620755
336.625		0.620755
336.75		0.620755
336.875		0.620755
337		0.620755
337.125		0.620755
337.25		0.620755
337.375		0.620755
337.5		0.620755
337.625		0.620755
337.75		0.620755
337.875		0.620755
338		0.620755
338.125		0.620755
338.25		0.620755
338.375		0.620755
338.5		0.620755
338.625		0.620755
338.75		0.620755
338.875		0.620755
339		0.620755
339.125		0.620755
339.25		0.620755
339.375		0.620755
339.5		0.620755
339.625		0.620755
339.75		0.620755
339.875		0.620755
340		0.620755
340.125		0.639623
340.25		0.639623
340.375		0.639623
340.5		0.639623
340.625		0.639623
340.75		0.639623
340.875		0.639623
341		0.639623
341.125		0.639623
341.25		0.639623
341.375		0.639623
341.5		0.639623
341.625		0.639623
341.75		0.639623
341.875		0.639623
342		0.639623
342.125		0.639623
342.25		0.639623
342.375		0.639623
342.5		0.639623
342.625		0.639623
342.75		0.639623
342.875		0.639623
343		0.639623
343.125		0.639623
343.25		0.639623
343.375		0.639623
343.5		0.639623
343.625		0.639623
343.75		0.639623
343.875		0.639623
344		0.639623
344.125		0.639623
344.25		0.639623
344.375		0.639623
344.5		0.639623
344.625		0.639623
344.75		0.639623
344.875		0.639623
345		0.639623
345.125		0.645283
345.25		0.645283
345.375		0.645283
345.5		0.645283
345.625		0.645283
345.75		0.645283
345.875		0.645283
346		0.645283
346.125		0.645283
346.25		0.645283
346.375		0.645283
346.5		0.645283
346.625		0.645283
346.75		0.645283
346.875		0.645283
347		0.645283
347.125		0.645283
347.25		0.645283
347.375		0.645283
347.5		0.645283
347.625		0.645283
347.75		0.645283
347.875		0.645283
348		0.645283
348.125		0.645283
348.25		0.645283
348.375		0.645283
348.5		0.645283
348.625		0.645283
348.75		0.645283
348.875		0.645283
349		0.645283
349.125		0.645283
349.25		0.645283
349.375		0.645283
349.5		0.645283
349.625		0.645283
349.75		0.645283
349.875		0.645283
350		0.645283
350.125		0.671698
350.25		0.671698
350.375		0.671698
350.5		0.671698
350.625		0.671698
350.75		0.671698
350.875		0.671698
351		0.671698
351.125		0.671698
351.25		0.671698
351.375		0.671698
351.5		0.671698
351.625		0.671698
351.75		0.671698
351.875		0.671698
352		0.671698
352.125		0.671698
352.25		0.671698
352.375		0.671698
352.5		0.671698
352.625		0.671698
352.75		0.671698
352.875		0.671698
353		0.671698
353.125		0.671698
353.25		0.671698
353.375		0.671698
353.5		0.671698
353.625		0.671698
353.75		0.671698
353.875		0.671698
354		0.671698
354.125		0.671698
354.25		0.671698
354.375		0.671698
354.5		0.671698
354.625		0.671698
354.75		0.671698
354.875		0.671698
355		0.671698
355.125		0.671698
355.25		0.671698
355.375		0.671698
355.5		0.671698
355.625		0.671698
355.75		0.671698
355.875		0.671698
356		0.671698
356.125		0.671698
356.25		0.671698
356.375		0.671698
356.5		0.671698
356.625		0.671698
356.75		0.671698
356.875		0.671698
357		0.671698
357.125		0.671698
357.25		0.671698
357.375		0.671698
357.5		0.671698
357.625		0.671698
357.75		0.671698
357.875		0.671698
358		0.671698
358.125		0.671698
358.25		0.671698
358.375		0.671698
358.5		0.671698
358.625		0.671698
358.75		0.671698
358.875		0.671698
359		0.671698
359.125		0.671698
359.25		0.671698
359.375		0.671698
359.5		0.671698
359.625		0.671698
359.75		0.671698
359.875		0.671698
360		0.671698
360.125		0.69434
360.25		0.69434
360.375		0.69434
360.5		0.69434
360.625		0.69434
360.75		0.69434
360.875		0.69434
361		0.69434
361.125		0.69434
361.25		0.69434
361.375		0.69434
361.5		0.69434
361.625		0.69434
361.75		0.69434
361.875		0.69434
362		0.69434
362.125		0.69434
362.25		0.69434
362.375		0.69434
362.5		0.69434
362.625		0.69434
362.75		0.69434
362.875		0.69434
363		0.69434
363.125		0.69434
363.25		0.69434
363.375		0.69434
363.5		0.69434
363.625		0.69434
363.75		0.69434
363.875		0.69434
364		0.69434
364.125		0.69434
364.25		0.69434
364.375		0.69434
364.5		0.69434
364.625		0.69434
364.75		0.69434
364.875		0.69434
365		0.69434
365.125		0.709434
365.25		0.709434
365.375		0.709434
365.5		0.709434
365.625		0.709434
365.75		0.709434
365.875		0.709434
366		0.709434
366.125		0.709434
366.25		0.709434
366.375		0.709434
366.5		0.709434
366.625		0.709434
366.75		0.709434
366.875		0.709434
367		0.709434
367.125		0.709434
367.25		0.709434
367.375		0.709434
367.5		0.709434
367.625		0.709434
367.75		0.709434
367.875		0.709434
368		0.709434
368.125		0.709434
368.25		0.709434
368.375		0.709434
368.5		0.709434
368.625		0.709434
368.75		0.709434
368.875		0.709434
369		0.709434
369.125		0.709434
369.25		0.709434
369.375		0.709434
369.5		0.709434
369.625		0.709434
369.75		0.709434
369.875		0.709434
370		0.709434
370.125		0.716981
370.25		0.716981
370.375		0.716981
370.5		0.716981
370.625		0.716981
370.75		0.716981
370.875		0.716981
371		0.716981
371.125		0.716981
371.25		0.716981
371.375		0.716981
371.5		0.716981
371.625		0.716981
371.75		0.716981
371.875		0.716981
372		0.716981
372.125		0.716981
372.25		0.716981
372.375		0.716981
372.5		0.716981
372.625		0.716981
372.75		0.716981
372.875		0.716981
373		0.716981
373.125		0.716981
373.25		0.716981
373.375		0.716981
373.5		0.716981
373.625		0.716981
373.75		0.716981
373.875		0.716981
374		0.716981
374.125		0.716981
374.25		0.716981
374.375		0.716981
374.5		0.716981
374.625		0.716981
374.75		0.716981
374.875		0.716981
375		0.716981
375.125		0.722642
375.25		0.722642
375.375		0.722642
375.5		0.722642
375.625		0.722642
375.75		0.722642
375.875		0.722642
376		0.722642
376.125		0.722642
376.25		0.722642
376.375		0.722642
376.5		0.722642
376.625		0.722642
376.75		0.722642
376.875		0.722642
377		0.722642
377.125		0.722642
377.25		0.722642
377.375		0.722642
377.5		0.722642
377.625		0.722642
377.75		0.722642
377.875		0.722642
378		0.722642
378.125		0.722642
378.25		0.722642
378.375		0.722642
378.5		0.722642
378.625		0.722642
378.75		0.722642
378.875		0.722642
379		0.722642
379.125		0.722642
379.25		0.722642
379.375		0.722642
379.5		0.722642
379.625		0.722642
379.75		0.722642
379.875		0.722642
380		0.722642
380.125		0.726415
380.25		0.726415
380.375		0.726415
380.5		0.726415
380.625		0.726415
380.75		0.726415
380.875		0.726415
381		0.726415
381.125		0.726415
381.25		0.726415
381.375		0.726415
381.5		0.726415
381.625		0.726415
381.75		0.726415
381.875		0.726415
382		0.726415
382.125		0.726415
382.25		0.726415
382.375		0.726415
382.5		0.726415
382.625		0.726415
382.75		0.726415
382.875		0.726415
383		0.726415
383.125		0.726415
383.25		0.726415
383.375		0.726415
383.5		0.726415
383.625		0.726415
383.75		0.726415
383.875		0.726415
384		0.726415
384.125		0.726415
384.25		0.726415
384.375		0.726415
384.5		0.726415
384.625		0.726415
384.75		0.726415
384.875		0.726415
385		0.726415
385.125		0.754717
385.25		0.754717
385.375		0.754717
385.5		0.754717
385.625		0.754717
385.75		0.754717
385.875		0.754717
386		0.754717
386.125		0.754717
386.25		0.754717
386.375		0.754717
386.5		0.754717
386.625		0.754717
386.75		0.754717
386.875		0.754717
387		0.754717
387.125		0.754717
387.25		0.754717
387.375		0.754717
387.5		0.754717
387.625		0.754717
387.75		0.754717
387.875		0.754717
388		0.754717
388.125		0.754717
388.25		0.754717
388.375		0.754717
388.5		0.754717
388.625		0.754717
388.75		0.754717
388.875		0.754717
389		0.754717
389.125		0.754717
389.25		0.754717
389.375		0.754717
389.5		0.754717
389.625		0.754717
389.75		0.754717
389.875		0.754717
390		0.754717
390.125		0.754717
390.25		0.754717
390.375		0.754717
390.5		0.754717
390.625		0.754717
390.75		0.754717
390.875		0.754717
391		0.754717
391.125		0.754717
391.25		0.754717
391.375		0.754717
391.5		0.754717
391.625		0.754717
391.75		0.754717
391.875		0.754717
392		0.754717
392.125		0.754717
392.25		0.754717
392.375		0.754717
392.5		0.754717
392.625		0.754717
392.75		0.754717
392.875		0.754717
393		0.754717
393.125		0.754717
393.25		0.754717
393.375		0.754717
393.5		0.754717
393.625		0.754717
393.75		0.754717
393.875		0.754717
394		0.754717
394.125		0.754717
394.25		0.754717
394.375		0.754717
394.5		0.754717
394.625		0.754717
394.75		0.754717
394.875		0.754717
395		0.754717
395.125		0.781132
395.25		0.781132
395.375		0.781132
395.5		0.781132
395.625		0.781132
395.75		0.781132
395.875		0.781132
396		0.781132
396.125		0.781132
396.25		0.781132
396.375		0.781132
396.5		0.781132
396.625		0.781132
396.75		0.781132
396.875		0.781132
397		0.781132
397.125		0.781132
397.25		0.781132
397.375		0.781132
397.5		0.781132
397.625		0.781132
397.75		0.781132
397.875		0.781132
398		0.781132
398.125		0.781132
398.25		0.781132
398.375		0.781132
398.5		0.781132
398.625		0.781132
398.75		0.781132
398.875		0.781132
399		0.781132
399.125		0.781132
399.25		0.781132
399.375		0.781132
399.5		0.781132
399.625		0.781132
399.75		0.781132
399.875		0.781132
400		0.781132
400.125		0.783019
400.25		0.783019
400.375		0.783019
400.5		0.783019
400.625		0.783019
400.75		0.783019
400.875		0.783019
401		0.783019
401.125		0.783019
401.25		0.783019
401.375		0.783019
401.5		0.783019
401.625		0.783019
401.75		0.783019
401.875		0.783019
402		0.783019
402.125		0.783019
402.25		0.783019
402.375		0.783019
402.5		0.783019
402.625		0.783019
402.75		0.783019
402.875		0.783019
403		0.783019
403.125		0.783019
403.25		0.783019
403.375		0.783019
403.5		0.783019
403.625		0.783019
403.75		0.783019
403.875		0.783019
404		0.783019
404.125		0.783019
404.25		0.783019
404.375		0.783019
404.5		0.783019
404.625		0.783019
404.75		0.783019
404.875		0.783019
405		0.783019
405.125		0.801887
405.25		0.801887
405.375		0.801887
405.5		0.801887
405.625		0.801887
405.75		0.801887
405.875		0.801887
406		0.801887
406.125		0.801887
406.25		0.801887
406.375		0.801887
406.5		0.801887
406.625		0.801887
406.75		0.801887
406.875		0.801887
407		0.801887
407.125		0.801887
407.25		0.801887
407.375		0.801887
407.5		0.801887
407.625		0.801887
407.75		0.801887
407.875		0.801887
408		0.801887
408.125		0.801887
408.25		0.801887
408.375		0.801887
408.5		0.801887
408.625		0.801887
408.75		0.801887
408.875		0.801887
409		0.801887
409.125		0.801887
409.25		0.801887
409.375		0.801887
409.5		0.801887
409.625		0.801887
409.75		0.801887
409.875		0.801887
410		0.801887
410.125		0.80566
410.25		0.80566
410.375		0.80566
410.5		0.80566
410.625		0.80566
410.75		0.80566
410.875		0.80566
411		0.80566
411.125		0.80566
411.25		0.80566
411.375		0.80566
411.5		0.80566
411.625		0.80566
411.75		0.80566
411.875		0.80566
412		0.80566
412.125		0.80566
412.25		0.80566
412.375		0.80566
412.5		0.80566
412.625		0.80566
412.75		0.80566
412.875		0.80566
413		0.80566
413.125		0.80566
413.25		0.80566
413.375		0.80566
413.5		0.80566
413.625		0.80566
413.75		0.80566
413.875		0.80566
414		0.80566
414.125		0.80566
414.25		0.80566
414.375		0.80566
414.5		0.80566
414.625		0.80566
414.75		0.80566
414.875		0.80566
415		0.80566
415.125		0.822642
415.25		0.822642
415.375		0.822642
415.5		0.822642
415.625		0.822642
415.75		0.822642
415.875		0.822642
416		0.822642
416.125		0.822642
416.25		0.822642
416.375		0.822642
416.5		0.822642
416.625		0.822642
416.75		0.822642
416.875		0.822642
417		0.822642
417.125		0.822642
417.25		0.822642
417.375		0.822642
417.5		0.822642
417.625		0.822642
417.75		0.822642
417.875		0.822642
418		0.822642
418.125		0.822642
418.25		0.822642
418.375		0.822642
418.5		0.822642
418.625		0.822642
418.75		0.822642
418.875		0.822642
419		0.822642
419.125		0.822642
419.25		0.822642
419.375		0.822642
419.5		0.822642
419.625		0.822642
419.75		0.822642
419.875		0.822642
420		0.822642
420.125		0.837736
420.25		0.837736
420.375		0.837736
420.5		0.837736
420.625		0.837736
420.75		0.837736
420.875		0.837736
421		0.837736
421.125		0.837736
421.25		0.837736
421.375		0.837736
421.5		0.837736
421.625		0.837736
421.75		0.837736
421.875		0.837736
422		0.837736
422.125		0.837736
422.25		0.837736
422.375		0.837736
422.5		0.837736
422.625		0.837736
422.75		0.837736
422.875		0.837736
423		0.837736
423.125		0.837736
423.25		0.837736
423.375		0.837736
423.5		0.837736
423.625		0.837736
423.75		0.837736
423.875		0.837736
424		0.837736
424.125		0.837736
424.25		0.837736
424.375		0.837736
424.5		0.837736
424.625		0.837736
424.75		0.837736
424.875		0.837736
425		0.837736
425.125		0.856604
425.25		0.856604
425.375		0.856604
425.5		0.856604
425.625		0.856604
425.75		0.856604
425.875		0.856604
426		0.856604
426.125		0.856604
426.25		0.856604
426.375		0.856604
426.5		0.856604
426.625		0.856604
426.75		0.856604
426.875		0.856604
427		0.856604
427.125		0.856604
427.25		0.856604
427.375		0.856604
427.5		0.856604
427.625		0.856604
427.75		0.856604
427.875		0.856604
428		0.856604
428.125		0.856604
428.25		0.856604
428.375		0.856604
428.5		0.856604
428.625		0.856604
428.75		0.856604
428.875		0.856604
429		0.856604
429.125		0.856604
429.25		0.856604
429.375		0.856604
429.5		0.856604
429.625		0.856604
429.75		0.856604
429.875		0.856604
430		0.856604
430.125		0.864151
430.25		0.864151
430.375		0.864151
430.5		0.864151
430.625		0.864151
430.75		0.864151
430.875		0.864151
431		0.864151
431.125		0.864151
431.25		0.864151
431.375		0.864151
431.5		0.864151
431.625		0.864151
431.75		0.864151
431.875		0.864151
432		0.864151
432.125		0.864151
432.25		0.864151
432.375		0.864151
432.5		0.864151
432.625		0.864151
432.75		0.864151
432.875		0.864151
433		0.864151
433.125		0.864151
433.25		0.864151
433.375		0.864151
433.5		0.864151
433.625		0.864151
433.75		0.864151
433.875		0.864151
434		0.864151
434.125		0.864151
434.25		0.864151
434.375		0.864151
434.5		0.864151
434.625		0.864151
434.75		0.864151
434.875		0.864151
435		0.864151
435.125		0.866038
435.25		0.866038
435.375		0.866038
435.5		0.866038
435.625		0.866038
435.75		0.866038
435.875		0.866038
436		0.866038
436.125		0.866038
436.25		0.866038
436.375		0.866038
436.5		0.866038
436.625		0.866038
436.75		0.866038
436.875		0.866038
437		0.866038
437.125		0.866038
437.25		0.866038
437.375		0.866038
437.5		0.866038
437.625		0.866038
437.75		0.866038
437.875		0.866038
438		0.866038
438.125		0.866038
438.25		0.866038
438.375		0.866038
438.5		0.866038
438.625		0.866038
438.75		0.866038
438.875		0.866038
439		0.866038
439.125		0.866038
439.25		0.866038
439.375		0.866038
439.5		0.866038
439.625		0.866038
439.75		0.866038
439.875		0.866038
440		0.866038
440.125		0.867925
440.25		0.867925
440.375		0.867925
440.5		0.867925
440.625		0.867925
440.75		0.867925
440.875		0.867925
441		0.867925
441.125		0.867925
441.25		0.867925
441.375		0.867925
441.5		0.867925
441.625		0.867925
441.75		0.867925
441.875		0.867925
442		0.867925
442.125		0.867925
442.25		0.867925
442.375		0.867925
442.5		0.867925
442.625		0.867925
442.75		0.867925
442.875		0.867925
443		0.867925
443.125		0.867925
443.25		0.867925
443.375		0.867925
443.5		0.867925
443.625		0.867925
443.75		0.867925
443.875		0.867925
444		0.867925
444.125		0.867925
444.25		0.867925
444.375		0.867925
444.5		0.867925
444.625		0.867925
444.75		0.867925
444.875		0.867925
445		0.867925
445.125		0.892453
445.25		0.892453
445.375		0.892453
445.5		0.892453
445.625		0.892453
445.75		0.892453
445.875		0.892453
446		0.892453
446.125		0.892453
446.25		0.892453
446.375		0.892453
446.5		0.892453
446.625		0.892453
446.75		0.892453
446.875		0.892453
447		0.892453
447.125		0.892453
447.25		0.892453
447.375		0.892453
447.5		0.892453
447.625		0.892453
447.75		0.892453
447.875		0.892453
448		0.892453
448.125		0.892453
448.25		0.892453
448.375		0.892453
448.5		0.892453
448.625		0.892453
448.75		0.892453
448.875		0.892453
449		0.892453
449.125		0.892453
449.25		0.892453
449.375		0.892453
449.5		0.892453
449.625		0.892453
449.75		0.892453
449.875		0.892453
450		0.892453
450.125		0.89434
450.25		0.89434
450.375		0.89434
450.5		0.89434
450.625		0.89434
450.75		0.89434
450.875		0.89434
451		0.89434
451.125		0.89434
451.25		0.89434
451.375		0.89434
451.5		0.89434
451.625		0.89434
451.75		0.89434
451.875		0.89434
452		0.89434
452.125		0.89434
452.25		0.89434
452.375		0.89434
452.5		0.89434
452.625		0.89434
452.75		0.89434
452.875		0.89434
453		0.89434
453.125		0.89434
453.25		0.89434
453.375		0.89434
453.5		0.89434
453.625		0.89434
453.75		0.89434
453.875		0.89434
454		0.89434
454.125		0.89434
454.25		0.89434
454.375		0.89434
454.5		0.89434
454.625		0.89434
454.75		0.89434
454.875		0.89434
455		0.89434
455.125		0.922642
455.25		0.922642
455.375		0.922642
455.5		0.922642
455.625		0.922642
455.75		0.922642
455.875		0.922642
456		0.922642
456.125		0.922642
456.25		0.922642
456.375		0.922642
456.5		0.922642
456.625		0.922642
456.75		0.922642
456.875		0.922642
457		0.922642
457.125		0.922642
457.25		0.922642
457.375		0.922642
457.5		0.922642
457.625		0.922642
457.75		0.922642
457.875		0.922642
458		0.922642
458.125		0.922642
458.25		0.922642
458.375		0.922642
458.5		0.922642
458.625		0.922642
458.75		0.922642
458.875		0.922642
459		0.922642
459.125		0.922642
459.25		0.922642
459.375		0.922642
459.5		0.922642
459.625		0.922642
459.75		0.922642
459.875		0.922642
460		0.922642
460.125		0.932075
460.25		0.932075
460.375		0.932075
460.5		0.932075
460.625		0.932075
460.75		0.932075
460.875		0.932075
461		0.932075
461.125		0.932075
461.25		0.932075
461.375		0.932075
461.5		0.932075
461.625		0.932075
461.75		0.932075
461.875		0.932075
462		0.932075
462.125		0.932075
462.25		0.932075
462.375		0.932075
462.5		0.932075
462.625		0.932075
462.75		0.932075
462.875		0.932075
463		0.932075
463.125		0.932075
463.25		0.932075
463.375		0.932075
463.5		0.932075
463.625		0.932075
463.75		0.932075
463.875		0.932075
464		0.932075
464.125		0.932075
464.25		0.932075
464.375		0.932075
464.5		0.932075
464.625		0.932075
464.75		0.932075
464.875		0.932075
465		0.932075
465.125		0.935849
465.25		0.935849
465.375		0.935849
465.5		0.935849
465.625		0.935849
465.75		0.935849
465.875		0.935849
466		0.935849
466.125		0.935849
466.25		0.935849
466.375		0.935849
466.5		0.935849
466.625		0.935849
466.75		0.935849
466.875		0.935849
467		0.935849
467.125		0.935849
467.25		0.935849
467.375		0.935849
467.5		0.935849
467.625		0.935849
467.75		0.935849
467.875		0.935849
468		0.935849
468.125		0.935849
468.25		0.935849
468.375		0.935849
468.5		0.935849
468.625		0.935849
468.75		0.935849
468.875		0.935849
469		0.935849
469.125		0.935849
469.25		0.935849
469.375		0.935849
469.5		0.935849
469.625		0.935849
469.75		0.935849
469.875		0.935849
470		0.935849
470.125		0.937736
470.25		0.937736
470.375		0.937736
470.5		0.937736
470.625		0.937736
470.75		0.937736
470.875		0.937736
471		0.937736
471.125		0.937736
471.25		0.937736
471.375		0.937736
471.5		0.937736
471.625		0.937736
471.75		0.937736
471.875		0.937736
472		0.937736
472.125		0.937736
472.25		0.937736
472.375		0.937736
472.5		0.937736
472.625		0.937736
472.75		0.937736
472.875		0.937736
473		0.937736
473.125		0.937736
473.25		0.937736
473.375		0.937736
473.5		0.937736
473.625		0.937736
473.75		0.937736
473.875		0.937736
474		0.937736
474.125		0.937736
474.25		0.937736
474.375		0.937736
474.5		0.937736
474.625		0.937736
474.75		0.937736
474.875		0.937736
475		0.937736
475.125		0.962264
475.25		0.962264
475.375		0.962264
475.5		0.962264
475.625		0.962264
475.75		0.962264
475.875		0.962264
476		0.962264
476.125		0.962264
476.25		0.962264
476.375		0.962264
476.5		0.962264
476.625		0.962264
476.75		0.962264
476.875		0.962264
477		0.962264
477.125		0.962264
477.25		0.962264
477.375		0.962264
477.5		0.962264
477.625		0.962264
477.75		0.962264
477.875		0.962264
478		0.962264
478.125		0.962264
478.25		0.962264
478.375		0.962264
478.5		0.962264
478.625		0.962264
478.75		0.962264
478.875		0.962264
479		0.962264
479.125		0.962264
479.25		0.962264
479.375		0.962264
479.5		0.962264
479.625		0.962264
479.75		0.962264
479.875		0.962264
480		0.962264
480.125		0.969811
480.25		0.969811
480.375		0.969811
480.5		0.969811
480.625		0.969811
480.75		0.969811
480.875		0.969811
481		0.969811
481.125		0.969811
481.25		0.969811
481.375		0.969811
481.5		0.969811
481.625		0.969811
481.75		0.969811
481.875		0.969811
482		0.969811
482.125		0.969811
482.25		0.969811
482.375		0.969811
482.5		0.969811
482.625		0.969811
482.75		0.969811
482.875		0.969811
483		0.969811
483.125		0.969811
483.25		0.969811
483.375		0.969811
483.5		0.969811
483.625		0.969811
483.75		0.969811
483.875		0.969811
484		0.969811
484.125		0.969811
484.25		0.969811
484.375		0.969811
484.5		0.969811
484.625		0.969811
484.75		0.969811
484.875		0.969811
485		0.969811
485.125		0.973585
485.25		0.973585
485.375		0.973585
485.5		0.973585
485.625		0.973585
485.75		0.973585
485.875		0.973585
486		0.973585
486.125		0.973585
486.25		0.973585
486.375		0.973585
486.5		0.973585
486.625		0.973585
486.75		0.973585
486.875		0.973585
487		0.973585
487.125		0.973585
487.25		0.973585
487.375		0.973585
487.5		0.973585
487.625		0.973585
487.75		0.973585
487.875		0.973585
488		0.973585
488.125		0.973585
488.25		0.973585
488.375		0.973585
488.5		0.973585
488.625		0.973585
488.75		0.973585
488.875		0.973585
489		0.973585
489.125		0.973585
489.25		0.973585
489.375		0.973585
489.5		0.973585
489.625		0.973585
489.75		0.973585
489.875		0.973585
490		0.973585
490.125		0.979245
490.25		0.979245
490.375		0.979245
490.5		0.979245
490.625		0.979245
490.75		0.979245
490.875		0.979245
491		0.979245
491.125		0.979245
491.25		0.979245
491.375		0.979245
491.5		0.979245
491.625		0.979245
491.75		0.979245
491.875		0.979245
492		0.979245
492.125		0.979245
492.25		0.979245
492.375		0.979245
492.5		0.979245
492.625		0.979245
492.75		0.979245
492.875		0.979245
493		0.979245
493.125		0.979245
493.25		0.979245
493.375		0.979245
493.5		0.979245
493.625		0.979245
493.75		0.979245
493.875		0.979245
494		0.979245
494.125		0.979245
494.25		0.979245
494.375		0.979245
494.5		0.979245
494.625		0.979245
494.75		0.979245
494.875		0.979245
495		0.979245
495.125		1
495.25		1
495.375		1
495.5		1
495.625		1
495.75		1
495.875		1
496		1
496.125		1
496.25		1
496.375		1
496.5		1
496.625		1
496.75		1
496.875		1
497		1
497.125		1
497.25		1
497.375		1
497.5		1
497.625		1
497.75		1
497.875		1
498		1
498.125		1
498.25		1
498.375		1
498.5		1
498.625		1
498.75		1
498.875		1
499		1
499.125		1
499.25		1
499.375		1
499.5		1
499.625		1
499.75		1
499.875		1
500		1
