# Calibration file of tamex_id 1 @ channel 23
# fine_T bin		 Calibration value
0.125		0
0.25		0
0.375		0
0.5		0
0.625		0
0.75		0
0.875		0
1		0
1.125		0
1.25		0
1.375		0
1.5		0
1.625		0
1.75		0
1.875		0
2		0
2.125		0
2.25		0
2.375		0
2.5		0
2.625		0
2.75		0
2.875		0
3		0
3.125		0
3.25		0
3.375		0
3.5		0
3.625		0
3.75		0
3.875		0
4		0
4.125		0
4.25		0
4.375		0
4.5		0
4.625		0
4.75		0
4.875		0
5		0
5.125		0
5.25		0
5.375		0
5.5		0
5.625		0
5.75		0
5.875		0
6		0
6.125		0
6.25		0
6.375		0
6.5		0
6.625		0
6.75		0
6.875		0
7		0
7.125		0
7.25		0
7.375		0
7.5		0
7.625		0
7.75		0
7.875		0
8		0
8.125		0
8.25		0
8.375		0
8.5		0
8.625		0
8.75		0
8.875		0
9		0
9.125		0
9.25		0
9.375		0
9.5		0
9.625		0
9.75		0
9.875		0
10		0
10.125		0
10.25		0
10.375		0
10.5		0
10.625		0
10.75		0
10.875		0
11		0
11.125		0
11.25		0
11.375		0
11.5		0
11.625		0
11.75		0
11.875		0
12		0
12.125		0
12.25		0
12.375		0
12.5		0
12.625		0
12.75		0
12.875		0
13		0
13.125		0
13.25		0
13.375		0
13.5		0
13.625		0
13.75		0
13.875		0
14		0
14.125		0
14.25		0
14.375		0
14.5		0
14.625		0
14.75		0
14.875		0
15		0
15.125		0
15.25		0
15.375		0
15.5		0
15.625		0
15.75		0
15.875		0
16		0
16.125		0
16.25		0
16.375		0
16.5		0
16.625		0
16.75		0
16.875		0
17		0
17.125		0
17.25		0
17.375		0
17.5		0
17.625		0
17.75		0
17.875		0
18		0
18.125		0
18.25		0
18.375		0
18.5		0
18.625		0
18.75		0
18.875		0
19		0
19.125		0
19.25		0
19.375		0
19.5		0
19.625		0
19.75		0
19.875		0
20		0
20.125		0
20.25		0
20.375		0
20.5		0
20.625		0
20.75		0
20.875		0
21		0
21.125		0
21.25		0
21.375		0
21.5		0
21.625		0
21.75		0
21.875		0
22		0
22.125		0
22.25		0
22.375		0
22.5		0
22.625		0
22.75		0
22.875		0
23		0
23.125		0
23.25		0
23.375		0
23.5		0
23.625		0
23.75		0
23.875		0
24		0
24.125		0
24.25		0
24.375		0
24.5		0
24.625		0
24.75		0
24.875		0
25		0
25.125		0
25.25		0
25.375		0
25.5		0
25.625		0
25.75		0
25.875		0
26		0
26.125		0
26.25		0
26.375		0
26.5		0
26.625		0
26.75		0
26.875		0
27		0
27.125		0
27.25		0
27.375		0
27.5		0
27.625		0
27.75		0
27.875		0
28		0
28.125		0
28.25		0
28.375		0
28.5		0
28.625		0
28.75		0
28.875		0
29		0
29.125		0
29.25		0
29.375		0
29.5		0
29.625		0
29.75		0
29.875		0
30		0
30.125		0
30.25		0
30.375		0
30.5		0
30.625		0
30.75		0
30.875		0
31		0
31.125		0
31.25		0
31.375		0
31.5		0
31.625		0
31.75		0
31.875		0
32		0
32.125		0
32.25		0
32.375		0
32.5		0
32.625		0
32.75		0
32.875		0
33		0
33.125		0
33.25		0
33.375		0
33.5		0
33.625		0
33.75		0
33.875		0
34		0
34.125		0
34.25		0
34.375		0
34.5		0
34.625		0
34.75		0
34.875		0
35		0
35.125		0
35.25		0
35.375		0
35.5		0
35.625		0
35.75		0
35.875		0
36		0
36.125		0
36.25		0
36.375		0
36.5		0
36.625		0
36.75		0
36.875		0
37		0
37.125		0
37.25		0
37.375		0
37.5		0
37.625		0
37.75		0
37.875		0
38		0
38.125		0
38.25		0
38.375		0
38.5		0
38.625		0
38.75		0
38.875		0
39		0
39.125		0
39.25		0
39.375		0
39.5		0
39.625		0
39.75		0
39.875		0
40		0
40.125		0
40.25		0
40.375		0
40.5		0
40.625		0
40.75		0
40.875		0
41		0
41.125		0
41.25		0
41.375		0
41.5		0
41.625		0
41.75		0
41.875		0
42		0
42.125		0
42.25		0
42.375		0
42.5		0
42.625		0
42.75		0
42.875		0
43		0
43.125		0
43.25		0
43.375		0
43.5		0
43.625		0
43.75		0
43.875		0
44		0
44.125		0
44.25		0
44.375		0
44.5		0
44.625		0
44.75		0
44.875		0
45		0
45.125		0
45.25		0
45.375		0
45.5		0
45.625		0
45.75		0
45.875		0
46		0
46.125		0
46.25		0
46.375		0
46.5		0
46.625		0
46.75		0
46.875		0
47		0
47.125		0
47.25		0
47.375		0
47.5		0
47.625		0
47.75		0
47.875		0
48		0
48.125		0
48.25		0
48.375		0
48.5		0
48.625		0
48.75		0
48.875		0
49		0
49.125		0
49.25		0
49.375		0
49.5		0
49.625		0
49.75		0
49.875		0
50		0
50.125		0
50.25		0
50.375		0
50.5		0
50.625		0
50.75		0
50.875		0
51		0
51.125		0
51.25		0
51.375		0
51.5		0
51.625		0
51.75		0
51.875		0
52		0
52.125		0
52.25		0
52.375		0
52.5		0
52.625		0
52.75		0
52.875		0
53		0
53.125		0
53.25		0
53.375		0
53.5		0
53.625		0
53.75		0
53.875		0
54		0
54.125		0
54.25		0
54.375		0
54.5		0
54.625		0
54.75		0
54.875		0
55		0
55.125		0
55.25		0
55.375		0
55.5		0
55.625		0
55.75		0
55.875		0
56		0
56.125		0
56.25		0
56.375		0
56.5		0
56.625		0
56.75		0
56.875		0
57		0
57.125		0
57.25		0
57.375		0
57.5		0
57.625		0
57.75		0
57.875		0
58		0
58.125		0
58.25		0
58.375		0
58.5		0
58.625		0
58.75		0
58.875		0
59		0
59.125		0
59.25		0
59.375		0
59.5		0
59.625		0
59.75		0
59.875		0
60		0
60.125		0
60.25		0
60.375		0
60.5		0
60.625		0
60.75		0
60.875		0
61		0
61.125		0
61.25		0
61.375		0
61.5		0
61.625		0
61.75		0
61.875		0
62		0
62.125		0
62.25		0
62.375		0
62.5		0
62.625		0
62.75		0
62.875		0
63		0
63.125		0
63.25		0
63.375		0
63.5		0
63.625		0
63.75		0
63.875		0
64		0
64.125		0
64.25		0
64.375		0
64.5		0
64.625		0
64.75		0
64.875		0
65		0
65.125		0
65.25		0
65.375		0
65.5		0
65.625		0
65.75		0
65.875		0
66		0
66.125		0
66.25		0
66.375		0
66.5		0
66.625		0
66.75		0
66.875		0
67		0
67.125		0
67.25		0
67.375		0
67.5		0
67.625		0
67.75		0
67.875		0
68		0
68.125		0
68.25		0
68.375		0
68.5		0
68.625		0
68.75		0
68.875		0
69		0
69.125		0
69.25		0
69.375		0
69.5		0
69.625		0
69.75		0
69.875		0
70		0
70.125		0
70.25		0
70.375		0
70.5		0
70.625		0
70.75		0
70.875		0
71		0
71.125		0
71.25		0
71.375		0
71.5		0
71.625		0
71.75		0
71.875		0
72		0
72.125		0
72.25		0
72.375		0
72.5		0
72.625		0
72.75		0
72.875		0
73		0
73.125		0
73.25		0
73.375		0
73.5		0
73.625		0
73.75		0
73.875		0
74		0
74.125		0
74.25		0
74.375		0
74.5		0
74.625		0
74.75		0
74.875		0
75		0
75.125		0
75.25		0
75.375		0
75.5		0
75.625		0
75.75		0
75.875		0
76		0
76.125		0
76.25		0
76.375		0
76.5		0
76.625		0
76.75		0
76.875		0
77		0
77.125		0
77.25		0
77.375		0
77.5		0
77.625		0
77.75		0
77.875		0
78		0
78.125		0
78.25		0
78.375		0
78.5		0
78.625		0
78.75		0
78.875		0
79		0
79.125		0
79.25		0
79.375		0
79.5		0
79.625		0
79.75		0
79.875		0
80		0
80.125		0.0152801
80.25		0.0152801
80.375		0.0152801
80.5		0.0152801
80.625		0.0152801
80.75		0.0152801
80.875		0.0152801
81		0.0152801
81.125		0.0152801
81.25		0.0152801
81.375		0.0152801
81.5		0.0152801
81.625		0.0152801
81.75		0.0152801
81.875		0.0152801
82		0.0152801
82.125		0.0152801
82.25		0.0152801
82.375		0.0152801
82.5		0.0152801
82.625		0.0152801
82.75		0.0152801
82.875		0.0152801
83		0.0152801
83.125		0.0152801
83.25		0.0152801
83.375		0.0152801
83.5		0.0152801
83.625		0.0152801
83.75		0.0152801
83.875		0.0152801
84		0.0152801
84.125		0.0152801
84.25		0.0152801
84.375		0.0152801
84.5		0.0152801
84.625		0.0152801
84.75		0.0152801
84.875		0.0152801
85		0.0152801
85.125		0.0543294
85.25		0.0543294
85.375		0.0543294
85.5		0.0543294
85.625		0.0543294
85.75		0.0543294
85.875		0.0543294
86		0.0543294
86.125		0.0543294
86.25		0.0543294
86.375		0.0543294
86.5		0.0543294
86.625		0.0543294
86.75		0.0543294
86.875		0.0543294
87		0.0543294
87.125		0.0543294
87.25		0.0543294
87.375		0.0543294
87.5		0.0543294
87.625		0.0543294
87.75		0.0543294
87.875		0.0543294
88		0.0543294
88.125		0.0543294
88.25		0.0543294
88.375		0.0543294
88.5		0.0543294
88.625		0.0543294
88.75		0.0543294
88.875		0.0543294
89		0.0543294
89.125		0.0543294
89.25		0.0543294
89.375		0.0543294
89.5		0.0543294
89.625		0.0543294
89.75		0.0543294
89.875		0.0543294
90		0.0543294
90.125		0.0645161
90.25		0.0645161
90.375		0.0645161
90.5		0.0645161
90.625		0.0645161
90.75		0.0645161
90.875		0.0645161
91		0.0645161
91.125		0.0645161
91.25		0.0645161
91.375		0.0645161
91.5		0.0645161
91.625		0.0645161
91.75		0.0645161
91.875		0.0645161
92		0.0645161
92.125		0.0645161
92.25		0.0645161
92.375		0.0645161
92.5		0.0645161
92.625		0.0645161
92.75		0.0645161
92.875		0.0645161
93		0.0645161
93.125		0.0645161
93.25		0.0645161
93.375		0.0645161
93.5		0.0645161
93.625		0.0645161
93.75		0.0645161
93.875		0.0645161
94		0.0645161
94.125		0.0645161
94.25		0.0645161
94.375		0.0645161
94.5		0.0645161
94.625		0.0645161
94.75		0.0645161
94.875		0.0645161
95		0.0645161
95.125		0.0831919
95.25		0.0831919
95.375		0.0831919
95.5		0.0831919
95.625		0.0831919
95.75		0.0831919
95.875		0.0831919
96		0.0831919
96.125		0.0831919
96.25		0.0831919
96.375		0.0831919
96.5		0.0831919
96.625		0.0831919
96.75		0.0831919
96.875		0.0831919
97		0.0831919
97.125		0.0831919
97.25		0.0831919
97.375		0.0831919
97.5		0.0831919
97.625		0.0831919
97.75		0.0831919
97.875		0.0831919
98		0.0831919
98.125		0.0831919
98.25		0.0831919
98.375		0.0831919
98.5		0.0831919
98.625		0.0831919
98.75		0.0831919
98.875		0.0831919
99		0.0831919
99.125		0.0831919
99.25		0.0831919
99.375		0.0831919
99.5		0.0831919
99.625		0.0831919
99.75		0.0831919
99.875		0.0831919
100		0.0831919
100.125		0.11545
100.25		0.11545
100.375		0.11545
100.5		0.11545
100.625		0.11545
100.75		0.11545
100.875		0.11545
101		0.11545
101.125		0.11545
101.25		0.11545
101.375		0.11545
101.5		0.11545
101.625		0.11545
101.75		0.11545
101.875		0.11545
102		0.11545
102.125		0.11545
102.25		0.11545
102.375		0.11545
102.5		0.11545
102.625		0.11545
102.75		0.11545
102.875		0.11545
103		0.11545
103.125		0.11545
103.25		0.11545
103.375		0.11545
103.5		0.11545
103.625		0.11545
103.75		0.11545
103.875		0.11545
104		0.11545
104.125		0.11545
104.25		0.11545
104.375		0.11545
104.5		0.11545
104.625		0.11545
104.75		0.11545
104.875		0.11545
105		0.11545
105.125		0.122241
105.25		0.122241
105.375		0.122241
105.5		0.122241
105.625		0.122241
105.75		0.122241
105.875		0.122241
106		0.122241
106.125		0.122241
106.25		0.122241
106.375		0.122241
106.5		0.122241
106.625		0.122241
106.75		0.122241
106.875		0.122241
107		0.122241
107.125		0.122241
107.25		0.122241
107.375		0.122241
107.5		0.122241
107.625		0.122241
107.75		0.122241
107.875		0.122241
108		0.122241
108.125		0.122241
108.25		0.122241
108.375		0.122241
108.5		0.122241
108.625		0.122241
108.75		0.122241
108.875		0.122241
109		0.122241
109.125		0.122241
109.25		0.122241
109.375		0.122241
109.5		0.122241
109.625		0.122241
109.75		0.122241
109.875		0.122241
110		0.122241
110.125		0.134126
110.25		0.134126
110.375		0.134126
110.5		0.134126
110.625		0.134126
110.75		0.134126
110.875		0.134126
111		0.134126
111.125		0.134126
111.25		0.134126
111.375		0.134126
111.5		0.134126
111.625		0.134126
111.75		0.134126
111.875		0.134126
112		0.134126
112.125		0.134126
112.25		0.134126
112.375		0.134126
112.5		0.134126
112.625		0.134126
112.75		0.134126
112.875		0.134126
113		0.134126
113.125		0.134126
113.25		0.134126
113.375		0.134126
113.5		0.134126
113.625		0.134126
113.75		0.134126
113.875		0.134126
114		0.134126
114.125		0.134126
114.25		0.134126
114.375		0.134126
114.5		0.134126
114.625		0.134126
114.75		0.134126
114.875		0.134126
115		0.134126
115.125		0.134126
115.25		0.134126
115.375		0.134126
115.5		0.134126
115.625		0.134126
115.75		0.134126
115.875		0.134126
116		0.134126
116.125		0.134126
116.25		0.134126
116.375		0.134126
116.5		0.134126
116.625		0.134126
116.75		0.134126
116.875		0.134126
117		0.134126
117.125		0.134126
117.25		0.134126
117.375		0.134126
117.5		0.134126
117.625		0.134126
117.75		0.134126
117.875		0.134126
118		0.134126
118.125		0.134126
118.25		0.134126
118.375		0.134126
118.5		0.134126
118.625		0.134126
118.75		0.134126
118.875		0.134126
119		0.134126
119.125		0.134126
119.25		0.134126
119.375		0.134126
119.5		0.134126
119.625		0.134126
119.75		0.134126
119.875		0.134126
120		0.134126
120.125		0.142615
120.25		0.142615
120.375		0.142615
120.5		0.142615
120.625		0.142615
120.75		0.142615
120.875		0.142615
121		0.142615
121.125		0.142615
121.25		0.142615
121.375		0.142615
121.5		0.142615
121.625		0.142615
121.75		0.142615
121.875		0.142615
122		0.142615
122.125		0.142615
122.25		0.142615
122.375		0.142615
122.5		0.142615
122.625		0.142615
122.75		0.142615
122.875		0.142615
123		0.142615
123.125		0.142615
123.25		0.142615
123.375		0.142615
123.5		0.142615
123.625		0.142615
123.75		0.142615
123.875		0.142615
124		0.142615
124.125		0.142615
124.25		0.142615
124.375		0.142615
124.5		0.142615
124.625		0.142615
124.75		0.142615
124.875		0.142615
125		0.142615
125.125		0.173175
125.25		0.173175
125.375		0.173175
125.5		0.173175
125.625		0.173175
125.75		0.173175
125.875		0.173175
126		0.173175
126.125		0.173175
126.25		0.173175
126.375		0.173175
126.5		0.173175
126.625		0.173175
126.75		0.173175
126.875		0.173175
127		0.173175
127.125		0.173175
127.25		0.173175
127.375		0.173175
127.5		0.173175
127.625		0.173175
127.75		0.173175
127.875		0.173175
128		0.173175
128.125		0.173175
128.25		0.173175
128.375		0.173175
128.5		0.173175
128.625		0.173175
128.75		0.173175
128.875		0.173175
129		0.173175
129.125		0.173175
129.25		0.173175
129.375		0.173175
129.5		0.173175
129.625		0.173175
129.75		0.173175
129.875		0.173175
130		0.173175
130.125		0.174873
130.25		0.174873
130.375		0.174873
130.5		0.174873
130.625		0.174873
130.75		0.174873
130.875		0.174873
131		0.174873
131.125		0.174873
131.25		0.174873
131.375		0.174873
131.5		0.174873
131.625		0.174873
131.75		0.174873
131.875		0.174873
132		0.174873
132.125		0.174873
132.25		0.174873
132.375		0.174873
132.5		0.174873
132.625		0.174873
132.75		0.174873
132.875		0.174873
133		0.174873
133.125		0.174873
133.25		0.174873
133.375		0.174873
133.5		0.174873
133.625		0.174873
133.75		0.174873
133.875		0.174873
134		0.174873
134.125		0.174873
134.25		0.174873
134.375		0.174873
134.5		0.174873
134.625		0.174873
134.75		0.174873
134.875		0.174873
135		0.174873
135.125		0.193548
135.25		0.193548
135.375		0.193548
135.5		0.193548
135.625		0.193548
135.75		0.193548
135.875		0.193548
136		0.193548
136.125		0.193548
136.25		0.193548
136.375		0.193548
136.5		0.193548
136.625		0.193548
136.75		0.193548
136.875		0.193548
137		0.193548
137.125		0.193548
137.25		0.193548
137.375		0.193548
137.5		0.193548
137.625		0.193548
137.75		0.193548
137.875		0.193548
138		0.193548
138.125		0.193548
138.25		0.193548
138.375		0.193548
138.5		0.193548
138.625		0.193548
138.75		0.193548
138.875		0.193548
139		0.193548
139.125		0.193548
139.25		0.193548
139.375		0.193548
139.5		0.193548
139.625		0.193548
139.75		0.193548
139.875		0.193548
140		0.193548
140.125		0.202037
140.25		0.202037
140.375		0.202037
140.5		0.202037
140.625		0.202037
140.75		0.202037
140.875		0.202037
141		0.202037
141.125		0.202037
141.25		0.202037
141.375		0.202037
141.5		0.202037
141.625		0.202037
141.75		0.202037
141.875		0.202037
142		0.202037
142.125		0.202037
142.25		0.202037
142.375		0.202037
142.5		0.202037
142.625		0.202037
142.75		0.202037
142.875		0.202037
143		0.202037
143.125		0.202037
143.25		0.202037
143.375		0.202037
143.5		0.202037
143.625		0.202037
143.75		0.202037
143.875		0.202037
144		0.202037
144.125		0.202037
144.25		0.202037
144.375		0.202037
144.5		0.202037
144.625		0.202037
144.75		0.202037
144.875		0.202037
145		0.202037
145.125		0.207131
145.25		0.207131
145.375		0.207131
145.5		0.207131
145.625		0.207131
145.75		0.207131
145.875		0.207131
146		0.207131
146.125		0.207131
146.25		0.207131
146.375		0.207131
146.5		0.207131
146.625		0.207131
146.75		0.207131
146.875		0.207131
147		0.207131
147.125		0.207131
147.25		0.207131
147.375		0.207131
147.5		0.207131
147.625		0.207131
147.75		0.207131
147.875		0.207131
148		0.207131
148.125		0.207131
148.25		0.207131
148.375		0.207131
148.5		0.207131
148.625		0.207131
148.75		0.207131
148.875		0.207131
149		0.207131
149.125		0.207131
149.25		0.207131
149.375		0.207131
149.5		0.207131
149.625		0.207131
149.75		0.207131
149.875		0.207131
150		0.207131
150.125		0.210526
150.25		0.210526
150.375		0.210526
150.5		0.210526
150.625		0.210526
150.75		0.210526
150.875		0.210526
151		0.210526
151.125		0.210526
151.25		0.210526
151.375		0.210526
151.5		0.210526
151.625		0.210526
151.75		0.210526
151.875		0.210526
152		0.210526
152.125		0.210526
152.25		0.210526
152.375		0.210526
152.5		0.210526
152.625		0.210526
152.75		0.210526
152.875		0.210526
153		0.210526
153.125		0.210526
153.25		0.210526
153.375		0.210526
153.5		0.210526
153.625		0.210526
153.75		0.210526
153.875		0.210526
154		0.210526
154.125		0.210526
154.25		0.210526
154.375		0.210526
154.5		0.210526
154.625		0.210526
154.75		0.210526
154.875		0.210526
155		0.210526
155.125		0.212224
155.25		0.212224
155.375		0.212224
155.5		0.212224
155.625		0.212224
155.75		0.212224
155.875		0.212224
156		0.212224
156.125		0.212224
156.25		0.212224
156.375		0.212224
156.5		0.212224
156.625		0.212224
156.75		0.212224
156.875		0.212224
157		0.212224
157.125		0.212224
157.25		0.212224
157.375		0.212224
157.5		0.212224
157.625		0.212224
157.75		0.212224
157.875		0.212224
158		0.212224
158.125		0.212224
158.25		0.212224
158.375		0.212224
158.5		0.212224
158.625		0.212224
158.75		0.212224
158.875		0.212224
159		0.212224
159.125		0.212224
159.25		0.212224
159.375		0.212224
159.5		0.212224
159.625		0.212224
159.75		0.212224
159.875		0.212224
160		0.212224
160.125		0.252971
160.25		0.252971
160.375		0.252971
160.5		0.252971
160.625		0.252971
160.75		0.252971
160.875		0.252971
161		0.252971
161.125		0.252971
161.25		0.252971
161.375		0.252971
161.5		0.252971
161.625		0.252971
161.75		0.252971
161.875		0.252971
162		0.252971
162.125		0.252971
162.25		0.252971
162.375		0.252971
162.5		0.252971
162.625		0.252971
162.75		0.252971
162.875		0.252971
163		0.252971
163.125		0.252971
163.25		0.252971
163.375		0.252971
163.5		0.252971
163.625		0.252971
163.75		0.252971
163.875		0.252971
164		0.252971
164.125		0.252971
164.25		0.252971
164.375		0.252971
164.5		0.252971
164.625		0.252971
164.75		0.252971
164.875		0.252971
165		0.252971
165.125		0.256367
165.25		0.256367
165.375		0.256367
165.5		0.256367
165.625		0.256367
165.75		0.256367
165.875		0.256367
166		0.256367
166.125		0.256367
166.25		0.256367
166.375		0.256367
166.5		0.256367
166.625		0.256367
166.75		0.256367
166.875		0.256367
167		0.256367
167.125		0.256367
167.25		0.256367
167.375		0.256367
167.5		0.256367
167.625		0.256367
167.75		0.256367
167.875		0.256367
168		0.256367
168.125		0.256367
168.25		0.256367
168.375		0.256367
168.5		0.256367
168.625		0.256367
168.75		0.256367
168.875		0.256367
169		0.256367
169.125		0.256367
169.25		0.256367
169.375		0.256367
169.5		0.256367
169.625		0.256367
169.75		0.256367
169.875		0.256367
170		0.256367
170.125		0.256367
170.25		0.256367
170.375		0.256367
170.5		0.256367
170.625		0.256367
170.75		0.256367
170.875		0.256367
171		0.256367
171.125		0.256367
171.25		0.256367
171.375		0.256367
171.5		0.256367
171.625		0.256367
171.75		0.256367
171.875		0.256367
172		0.256367
172.125		0.256367
172.25		0.256367
172.375		0.256367
172.5		0.256367
172.625		0.256367
172.75		0.256367
172.875		0.256367
173		0.256367
173.125		0.256367
173.25		0.256367
173.375		0.256367
173.5		0.256367
173.625		0.256367
173.75		0.256367
173.875		0.256367
174		0.256367
174.125		0.256367
174.25		0.256367
174.375		0.256367
174.5		0.256367
174.625		0.256367
174.75		0.256367
174.875		0.256367
175		0.256367
175.125		0.281834
175.25		0.281834
175.375		0.281834
175.5		0.281834
175.625		0.281834
175.75		0.281834
175.875		0.281834
176		0.281834
176.125		0.281834
176.25		0.281834
176.375		0.281834
176.5		0.281834
176.625		0.281834
176.75		0.281834
176.875		0.281834
177		0.281834
177.125		0.281834
177.25		0.281834
177.375		0.281834
177.5		0.281834
177.625		0.281834
177.75		0.281834
177.875		0.281834
178		0.281834
178.125		0.281834
178.25		0.281834
178.375		0.281834
178.5		0.281834
178.625		0.281834
178.75		0.281834
178.875		0.281834
179		0.281834
179.125		0.281834
179.25		0.281834
179.375		0.281834
179.5		0.281834
179.625		0.281834
179.75		0.281834
179.875		0.281834
180		0.281834
180.125		0.283531
180.25		0.283531
180.375		0.283531
180.5		0.283531
180.625		0.283531
180.75		0.283531
180.875		0.283531
181		0.283531
181.125		0.283531
181.25		0.283531
181.375		0.283531
181.5		0.283531
181.625		0.283531
181.75		0.283531
181.875		0.283531
182		0.283531
182.125		0.283531
182.25		0.283531
182.375		0.283531
182.5		0.283531
182.625		0.283531
182.75		0.283531
182.875		0.283531
183		0.283531
183.125		0.283531
183.25		0.283531
183.375		0.283531
183.5		0.283531
183.625		0.283531
183.75		0.283531
183.875		0.283531
184		0.283531
184.125		0.283531
184.25		0.283531
184.375		0.283531
184.5		0.283531
184.625		0.283531
184.75		0.283531
184.875		0.283531
185		0.283531
185.125		0.302207
185.25		0.302207
185.375		0.302207
185.5		0.302207
185.625		0.302207
185.75		0.302207
185.875		0.302207
186		0.302207
186.125		0.302207
186.25		0.302207
186.375		0.302207
186.5		0.302207
186.625		0.302207
186.75		0.302207
186.875		0.302207
187		0.302207
187.125		0.302207
187.25		0.302207
187.375		0.302207
187.5		0.302207
187.625		0.302207
187.75		0.302207
187.875		0.302207
188		0.302207
188.125		0.302207
188.25		0.302207
188.375		0.302207
188.5		0.302207
188.625		0.302207
188.75		0.302207
188.875		0.302207
189		0.302207
189.125		0.302207
189.25		0.302207
189.375		0.302207
189.5		0.302207
189.625		0.302207
189.75		0.302207
189.875		0.302207
190		0.302207
190.125		0.302207
190.25		0.302207
190.375		0.302207
190.5		0.302207
190.625		0.302207
190.75		0.302207
190.875		0.302207
191		0.302207
191.125		0.302207
191.25		0.302207
191.375		0.302207
191.5		0.302207
191.625		0.302207
191.75		0.302207
191.875		0.302207
192		0.302207
192.125		0.302207
192.25		0.302207
192.375		0.302207
192.5		0.302207
192.625		0.302207
192.75		0.302207
192.875		0.302207
193		0.302207
193.125		0.302207
193.25		0.302207
193.375		0.302207
193.5		0.302207
193.625		0.302207
193.75		0.302207
193.875		0.302207
194		0.302207
194.125		0.302207
194.25		0.302207
194.375		0.302207
194.5		0.302207
194.625		0.302207
194.75		0.302207
194.875		0.302207
195		0.302207
195.125		0.319185
195.25		0.319185
195.375		0.319185
195.5		0.319185
195.625		0.319185
195.75		0.319185
195.875		0.319185
196		0.319185
196.125		0.319185
196.25		0.319185
196.375		0.319185
196.5		0.319185
196.625		0.319185
196.75		0.319185
196.875		0.319185
197		0.319185
197.125		0.319185
197.25		0.319185
197.375		0.319185
197.5		0.319185
197.625		0.319185
197.75		0.319185
197.875		0.319185
198		0.319185
198.125		0.319185
198.25		0.319185
198.375		0.319185
198.5		0.319185
198.625		0.319185
198.75		0.319185
198.875		0.319185
199		0.319185
199.125		0.319185
199.25		0.319185
199.375		0.319185
199.5		0.319185
199.625		0.319185
199.75		0.319185
199.875		0.319185
200		0.319185
200.125		0.319185
200.25		0.319185
200.375		0.319185
200.5		0.319185
200.625		0.319185
200.75		0.319185
200.875		0.319185
201		0.319185
201.125		0.319185
201.25		0.319185
201.375		0.319185
201.5		0.319185
201.625		0.319185
201.75		0.319185
201.875		0.319185
202		0.319185
202.125		0.319185
202.25		0.319185
202.375		0.319185
202.5		0.319185
202.625		0.319185
202.75		0.319185
202.875		0.319185
203		0.319185
203.125		0.319185
203.25		0.319185
203.375		0.319185
203.5		0.319185
203.625		0.319185
203.75		0.319185
203.875		0.319185
204		0.319185
204.125		0.319185
204.25		0.319185
204.375		0.319185
204.5		0.319185
204.625		0.319185
204.75		0.319185
204.875		0.319185
205		0.319185
205.125		0.336163
205.25		0.336163
205.375		0.336163
205.5		0.336163
205.625		0.336163
205.75		0.336163
205.875		0.336163
206		0.336163
206.125		0.336163
206.25		0.336163
206.375		0.336163
206.5		0.336163
206.625		0.336163
206.75		0.336163
206.875		0.336163
207		0.336163
207.125		0.336163
207.25		0.336163
207.375		0.336163
207.5		0.336163
207.625		0.336163
207.75		0.336163
207.875		0.336163
208		0.336163
208.125		0.336163
208.25		0.336163
208.375		0.336163
208.5		0.336163
208.625		0.336163
208.75		0.336163
208.875		0.336163
209		0.336163
209.125		0.336163
209.25		0.336163
209.375		0.336163
209.5		0.336163
209.625		0.336163
209.75		0.336163
209.875		0.336163
210		0.336163
210.125		0.36163
210.25		0.36163
210.375		0.36163
210.5		0.36163
210.625		0.36163
210.75		0.36163
210.875		0.36163
211		0.36163
211.125		0.36163
211.25		0.36163
211.375		0.36163
211.5		0.36163
211.625		0.36163
211.75		0.36163
211.875		0.36163
212		0.36163
212.125		0.36163
212.25		0.36163
212.375		0.36163
212.5		0.36163
212.625		0.36163
212.75		0.36163
212.875		0.36163
213		0.36163
213.125		0.36163
213.25		0.36163
213.375		0.36163
213.5		0.36163
213.625		0.36163
213.75		0.36163
213.875		0.36163
214		0.36163
214.125		0.36163
214.25		0.36163
214.375		0.36163
214.5		0.36163
214.625		0.36163
214.75		0.36163
214.875		0.36163
215		0.36163
215.125		0.368421
215.25		0.368421
215.375		0.368421
215.5		0.368421
215.625		0.368421
215.75		0.368421
215.875		0.368421
216		0.368421
216.125		0.368421
216.25		0.368421
216.375		0.368421
216.5		0.368421
216.625		0.368421
216.75		0.368421
216.875		0.368421
217		0.368421
217.125		0.368421
217.25		0.368421
217.375		0.368421
217.5		0.368421
217.625		0.368421
217.75		0.368421
217.875		0.368421
218		0.368421
218.125		0.368421
218.25		0.368421
218.375		0.368421
218.5		0.368421
218.625		0.368421
218.75		0.368421
218.875		0.368421
219		0.368421
219.125		0.368421
219.25		0.368421
219.375		0.368421
219.5		0.368421
219.625		0.368421
219.75		0.368421
219.875		0.368421
220		0.368421
220.125		0.368421
220.25		0.368421
220.375		0.368421
220.5		0.368421
220.625		0.368421
220.75		0.368421
220.875		0.368421
221		0.368421
221.125		0.368421
221.25		0.368421
221.375		0.368421
221.5		0.368421
221.625		0.368421
221.75		0.368421
221.875		0.368421
222		0.368421
222.125		0.368421
222.25		0.368421
222.375		0.368421
222.5		0.368421
222.625		0.368421
222.75		0.368421
222.875		0.368421
223		0.368421
223.125		0.368421
223.25		0.368421
223.375		0.368421
223.5		0.368421
223.625		0.368421
223.75		0.368421
223.875		0.368421
224		0.368421
224.125		0.368421
224.25		0.368421
224.375		0.368421
224.5		0.368421
224.625		0.368421
224.75		0.368421
224.875		0.368421
225		0.368421
225.125		0.380306
225.25		0.380306
225.375		0.380306
225.5		0.380306
225.625		0.380306
225.75		0.380306
225.875		0.380306
226		0.380306
226.125		0.380306
226.25		0.380306
226.375		0.380306
226.5		0.380306
226.625		0.380306
226.75		0.380306
226.875		0.380306
227		0.380306
227.125		0.380306
227.25		0.380306
227.375		0.380306
227.5		0.380306
227.625		0.380306
227.75		0.380306
227.875		0.380306
228		0.380306
228.125		0.380306
228.25		0.380306
228.375		0.380306
228.5		0.380306
228.625		0.380306
228.75		0.380306
228.875		0.380306
229		0.380306
229.125		0.380306
229.25		0.380306
229.375		0.380306
229.5		0.380306
229.625		0.380306
229.75		0.380306
229.875		0.380306
230		0.380306
230.125		0.400679
230.25		0.400679
230.375		0.400679
230.5		0.400679
230.625		0.400679
230.75		0.400679
230.875		0.400679
231		0.400679
231.125		0.400679
231.25		0.400679
231.375		0.400679
231.5		0.400679
231.625		0.400679
231.75		0.400679
231.875		0.400679
232		0.400679
232.125		0.400679
232.25		0.400679
232.375		0.400679
232.5		0.400679
232.625		0.400679
232.75		0.400679
232.875		0.400679
233		0.400679
233.125		0.400679
233.25		0.400679
233.375		0.400679
233.5		0.400679
233.625		0.400679
233.75		0.400679
233.875		0.400679
234		0.400679
234.125		0.400679
234.25		0.400679
234.375		0.400679
234.5		0.400679
234.625		0.400679
234.75		0.400679
234.875		0.400679
235		0.400679
235.125		0.40747
235.25		0.40747
235.375		0.40747
235.5		0.40747
235.625		0.40747
235.75		0.40747
235.875		0.40747
236		0.40747
236.125		0.40747
236.25		0.40747
236.375		0.40747
236.5		0.40747
236.625		0.40747
236.75		0.40747
236.875		0.40747
237		0.40747
237.125		0.40747
237.25		0.40747
237.375		0.40747
237.5		0.40747
237.625		0.40747
237.75		0.40747
237.875		0.40747
238		0.40747
238.125		0.40747
238.25		0.40747
238.375		0.40747
238.5		0.40747
238.625		0.40747
238.75		0.40747
238.875		0.40747
239		0.40747
239.125		0.40747
239.25		0.40747
239.375		0.40747
239.5		0.40747
239.625		0.40747
239.75		0.40747
239.875		0.40747
240		0.40747
240.125		0.42275
240.25		0.42275
240.375		0.42275
240.5		0.42275
240.625		0.42275
240.75		0.42275
240.875		0.42275
241		0.42275
241.125		0.42275
241.25		0.42275
241.375		0.42275
241.5		0.42275
241.625		0.42275
241.75		0.42275
241.875		0.42275
242		0.42275
242.125		0.42275
242.25		0.42275
242.375		0.42275
242.5		0.42275
242.625		0.42275
242.75		0.42275
242.875		0.42275
243		0.42275
243.125		0.42275
243.25		0.42275
243.375		0.42275
243.5		0.42275
243.625		0.42275
243.75		0.42275
243.875		0.42275
244		0.42275
244.125		0.42275
244.25		0.42275
244.375		0.42275
244.5		0.42275
244.625		0.42275
244.75		0.42275
244.875		0.42275
245		0.42275
245.125		0.424448
245.25		0.424448
245.375		0.424448
245.5		0.424448
245.625		0.424448
245.75		0.424448
245.875		0.424448
246		0.424448
246.125		0.424448
246.25		0.424448
246.375		0.424448
246.5		0.424448
246.625		0.424448
246.75		0.424448
246.875		0.424448
247		0.424448
247.125		0.424448
247.25		0.424448
247.375		0.424448
247.5		0.424448
247.625		0.424448
247.75		0.424448
247.875		0.424448
248		0.424448
248.125		0.424448
248.25		0.424448
248.375		0.424448
248.5		0.424448
248.625		0.424448
248.75		0.424448
248.875		0.424448
249		0.424448
249.125		0.424448
249.25		0.424448
249.375		0.424448
249.5		0.424448
249.625		0.424448
249.75		0.424448
249.875		0.424448
250		0.424448
250.125		0.455008
250.25		0.455008
250.375		0.455008
250.5		0.455008
250.625		0.455008
250.75		0.455008
250.875		0.455008
251		0.455008
251.125		0.455008
251.25		0.455008
251.375		0.455008
251.5		0.455008
251.625		0.455008
251.75		0.455008
251.875		0.455008
252		0.455008
252.125		0.455008
252.25		0.455008
252.375		0.455008
252.5		0.455008
252.625		0.455008
252.75		0.455008
252.875		0.455008
253		0.455008
253.125		0.455008
253.25		0.455008
253.375		0.455008
253.5		0.455008
253.625		0.455008
253.75		0.455008
253.875		0.455008
254		0.455008
254.125		0.455008
254.25		0.455008
254.375		0.455008
254.5		0.455008
254.625		0.455008
254.75		0.455008
254.875		0.455008
255		0.455008
255.125		0.456706
255.25		0.456706
255.375		0.456706
255.5		0.456706
255.625		0.456706
255.75		0.456706
255.875		0.456706
256		0.456706
256.125		0.456706
256.25		0.456706
256.375		0.456706
256.5		0.456706
256.625		0.456706
256.75		0.456706
256.875		0.456706
257		0.456706
257.125		0.456706
257.25		0.456706
257.375		0.456706
257.5		0.456706
257.625		0.456706
257.75		0.456706
257.875		0.456706
258		0.456706
258.125		0.456706
258.25		0.456706
258.375		0.456706
258.5		0.456706
258.625		0.456706
258.75		0.456706
258.875		0.456706
259		0.456706
259.125		0.456706
259.25		0.456706
259.375		0.456706
259.5		0.456706
259.625		0.456706
259.75		0.456706
259.875		0.456706
260		0.456706
260.125		0.47708
260.25		0.47708
260.375		0.47708
260.5		0.47708
260.625		0.47708
260.75		0.47708
260.875		0.47708
261		0.47708
261.125		0.47708
261.25		0.47708
261.375		0.47708
261.5		0.47708
261.625		0.47708
261.75		0.47708
261.875		0.47708
262		0.47708
262.125		0.47708
262.25		0.47708
262.375		0.47708
262.5		0.47708
262.625		0.47708
262.75		0.47708
262.875		0.47708
263		0.47708
263.125		0.47708
263.25		0.47708
263.375		0.47708
263.5		0.47708
263.625		0.47708
263.75		0.47708
263.875		0.47708
264		0.47708
264.125		0.47708
264.25		0.47708
264.375		0.47708
264.5		0.47708
264.625		0.47708
264.75		0.47708
264.875		0.47708
265		0.47708
265.125		0.47708
265.25		0.47708
265.375		0.47708
265.5		0.47708
265.625		0.47708
265.75		0.47708
265.875		0.47708
266		0.47708
266.125		0.47708
266.25		0.47708
266.375		0.47708
266.5		0.47708
266.625		0.47708
266.75		0.47708
266.875		0.47708
267		0.47708
267.125		0.47708
267.25		0.47708
267.375		0.47708
267.5		0.47708
267.625		0.47708
267.75		0.47708
267.875		0.47708
268		0.47708
268.125		0.47708
268.25		0.47708
268.375		0.47708
268.5		0.47708
268.625		0.47708
268.75		0.47708
268.875		0.47708
269		0.47708
269.125		0.47708
269.25		0.47708
269.375		0.47708
269.5		0.47708
269.625		0.47708
269.75		0.47708
269.875		0.47708
270		0.47708
270.125		0.494058
270.25		0.494058
270.375		0.494058
270.5		0.494058
270.625		0.494058
270.75		0.494058
270.875		0.494058
271		0.494058
271.125		0.494058
271.25		0.494058
271.375		0.494058
271.5		0.494058
271.625		0.494058
271.75		0.494058
271.875		0.494058
272		0.494058
272.125		0.494058
272.25		0.494058
272.375		0.494058
272.5		0.494058
272.625		0.494058
272.75		0.494058
272.875		0.494058
273		0.494058
273.125		0.494058
273.25		0.494058
273.375		0.494058
273.5		0.494058
273.625		0.494058
273.75		0.494058
273.875		0.494058
274		0.494058
274.125		0.494058
274.25		0.494058
274.375		0.494058
274.5		0.494058
274.625		0.494058
274.75		0.494058
274.875		0.494058
275		0.494058
275.125		0.502547
275.25		0.502547
275.375		0.502547
275.5		0.502547
275.625		0.502547
275.75		0.502547
275.875		0.502547
276		0.502547
276.125		0.502547
276.25		0.502547
276.375		0.502547
276.5		0.502547
276.625		0.502547
276.75		0.502547
276.875		0.502547
277		0.502547
277.125		0.502547
277.25		0.502547
277.375		0.502547
277.5		0.502547
277.625		0.502547
277.75		0.502547
277.875		0.502547
278		0.502547
278.125		0.502547
278.25		0.502547
278.375		0.502547
278.5		0.502547
278.625		0.502547
278.75		0.502547
278.875		0.502547
279		0.502547
279.125		0.502547
279.25		0.502547
279.375		0.502547
279.5		0.502547
279.625		0.502547
279.75		0.502547
279.875		0.502547
280		0.502547
280.125		0.502547
280.25		0.502547
280.375		0.502547
280.5		0.502547
280.625		0.502547
280.75		0.502547
280.875		0.502547
281		0.502547
281.125		0.502547
281.25		0.502547
281.375		0.502547
281.5		0.502547
281.625		0.502547
281.75		0.502547
281.875		0.502547
282		0.502547
282.125		0.502547
282.25		0.502547
282.375		0.502547
282.5		0.502547
282.625		0.502547
282.75		0.502547
282.875		0.502547
283		0.502547
283.125		0.502547
283.25		0.502547
283.375		0.502547
283.5		0.502547
283.625		0.502547
283.75		0.502547
283.875		0.502547
284		0.502547
284.125		0.502547
284.25		0.502547
284.375		0.502547
284.5		0.502547
284.625		0.502547
284.75		0.502547
284.875		0.502547
285		0.502547
285.125		0.512733
285.25		0.512733
285.375		0.512733
285.5		0.512733
285.625		0.512733
285.75		0.512733
285.875		0.512733
286		0.512733
286.125		0.512733
286.25		0.512733
286.375		0.512733
286.5		0.512733
286.625		0.512733
286.75		0.512733
286.875		0.512733
287		0.512733
287.125		0.512733
287.25		0.512733
287.375		0.512733
287.5		0.512733
287.625		0.512733
287.75		0.512733
287.875		0.512733
288		0.512733
288.125		0.512733
288.25		0.512733
288.375		0.512733
288.5		0.512733
288.625		0.512733
288.75		0.512733
288.875		0.512733
289		0.512733
289.125		0.512733
289.25		0.512733
289.375		0.512733
289.5		0.512733
289.625		0.512733
289.75		0.512733
289.875		0.512733
290		0.512733
290.125		0.536503
290.25		0.536503
290.375		0.536503
290.5		0.536503
290.625		0.536503
290.75		0.536503
290.875		0.536503
291		0.536503
291.125		0.536503
291.25		0.536503
291.375		0.536503
291.5		0.536503
291.625		0.536503
291.75		0.536503
291.875		0.536503
292		0.536503
292.125		0.536503
292.25		0.536503
292.375		0.536503
292.5		0.536503
292.625		0.536503
292.75		0.536503
292.875		0.536503
293		0.536503
293.125		0.536503
293.25		0.536503
293.375		0.536503
293.5		0.536503
293.625		0.536503
293.75		0.536503
293.875		0.536503
294		0.536503
294.125		0.536503
294.25		0.536503
294.375		0.536503
294.5		0.536503
294.625		0.536503
294.75		0.536503
294.875		0.536503
295		0.536503
295.125		0.558574
295.25		0.558574
295.375		0.558574
295.5		0.558574
295.625		0.558574
295.75		0.558574
295.875		0.558574
296		0.558574
296.125		0.558574
296.25		0.558574
296.375		0.558574
296.5		0.558574
296.625		0.558574
296.75		0.558574
296.875		0.558574
297		0.558574
297.125		0.558574
297.25		0.558574
297.375		0.558574
297.5		0.558574
297.625		0.558574
297.75		0.558574
297.875		0.558574
298		0.558574
298.125		0.558574
298.25		0.558574
298.375		0.558574
298.5		0.558574
298.625		0.558574
298.75		0.558574
298.875		0.558574
299		0.558574
299.125		0.558574
299.25		0.558574
299.375		0.558574
299.5		0.558574
299.625		0.558574
299.75		0.558574
299.875		0.558574
300		0.558574
300.125		0.561969
300.25		0.561969
300.375		0.561969
300.5		0.561969
300.625		0.561969
300.75		0.561969
300.875		0.561969
301		0.561969
301.125		0.561969
301.25		0.561969
301.375		0.561969
301.5		0.561969
301.625		0.561969
301.75		0.561969
301.875		0.561969
302		0.561969
302.125		0.561969
302.25		0.561969
302.375		0.561969
302.5		0.561969
302.625		0.561969
302.75		0.561969
302.875		0.561969
303		0.561969
303.125		0.561969
303.25		0.561969
303.375		0.561969
303.5		0.561969
303.625		0.561969
303.75		0.561969
303.875		0.561969
304		0.561969
304.125		0.561969
304.25		0.561969
304.375		0.561969
304.5		0.561969
304.625		0.561969
304.75		0.561969
304.875		0.561969
305		0.561969
305.125		0.568761
305.25		0.568761
305.375		0.568761
305.5		0.568761
305.625		0.568761
305.75		0.568761
305.875		0.568761
306		0.568761
306.125		0.568761
306.25		0.568761
306.375		0.568761
306.5		0.568761
306.625		0.568761
306.75		0.568761
306.875		0.568761
307		0.568761
307.125		0.568761
307.25		0.568761
307.375		0.568761
307.5		0.568761
307.625		0.568761
307.75		0.568761
307.875		0.568761
308		0.568761
308.125		0.568761
308.25		0.568761
308.375		0.568761
308.5		0.568761
308.625		0.568761
308.75		0.568761
308.875		0.568761
309		0.568761
309.125		0.568761
309.25		0.568761
309.375		0.568761
309.5		0.568761
309.625		0.568761
309.75		0.568761
309.875		0.568761
310		0.568761
310.125		0.590832
310.25		0.590832
310.375		0.590832
310.5		0.590832
310.625		0.590832
310.75		0.590832
310.875		0.590832
311		0.590832
311.125		0.590832
311.25		0.590832
311.375		0.590832
311.5		0.590832
311.625		0.590832
311.75		0.590832
311.875		0.590832
312		0.590832
312.125		0.590832
312.25		0.590832
312.375		0.590832
312.5		0.590832
312.625		0.590832
312.75		0.590832
312.875		0.590832
313		0.590832
313.125		0.590832
313.25		0.590832
313.375		0.590832
313.5		0.590832
313.625		0.590832
313.75		0.590832
313.875		0.590832
314		0.590832
314.125		0.590832
314.25		0.590832
314.375		0.590832
314.5		0.590832
314.625		0.590832
314.75		0.590832
314.875		0.590832
315		0.590832
315.125		0.594228
315.25		0.594228
315.375		0.594228
315.5		0.594228
315.625		0.594228
315.75		0.594228
315.875		0.594228
316		0.594228
316.125		0.594228
316.25		0.594228
316.375		0.594228
316.5		0.594228
316.625		0.594228
316.75		0.594228
316.875		0.594228
317		0.594228
317.125		0.594228
317.25		0.594228
317.375		0.594228
317.5		0.594228
317.625		0.594228
317.75		0.594228
317.875		0.594228
318		0.594228
318.125		0.594228
318.25		0.594228
318.375		0.594228
318.5		0.594228
318.625		0.594228
318.75		0.594228
318.875		0.594228
319		0.594228
319.125		0.594228
319.25		0.594228
319.375		0.594228
319.5		0.594228
319.625		0.594228
319.75		0.594228
319.875		0.594228
320		0.594228
320.125		0.599321
320.25		0.599321
320.375		0.599321
320.5		0.599321
320.625		0.599321
320.75		0.599321
320.875		0.599321
321		0.599321
321.125		0.599321
321.25		0.599321
321.375		0.599321
321.5		0.599321
321.625		0.599321
321.75		0.599321
321.875		0.599321
322		0.599321
322.125		0.599321
322.25		0.599321
322.375		0.599321
322.5		0.599321
322.625		0.599321
322.75		0.599321
322.875		0.599321
323		0.599321
323.125		0.599321
323.25		0.599321
323.375		0.599321
323.5		0.599321
323.625		0.599321
323.75		0.599321
323.875		0.599321
324		0.599321
324.125		0.599321
324.25		0.599321
324.375		0.599321
324.5		0.599321
324.625		0.599321
324.75		0.599321
324.875		0.599321
325		0.599321
325.125		0.611205
325.25		0.611205
325.375		0.611205
325.5		0.611205
325.625		0.611205
325.75		0.611205
325.875		0.611205
326		0.611205
326.125		0.611205
326.25		0.611205
326.375		0.611205
326.5		0.611205
326.625		0.611205
326.75		0.611205
326.875		0.611205
327		0.611205
327.125		0.611205
327.25		0.611205
327.375		0.611205
327.5		0.611205
327.625		0.611205
327.75		0.611205
327.875		0.611205
328		0.611205
328.125		0.611205
328.25		0.611205
328.375		0.611205
328.5		0.611205
328.625		0.611205
328.75		0.611205
328.875		0.611205
329		0.611205
329.125		0.611205
329.25		0.611205
329.375		0.611205
329.5		0.611205
329.625		0.611205
329.75		0.611205
329.875		0.611205
330		0.611205
330.125		0.612903
330.25		0.612903
330.375		0.612903
330.5		0.612903
330.625		0.612903
330.75		0.612903
330.875		0.612903
331		0.612903
331.125		0.612903
331.25		0.612903
331.375		0.612903
331.5		0.612903
331.625		0.612903
331.75		0.612903
331.875		0.612903
332		0.612903
332.125		0.612903
332.25		0.612903
332.375		0.612903
332.5		0.612903
332.625		0.612903
332.75		0.612903
332.875		0.612903
333		0.612903
333.125		0.612903
333.25		0.612903
333.375		0.612903
333.5		0.612903
333.625		0.612903
333.75		0.612903
333.875		0.612903
334		0.612903
334.125		0.612903
334.25		0.612903
334.375		0.612903
334.5		0.612903
334.625		0.612903
334.75		0.612903
334.875		0.612903
335		0.612903
335.125		0.628183
335.25		0.628183
335.375		0.628183
335.5		0.628183
335.625		0.628183
335.75		0.628183
335.875		0.628183
336		0.628183
336.125		0.628183
336.25		0.628183
336.375		0.628183
336.5		0.628183
336.625		0.628183
336.75		0.628183
336.875		0.628183
337		0.628183
337.125		0.628183
337.25		0.628183
337.375		0.628183
337.5		0.628183
337.625		0.628183
337.75		0.628183
337.875		0.628183
338		0.628183
338.125		0.628183
338.25		0.628183
338.375		0.628183
338.5		0.628183
338.625		0.628183
338.75		0.628183
338.875		0.628183
339		0.628183
339.125		0.628183
339.25		0.628183
339.375		0.628183
339.5		0.628183
339.625		0.628183
339.75		0.628183
339.875		0.628183
340		0.628183
340.125		0.643463
340.25		0.643463
340.375		0.643463
340.5		0.643463
340.625		0.643463
340.75		0.643463
340.875		0.643463
341		0.643463
341.125		0.643463
341.25		0.643463
341.375		0.643463
341.5		0.643463
341.625		0.643463
341.75		0.643463
341.875		0.643463
342		0.643463
342.125		0.643463
342.25		0.643463
342.375		0.643463
342.5		0.643463
342.625		0.643463
342.75		0.643463
342.875		0.643463
343		0.643463
343.125		0.643463
343.25		0.643463
343.375		0.643463
343.5		0.643463
343.625		0.643463
343.75		0.643463
343.875		0.643463
344		0.643463
344.125		0.643463
344.25		0.643463
344.375		0.643463
344.5		0.643463
344.625		0.643463
344.75		0.643463
344.875		0.643463
345		0.643463
345.125		0.650255
345.25		0.650255
345.375		0.650255
345.5		0.650255
345.625		0.650255
345.75		0.650255
345.875		0.650255
346		0.650255
346.125		0.650255
346.25		0.650255
346.375		0.650255
346.5		0.650255
346.625		0.650255
346.75		0.650255
346.875		0.650255
347		0.650255
347.125		0.650255
347.25		0.650255
347.375		0.650255
347.5		0.650255
347.625		0.650255
347.75		0.650255
347.875		0.650255
348		0.650255
348.125		0.650255
348.25		0.650255
348.375		0.650255
348.5		0.650255
348.625		0.650255
348.75		0.650255
348.875		0.650255
349		0.650255
349.125		0.650255
349.25		0.650255
349.375		0.650255
349.5		0.650255
349.625		0.650255
349.75		0.650255
349.875		0.650255
350		0.650255
350.125		0.655348
350.25		0.655348
350.375		0.655348
350.5		0.655348
350.625		0.655348
350.75		0.655348
350.875		0.655348
351		0.655348
351.125		0.655348
351.25		0.655348
351.375		0.655348
351.5		0.655348
351.625		0.655348
351.75		0.655348
351.875		0.655348
352		0.655348
352.125		0.655348
352.25		0.655348
352.375		0.655348
352.5		0.655348
352.625		0.655348
352.75		0.655348
352.875		0.655348
353		0.655348
353.125		0.655348
353.25		0.655348
353.375		0.655348
353.5		0.655348
353.625		0.655348
353.75		0.655348
353.875		0.655348
354		0.655348
354.125		0.655348
354.25		0.655348
354.375		0.655348
354.5		0.655348
354.625		0.655348
354.75		0.655348
354.875		0.655348
355		0.655348
355.125		0.672326
355.25		0.672326
355.375		0.672326
355.5		0.672326
355.625		0.672326
355.75		0.672326
355.875		0.672326
356		0.672326
356.125		0.672326
356.25		0.672326
356.375		0.672326
356.5		0.672326
356.625		0.672326
356.75		0.672326
356.875		0.672326
357		0.672326
357.125		0.672326
357.25		0.672326
357.375		0.672326
357.5		0.672326
357.625		0.672326
357.75		0.672326
357.875		0.672326
358		0.672326
358.125		0.672326
358.25		0.672326
358.375		0.672326
358.5		0.672326
358.625		0.672326
358.75		0.672326
358.875		0.672326
359		0.672326
359.125		0.672326
359.25		0.672326
359.375		0.672326
359.5		0.672326
359.625		0.672326
359.75		0.672326
359.875		0.672326
360		0.672326
360.125		0.714771
360.25		0.714771
360.375		0.714771
360.5		0.714771
360.625		0.714771
360.75		0.714771
360.875		0.714771
361		0.714771
361.125		0.714771
361.25		0.714771
361.375		0.714771
361.5		0.714771
361.625		0.714771
361.75		0.714771
361.875		0.714771
362		0.714771
362.125		0.714771
362.25		0.714771
362.375		0.714771
362.5		0.714771
362.625		0.714771
362.75		0.714771
362.875		0.714771
363		0.714771
363.125		0.714771
363.25		0.714771
363.375		0.714771
363.5		0.714771
363.625		0.714771
363.75		0.714771
363.875		0.714771
364		0.714771
364.125		0.714771
364.25		0.714771
364.375		0.714771
364.5		0.714771
364.625		0.714771
364.75		0.714771
364.875		0.714771
365		0.714771
365.125		0.719864
365.25		0.719864
365.375		0.719864
365.5		0.719864
365.625		0.719864
365.75		0.719864
365.875		0.719864
366		0.719864
366.125		0.719864
366.25		0.719864
366.375		0.719864
366.5		0.719864
366.625		0.719864
366.75		0.719864
366.875		0.719864
367		0.719864
367.125		0.719864
367.25		0.719864
367.375		0.719864
367.5		0.719864
367.625		0.719864
367.75		0.719864
367.875		0.719864
368		0.719864
368.125		0.719864
368.25		0.719864
368.375		0.719864
368.5		0.719864
368.625		0.719864
368.75		0.719864
368.875		0.719864
369		0.719864
369.125		0.719864
369.25		0.719864
369.375		0.719864
369.5		0.719864
369.625		0.719864
369.75		0.719864
369.875		0.719864
370		0.719864
370.125		0.724958
370.25		0.724958
370.375		0.724958
370.5		0.724958
370.625		0.724958
370.75		0.724958
370.875		0.724958
371		0.724958
371.125		0.724958
371.25		0.724958
371.375		0.724958
371.5		0.724958
371.625		0.724958
371.75		0.724958
371.875		0.724958
372		0.724958
372.125		0.724958
372.25		0.724958
372.375		0.724958
372.5		0.724958
372.625		0.724958
372.75		0.724958
372.875		0.724958
373		0.724958
373.125		0.724958
373.25		0.724958
373.375		0.724958
373.5		0.724958
373.625		0.724958
373.75		0.724958
373.875		0.724958
374		0.724958
374.125		0.724958
374.25		0.724958
374.375		0.724958
374.5		0.724958
374.625		0.724958
374.75		0.724958
374.875		0.724958
375		0.724958
375.125		0.730051
375.25		0.730051
375.375		0.730051
375.5		0.730051
375.625		0.730051
375.75		0.730051
375.875		0.730051
376		0.730051
376.125		0.730051
376.25		0.730051
376.375		0.730051
376.5		0.730051
376.625		0.730051
376.75		0.730051
376.875		0.730051
377		0.730051
377.125		0.730051
377.25		0.730051
377.375		0.730051
377.5		0.730051
377.625		0.730051
377.75		0.730051
377.875		0.730051
378		0.730051
378.125		0.730051
378.25		0.730051
378.375		0.730051
378.5		0.730051
378.625		0.730051
378.75		0.730051
378.875		0.730051
379		0.730051
379.125		0.730051
379.25		0.730051
379.375		0.730051
379.5		0.730051
379.625		0.730051
379.75		0.730051
379.875		0.730051
380		0.730051
380.125		0.757216
380.25		0.757216
380.375		0.757216
380.5		0.757216
380.625		0.757216
380.75		0.757216
380.875		0.757216
381		0.757216
381.125		0.757216
381.25		0.757216
381.375		0.757216
381.5		0.757216
381.625		0.757216
381.75		0.757216
381.875		0.757216
382		0.757216
382.125		0.757216
382.25		0.757216
382.375		0.757216
382.5		0.757216
382.625		0.757216
382.75		0.757216
382.875		0.757216
383		0.757216
383.125		0.757216
383.25		0.757216
383.375		0.757216
383.5		0.757216
383.625		0.757216
383.75		0.757216
383.875		0.757216
384		0.757216
384.125		0.757216
384.25		0.757216
384.375		0.757216
384.5		0.757216
384.625		0.757216
384.75		0.757216
384.875		0.757216
385		0.757216
385.125		0.762309
385.25		0.762309
385.375		0.762309
385.5		0.762309
385.625		0.762309
385.75		0.762309
385.875		0.762309
386		0.762309
386.125		0.762309
386.25		0.762309
386.375		0.762309
386.5		0.762309
386.625		0.762309
386.75		0.762309
386.875		0.762309
387		0.762309
387.125		0.762309
387.25		0.762309
387.375		0.762309
387.5		0.762309
387.625		0.762309
387.75		0.762309
387.875		0.762309
388		0.762309
388.125		0.762309
388.25		0.762309
388.375		0.762309
388.5		0.762309
388.625		0.762309
388.75		0.762309
388.875		0.762309
389		0.762309
389.125		0.762309
389.25		0.762309
389.375		0.762309
389.5		0.762309
389.625		0.762309
389.75		0.762309
389.875		0.762309
390		0.762309
390.125		0.774194
390.25		0.774194
390.375		0.774194
390.5		0.774194
390.625		0.774194
390.75		0.774194
390.875		0.774194
391		0.774194
391.125		0.774194
391.25		0.774194
391.375		0.774194
391.5		0.774194
391.625		0.774194
391.75		0.774194
391.875		0.774194
392		0.774194
392.125		0.774194
392.25		0.774194
392.375		0.774194
392.5		0.774194
392.625		0.774194
392.75		0.774194
392.875		0.774194
393		0.774194
393.125		0.774194
393.25		0.774194
393.375		0.774194
393.5		0.774194
393.625		0.774194
393.75		0.774194
393.875		0.774194
394		0.774194
394.125		0.774194
394.25		0.774194
394.375		0.774194
394.5		0.774194
394.625		0.774194
394.75		0.774194
394.875		0.774194
395		0.774194
395.125		0.774194
395.25		0.774194
395.375		0.774194
395.5		0.774194
395.625		0.774194
395.75		0.774194
395.875		0.774194
396		0.774194
396.125		0.774194
396.25		0.774194
396.375		0.774194
396.5		0.774194
396.625		0.774194
396.75		0.774194
396.875		0.774194
397		0.774194
397.125		0.774194
397.25		0.774194
397.375		0.774194
397.5		0.774194
397.625		0.774194
397.75		0.774194
397.875		0.774194
398		0.774194
398.125		0.774194
398.25		0.774194
398.375		0.774194
398.5		0.774194
398.625		0.774194
398.75		0.774194
398.875		0.774194
399		0.774194
399.125		0.774194
399.25		0.774194
399.375		0.774194
399.5		0.774194
399.625		0.774194
399.75		0.774194
399.875		0.774194
400		0.774194
400.125		0.79966
400.25		0.79966
400.375		0.79966
400.5		0.79966
400.625		0.79966
400.75		0.79966
400.875		0.79966
401		0.79966
401.125		0.79966
401.25		0.79966
401.375		0.79966
401.5		0.79966
401.625		0.79966
401.75		0.79966
401.875		0.79966
402		0.79966
402.125		0.79966
402.25		0.79966
402.375		0.79966
402.5		0.79966
402.625		0.79966
402.75		0.79966
402.875		0.79966
403		0.79966
403.125		0.79966
403.25		0.79966
403.375		0.79966
403.5		0.79966
403.625		0.79966
403.75		0.79966
403.875		0.79966
404		0.79966
404.125		0.79966
404.25		0.79966
404.375		0.79966
404.5		0.79966
404.625		0.79966
404.75		0.79966
404.875		0.79966
405		0.79966
405.125		0.804754
405.25		0.804754
405.375		0.804754
405.5		0.804754
405.625		0.804754
405.75		0.804754
405.875		0.804754
406		0.804754
406.125		0.804754
406.25		0.804754
406.375		0.804754
406.5		0.804754
406.625		0.804754
406.75		0.804754
406.875		0.804754
407		0.804754
407.125		0.804754
407.25		0.804754
407.375		0.804754
407.5		0.804754
407.625		0.804754
407.75		0.804754
407.875		0.804754
408		0.804754
408.125		0.804754
408.25		0.804754
408.375		0.804754
408.5		0.804754
408.625		0.804754
408.75		0.804754
408.875		0.804754
409		0.804754
409.125		0.804754
409.25		0.804754
409.375		0.804754
409.5		0.804754
409.625		0.804754
409.75		0.804754
409.875		0.804754
410		0.804754
410.125		0.804754
410.25		0.804754
410.375		0.804754
410.5		0.804754
410.625		0.804754
410.75		0.804754
410.875		0.804754
411		0.804754
411.125		0.804754
411.25		0.804754
411.375		0.804754
411.5		0.804754
411.625		0.804754
411.75		0.804754
411.875		0.804754
412		0.804754
412.125		0.804754
412.25		0.804754
412.375		0.804754
412.5		0.804754
412.625		0.804754
412.75		0.804754
412.875		0.804754
413		0.804754
413.125		0.804754
413.25		0.804754
413.375		0.804754
413.5		0.804754
413.625		0.804754
413.75		0.804754
413.875		0.804754
414		0.804754
414.125		0.804754
414.25		0.804754
414.375		0.804754
414.5		0.804754
414.625		0.804754
414.75		0.804754
414.875		0.804754
415		0.804754
415.125		0.811545
415.25		0.811545
415.375		0.811545
415.5		0.811545
415.625		0.811545
415.75		0.811545
415.875		0.811545
416		0.811545
416.125		0.811545
416.25		0.811545
416.375		0.811545
416.5		0.811545
416.625		0.811545
416.75		0.811545
416.875		0.811545
417		0.811545
417.125		0.811545
417.25		0.811545
417.375		0.811545
417.5		0.811545
417.625		0.811545
417.75		0.811545
417.875		0.811545
418		0.811545
418.125		0.811545
418.25		0.811545
418.375		0.811545
418.5		0.811545
418.625		0.811545
418.75		0.811545
418.875		0.811545
419		0.811545
419.125		0.811545
419.25		0.811545
419.375		0.811545
419.5		0.811545
419.625		0.811545
419.75		0.811545
419.875		0.811545
420		0.811545
420.125		0.842105
420.25		0.842105
420.375		0.842105
420.5		0.842105
420.625		0.842105
420.75		0.842105
420.875		0.842105
421		0.842105
421.125		0.842105
421.25		0.842105
421.375		0.842105
421.5		0.842105
421.625		0.842105
421.75		0.842105
421.875		0.842105
422		0.842105
422.125		0.842105
422.25		0.842105
422.375		0.842105
422.5		0.842105
422.625		0.842105
422.75		0.842105
422.875		0.842105
423		0.842105
423.125		0.842105
423.25		0.842105
423.375		0.842105
423.5		0.842105
423.625		0.842105
423.75		0.842105
423.875		0.842105
424		0.842105
424.125		0.842105
424.25		0.842105
424.375		0.842105
424.5		0.842105
424.625		0.842105
424.75		0.842105
424.875		0.842105
425		0.842105
425.125		0.850594
425.25		0.850594
425.375		0.850594
425.5		0.850594
425.625		0.850594
425.75		0.850594
425.875		0.850594
426		0.850594
426.125		0.850594
426.25		0.850594
426.375		0.850594
426.5		0.850594
426.625		0.850594
426.75		0.850594
426.875		0.850594
427		0.850594
427.125		0.850594
427.25		0.850594
427.375		0.850594
427.5		0.850594
427.625		0.850594
427.75		0.850594
427.875		0.850594
428		0.850594
428.125		0.850594
428.25		0.850594
428.375		0.850594
428.5		0.850594
428.625		0.850594
428.75		0.850594
428.875		0.850594
429		0.850594
429.125		0.850594
429.25		0.850594
429.375		0.850594
429.5		0.850594
429.625		0.850594
429.75		0.850594
429.875		0.850594
430		0.850594
430.125		0.855688
430.25		0.855688
430.375		0.855688
430.5		0.855688
430.625		0.855688
430.75		0.855688
430.875		0.855688
431		0.855688
431.125		0.855688
431.25		0.855688
431.375		0.855688
431.5		0.855688
431.625		0.855688
431.75		0.855688
431.875		0.855688
432		0.855688
432.125		0.855688
432.25		0.855688
432.375		0.855688
432.5		0.855688
432.625		0.855688
432.75		0.855688
432.875		0.855688
433		0.855688
433.125		0.855688
433.25		0.855688
433.375		0.855688
433.5		0.855688
433.625		0.855688
433.75		0.855688
433.875		0.855688
434		0.855688
434.125		0.855688
434.25		0.855688
434.375		0.855688
434.5		0.855688
434.625		0.855688
434.75		0.855688
434.875		0.855688
435		0.855688
435.125		0.865874
435.25		0.865874
435.375		0.865874
435.5		0.865874
435.625		0.865874
435.75		0.865874
435.875		0.865874
436		0.865874
436.125		0.865874
436.25		0.865874
436.375		0.865874
436.5		0.865874
436.625		0.865874
436.75		0.865874
436.875		0.865874
437		0.865874
437.125		0.865874
437.25		0.865874
437.375		0.865874
437.5		0.865874
437.625		0.865874
437.75		0.865874
437.875		0.865874
438		0.865874
438.125		0.865874
438.25		0.865874
438.375		0.865874
438.5		0.865874
438.625		0.865874
438.75		0.865874
438.875		0.865874
439		0.865874
439.125		0.865874
439.25		0.865874
439.375		0.865874
439.5		0.865874
439.625		0.865874
439.75		0.865874
439.875		0.865874
440		0.865874
440.125		0.876061
440.25		0.876061
440.375		0.876061
440.5		0.876061
440.625		0.876061
440.75		0.876061
440.875		0.876061
441		0.876061
441.125		0.876061
441.25		0.876061
441.375		0.876061
441.5		0.876061
441.625		0.876061
441.75		0.876061
441.875		0.876061
442		0.876061
442.125		0.876061
442.25		0.876061
442.375		0.876061
442.5		0.876061
442.625		0.876061
442.75		0.876061
442.875		0.876061
443		0.876061
443.125		0.876061
443.25		0.876061
443.375		0.876061
443.5		0.876061
443.625		0.876061
443.75		0.876061
443.875		0.876061
444		0.876061
444.125		0.876061
444.25		0.876061
444.375		0.876061
444.5		0.876061
444.625		0.876061
444.75		0.876061
444.875		0.876061
445		0.876061
445.125		0.886248
445.25		0.886248
445.375		0.886248
445.5		0.886248
445.625		0.886248
445.75		0.886248
445.875		0.886248
446		0.886248
446.125		0.886248
446.25		0.886248
446.375		0.886248
446.5		0.886248
446.625		0.886248
446.75		0.886248
446.875		0.886248
447		0.886248
447.125		0.886248
447.25		0.886248
447.375		0.886248
447.5		0.886248
447.625		0.886248
447.75		0.886248
447.875		0.886248
448		0.886248
448.125		0.886248
448.25		0.886248
448.375		0.886248
448.5		0.886248
448.625		0.886248
448.75		0.886248
448.875		0.886248
449		0.886248
449.125		0.886248
449.25		0.886248
449.375		0.886248
449.5		0.886248
449.625		0.886248
449.75		0.886248
449.875		0.886248
450		0.886248
450.125		0.887946
450.25		0.887946
450.375		0.887946
450.5		0.887946
450.625		0.887946
450.75		0.887946
450.875		0.887946
451		0.887946
451.125		0.887946
451.25		0.887946
451.375		0.887946
451.5		0.887946
451.625		0.887946
451.75		0.887946
451.875		0.887946
452		0.887946
452.125		0.887946
452.25		0.887946
452.375		0.887946
452.5		0.887946
452.625		0.887946
452.75		0.887946
452.875		0.887946
453		0.887946
453.125		0.887946
453.25		0.887946
453.375		0.887946
453.5		0.887946
453.625		0.887946
453.75		0.887946
453.875		0.887946
454		0.887946
454.125		0.887946
454.25		0.887946
454.375		0.887946
454.5		0.887946
454.625		0.887946
454.75		0.887946
454.875		0.887946
455		0.887946
455.125		0.89983
455.25		0.89983
455.375		0.89983
455.5		0.89983
455.625		0.89983
455.75		0.89983
455.875		0.89983
456		0.89983
456.125		0.89983
456.25		0.89983
456.375		0.89983
456.5		0.89983
456.625		0.89983
456.75		0.89983
456.875		0.89983
457		0.89983
457.125		0.89983
457.25		0.89983
457.375		0.89983
457.5		0.89983
457.625		0.89983
457.75		0.89983
457.875		0.89983
458		0.89983
458.125		0.89983
458.25		0.89983
458.375		0.89983
458.5		0.89983
458.625		0.89983
458.75		0.89983
458.875		0.89983
459		0.89983
459.125		0.89983
459.25		0.89983
459.375		0.89983
459.5		0.89983
459.625		0.89983
459.75		0.89983
459.875		0.89983
460		0.89983
460.125		0.911715
460.25		0.911715
460.375		0.911715
460.5		0.911715
460.625		0.911715
460.75		0.911715
460.875		0.911715
461		0.911715
461.125		0.911715
461.25		0.911715
461.375		0.911715
461.5		0.911715
461.625		0.911715
461.75		0.911715
461.875		0.911715
462		0.911715
462.125		0.911715
462.25		0.911715
462.375		0.911715
462.5		0.911715
462.625		0.911715
462.75		0.911715
462.875		0.911715
463		0.911715
463.125		0.911715
463.25		0.911715
463.375		0.911715
463.5		0.911715
463.625		0.911715
463.75		0.911715
463.875		0.911715
464		0.911715
464.125		0.911715
464.25		0.911715
464.375		0.911715
464.5		0.911715
464.625		0.911715
464.75		0.911715
464.875		0.911715
465		0.911715
465.125		0.950764
465.25		0.950764
465.375		0.950764
465.5		0.950764
465.625		0.950764
465.75		0.950764
465.875		0.950764
466		0.950764
466.125		0.950764
466.25		0.950764
466.375		0.950764
466.5		0.950764
466.625		0.950764
466.75		0.950764
466.875		0.950764
467		0.950764
467.125		0.950764
467.25		0.950764
467.375		0.950764
467.5		0.950764
467.625		0.950764
467.75		0.950764
467.875		0.950764
468		0.950764
468.125		0.950764
468.25		0.950764
468.375		0.950764
468.5		0.950764
468.625		0.950764
468.75		0.950764
468.875		0.950764
469		0.950764
469.125		0.950764
469.25		0.950764
469.375		0.950764
469.5		0.950764
469.625		0.950764
469.75		0.950764
469.875		0.950764
470		0.950764
470.125		0.952462
470.25		0.952462
470.375		0.952462
470.5		0.952462
470.625		0.952462
470.75		0.952462
470.875		0.952462
471		0.952462
471.125		0.952462
471.25		0.952462
471.375		0.952462
471.5		0.952462
471.625		0.952462
471.75		0.952462
471.875		0.952462
472		0.952462
472.125		0.952462
472.25		0.952462
472.375		0.952462
472.5		0.952462
472.625		0.952462
472.75		0.952462
472.875		0.952462
473		0.952462
473.125		0.952462
473.25		0.952462
473.375		0.952462
473.5		0.952462
473.625		0.952462
473.75		0.952462
473.875		0.952462
474		0.952462
474.125		0.952462
474.25		0.952462
474.375		0.952462
474.5		0.952462
474.625		0.952462
474.75		0.952462
474.875		0.952462
475		0.952462
475.125		0.966044
475.25		0.966044
475.375		0.966044
475.5		0.966044
475.625		0.966044
475.75		0.966044
475.875		0.966044
476		0.966044
476.125		0.966044
476.25		0.966044
476.375		0.966044
476.5		0.966044
476.625		0.966044
476.75		0.966044
476.875		0.966044
477		0.966044
477.125		0.966044
477.25		0.966044
477.375		0.966044
477.5		0.966044
477.625		0.966044
477.75		0.966044
477.875		0.966044
478		0.966044
478.125		0.966044
478.25		0.966044
478.375		0.966044
478.5		0.966044
478.625		0.966044
478.75		0.966044
478.875		0.966044
479		0.966044
479.125		0.966044
479.25		0.966044
479.375		0.966044
479.5		0.966044
479.625		0.966044
479.75		0.966044
479.875		0.966044
480		0.966044
480.125		0.974533
480.25		0.974533
480.375		0.974533
480.5		0.974533
480.625		0.974533
480.75		0.974533
480.875		0.974533
481		0.974533
481.125		0.974533
481.25		0.974533
481.375		0.974533
481.5		0.974533
481.625		0.974533
481.75		0.974533
481.875		0.974533
482		0.974533
482.125		0.974533
482.25		0.974533
482.375		0.974533
482.5		0.974533
482.625		0.974533
482.75		0.974533
482.875		0.974533
483		0.974533
483.125		0.974533
483.25		0.974533
483.375		0.974533
483.5		0.974533
483.625		0.974533
483.75		0.974533
483.875		0.974533
484		0.974533
484.125		0.974533
484.25		0.974533
484.375		0.974533
484.5		0.974533
484.625		0.974533
484.75		0.974533
484.875		0.974533
485		0.974533
485.125		0.979626
485.25		0.979626
485.375		0.979626
485.5		0.979626
485.625		0.979626
485.75		0.979626
485.875		0.979626
486		0.979626
486.125		0.979626
486.25		0.979626
486.375		0.979626
486.5		0.979626
486.625		0.979626
486.75		0.979626
486.875		0.979626
487		0.979626
487.125		0.979626
487.25		0.979626
487.375		0.979626
487.5		0.979626
487.625		0.979626
487.75		0.979626
487.875		0.979626
488		0.979626
488.125		0.979626
488.25		0.979626
488.375		0.979626
488.5		0.979626
488.625		0.979626
488.75		0.979626
488.875		0.979626
489		0.979626
489.125		0.979626
489.25		0.979626
489.375		0.979626
489.5		0.979626
489.625		0.979626
489.75		0.979626
489.875		0.979626
490		0.979626
490.125		0.981324
490.25		0.981324
490.375		0.981324
490.5		0.981324
490.625		0.981324
490.75		0.981324
490.875		0.981324
491		0.981324
491.125		0.981324
491.25		0.981324
491.375		0.981324
491.5		0.981324
491.625		0.981324
491.75		0.981324
491.875		0.981324
492		0.981324
492.125		0.981324
492.25		0.981324
492.375		0.981324
492.5		0.981324
492.625		0.981324
492.75		0.981324
492.875		0.981324
493		0.981324
493.125		0.981324
493.25		0.981324
493.375		0.981324
493.5		0.981324
493.625		0.981324
493.75		0.981324
493.875		0.981324
494		0.981324
494.125		0.981324
494.25		0.981324
494.375		0.981324
494.5		0.981324
494.625		0.981324
494.75		0.981324
494.875		0.981324
495		0.981324
495.125		1
495.25		1
495.375		1
495.5		1
495.625		1
495.75		1
495.875		1
496		1
496.125		1
496.25		1
496.375		1
496.5		1
496.625		1
496.75		1
496.875		1
497		1
497.125		1
497.25		1
497.375		1
497.5		1
497.625		1
497.75		1
497.875		1
498		1
498.125		1
498.25		1
498.375		1
498.5		1
498.625		1
498.75		1
498.875		1
499		1
499.125		1
499.25		1
499.375		1
499.5		1
499.625		1
499.75		1
499.875		1
500		1
