# Calibration file of tamex_id 0 @ channel 8
# fine_T bin		 Calibration value
0.125		0
0.25		0
0.375		0
0.5		0
0.625		0
0.75		0
0.875		0
1		0
1.125		0
1.25		0
1.375		0
1.5		0
1.625		0
1.75		0
1.875		0
2		0
2.125		0
2.25		0
2.375		0
2.5		0
2.625		0
2.75		0
2.875		0
3		0
3.125		0
3.25		0
3.375		0
3.5		0
3.625		0
3.75		0
3.875		0
4		0
4.125		0
4.25		0
4.375		0
4.5		0
4.625		0
4.75		0
4.875		0
5		0
5.125		0
5.25		0
5.375		0
5.5		0
5.625		0
5.75		0
5.875		0
6		0
6.125		0
6.25		0
6.375		0
6.5		0
6.625		0
6.75		0
6.875		0
7		0
7.125		0
7.25		0
7.375		0
7.5		0
7.625		0
7.75		0
7.875		0
8		0
8.125		0
8.25		0
8.375		0
8.5		0
8.625		0
8.75		0
8.875		0
9		0
9.125		0
9.25		0
9.375		0
9.5		0
9.625		0
9.75		0
9.875		0
10		0
10.125		0
10.25		0
10.375		0
10.5		0
10.625		0
10.75		0
10.875		0
11		0
11.125		0
11.25		0
11.375		0
11.5		0
11.625		0
11.75		0
11.875		0
12		0
12.125		0
12.25		0
12.375		0
12.5		0
12.625		0
12.75		0
12.875		0
13		0
13.125		0
13.25		0
13.375		0
13.5		0
13.625		0
13.75		0
13.875		0
14		0
14.125		0
14.25		0
14.375		0
14.5		0
14.625		0
14.75		0
14.875		0
15		0
15.125		0
15.25		0
15.375		0
15.5		0
15.625		0
15.75		0
15.875		0
16		0
16.125		0
16.25		0
16.375		0
16.5		0
16.625		0
16.75		0
16.875		0
17		0
17.125		0
17.25		0
17.375		0
17.5		0
17.625		0
17.75		0
17.875		0
18		0
18.125		0
18.25		0
18.375		0
18.5		0
18.625		0
18.75		0
18.875		0
19		0
19.125		0
19.25		0
19.375		0
19.5		0
19.625		0
19.75		0
19.875		0
20		0
20.125		0
20.25		0
20.375		0
20.5		0
20.625		0
20.75		0
20.875		0
21		0
21.125		0
21.25		0
21.375		0
21.5		0
21.625		0
21.75		0
21.875		0
22		0
22.125		0
22.25		0
22.375		0
22.5		0
22.625		0
22.75		0
22.875		0
23		0
23.125		0
23.25		0
23.375		0
23.5		0
23.625		0
23.75		0
23.875		0
24		0
24.125		0
24.25		0
24.375		0
24.5		0
24.625		0
24.75		0
24.875		0
25		0
25.125		0
25.25		0
25.375		0
25.5		0
25.625		0
25.75		0
25.875		0
26		0
26.125		0
26.25		0
26.375		0
26.5		0
26.625		0
26.75		0
26.875		0
27		0
27.125		0
27.25		0
27.375		0
27.5		0
27.625		0
27.75		0
27.875		0
28		0
28.125		0
28.25		0
28.375		0
28.5		0
28.625		0
28.75		0
28.875		0
29		0
29.125		0
29.25		0
29.375		0
29.5		0
29.625		0
29.75		0
29.875		0
30		0
30.125		0
30.25		0
30.375		0
30.5		0
30.625		0
30.75		0
30.875		0
31		0
31.125		0
31.25		0
31.375		0
31.5		0
31.625		0
31.75		0
31.875		0
32		0
32.125		0
32.25		0
32.375		0
32.5		0
32.625		0
32.75		0
32.875		0
33		0
33.125		0
33.25		0
33.375		0
33.5		0
33.625		0
33.75		0
33.875		0
34		0
34.125		0
34.25		0
34.375		0
34.5		0
34.625		0
34.75		0
34.875		0
35		0
35.125		0
35.25		0
35.375		0
35.5		0
35.625		0
35.75		0
35.875		0
36		0
36.125		0
36.25		0
36.375		0
36.5		0
36.625		0
36.75		0
36.875		0
37		0
37.125		0
37.25		0
37.375		0
37.5		0
37.625		0
37.75		0
37.875		0
38		0
38.125		0
38.25		0
38.375		0
38.5		0
38.625		0
38.75		0
38.875		0
39		0
39.125		0
39.25		0
39.375		0
39.5		0
39.625		0
39.75		0
39.875		0
40		0
40.125		0
40.25		0
40.375		0
40.5		0
40.625		0
40.75		0
40.875		0
41		0
41.125		0
41.25		0
41.375		0
41.5		0
41.625		0
41.75		0
41.875		0
42		0
42.125		0
42.25		0
42.375		0
42.5		0
42.625		0
42.75		0
42.875		0
43		0
43.125		0
43.25		0
43.375		0
43.5		0
43.625		0
43.75		0
43.875		0
44		0
44.125		0
44.25		0
44.375		0
44.5		0
44.625		0
44.75		0
44.875		0
45		0
45.125		0
45.25		0
45.375		0
45.5		0
45.625		0
45.75		0
45.875		0
46		0
46.125		0
46.25		0
46.375		0
46.5		0
46.625		0
46.75		0
46.875		0
47		0
47.125		0
47.25		0
47.375		0
47.5		0
47.625		0
47.75		0
47.875		0
48		0
48.125		0
48.25		0
48.375		0
48.5		0
48.625		0
48.75		0
48.875		0
49		0
49.125		0
49.25		0
49.375		0
49.5		0
49.625		0
49.75		0
49.875		0
50		0
50.125		0
50.25		0
50.375		0
50.5		0
50.625		0
50.75		0
50.875		0
51		0
51.125		0
51.25		0
51.375		0
51.5		0
51.625		0
51.75		0
51.875		0
52		0
52.125		0
52.25		0
52.375		0
52.5		0
52.625		0
52.75		0
52.875		0
53		0
53.125		0
53.25		0
53.375		0
53.5		0
53.625		0
53.75		0
53.875		0
54		0
54.125		0
54.25		0
54.375		0
54.5		0
54.625		0
54.75		0
54.875		0
55		0
55.125		0
55.25		0
55.375		0
55.5		0
55.625		0
55.75		0
55.875		0
56		0
56.125		0
56.25		0
56.375		0
56.5		0
56.625		0
56.75		0
56.875		0
57		0
57.125		0
57.25		0
57.375		0
57.5		0
57.625		0
57.75		0
57.875		0
58		0
58.125		0
58.25		0
58.375		0
58.5		0
58.625		0
58.75		0
58.875		0
59		0
59.125		0
59.25		0
59.375		0
59.5		0
59.625		0
59.75		0
59.875		0
60		0
60.125		0
60.25		0
60.375		0
60.5		0
60.625		0
60.75		0
60.875		0
61		0
61.125		0
61.25		0
61.375		0
61.5		0
61.625		0
61.75		0
61.875		0
62		0
62.125		0
62.25		0
62.375		0
62.5		0
62.625		0
62.75		0
62.875		0
63		0
63.125		0
63.25		0
63.375		0
63.5		0
63.625		0
63.75		0
63.875		0
64		0
64.125		0
64.25		0
64.375		0
64.5		0
64.625		0
64.75		0
64.875		0
65		0
65.125		0
65.25		0
65.375		0
65.5		0
65.625		0
65.75		0
65.875		0
66		0
66.125		0
66.25		0
66.375		0
66.5		0
66.625		0
66.75		0
66.875		0
67		0
67.125		0
67.25		0
67.375		0
67.5		0
67.625		0
67.75		0
67.875		0
68		0
68.125		0
68.25		0
68.375		0
68.5		0
68.625		0
68.75		0
68.875		0
69		0
69.125		0
69.25		0
69.375		0
69.5		0
69.625		0
69.75		0
69.875		0
70		0
70.125		0
70.25		0
70.375		0
70.5		0
70.625		0
70.75		0
70.875		0
71		0
71.125		0
71.25		0
71.375		0
71.5		0
71.625		0
71.75		0
71.875		0
72		0
72.125		0
72.25		0
72.375		0
72.5		0
72.625		0
72.75		0
72.875		0
73		0
73.125		0
73.25		0
73.375		0
73.5		0
73.625		0
73.75		0
73.875		0
74		0
74.125		0
74.25		0
74.375		0
74.5		0
74.625		0
74.75		0
74.875		0
75		0
75.125		0
75.25		0
75.375		0
75.5		0
75.625		0
75.75		0
75.875		0
76		0
76.125		0
76.25		0
76.375		0
76.5		0
76.625		0
76.75		0
76.875		0
77		0
77.125		0
77.25		0
77.375		0
77.5		0
77.625		0
77.75		0
77.875		0
78		0
78.125		0
78.25		0
78.375		0
78.5		0
78.625		0
78.75		0
78.875		0
79		0
79.125		0
79.25		0
79.375		0
79.5		0
79.625		0
79.75		0
79.875		0
80		0
80.125		0
80.25		0
80.375		0
80.5		0
80.625		0
80.75		0
80.875		0
81		0
81.125		0
81.25		0
81.375		0
81.5		0
81.625		0
81.75		0
81.875		0
82		0
82.125		0
82.25		0
82.375		0
82.5		0
82.625		0
82.75		0
82.875		0
83		0
83.125		0
83.25		0
83.375		0
83.5		0
83.625		0
83.75		0
83.875		0
84		0
84.125		0
84.25		0
84.375		0
84.5		0
84.625		0
84.75		0
84.875		0
85		0
85.125		0
85.25		0
85.375		0
85.5		0
85.625		0
85.75		0
85.875		0
86		0
86.125		0
86.25		0
86.375		0
86.5		0
86.625		0
86.75		0
86.875		0
87		0
87.125		0
87.25		0
87.375		0
87.5		0
87.625		0
87.75		0
87.875		0
88		0
88.125		0
88.25		0
88.375		0
88.5		0
88.625		0
88.75		0
88.875		0
89		0
89.125		0
89.25		0
89.375		0
89.5		0
89.625		0
89.75		0
89.875		0
90		0
90.125		0
90.25		0
90.375		0
90.5		0
90.625		0
90.75		0
90.875		0
91		0
91.125		0
91.25		0
91.375		0
91.5		0
91.625		0
91.75		0
91.875		0
92		0
92.125		0
92.25		0
92.375		0
92.5		0
92.625		0
92.75		0
92.875		0
93		0
93.125		0
93.25		0
93.375		0
93.5		0
93.625		0
93.75		0
93.875		0
94		0
94.125		0
94.25		0
94.375		0
94.5		0
94.625		0
94.75		0
94.875		0
95		0
95.125		0
95.25		0
95.375		0
95.5		0
95.625		0
95.75		0
95.875		0
96		0
96.125		0
96.25		0
96.375		0
96.5		0
96.625		0
96.75		0
96.875		0
97		0
97.125		0
97.25		0
97.375		0
97.5		0
97.625		0
97.75		0
97.875		0
98		0
98.125		0
98.25		0
98.375		0
98.5		0
98.625		0
98.75		0
98.875		0
99		0
99.125		0
99.25		0
99.375		0
99.5		0
99.625		0
99.75		0
99.875		0
100		0
100.125		0
100.25		0
100.375		0
100.5		0
100.625		0
100.75		0
100.875		0
101		0
101.125		0
101.25		0
101.375		0
101.5		0
101.625		0
101.75		0
101.875		0
102		0
102.125		0
102.25		0
102.375		0
102.5		0
102.625		0
102.75		0
102.875		0
103		0
103.125		0
103.25		0
103.375		0
103.5		0
103.625		0
103.75		0
103.875		0
104		0
104.125		0
104.25		0
104.375		0
104.5		0
104.625		0
104.75		0
104.875		0
105		0
105.125		0
105.25		0
105.375		0
105.5		0
105.625		0
105.75		0
105.875		0
106		0
106.125		0
106.25		0
106.375		0
106.5		0
106.625		0
106.75		0
106.875		0
107		0
107.125		0
107.25		0
107.375		0
107.5		0
107.625		0
107.75		0
107.875		0
108		0
108.125		0
108.25		0
108.375		0
108.5		0
108.625		0
108.75		0
108.875		0
109		0
109.125		0
109.25		0
109.375		0
109.5		0
109.625		0
109.75		0
109.875		0
110		0
110.125		0
110.25		0
110.375		0
110.5		0
110.625		0
110.75		0
110.875		0
111		0
111.125		0
111.25		0
111.375		0
111.5		0
111.625		0
111.75		0
111.875		0
112		0
112.125		0
112.25		0
112.375		0
112.5		0
112.625		0
112.75		0
112.875		0
113		0
113.125		0
113.25		0
113.375		0
113.5		0
113.625		0
113.75		0
113.875		0
114		0
114.125		0
114.25		0
114.375		0
114.5		0
114.625		0
114.75		0
114.875		0
115		0
115.125		0
115.25		0
115.375		0
115.5		0
115.625		0
115.75		0
115.875		0
116		0
116.125		0
116.25		0
116.375		0
116.5		0
116.625		0
116.75		0
116.875		0
117		0
117.125		0
117.25		0
117.375		0
117.5		0
117.625		0
117.75		0
117.875		0
118		0
118.125		0
118.25		0
118.375		0
118.5		0
118.625		0
118.75		0
118.875		0
119		0
119.125		0
119.25		0
119.375		0
119.5		0
119.625		0
119.75		0
119.875		0
120		0
120.125		0.0349511
120.25		0.0349511
120.375		0.0349511
120.5		0.0349511
120.625		0.0349511
120.75		0.0349511
120.875		0.0349511
121		0.0349511
121.125		0.0349511
121.25		0.0349511
121.375		0.0349511
121.5		0.0349511
121.625		0.0349511
121.75		0.0349511
121.875		0.0349511
122		0.0349511
122.125		0.0349511
122.25		0.0349511
122.375		0.0349511
122.5		0.0349511
122.625		0.0349511
122.75		0.0349511
122.875		0.0349511
123		0.0349511
123.125		0.0349511
123.25		0.0349511
123.375		0.0349511
123.5		0.0349511
123.625		0.0349511
123.75		0.0349511
123.875		0.0349511
124		0.0349511
124.125		0.0349511
124.25		0.0349511
124.375		0.0349511
124.5		0.0349511
124.625		0.0349511
124.75		0.0349511
124.875		0.0349511
125		0.0349511
125.125		0.0359169
125.25		0.0359169
125.375		0.0359169
125.5		0.0359169
125.625		0.0359169
125.75		0.0359169
125.875		0.0359169
126		0.0359169
126.125		0.0359169
126.25		0.0359169
126.375		0.0359169
126.5		0.0359169
126.625		0.0359169
126.75		0.0359169
126.875		0.0359169
127		0.0359169
127.125		0.0359169
127.25		0.0359169
127.375		0.0359169
127.5		0.0359169
127.625		0.0359169
127.75		0.0359169
127.875		0.0359169
128		0.0359169
128.125		0.0359169
128.25		0.0359169
128.375		0.0359169
128.5		0.0359169
128.625		0.0359169
128.75		0.0359169
128.875		0.0359169
129		0.0359169
129.125		0.0359169
129.25		0.0359169
129.375		0.0359169
129.5		0.0359169
129.625		0.0359169
129.75		0.0359169
129.875		0.0359169
130		0.0359169
130.125		0.0368224
130.25		0.0368224
130.375		0.0368224
130.5		0.0368224
130.625		0.0368224
130.75		0.0368224
130.875		0.0368224
131		0.0368224
131.125		0.0368224
131.25		0.0368224
131.375		0.0368224
131.5		0.0368224
131.625		0.0368224
131.75		0.0368224
131.875		0.0368224
132		0.0368224
132.125		0.0368224
132.25		0.0368224
132.375		0.0368224
132.5		0.0368224
132.625		0.0368224
132.75		0.0368224
132.875		0.0368224
133		0.0368224
133.125		0.0368224
133.25		0.0368224
133.375		0.0368224
133.5		0.0368224
133.625		0.0368224
133.75		0.0368224
133.875		0.0368224
134		0.0368224
134.125		0.0368224
134.25		0.0368224
134.375		0.0368224
134.5		0.0368224
134.625		0.0368224
134.75		0.0368224
134.875		0.0368224
135		0.0368224
135.125		0.064409
135.25		0.064409
135.375		0.064409
135.5		0.064409
135.625		0.064409
135.75		0.064409
135.875		0.064409
136		0.064409
136.125		0.064409
136.25		0.064409
136.375		0.064409
136.5		0.064409
136.625		0.064409
136.75		0.064409
136.875		0.064409
137		0.064409
137.125		0.064409
137.25		0.064409
137.375		0.064409
137.5		0.064409
137.625		0.064409
137.75		0.064409
137.875		0.064409
138		0.064409
138.125		0.064409
138.25		0.064409
138.375		0.064409
138.5		0.064409
138.625		0.064409
138.75		0.064409
138.875		0.064409
139		0.064409
139.125		0.064409
139.25		0.064409
139.375		0.064409
139.5		0.064409
139.625		0.064409
139.75		0.064409
139.875		0.064409
140		0.064409
140.125		0.0721961
140.25		0.0721961
140.375		0.0721961
140.5		0.0721961
140.625		0.0721961
140.75		0.0721961
140.875		0.0721961
141		0.0721961
141.125		0.0721961
141.25		0.0721961
141.375		0.0721961
141.5		0.0721961
141.625		0.0721961
141.75		0.0721961
141.875		0.0721961
142		0.0721961
142.125		0.0721961
142.25		0.0721961
142.375		0.0721961
142.5		0.0721961
142.625		0.0721961
142.75		0.0721961
142.875		0.0721961
143		0.0721961
143.125		0.0721961
143.25		0.0721961
143.375		0.0721961
143.5		0.0721961
143.625		0.0721961
143.75		0.0721961
143.875		0.0721961
144		0.0721961
144.125		0.0721961
144.25		0.0721961
144.375		0.0721961
144.5		0.0721961
144.625		0.0721961
144.75		0.0721961
144.875		0.0721961
145		0.0721961
145.125		0.10425
145.25		0.10425
145.375		0.10425
145.5		0.10425
145.625		0.10425
145.75		0.10425
145.875		0.10425
146		0.10425
146.125		0.10425
146.25		0.10425
146.375		0.10425
146.5		0.10425
146.625		0.10425
146.75		0.10425
146.875		0.10425
147		0.10425
147.125		0.10425
147.25		0.10425
147.375		0.10425
147.5		0.10425
147.625		0.10425
147.75		0.10425
147.875		0.10425
148		0.10425
148.125		0.10425
148.25		0.10425
148.375		0.10425
148.5		0.10425
148.625		0.10425
148.75		0.10425
148.875		0.10425
149		0.10425
149.125		0.10425
149.25		0.10425
149.375		0.10425
149.5		0.10425
149.625		0.10425
149.75		0.10425
149.875		0.10425
150		0.10425
150.125		0.108173
150.25		0.108173
150.375		0.108173
150.5		0.108173
150.625		0.108173
150.75		0.108173
150.875		0.108173
151		0.108173
151.125		0.108173
151.25		0.108173
151.375		0.108173
151.5		0.108173
151.625		0.108173
151.75		0.108173
151.875		0.108173
152		0.108173
152.125		0.108173
152.25		0.108173
152.375		0.108173
152.5		0.108173
152.625		0.108173
152.75		0.108173
152.875		0.108173
153		0.108173
153.125		0.108173
153.25		0.108173
153.375		0.108173
153.5		0.108173
153.625		0.108173
153.75		0.108173
153.875		0.108173
154		0.108173
154.125		0.108173
154.25		0.108173
154.375		0.108173
154.5		0.108173
154.625		0.108173
154.75		0.108173
154.875		0.108173
155		0.108173
155.125		0.109803
155.25		0.109803
155.375		0.109803
155.5		0.109803
155.625		0.109803
155.75		0.109803
155.875		0.109803
156		0.109803
156.125		0.109803
156.25		0.109803
156.375		0.109803
156.5		0.109803
156.625		0.109803
156.75		0.109803
156.875		0.109803
157		0.109803
157.125		0.109803
157.25		0.109803
157.375		0.109803
157.5		0.109803
157.625		0.109803
157.75		0.109803
157.875		0.109803
158		0.109803
158.125		0.109803
158.25		0.109803
158.375		0.109803
158.5		0.109803
158.625		0.109803
158.75		0.109803
158.875		0.109803
159		0.109803
159.125		0.109803
159.25		0.109803
159.375		0.109803
159.5		0.109803
159.625		0.109803
159.75		0.109803
159.875		0.109803
160		0.109803
160.125		0.113968
160.25		0.113968
160.375		0.113968
160.5		0.113968
160.625		0.113968
160.75		0.113968
160.875		0.113968
161		0.113968
161.125		0.113968
161.25		0.113968
161.375		0.113968
161.5		0.113968
161.625		0.113968
161.75		0.113968
161.875		0.113968
162		0.113968
162.125		0.113968
162.25		0.113968
162.375		0.113968
162.5		0.113968
162.625		0.113968
162.75		0.113968
162.875		0.113968
163		0.113968
163.125		0.113968
163.25		0.113968
163.375		0.113968
163.5		0.113968
163.625		0.113968
163.75		0.113968
163.875		0.113968
164		0.113968
164.125		0.113968
164.25		0.113968
164.375		0.113968
164.5		0.113968
164.625		0.113968
164.75		0.113968
164.875		0.113968
165		0.113968
165.125		0.14572
165.25		0.14572
165.375		0.14572
165.5		0.14572
165.625		0.14572
165.75		0.14572
165.875		0.14572
166		0.14572
166.125		0.14572
166.25		0.14572
166.375		0.14572
166.5		0.14572
166.625		0.14572
166.75		0.14572
166.875		0.14572
167		0.14572
167.125		0.14572
167.25		0.14572
167.375		0.14572
167.5		0.14572
167.625		0.14572
167.75		0.14572
167.875		0.14572
168		0.14572
168.125		0.14572
168.25		0.14572
168.375		0.14572
168.5		0.14572
168.625		0.14572
168.75		0.14572
168.875		0.14572
169		0.14572
169.125		0.14572
169.25		0.14572
169.375		0.14572
169.5		0.14572
169.625		0.14572
169.75		0.14572
169.875		0.14572
170		0.14572
170.125		0.157552
170.25		0.157552
170.375		0.157552
170.5		0.157552
170.625		0.157552
170.75		0.157552
170.875		0.157552
171		0.157552
171.125		0.157552
171.25		0.157552
171.375		0.157552
171.5		0.157552
171.625		0.157552
171.75		0.157552
171.875		0.157552
172		0.157552
172.125		0.157552
172.25		0.157552
172.375		0.157552
172.5		0.157552
172.625		0.157552
172.75		0.157552
172.875		0.157552
173		0.157552
173.125		0.157552
173.25		0.157552
173.375		0.157552
173.5		0.157552
173.625		0.157552
173.75		0.157552
173.875		0.157552
174		0.157552
174.125		0.157552
174.25		0.157552
174.375		0.157552
174.5		0.157552
174.625		0.157552
174.75		0.157552
174.875		0.157552
175		0.157552
175.125		0.17047
175.25		0.17047
175.375		0.17047
175.5		0.17047
175.625		0.17047
175.75		0.17047
175.875		0.17047
176		0.17047
176.125		0.17047
176.25		0.17047
176.375		0.17047
176.5		0.17047
176.625		0.17047
176.75		0.17047
176.875		0.17047
177		0.17047
177.125		0.17047
177.25		0.17047
177.375		0.17047
177.5		0.17047
177.625		0.17047
177.75		0.17047
177.875		0.17047
178		0.17047
178.125		0.17047
178.25		0.17047
178.375		0.17047
178.5		0.17047
178.625		0.17047
178.75		0.17047
178.875		0.17047
179		0.17047
179.125		0.17047
179.25		0.17047
179.375		0.17047
179.5		0.17047
179.625		0.17047
179.75		0.17047
179.875		0.17047
180		0.17047
180.125		0.180309
180.25		0.180309
180.375		0.180309
180.5		0.180309
180.625		0.180309
180.75		0.180309
180.875		0.180309
181		0.180309
181.125		0.180309
181.25		0.180309
181.375		0.180309
181.5		0.180309
181.625		0.180309
181.75		0.180309
181.875		0.180309
182		0.180309
182.125		0.180309
182.25		0.180309
182.375		0.180309
182.5		0.180309
182.625		0.180309
182.75		0.180309
182.875		0.180309
183		0.180309
183.125		0.180309
183.25		0.180309
183.375		0.180309
183.5		0.180309
183.625		0.180309
183.75		0.180309
183.875		0.180309
184		0.180309
184.125		0.180309
184.25		0.180309
184.375		0.180309
184.5		0.180309
184.625		0.180309
184.75		0.180309
184.875		0.180309
185		0.180309
185.125		0.184293
185.25		0.184293
185.375		0.184293
185.5		0.184293
185.625		0.184293
185.75		0.184293
185.875		0.184293
186		0.184293
186.125		0.184293
186.25		0.184293
186.375		0.184293
186.5		0.184293
186.625		0.184293
186.75		0.184293
186.875		0.184293
187		0.184293
187.125		0.184293
187.25		0.184293
187.375		0.184293
187.5		0.184293
187.625		0.184293
187.75		0.184293
187.875		0.184293
188		0.184293
188.125		0.184293
188.25		0.184293
188.375		0.184293
188.5		0.184293
188.625		0.184293
188.75		0.184293
188.875		0.184293
189		0.184293
189.125		0.184293
189.25		0.184293
189.375		0.184293
189.5		0.184293
189.625		0.184293
189.75		0.184293
189.875		0.184293
190		0.184293
190.125		0.21188
190.25		0.21188
190.375		0.21188
190.5		0.21188
190.625		0.21188
190.75		0.21188
190.875		0.21188
191		0.21188
191.125		0.21188
191.25		0.21188
191.375		0.21188
191.5		0.21188
191.625		0.21188
191.75		0.21188
191.875		0.21188
192		0.21188
192.125		0.21188
192.25		0.21188
192.375		0.21188
192.5		0.21188
192.625		0.21188
192.75		0.21188
192.875		0.21188
193		0.21188
193.125		0.21188
193.25		0.21188
193.375		0.21188
193.5		0.21188
193.625		0.21188
193.75		0.21188
193.875		0.21188
194		0.21188
194.125		0.21188
194.25		0.21188
194.375		0.21188
194.5		0.21188
194.625		0.21188
194.75		0.21188
194.875		0.21188
195		0.21188
195.125		0.224737
195.25		0.224737
195.375		0.224737
195.5		0.224737
195.625		0.224737
195.75		0.224737
195.875		0.224737
196		0.224737
196.125		0.224737
196.25		0.224737
196.375		0.224737
196.5		0.224737
196.625		0.224737
196.75		0.224737
196.875		0.224737
197		0.224737
197.125		0.224737
197.25		0.224737
197.375		0.224737
197.5		0.224737
197.625		0.224737
197.75		0.224737
197.875		0.224737
198		0.224737
198.125		0.224737
198.25		0.224737
198.375		0.224737
198.5		0.224737
198.625		0.224737
198.75		0.224737
198.875		0.224737
199		0.224737
199.125		0.224737
199.25		0.224737
199.375		0.224737
199.5		0.224737
199.625		0.224737
199.75		0.224737
199.875		0.224737
200		0.224737
200.125		0.228057
200.25		0.228057
200.375		0.228057
200.5		0.228057
200.625		0.228057
200.75		0.228057
200.875		0.228057
201		0.228057
201.125		0.228057
201.25		0.228057
201.375		0.228057
201.5		0.228057
201.625		0.228057
201.75		0.228057
201.875		0.228057
202		0.228057
202.125		0.228057
202.25		0.228057
202.375		0.228057
202.5		0.228057
202.625		0.228057
202.75		0.228057
202.875		0.228057
203		0.228057
203.125		0.228057
203.25		0.228057
203.375		0.228057
203.5		0.228057
203.625		0.228057
203.75		0.228057
203.875		0.228057
204		0.228057
204.125		0.228057
204.25		0.228057
204.375		0.228057
204.5		0.228057
204.625		0.228057
204.75		0.228057
204.875		0.228057
205		0.228057
205.125		0.232585
205.25		0.232585
205.375		0.232585
205.5		0.232585
205.625		0.232585
205.75		0.232585
205.875		0.232585
206		0.232585
206.125		0.232585
206.25		0.232585
206.375		0.232585
206.5		0.232585
206.625		0.232585
206.75		0.232585
206.875		0.232585
207		0.232585
207.125		0.232585
207.25		0.232585
207.375		0.232585
207.5		0.232585
207.625		0.232585
207.75		0.232585
207.875		0.232585
208		0.232585
208.125		0.232585
208.25		0.232585
208.375		0.232585
208.5		0.232585
208.625		0.232585
208.75		0.232585
208.875		0.232585
209		0.232585
209.125		0.232585
209.25		0.232585
209.375		0.232585
209.5		0.232585
209.625		0.232585
209.75		0.232585
209.875		0.232585
210		0.232585
210.125		0.26814
210.25		0.26814
210.375		0.26814
210.5		0.26814
210.625		0.26814
210.75		0.26814
210.875		0.26814
211		0.26814
211.125		0.26814
211.25		0.26814
211.375		0.26814
211.5		0.26814
211.625		0.26814
211.75		0.26814
211.875		0.26814
212		0.26814
212.125		0.26814
212.25		0.26814
212.375		0.26814
212.5		0.26814
212.625		0.26814
212.75		0.26814
212.875		0.26814
213		0.26814
213.125		0.26814
213.25		0.26814
213.375		0.26814
213.5		0.26814
213.625		0.26814
213.75		0.26814
213.875		0.26814
214		0.26814
214.125		0.26814
214.25		0.26814
214.375		0.26814
214.5		0.26814
214.625		0.26814
214.75		0.26814
214.875		0.26814
215		0.26814
215.125		0.270735
215.25		0.270735
215.375		0.270735
215.5		0.270735
215.625		0.270735
215.75		0.270735
215.875		0.270735
216		0.270735
216.125		0.270735
216.25		0.270735
216.375		0.270735
216.5		0.270735
216.625		0.270735
216.75		0.270735
216.875		0.270735
217		0.270735
217.125		0.270735
217.25		0.270735
217.375		0.270735
217.5		0.270735
217.625		0.270735
217.75		0.270735
217.875		0.270735
218		0.270735
218.125		0.270735
218.25		0.270735
218.375		0.270735
218.5		0.270735
218.625		0.270735
218.75		0.270735
218.875		0.270735
219		0.270735
219.125		0.270735
219.25		0.270735
219.375		0.270735
219.5		0.270735
219.625		0.270735
219.75		0.270735
219.875		0.270735
220		0.270735
220.125		0.288603
220.25		0.288603
220.375		0.288603
220.5		0.288603
220.625		0.288603
220.75		0.288603
220.875		0.288603
221		0.288603
221.125		0.288603
221.25		0.288603
221.375		0.288603
221.5		0.288603
221.625		0.288603
221.75		0.288603
221.875		0.288603
222		0.288603
222.125		0.288603
222.25		0.288603
222.375		0.288603
222.5		0.288603
222.625		0.288603
222.75		0.288603
222.875		0.288603
223		0.288603
223.125		0.288603
223.25		0.288603
223.375		0.288603
223.5		0.288603
223.625		0.288603
223.75		0.288603
223.875		0.288603
224		0.288603
224.125		0.288603
224.25		0.288603
224.375		0.288603
224.5		0.288603
224.625		0.288603
224.75		0.288603
224.875		0.288603
225		0.288603
225.125		0.297899
225.25		0.297899
225.375		0.297899
225.5		0.297899
225.625		0.297899
225.75		0.297899
225.875		0.297899
226		0.297899
226.125		0.297899
226.25		0.297899
226.375		0.297899
226.5		0.297899
226.625		0.297899
226.75		0.297899
226.875		0.297899
227		0.297899
227.125		0.297899
227.25		0.297899
227.375		0.297899
227.5		0.297899
227.625		0.297899
227.75		0.297899
227.875		0.297899
228		0.297899
228.125		0.297899
228.25		0.297899
228.375		0.297899
228.5		0.297899
228.625		0.297899
228.75		0.297899
228.875		0.297899
229		0.297899
229.125		0.297899
229.25		0.297899
229.375		0.297899
229.5		0.297899
229.625		0.297899
229.75		0.297899
229.875		0.297899
230		0.297899
230.125		0.316552
230.25		0.316552
230.375		0.316552
230.5		0.316552
230.625		0.316552
230.75		0.316552
230.875		0.316552
231		0.316552
231.125		0.316552
231.25		0.316552
231.375		0.316552
231.5		0.316552
231.625		0.316552
231.75		0.316552
231.875		0.316552
232		0.316552
232.125		0.316552
232.25		0.316552
232.375		0.316552
232.5		0.316552
232.625		0.316552
232.75		0.316552
232.875		0.316552
233		0.316552
233.125		0.316552
233.25		0.316552
233.375		0.316552
233.5		0.316552
233.625		0.316552
233.75		0.316552
233.875		0.316552
234		0.316552
234.125		0.316552
234.25		0.316552
234.375		0.316552
234.5		0.316552
234.625		0.316552
234.75		0.316552
234.875		0.316552
235		0.316552
235.125		0.318001
235.25		0.318001
235.375		0.318001
235.5		0.318001
235.625		0.318001
235.75		0.318001
235.875		0.318001
236		0.318001
236.125		0.318001
236.25		0.318001
236.375		0.318001
236.5		0.318001
236.625		0.318001
236.75		0.318001
236.875		0.318001
237		0.318001
237.125		0.318001
237.25		0.318001
237.375		0.318001
237.5		0.318001
237.625		0.318001
237.75		0.318001
237.875		0.318001
238		0.318001
238.125		0.318001
238.25		0.318001
238.375		0.318001
238.5		0.318001
238.625		0.318001
238.75		0.318001
238.875		0.318001
239		0.318001
239.125		0.318001
239.25		0.318001
239.375		0.318001
239.5		0.318001
239.625		0.318001
239.75		0.318001
239.875		0.318001
240		0.318001
240.125		0.33116
240.25		0.33116
240.375		0.33116
240.5		0.33116
240.625		0.33116
240.75		0.33116
240.875		0.33116
241		0.33116
241.125		0.33116
241.25		0.33116
241.375		0.33116
241.5		0.33116
241.625		0.33116
241.75		0.33116
241.875		0.33116
242		0.33116
242.125		0.33116
242.25		0.33116
242.375		0.33116
242.5		0.33116
242.625		0.33116
242.75		0.33116
242.875		0.33116
243		0.33116
243.125		0.33116
243.25		0.33116
243.375		0.33116
243.5		0.33116
243.625		0.33116
243.75		0.33116
243.875		0.33116
244		0.33116
244.125		0.33116
244.25		0.33116
244.375		0.33116
244.5		0.33116
244.625		0.33116
244.75		0.33116
244.875		0.33116
245		0.33116
245.125		0.344742
245.25		0.344742
245.375		0.344742
245.5		0.344742
245.625		0.344742
245.75		0.344742
245.875		0.344742
246		0.344742
246.125		0.344742
246.25		0.344742
246.375		0.344742
246.5		0.344742
246.625		0.344742
246.75		0.344742
246.875		0.344742
247		0.344742
247.125		0.344742
247.25		0.344742
247.375		0.344742
247.5		0.344742
247.625		0.344742
247.75		0.344742
247.875		0.344742
248		0.344742
248.125		0.344742
248.25		0.344742
248.375		0.344742
248.5		0.344742
248.625		0.344742
248.75		0.344742
248.875		0.344742
249		0.344742
249.125		0.344742
249.25		0.344742
249.375		0.344742
249.5		0.344742
249.625		0.344742
249.75		0.344742
249.875		0.344742
250		0.344742
250.125		0.377943
250.25		0.377943
250.375		0.377943
250.5		0.377943
250.625		0.377943
250.75		0.377943
250.875		0.377943
251		0.377943
251.125		0.377943
251.25		0.377943
251.375		0.377943
251.5		0.377943
251.625		0.377943
251.75		0.377943
251.875		0.377943
252		0.377943
252.125		0.377943
252.25		0.377943
252.375		0.377943
252.5		0.377943
252.625		0.377943
252.75		0.377943
252.875		0.377943
253		0.377943
253.125		0.377943
253.25		0.377943
253.375		0.377943
253.5		0.377943
253.625		0.377943
253.75		0.377943
253.875		0.377943
254		0.377943
254.125		0.377943
254.25		0.377943
254.375		0.377943
254.5		0.377943
254.625		0.377943
254.75		0.377943
254.875		0.377943
255		0.377943
255.125		0.384643
255.25		0.384643
255.375		0.384643
255.5		0.384643
255.625		0.384643
255.75		0.384643
255.875		0.384643
256		0.384643
256.125		0.384643
256.25		0.384643
256.375		0.384643
256.5		0.384643
256.625		0.384643
256.75		0.384643
256.875		0.384643
257		0.384643
257.125		0.384643
257.25		0.384643
257.375		0.384643
257.5		0.384643
257.625		0.384643
257.75		0.384643
257.875		0.384643
258		0.384643
258.125		0.384643
258.25		0.384643
258.375		0.384643
258.5		0.384643
258.625		0.384643
258.75		0.384643
258.875		0.384643
259		0.384643
259.125		0.384643
259.25		0.384643
259.375		0.384643
259.5		0.384643
259.625		0.384643
259.75		0.384643
259.875		0.384643
260		0.384643
260.125		0.387239
260.25		0.387239
260.375		0.387239
260.5		0.387239
260.625		0.387239
260.75		0.387239
260.875		0.387239
261		0.387239
261.125		0.387239
261.25		0.387239
261.375		0.387239
261.5		0.387239
261.625		0.387239
261.75		0.387239
261.875		0.387239
262		0.387239
262.125		0.387239
262.25		0.387239
262.375		0.387239
262.5		0.387239
262.625		0.387239
262.75		0.387239
262.875		0.387239
263		0.387239
263.125		0.387239
263.25		0.387239
263.375		0.387239
263.5		0.387239
263.625		0.387239
263.75		0.387239
263.875		0.387239
264		0.387239
264.125		0.387239
264.25		0.387239
264.375		0.387239
264.5		0.387239
264.625		0.387239
264.75		0.387239
264.875		0.387239
265		0.387239
265.125		0.394362
265.25		0.394362
265.375		0.394362
265.5		0.394362
265.625		0.394362
265.75		0.394362
265.875		0.394362
266		0.394362
266.125		0.394362
266.25		0.394362
266.375		0.394362
266.5		0.394362
266.625		0.394362
266.75		0.394362
266.875		0.394362
267		0.394362
267.125		0.394362
267.25		0.394362
267.375		0.394362
267.5		0.394362
267.625		0.394362
267.75		0.394362
267.875		0.394362
268		0.394362
268.125		0.394362
268.25		0.394362
268.375		0.394362
268.5		0.394362
268.625		0.394362
268.75		0.394362
268.875		0.394362
269		0.394362
269.125		0.394362
269.25		0.394362
269.375		0.394362
269.5		0.394362
269.625		0.394362
269.75		0.394362
269.875		0.394362
270		0.394362
270.125		0.413618
270.25		0.413618
270.375		0.413618
270.5		0.413618
270.625		0.413618
270.75		0.413618
270.875		0.413618
271		0.413618
271.125		0.413618
271.25		0.413618
271.375		0.413618
271.5		0.413618
271.625		0.413618
271.75		0.413618
271.875		0.413618
272		0.413618
272.125		0.413618
272.25		0.413618
272.375		0.413618
272.5		0.413618
272.625		0.413618
272.75		0.413618
272.875		0.413618
273		0.413618
273.125		0.413618
273.25		0.413618
273.375		0.413618
273.5		0.413618
273.625		0.413618
273.75		0.413618
273.875		0.413618
274		0.413618
274.125		0.413618
274.25		0.413618
274.375		0.413618
274.5		0.413618
274.625		0.413618
274.75		0.413618
274.875		0.413618
275		0.413618
275.125		0.426536
275.25		0.426536
275.375		0.426536
275.5		0.426536
275.625		0.426536
275.75		0.426536
275.875		0.426536
276		0.426536
276.125		0.426536
276.25		0.426536
276.375		0.426536
276.5		0.426536
276.625		0.426536
276.75		0.426536
276.875		0.426536
277		0.426536
277.125		0.426536
277.25		0.426536
277.375		0.426536
277.5		0.426536
277.625		0.426536
277.75		0.426536
277.875		0.426536
278		0.426536
278.125		0.426536
278.25		0.426536
278.375		0.426536
278.5		0.426536
278.625		0.426536
278.75		0.426536
278.875		0.426536
279		0.426536
279.125		0.426536
279.25		0.426536
279.375		0.426536
279.5		0.426536
279.625		0.426536
279.75		0.426536
279.875		0.426536
280		0.426536
280.125		0.438609
280.25		0.438609
280.375		0.438609
280.5		0.438609
280.625		0.438609
280.75		0.438609
280.875		0.438609
281		0.438609
281.125		0.438609
281.25		0.438609
281.375		0.438609
281.5		0.438609
281.625		0.438609
281.75		0.438609
281.875		0.438609
282		0.438609
282.125		0.438609
282.25		0.438609
282.375		0.438609
282.5		0.438609
282.625		0.438609
282.75		0.438609
282.875		0.438609
283		0.438609
283.125		0.438609
283.25		0.438609
283.375		0.438609
283.5		0.438609
283.625		0.438609
283.75		0.438609
283.875		0.438609
284		0.438609
284.125		0.438609
284.25		0.438609
284.375		0.438609
284.5		0.438609
284.625		0.438609
284.75		0.438609
284.875		0.438609
285		0.438609
285.125		0.459495
285.25		0.459495
285.375		0.459495
285.5		0.459495
285.625		0.459495
285.75		0.459495
285.875		0.459495
286		0.459495
286.125		0.459495
286.25		0.459495
286.375		0.459495
286.5		0.459495
286.625		0.459495
286.75		0.459495
286.875		0.459495
287		0.459495
287.125		0.459495
287.25		0.459495
287.375		0.459495
287.5		0.459495
287.625		0.459495
287.75		0.459495
287.875		0.459495
288		0.459495
288.125		0.459495
288.25		0.459495
288.375		0.459495
288.5		0.459495
288.625		0.459495
288.75		0.459495
288.875		0.459495
289		0.459495
289.125		0.459495
289.25		0.459495
289.375		0.459495
289.5		0.459495
289.625		0.459495
289.75		0.459495
289.875		0.459495
290		0.459495
290.125		0.469516
290.25		0.469516
290.375		0.469516
290.5		0.469516
290.625		0.469516
290.75		0.469516
290.875		0.469516
291		0.469516
291.125		0.469516
291.25		0.469516
291.375		0.469516
291.5		0.469516
291.625		0.469516
291.75		0.469516
291.875		0.469516
292		0.469516
292.125		0.469516
292.25		0.469516
292.375		0.469516
292.5		0.469516
292.625		0.469516
292.75		0.469516
292.875		0.469516
293		0.469516
293.125		0.469516
293.25		0.469516
293.375		0.469516
293.5		0.469516
293.625		0.469516
293.75		0.469516
293.875		0.469516
294		0.469516
294.125		0.469516
294.25		0.469516
294.375		0.469516
294.5		0.469516
294.625		0.469516
294.75		0.469516
294.875		0.469516
295		0.469516
295.125		0.477665
295.25		0.477665
295.375		0.477665
295.5		0.477665
295.625		0.477665
295.75		0.477665
295.875		0.477665
296		0.477665
296.125		0.477665
296.25		0.477665
296.375		0.477665
296.5		0.477665
296.625		0.477665
296.75		0.477665
296.875		0.477665
297		0.477665
297.125		0.477665
297.25		0.477665
297.375		0.477665
297.5		0.477665
297.625		0.477665
297.75		0.477665
297.875		0.477665
298		0.477665
298.125		0.477665
298.25		0.477665
298.375		0.477665
298.5		0.477665
298.625		0.477665
298.75		0.477665
298.875		0.477665
299		0.477665
299.125		0.477665
299.25		0.477665
299.375		0.477665
299.5		0.477665
299.625		0.477665
299.75		0.477665
299.875		0.477665
300		0.477665
300.125		0.483219
300.25		0.483219
300.375		0.483219
300.5		0.483219
300.625		0.483219
300.75		0.483219
300.875		0.483219
301		0.483219
301.125		0.483219
301.25		0.483219
301.375		0.483219
301.5		0.483219
301.625		0.483219
301.75		0.483219
301.875		0.483219
302		0.483219
302.125		0.483219
302.25		0.483219
302.375		0.483219
302.5		0.483219
302.625		0.483219
302.75		0.483219
302.875		0.483219
303		0.483219
303.125		0.483219
303.25		0.483219
303.375		0.483219
303.5		0.483219
303.625		0.483219
303.75		0.483219
303.875		0.483219
304		0.483219
304.125		0.483219
304.25		0.483219
304.375		0.483219
304.5		0.483219
304.625		0.483219
304.75		0.483219
304.875		0.483219
305		0.483219
305.125		0.496318
305.25		0.496318
305.375		0.496318
305.5		0.496318
305.625		0.496318
305.75		0.496318
305.875		0.496318
306		0.496318
306.125		0.496318
306.25		0.496318
306.375		0.496318
306.5		0.496318
306.625		0.496318
306.75		0.496318
306.875		0.496318
307		0.496318
307.125		0.496318
307.25		0.496318
307.375		0.496318
307.5		0.496318
307.625		0.496318
307.75		0.496318
307.875		0.496318
308		0.496318
308.125		0.496318
308.25		0.496318
308.375		0.496318
308.5		0.496318
308.625		0.496318
308.75		0.496318
308.875		0.496318
309		0.496318
309.125		0.496318
309.25		0.496318
309.375		0.496318
309.5		0.496318
309.625		0.496318
309.75		0.496318
309.875		0.496318
310		0.496318
310.125		0.520101
310.25		0.520101
310.375		0.520101
310.5		0.520101
310.625		0.520101
310.75		0.520101
310.875		0.520101
311		0.520101
311.125		0.520101
311.25		0.520101
311.375		0.520101
311.5		0.520101
311.625		0.520101
311.75		0.520101
311.875		0.520101
312		0.520101
312.125		0.520101
312.25		0.520101
312.375		0.520101
312.5		0.520101
312.625		0.520101
312.75		0.520101
312.875		0.520101
313		0.520101
313.125		0.520101
313.25		0.520101
313.375		0.520101
313.5		0.520101
313.625		0.520101
313.75		0.520101
313.875		0.520101
314		0.520101
314.125		0.520101
314.25		0.520101
314.375		0.520101
314.5		0.520101
314.625		0.520101
314.75		0.520101
314.875		0.520101
315		0.520101
315.125		0.537788
315.25		0.537788
315.375		0.537788
315.5		0.537788
315.625		0.537788
315.75		0.537788
315.875		0.537788
316		0.537788
316.125		0.537788
316.25		0.537788
316.375		0.537788
316.5		0.537788
316.625		0.537788
316.75		0.537788
316.875		0.537788
317		0.537788
317.125		0.537788
317.25		0.537788
317.375		0.537788
317.5		0.537788
317.625		0.537788
317.75		0.537788
317.875		0.537788
318		0.537788
318.125		0.537788
318.25		0.537788
318.375		0.537788
318.5		0.537788
318.625		0.537788
318.75		0.537788
318.875		0.537788
319		0.537788
319.125		0.537788
319.25		0.537788
319.375		0.537788
319.5		0.537788
319.625		0.537788
319.75		0.537788
319.875		0.537788
320		0.537788
320.125		0.555234
320.25		0.555234
320.375		0.555234
320.5		0.555234
320.625		0.555234
320.75		0.555234
320.875		0.555234
321		0.555234
321.125		0.555234
321.25		0.555234
321.375		0.555234
321.5		0.555234
321.625		0.555234
321.75		0.555234
321.875		0.555234
322		0.555234
322.125		0.555234
322.25		0.555234
322.375		0.555234
322.5		0.555234
322.625		0.555234
322.75		0.555234
322.875		0.555234
323		0.555234
323.125		0.555234
323.25		0.555234
323.375		0.555234
323.5		0.555234
323.625		0.555234
323.75		0.555234
323.875		0.555234
324		0.555234
324.125		0.555234
324.25		0.555234
324.375		0.555234
324.5		0.555234
324.625		0.555234
324.75		0.555234
324.875		0.555234
325		0.555234
325.125		0.556863
325.25		0.556863
325.375		0.556863
325.5		0.556863
325.625		0.556863
325.75		0.556863
325.875		0.556863
326		0.556863
326.125		0.556863
326.25		0.556863
326.375		0.556863
326.5		0.556863
326.625		0.556863
326.75		0.556863
326.875		0.556863
327		0.556863
327.125		0.556863
327.25		0.556863
327.375		0.556863
327.5		0.556863
327.625		0.556863
327.75		0.556863
327.875		0.556863
328		0.556863
328.125		0.556863
328.25		0.556863
328.375		0.556863
328.5		0.556863
328.625		0.556863
328.75		0.556863
328.875		0.556863
329		0.556863
329.125		0.556863
329.25		0.556863
329.375		0.556863
329.5		0.556863
329.625		0.556863
329.75		0.556863
329.875		0.556863
330		0.556863
330.125		0.570023
330.25		0.570023
330.375		0.570023
330.5		0.570023
330.625		0.570023
330.75		0.570023
330.875		0.570023
331		0.570023
331.125		0.570023
331.25		0.570023
331.375		0.570023
331.5		0.570023
331.625		0.570023
331.75		0.570023
331.875		0.570023
332		0.570023
332.125		0.570023
332.25		0.570023
332.375		0.570023
332.5		0.570023
332.625		0.570023
332.75		0.570023
332.875		0.570023
333		0.570023
333.125		0.570023
333.25		0.570023
333.375		0.570023
333.5		0.570023
333.625		0.570023
333.75		0.570023
333.875		0.570023
334		0.570023
334.125		0.570023
334.25		0.570023
334.375		0.570023
334.5		0.570023
334.625		0.570023
334.75		0.570023
334.875		0.570023
335		0.570023
335.125		0.583545
335.25		0.583545
335.375		0.583545
335.5		0.583545
335.625		0.583545
335.75		0.583545
335.875		0.583545
336		0.583545
336.125		0.583545
336.25		0.583545
336.375		0.583545
336.5		0.583545
336.625		0.583545
336.75		0.583545
336.875		0.583545
337		0.583545
337.125		0.583545
337.25		0.583545
337.375		0.583545
337.5		0.583545
337.625		0.583545
337.75		0.583545
337.875		0.583545
338		0.583545
338.125		0.583545
338.25		0.583545
338.375		0.583545
338.5		0.583545
338.625		0.583545
338.75		0.583545
338.875		0.583545
339		0.583545
339.125		0.583545
339.25		0.583545
339.375		0.583545
339.5		0.583545
339.625		0.583545
339.75		0.583545
339.875		0.583545
340		0.583545
340.125		0.608898
340.25		0.608898
340.375		0.608898
340.5		0.608898
340.625		0.608898
340.75		0.608898
340.875		0.608898
341		0.608898
341.125		0.608898
341.25		0.608898
341.375		0.608898
341.5		0.608898
341.625		0.608898
341.75		0.608898
341.875		0.608898
342		0.608898
342.125		0.608898
342.25		0.608898
342.375		0.608898
342.5		0.608898
342.625		0.608898
342.75		0.608898
342.875		0.608898
343		0.608898
343.125		0.608898
343.25		0.608898
343.375		0.608898
343.5		0.608898
343.625		0.608898
343.75		0.608898
343.875		0.608898
344		0.608898
344.125		0.608898
344.25		0.608898
344.375		0.608898
344.5		0.608898
344.625		0.608898
344.75		0.608898
344.875		0.608898
345		0.608898
345.125		0.621333
345.25		0.621333
345.375		0.621333
345.5		0.621333
345.625		0.621333
345.75		0.621333
345.875		0.621333
346		0.621333
346.125		0.621333
346.25		0.621333
346.375		0.621333
346.5		0.621333
346.625		0.621333
346.75		0.621333
346.875		0.621333
347		0.621333
347.125		0.621333
347.25		0.621333
347.375		0.621333
347.5		0.621333
347.625		0.621333
347.75		0.621333
347.875		0.621333
348		0.621333
348.125		0.621333
348.25		0.621333
348.375		0.621333
348.5		0.621333
348.625		0.621333
348.75		0.621333
348.875		0.621333
349		0.621333
349.125		0.621333
349.25		0.621333
349.375		0.621333
349.5		0.621333
349.625		0.621333
349.75		0.621333
349.875		0.621333
350		0.621333
350.125		0.627309
350.25		0.627309
350.375		0.627309
350.5		0.627309
350.625		0.627309
350.75		0.627309
350.875		0.627309
351		0.627309
351.125		0.627309
351.25		0.627309
351.375		0.627309
351.5		0.627309
351.625		0.627309
351.75		0.627309
351.875		0.627309
352		0.627309
352.125		0.627309
352.25		0.627309
352.375		0.627309
352.5		0.627309
352.625		0.627309
352.75		0.627309
352.875		0.627309
353		0.627309
353.125		0.627309
353.25		0.627309
353.375		0.627309
353.5		0.627309
353.625		0.627309
353.75		0.627309
353.875		0.627309
354		0.627309
354.125		0.627309
354.25		0.627309
354.375		0.627309
354.5		0.627309
354.625		0.627309
354.75		0.627309
354.875		0.627309
355		0.627309
355.125		0.636726
355.25		0.636726
355.375		0.636726
355.5		0.636726
355.625		0.636726
355.75		0.636726
355.875		0.636726
356		0.636726
356.125		0.636726
356.25		0.636726
356.375		0.636726
356.5		0.636726
356.625		0.636726
356.75		0.636726
356.875		0.636726
357		0.636726
357.125		0.636726
357.25		0.636726
357.375		0.636726
357.5		0.636726
357.625		0.636726
357.75		0.636726
357.875		0.636726
358		0.636726
358.125		0.636726
358.25		0.636726
358.375		0.636726
358.5		0.636726
358.625		0.636726
358.75		0.636726
358.875		0.636726
359		0.636726
359.125		0.636726
359.25		0.636726
359.375		0.636726
359.5		0.636726
359.625		0.636726
359.75		0.636726
359.875		0.636726
360		0.636726
360.125		0.640348
360.25		0.640348
360.375		0.640348
360.5		0.640348
360.625		0.640348
360.75		0.640348
360.875		0.640348
361		0.640348
361.125		0.640348
361.25		0.640348
361.375		0.640348
361.5		0.640348
361.625		0.640348
361.75		0.640348
361.875		0.640348
362		0.640348
362.125		0.640348
362.25		0.640348
362.375		0.640348
362.5		0.640348
362.625		0.640348
362.75		0.640348
362.875		0.640348
363		0.640348
363.125		0.640348
363.25		0.640348
363.375		0.640348
363.5		0.640348
363.625		0.640348
363.75		0.640348
363.875		0.640348
364		0.640348
364.125		0.640348
364.25		0.640348
364.375		0.640348
364.5		0.640348
364.625		0.640348
364.75		0.640348
364.875		0.640348
365		0.640348
365.125		0.656465
365.25		0.656465
365.375		0.656465
365.5		0.656465
365.625		0.656465
365.75		0.656465
365.875		0.656465
366		0.656465
366.125		0.656465
366.25		0.656465
366.375		0.656465
366.5		0.656465
366.625		0.656465
366.75		0.656465
366.875		0.656465
367		0.656465
367.125		0.656465
367.25		0.656465
367.375		0.656465
367.5		0.656465
367.625		0.656465
367.75		0.656465
367.875		0.656465
368		0.656465
368.125		0.656465
368.25		0.656465
368.375		0.656465
368.5		0.656465
368.625		0.656465
368.75		0.656465
368.875		0.656465
369		0.656465
369.125		0.656465
369.25		0.656465
369.375		0.656465
369.5		0.656465
369.625		0.656465
369.75		0.656465
369.875		0.656465
370		0.656465
370.125		0.675661
370.25		0.675661
370.375		0.675661
370.5		0.675661
370.625		0.675661
370.75		0.675661
370.875		0.675661
371		0.675661
371.125		0.675661
371.25		0.675661
371.375		0.675661
371.5		0.675661
371.625		0.675661
371.75		0.675661
371.875		0.675661
372		0.675661
372.125		0.675661
372.25		0.675661
372.375		0.675661
372.5		0.675661
372.625		0.675661
372.75		0.675661
372.875		0.675661
373		0.675661
373.125		0.675661
373.25		0.675661
373.375		0.675661
373.5		0.675661
373.625		0.675661
373.75		0.675661
373.875		0.675661
374		0.675661
374.125		0.675661
374.25		0.675661
374.375		0.675661
374.5		0.675661
374.625		0.675661
374.75		0.675661
374.875		0.675661
375		0.675661
375.125		0.687553
375.25		0.687553
375.375		0.687553
375.5		0.687553
375.625		0.687553
375.75		0.687553
375.875		0.687553
376		0.687553
376.125		0.687553
376.25		0.687553
376.375		0.687553
376.5		0.687553
376.625		0.687553
376.75		0.687553
376.875		0.687553
377		0.687553
377.125		0.687553
377.25		0.687553
377.375		0.687553
377.5		0.687553
377.625		0.687553
377.75		0.687553
377.875		0.687553
378		0.687553
378.125		0.687553
378.25		0.687553
378.375		0.687553
378.5		0.687553
378.625		0.687553
378.75		0.687553
378.875		0.687553
379		0.687553
379.125		0.687553
379.25		0.687553
379.375		0.687553
379.5		0.687553
379.625		0.687553
379.75		0.687553
379.875		0.687553
380		0.687553
380.125		0.699082
380.25		0.699082
380.375		0.699082
380.5		0.699082
380.625		0.699082
380.75		0.699082
380.875		0.699082
381		0.699082
381.125		0.699082
381.25		0.699082
381.375		0.699082
381.5		0.699082
381.625		0.699082
381.75		0.699082
381.875		0.699082
382		0.699082
382.125		0.699082
382.25		0.699082
382.375		0.699082
382.5		0.699082
382.625		0.699082
382.75		0.699082
382.875		0.699082
383		0.699082
383.125		0.699082
383.25		0.699082
383.375		0.699082
383.5		0.699082
383.625		0.699082
383.75		0.699082
383.875		0.699082
384		0.699082
384.125		0.699082
384.25		0.699082
384.375		0.699082
384.5		0.699082
384.625		0.699082
384.75		0.699082
384.875		0.699082
385		0.699082
385.125		0.709646
385.25		0.709646
385.375		0.709646
385.5		0.709646
385.625		0.709646
385.75		0.709646
385.875		0.709646
386		0.709646
386.125		0.709646
386.25		0.709646
386.375		0.709646
386.5		0.709646
386.625		0.709646
386.75		0.709646
386.875		0.709646
387		0.709646
387.125		0.709646
387.25		0.709646
387.375		0.709646
387.5		0.709646
387.625		0.709646
387.75		0.709646
387.875		0.709646
388		0.709646
388.125		0.709646
388.25		0.709646
388.375		0.709646
388.5		0.709646
388.625		0.709646
388.75		0.709646
388.875		0.709646
389		0.709646
389.125		0.709646
389.25		0.709646
389.375		0.709646
389.5		0.709646
389.625		0.709646
389.75		0.709646
389.875		0.709646
390		0.709646
390.125		0.711518
390.25		0.711518
390.375		0.711518
390.5		0.711518
390.625		0.711518
390.75		0.711518
390.875		0.711518
391		0.711518
391.125		0.711518
391.25		0.711518
391.375		0.711518
391.5		0.711518
391.625		0.711518
391.75		0.711518
391.875		0.711518
392		0.711518
392.125		0.711518
392.25		0.711518
392.375		0.711518
392.5		0.711518
392.625		0.711518
392.75		0.711518
392.875		0.711518
393		0.711518
393.125		0.711518
393.25		0.711518
393.375		0.711518
393.5		0.711518
393.625		0.711518
393.75		0.711518
393.875		0.711518
394		0.711518
394.125		0.711518
394.25		0.711518
394.375		0.711518
394.5		0.711518
394.625		0.711518
394.75		0.711518
394.875		0.711518
395		0.711518
395.125		0.730714
395.25		0.730714
395.375		0.730714
395.5		0.730714
395.625		0.730714
395.75		0.730714
395.875		0.730714
396		0.730714
396.125		0.730714
396.25		0.730714
396.375		0.730714
396.5		0.730714
396.625		0.730714
396.75		0.730714
396.875		0.730714
397		0.730714
397.125		0.730714
397.25		0.730714
397.375		0.730714
397.5		0.730714
397.625		0.730714
397.75		0.730714
397.875		0.730714
398		0.730714
398.125		0.730714
398.25		0.730714
398.375		0.730714
398.5		0.730714
398.625		0.730714
398.75		0.730714
398.875		0.730714
399		0.730714
399.125		0.730714
399.25		0.730714
399.375		0.730714
399.5		0.730714
399.625		0.730714
399.75		0.730714
399.875		0.730714
400		0.730714
400.125		0.758421
400.25		0.758421
400.375		0.758421
400.5		0.758421
400.625		0.758421
400.75		0.758421
400.875		0.758421
401		0.758421
401.125		0.758421
401.25		0.758421
401.375		0.758421
401.5		0.758421
401.625		0.758421
401.75		0.758421
401.875		0.758421
402		0.758421
402.125		0.758421
402.25		0.758421
402.375		0.758421
402.5		0.758421
402.625		0.758421
402.75		0.758421
402.875		0.758421
403		0.758421
403.125		0.758421
403.25		0.758421
403.375		0.758421
403.5		0.758421
403.625		0.758421
403.75		0.758421
403.875		0.758421
404		0.758421
404.125		0.758421
404.25		0.758421
404.375		0.758421
404.5		0.758421
404.625		0.758421
404.75		0.758421
404.875		0.758421
405		0.758421
405.125		0.759447
405.25		0.759447
405.375		0.759447
405.5		0.759447
405.625		0.759447
405.75		0.759447
405.875		0.759447
406		0.759447
406.125		0.759447
406.25		0.759447
406.375		0.759447
406.5		0.759447
406.625		0.759447
406.75		0.759447
406.875		0.759447
407		0.759447
407.125		0.759447
407.25		0.759447
407.375		0.759447
407.5		0.759447
407.625		0.759447
407.75		0.759447
407.875		0.759447
408		0.759447
408.125		0.759447
408.25		0.759447
408.375		0.759447
408.5		0.759447
408.625		0.759447
408.75		0.759447
408.875		0.759447
409		0.759447
409.125		0.759447
409.25		0.759447
409.375		0.759447
409.5		0.759447
409.625		0.759447
409.75		0.759447
409.875		0.759447
410		0.759447
410.125		0.777134
410.25		0.777134
410.375		0.777134
410.5		0.777134
410.625		0.777134
410.75		0.777134
410.875		0.777134
411		0.777134
411.125		0.777134
411.25		0.777134
411.375		0.777134
411.5		0.777134
411.625		0.777134
411.75		0.777134
411.875		0.777134
412		0.777134
412.125		0.777134
412.25		0.777134
412.375		0.777134
412.5		0.777134
412.625		0.777134
412.75		0.777134
412.875		0.777134
413		0.777134
413.125		0.777134
413.25		0.777134
413.375		0.777134
413.5		0.777134
413.625		0.777134
413.75		0.777134
413.875		0.777134
414		0.777134
414.125		0.777134
414.25		0.777134
414.375		0.777134
414.5		0.777134
414.625		0.777134
414.75		0.777134
414.875		0.777134
415		0.777134
415.125		0.78311
415.25		0.78311
415.375		0.78311
415.5		0.78311
415.625		0.78311
415.75		0.78311
415.875		0.78311
416		0.78311
416.125		0.78311
416.25		0.78311
416.375		0.78311
416.5		0.78311
416.625		0.78311
416.75		0.78311
416.875		0.78311
417		0.78311
417.125		0.78311
417.25		0.78311
417.375		0.78311
417.5		0.78311
417.625		0.78311
417.75		0.78311
417.875		0.78311
418		0.78311
418.125		0.78311
418.25		0.78311
418.375		0.78311
418.5		0.78311
418.625		0.78311
418.75		0.78311
418.875		0.78311
419		0.78311
419.125		0.78311
419.25		0.78311
419.375		0.78311
419.5		0.78311
419.625		0.78311
419.75		0.78311
419.875		0.78311
420		0.78311
420.125		0.816975
420.25		0.816975
420.375		0.816975
420.5		0.816975
420.625		0.816975
420.75		0.816975
420.875		0.816975
421		0.816975
421.125		0.816975
421.25		0.816975
421.375		0.816975
421.5		0.816975
421.625		0.816975
421.75		0.816975
421.875		0.816975
422		0.816975
422.125		0.816975
422.25		0.816975
422.375		0.816975
422.5		0.816975
422.625		0.816975
422.75		0.816975
422.875		0.816975
423		0.816975
423.125		0.816975
423.25		0.816975
423.375		0.816975
423.5		0.816975
423.625		0.816975
423.75		0.816975
423.875		0.816975
424		0.816975
424.125		0.816975
424.25		0.816975
424.375		0.816975
424.5		0.816975
424.625		0.816975
424.75		0.816975
424.875		0.816975
425		0.816975
425.125		0.827297
425.25		0.827297
425.375		0.827297
425.5		0.827297
425.625		0.827297
425.75		0.827297
425.875		0.827297
426		0.827297
426.125		0.827297
426.25		0.827297
426.375		0.827297
426.5		0.827297
426.625		0.827297
426.75		0.827297
426.875		0.827297
427		0.827297
427.125		0.827297
427.25		0.827297
427.375		0.827297
427.5		0.827297
427.625		0.827297
427.75		0.827297
427.875		0.827297
428		0.827297
428.125		0.827297
428.25		0.827297
428.375		0.827297
428.5		0.827297
428.625		0.827297
428.75		0.827297
428.875		0.827297
429		0.827297
429.125		0.827297
429.25		0.827297
429.375		0.827297
429.5		0.827297
429.625		0.827297
429.75		0.827297
429.875		0.827297
430		0.827297
430.125		0.831583
430.25		0.831583
430.375		0.831583
430.5		0.831583
430.625		0.831583
430.75		0.831583
430.875		0.831583
431		0.831583
431.125		0.831583
431.25		0.831583
431.375		0.831583
431.5		0.831583
431.625		0.831583
431.75		0.831583
431.875		0.831583
432		0.831583
432.125		0.831583
432.25		0.831583
432.375		0.831583
432.5		0.831583
432.625		0.831583
432.75		0.831583
432.875		0.831583
433		0.831583
433.125		0.831583
433.25		0.831583
433.375		0.831583
433.5		0.831583
433.625		0.831583
433.75		0.831583
433.875		0.831583
434		0.831583
434.125		0.831583
434.25		0.831583
434.375		0.831583
434.5		0.831583
434.625		0.831583
434.75		0.831583
434.875		0.831583
435		0.831583
435.125		0.839672
435.25		0.839672
435.375		0.839672
435.5		0.839672
435.625		0.839672
435.75		0.839672
435.875		0.839672
436		0.839672
436.125		0.839672
436.25		0.839672
436.375		0.839672
436.5		0.839672
436.625		0.839672
436.75		0.839672
436.875		0.839672
437		0.839672
437.125		0.839672
437.25		0.839672
437.375		0.839672
437.5		0.839672
437.625		0.839672
437.75		0.839672
437.875		0.839672
438		0.839672
438.125		0.839672
438.25		0.839672
438.375		0.839672
438.5		0.839672
438.625		0.839672
438.75		0.839672
438.875		0.839672
439		0.839672
439.125		0.839672
439.25		0.839672
439.375		0.839672
439.5		0.839672
439.625		0.839672
439.75		0.839672
439.875		0.839672
440		0.839672
440.125		0.855668
440.25		0.855668
440.375		0.855668
440.5		0.855668
440.625		0.855668
440.75		0.855668
440.875		0.855668
441		0.855668
441.125		0.855668
441.25		0.855668
441.375		0.855668
441.5		0.855668
441.625		0.855668
441.75		0.855668
441.875		0.855668
442		0.855668
442.125		0.855668
442.25		0.855668
442.375		0.855668
442.5		0.855668
442.625		0.855668
442.75		0.855668
442.875		0.855668
443		0.855668
443.125		0.855668
443.25		0.855668
443.375		0.855668
443.5		0.855668
443.625		0.855668
443.75		0.855668
443.875		0.855668
444		0.855668
444.125		0.855668
444.25		0.855668
444.375		0.855668
444.5		0.855668
444.625		0.855668
444.75		0.855668
444.875		0.855668
445		0.855668
445.125		0.876615
445.25		0.876615
445.375		0.876615
445.5		0.876615
445.625		0.876615
445.75		0.876615
445.875		0.876615
446		0.876615
446.125		0.876615
446.25		0.876615
446.375		0.876615
446.5		0.876615
446.625		0.876615
446.75		0.876615
446.875		0.876615
447		0.876615
447.125		0.876615
447.25		0.876615
447.375		0.876615
447.5		0.876615
447.625		0.876615
447.75		0.876615
447.875		0.876615
448		0.876615
448.125		0.876615
448.25		0.876615
448.375		0.876615
448.5		0.876615
448.625		0.876615
448.75		0.876615
448.875		0.876615
449		0.876615
449.125		0.876615
449.25		0.876615
449.375		0.876615
449.5		0.876615
449.625		0.876615
449.75		0.876615
449.875		0.876615
450		0.876615
450.125		0.879512
450.25		0.879512
450.375		0.879512
450.5		0.879512
450.625		0.879512
450.75		0.879512
450.875		0.879512
451		0.879512
451.125		0.879512
451.25		0.879512
451.375		0.879512
451.5		0.879512
451.625		0.879512
451.75		0.879512
451.875		0.879512
452		0.879512
452.125		0.879512
452.25		0.879512
452.375		0.879512
452.5		0.879512
452.625		0.879512
452.75		0.879512
452.875		0.879512
453		0.879512
453.125		0.879512
453.25		0.879512
453.375		0.879512
453.5		0.879512
453.625		0.879512
453.75		0.879512
453.875		0.879512
454		0.879512
454.125		0.879512
454.25		0.879512
454.375		0.879512
454.5		0.879512
454.625		0.879512
454.75		0.879512
454.875		0.879512
455		0.879512
455.125		0.89406
455.25		0.89406
455.375		0.89406
455.5		0.89406
455.625		0.89406
455.75		0.89406
455.875		0.89406
456		0.89406
456.125		0.89406
456.25		0.89406
456.375		0.89406
456.5		0.89406
456.625		0.89406
456.75		0.89406
456.875		0.89406
457		0.89406
457.125		0.89406
457.25		0.89406
457.375		0.89406
457.5		0.89406
457.625		0.89406
457.75		0.89406
457.875		0.89406
458		0.89406
458.125		0.89406
458.25		0.89406
458.375		0.89406
458.5		0.89406
458.625		0.89406
458.75		0.89406
458.875		0.89406
459		0.89406
459.125		0.89406
459.25		0.89406
459.375		0.89406
459.5		0.89406
459.625		0.89406
459.75		0.89406
459.875		0.89406
460		0.89406
460.125		0.912109
460.25		0.912109
460.375		0.912109
460.5		0.912109
460.625		0.912109
460.75		0.912109
460.875		0.912109
461		0.912109
461.125		0.912109
461.25		0.912109
461.375		0.912109
461.5		0.912109
461.625		0.912109
461.75		0.912109
461.875		0.912109
462		0.912109
462.125		0.912109
462.25		0.912109
462.375		0.912109
462.5		0.912109
462.625		0.912109
462.75		0.912109
462.875		0.912109
463		0.912109
463.125		0.912109
463.25		0.912109
463.375		0.912109
463.5		0.912109
463.625		0.912109
463.75		0.912109
463.875		0.912109
464		0.912109
464.125		0.912109
464.25		0.912109
464.375		0.912109
464.5		0.912109
464.625		0.912109
464.75		0.912109
464.875		0.912109
465		0.912109
465.125		0.913135
465.25		0.913135
465.375		0.913135
465.5		0.913135
465.625		0.913135
465.75		0.913135
465.875		0.913135
466		0.913135
466.125		0.913135
466.25		0.913135
466.375		0.913135
466.5		0.913135
466.625		0.913135
466.75		0.913135
466.875		0.913135
467		0.913135
467.125		0.913135
467.25		0.913135
467.375		0.913135
467.5		0.913135
467.625		0.913135
467.75		0.913135
467.875		0.913135
468		0.913135
468.125		0.913135
468.25		0.913135
468.375		0.913135
468.5		0.913135
468.625		0.913135
468.75		0.913135
468.875		0.913135
469		0.913135
469.125		0.913135
469.25		0.913135
469.375		0.913135
469.5		0.913135
469.625		0.913135
469.75		0.913135
469.875		0.913135
470		0.913135
470.125		0.943197
470.25		0.943197
470.375		0.943197
470.5		0.943197
470.625		0.943197
470.75		0.943197
470.875		0.943197
471		0.943197
471.125		0.943197
471.25		0.943197
471.375		0.943197
471.5		0.943197
471.625		0.943197
471.75		0.943197
471.875		0.943197
472		0.943197
472.125		0.943197
472.25		0.943197
472.375		0.943197
472.5		0.943197
472.625		0.943197
472.75		0.943197
472.875		0.943197
473		0.943197
473.125		0.943197
473.25		0.943197
473.375		0.943197
473.5		0.943197
473.625		0.943197
473.75		0.943197
473.875		0.943197
474		0.943197
474.125		0.943197
474.25		0.943197
474.375		0.943197
474.5		0.943197
474.625		0.943197
474.75		0.943197
474.875		0.943197
475		0.943197
475.125		0.949052
475.25		0.949052
475.375		0.949052
475.5		0.949052
475.625		0.949052
475.75		0.949052
475.875		0.949052
476		0.949052
476.125		0.949052
476.25		0.949052
476.375		0.949052
476.5		0.949052
476.625		0.949052
476.75		0.949052
476.875		0.949052
477		0.949052
477.125		0.949052
477.25		0.949052
477.375		0.949052
477.5		0.949052
477.625		0.949052
477.75		0.949052
477.875		0.949052
478		0.949052
478.125		0.949052
478.25		0.949052
478.375		0.949052
478.5		0.949052
478.625		0.949052
478.75		0.949052
478.875		0.949052
479		0.949052
479.125		0.949052
479.25		0.949052
479.375		0.949052
479.5		0.949052
479.625		0.949052
479.75		0.949052
479.875		0.949052
480		0.949052
480.125		0.950863
480.25		0.950863
480.375		0.950863
480.5		0.950863
480.625		0.950863
480.75		0.950863
480.875		0.950863
481		0.950863
481.125		0.950863
481.25		0.950863
481.375		0.950863
481.5		0.950863
481.625		0.950863
481.75		0.950863
481.875		0.950863
482		0.950863
482.125		0.950863
482.25		0.950863
482.375		0.950863
482.5		0.950863
482.625		0.950863
482.75		0.950863
482.875		0.950863
483		0.950863
483.125		0.950863
483.25		0.950863
483.375		0.950863
483.5		0.950863
483.625		0.950863
483.75		0.950863
483.875		0.950863
484		0.950863
484.125		0.950863
484.25		0.950863
484.375		0.950863
484.5		0.950863
484.625		0.950863
484.75		0.950863
484.875		0.950863
485		0.950863
485.125		0.984788
485.25		0.984788
485.375		0.984788
485.5		0.984788
485.625		0.984788
485.75		0.984788
485.875		0.984788
486		0.984788
486.125		0.984788
486.25		0.984788
486.375		0.984788
486.5		0.984788
486.625		0.984788
486.75		0.984788
486.875		0.984788
487		0.984788
487.125		0.984788
487.25		0.984788
487.375		0.984788
487.5		0.984788
487.625		0.984788
487.75		0.984788
487.875		0.984788
488		0.984788
488.125		0.984788
488.25		0.984788
488.375		0.984788
488.5		0.984788
488.625		0.984788
488.75		0.984788
488.875		0.984788
489		0.984788
489.125		0.984788
489.25		0.984788
489.375		0.984788
489.5		0.984788
489.625		0.984788
489.75		0.984788
489.875		0.984788
490		0.984788
490.125		0.997948
490.25		0.997948
490.375		0.997948
490.5		0.997948
490.625		0.997948
490.75		0.997948
490.875		0.997948
491		0.997948
491.125		0.997948
491.25		0.997948
491.375		0.997948
491.5		0.997948
491.625		0.997948
491.75		0.997948
491.875		0.997948
492		0.997948
492.125		0.997948
492.25		0.997948
492.375		0.997948
492.5		0.997948
492.625		0.997948
492.75		0.997948
492.875		0.997948
493		0.997948
493.125		0.997948
493.25		0.997948
493.375		0.997948
493.5		0.997948
493.625		0.997948
493.75		0.997948
493.875		0.997948
494		0.997948
494.125		0.997948
494.25		0.997948
494.375		0.997948
494.5		0.997948
494.625		0.997948
494.75		0.997948
494.875		0.997948
495		0.997948
495.125		1
495.25		1
495.375		1
495.5		1
495.625		1
495.75		1
495.875		1
496		1
496.125		1
496.25		1
496.375		1
496.5		1
496.625		1
496.75		1
496.875		1
497		1
497.125		1
497.25		1
497.375		1
497.5		1
497.625		1
497.75		1
497.875		1
498		1
498.125		1
498.25		1
498.375		1
498.5		1
498.625		1
498.75		1
498.875		1
499		1
499.125		1
499.25		1
499.375		1
499.5		1
499.625		1
499.75		1
499.875		1
500		1
