# Calibration file of tamex_id 1 @ channel 32
# fine_T bin		 Calibration value
0.125		0
0.25		0
0.375		0
0.5		0
0.625		0
0.75		0
0.875		0
1		0
1.125		0
1.25		0
1.375		0
1.5		0
1.625		0
1.75		0
1.875		0
2		0
2.125		0
2.25		0
2.375		0
2.5		0
2.625		0
2.75		0
2.875		0
3		0
3.125		0
3.25		0
3.375		0
3.5		0
3.625		0
3.75		0
3.875		0
4		0
4.125		0
4.25		0
4.375		0
4.5		0
4.625		0
4.75		0
4.875		0
5		0
5.125		0
5.25		0
5.375		0
5.5		0
5.625		0
5.75		0
5.875		0
6		0
6.125		0
6.25		0
6.375		0
6.5		0
6.625		0
6.75		0
6.875		0
7		0
7.125		0
7.25		0
7.375		0
7.5		0
7.625		0
7.75		0
7.875		0
8		0
8.125		0
8.25		0
8.375		0
8.5		0
8.625		0
8.75		0
8.875		0
9		0
9.125		0
9.25		0
9.375		0
9.5		0
9.625		0
9.75		0
9.875		0
10		0
10.125		0
10.25		0
10.375		0
10.5		0
10.625		0
10.75		0
10.875		0
11		0
11.125		0
11.25		0
11.375		0
11.5		0
11.625		0
11.75		0
11.875		0
12		0
12.125		0
12.25		0
12.375		0
12.5		0
12.625		0
12.75		0
12.875		0
13		0
13.125		0
13.25		0
13.375		0
13.5		0
13.625		0
13.75		0
13.875		0
14		0
14.125		0
14.25		0
14.375		0
14.5		0
14.625		0
14.75		0
14.875		0
15		0
15.125		0
15.25		0
15.375		0
15.5		0
15.625		0
15.75		0
15.875		0
16		0
16.125		0
16.25		0
16.375		0
16.5		0
16.625		0
16.75		0
16.875		0
17		0
17.125		0
17.25		0
17.375		0
17.5		0
17.625		0
17.75		0
17.875		0
18		0
18.125		0
18.25		0
18.375		0
18.5		0
18.625		0
18.75		0
18.875		0
19		0
19.125		0
19.25		0
19.375		0
19.5		0
19.625		0
19.75		0
19.875		0
20		0
20.125		0
20.25		0
20.375		0
20.5		0
20.625		0
20.75		0
20.875		0
21		0
21.125		0
21.25		0
21.375		0
21.5		0
21.625		0
21.75		0
21.875		0
22		0
22.125		0
22.25		0
22.375		0
22.5		0
22.625		0
22.75		0
22.875		0
23		0
23.125		0
23.25		0
23.375		0
23.5		0
23.625		0
23.75		0
23.875		0
24		0
24.125		0
24.25		0
24.375		0
24.5		0
24.625		0
24.75		0
24.875		0
25		0
25.125		0
25.25		0
25.375		0
25.5		0
25.625		0
25.75		0
25.875		0
26		0
26.125		0
26.25		0
26.375		0
26.5		0
26.625		0
26.75		0
26.875		0
27		0
27.125		0
27.25		0
27.375		0
27.5		0
27.625		0
27.75		0
27.875		0
28		0
28.125		0
28.25		0
28.375		0
28.5		0
28.625		0
28.75		0
28.875		0
29		0
29.125		0
29.25		0
29.375		0
29.5		0
29.625		0
29.75		0
29.875		0
30		0
30.125		0
30.25		0
30.375		0
30.5		0
30.625		0
30.75		0
30.875		0
31		0
31.125		0
31.25		0
31.375		0
31.5		0
31.625		0
31.75		0
31.875		0
32		0
32.125		0
32.25		0
32.375		0
32.5		0
32.625		0
32.75		0
32.875		0
33		0
33.125		0
33.25		0
33.375		0
33.5		0
33.625		0
33.75		0
33.875		0
34		0
34.125		0
34.25		0
34.375		0
34.5		0
34.625		0
34.75		0
34.875		0
35		0
35.125		0
35.25		0
35.375		0
35.5		0
35.625		0
35.75		0
35.875		0
36		0
36.125		0
36.25		0
36.375		0
36.5		0
36.625		0
36.75		0
36.875		0
37		0
37.125		0
37.25		0
37.375		0
37.5		0
37.625		0
37.75		0
37.875		0
38		0
38.125		0
38.25		0
38.375		0
38.5		0
38.625		0
38.75		0
38.875		0
39		0
39.125		0
39.25		0
39.375		0
39.5		0
39.625		0
39.75		0
39.875		0
40		0
40.125		0
40.25		0
40.375		0
40.5		0
40.625		0
40.75		0
40.875		0
41		0
41.125		0
41.25		0
41.375		0
41.5		0
41.625		0
41.75		0
41.875		0
42		0
42.125		0
42.25		0
42.375		0
42.5		0
42.625		0
42.75		0
42.875		0
43		0
43.125		0
43.25		0
43.375		0
43.5		0
43.625		0
43.75		0
43.875		0
44		0
44.125		0
44.25		0
44.375		0
44.5		0
44.625		0
44.75		0
44.875		0
45		0
45.125		0
45.25		0
45.375		0
45.5		0
45.625		0
45.75		0
45.875		0
46		0
46.125		0
46.25		0
46.375		0
46.5		0
46.625		0
46.75		0
46.875		0
47		0
47.125		0
47.25		0
47.375		0
47.5		0
47.625		0
47.75		0
47.875		0
48		0
48.125		0
48.25		0
48.375		0
48.5		0
48.625		0
48.75		0
48.875		0
49		0
49.125		0
49.25		0
49.375		0
49.5		0
49.625		0
49.75		0
49.875		0
50		0
50.125		0
50.25		0
50.375		0
50.5		0
50.625		0
50.75		0
50.875		0
51		0
51.125		0
51.25		0
51.375		0
51.5		0
51.625		0
51.75		0
51.875		0
52		0
52.125		0
52.25		0
52.375		0
52.5		0
52.625		0
52.75		0
52.875		0
53		0
53.125		0
53.25		0
53.375		0
53.5		0
53.625		0
53.75		0
53.875		0
54		0
54.125		0
54.25		0
54.375		0
54.5		0
54.625		0
54.75		0
54.875		0
55		0
55.125		0
55.25		0
55.375		0
55.5		0
55.625		0
55.75		0
55.875		0
56		0
56.125		0
56.25		0
56.375		0
56.5		0
56.625		0
56.75		0
56.875		0
57		0
57.125		0
57.25		0
57.375		0
57.5		0
57.625		0
57.75		0
57.875		0
58		0
58.125		0
58.25		0
58.375		0
58.5		0
58.625		0
58.75		0
58.875		0
59		0
59.125		0
59.25		0
59.375		0
59.5		0
59.625		0
59.75		0
59.875		0
60		0
60.125		0
60.25		0
60.375		0
60.5		0
60.625		0
60.75		0
60.875		0
61		0
61.125		0
61.25		0
61.375		0
61.5		0
61.625		0
61.75		0
61.875		0
62		0
62.125		0
62.25		0
62.375		0
62.5		0
62.625		0
62.75		0
62.875		0
63		0
63.125		0
63.25		0
63.375		0
63.5		0
63.625		0
63.75		0
63.875		0
64		0
64.125		0
64.25		0
64.375		0
64.5		0
64.625		0
64.75		0
64.875		0
65		0
65.125		0
65.25		0
65.375		0
65.5		0
65.625		0
65.75		0
65.875		0
66		0
66.125		0
66.25		0
66.375		0
66.5		0
66.625		0
66.75		0
66.875		0
67		0
67.125		0
67.25		0
67.375		0
67.5		0
67.625		0
67.75		0
67.875		0
68		0
68.125		0
68.25		0
68.375		0
68.5		0
68.625		0
68.75		0
68.875		0
69		0
69.125		0
69.25		0
69.375		0
69.5		0
69.625		0
69.75		0
69.875		0
70		0
70.125		0
70.25		0
70.375		0
70.5		0
70.625		0
70.75		0
70.875		0
71		0
71.125		0
71.25		0
71.375		0
71.5		0
71.625		0
71.75		0
71.875		0
72		0
72.125		0
72.25		0
72.375		0
72.5		0
72.625		0
72.75		0
72.875		0
73		0
73.125		0
73.25		0
73.375		0
73.5		0
73.625		0
73.75		0
73.875		0
74		0
74.125		0
74.25		0
74.375		0
74.5		0
74.625		0
74.75		0
74.875		0
75		0
75.125		0
75.25		0
75.375		0
75.5		0
75.625		0
75.75		0
75.875		0
76		0
76.125		0
76.25		0
76.375		0
76.5		0
76.625		0
76.75		0
76.875		0
77		0
77.125		0
77.25		0
77.375		0
77.5		0
77.625		0
77.75		0
77.875		0
78		0
78.125		0
78.25		0
78.375		0
78.5		0
78.625		0
78.75		0
78.875		0
79		0
79.125		0
79.25		0
79.375		0
79.5		0
79.625		0
79.75		0
79.875		0
80		0
80.125		0.0227273
80.25		0.0227273
80.375		0.0227273
80.5		0.0227273
80.625		0.0227273
80.75		0.0227273
80.875		0.0227273
81		0.0227273
81.125		0.0227273
81.25		0.0227273
81.375		0.0227273
81.5		0.0227273
81.625		0.0227273
81.75		0.0227273
81.875		0.0227273
82		0.0227273
82.125		0.0227273
82.25		0.0227273
82.375		0.0227273
82.5		0.0227273
82.625		0.0227273
82.75		0.0227273
82.875		0.0227273
83		0.0227273
83.125		0.0227273
83.25		0.0227273
83.375		0.0227273
83.5		0.0227273
83.625		0.0227273
83.75		0.0227273
83.875		0.0227273
84		0.0227273
84.125		0.0227273
84.25		0.0227273
84.375		0.0227273
84.5		0.0227273
84.625		0.0227273
84.75		0.0227273
84.875		0.0227273
85		0.0227273
85.125		0.0596591
85.25		0.0596591
85.375		0.0596591
85.5		0.0596591
85.625		0.0596591
85.75		0.0596591
85.875		0.0596591
86		0.0596591
86.125		0.0596591
86.25		0.0596591
86.375		0.0596591
86.5		0.0596591
86.625		0.0596591
86.75		0.0596591
86.875		0.0596591
87		0.0596591
87.125		0.0596591
87.25		0.0596591
87.375		0.0596591
87.5		0.0596591
87.625		0.0596591
87.75		0.0596591
87.875		0.0596591
88		0.0596591
88.125		0.0596591
88.25		0.0596591
88.375		0.0596591
88.5		0.0596591
88.625		0.0596591
88.75		0.0596591
88.875		0.0596591
89		0.0596591
89.125		0.0596591
89.25		0.0596591
89.375		0.0596591
89.5		0.0596591
89.625		0.0596591
89.75		0.0596591
89.875		0.0596591
90		0.0596591
90.125		0.0696023
90.25		0.0696023
90.375		0.0696023
90.5		0.0696023
90.625		0.0696023
90.75		0.0696023
90.875		0.0696023
91		0.0696023
91.125		0.0696023
91.25		0.0696023
91.375		0.0696023
91.5		0.0696023
91.625		0.0696023
91.75		0.0696023
91.875		0.0696023
92		0.0696023
92.125		0.0696023
92.25		0.0696023
92.375		0.0696023
92.5		0.0696023
92.625		0.0696023
92.75		0.0696023
92.875		0.0696023
93		0.0696023
93.125		0.0696023
93.25		0.0696023
93.375		0.0696023
93.5		0.0696023
93.625		0.0696023
93.75		0.0696023
93.875		0.0696023
94		0.0696023
94.125		0.0696023
94.25		0.0696023
94.375		0.0696023
94.5		0.0696023
94.625		0.0696023
94.75		0.0696023
94.875		0.0696023
95		0.0696023
95.125		0.0752841
95.25		0.0752841
95.375		0.0752841
95.5		0.0752841
95.625		0.0752841
95.75		0.0752841
95.875		0.0752841
96		0.0752841
96.125		0.0752841
96.25		0.0752841
96.375		0.0752841
96.5		0.0752841
96.625		0.0752841
96.75		0.0752841
96.875		0.0752841
97		0.0752841
97.125		0.0752841
97.25		0.0752841
97.375		0.0752841
97.5		0.0752841
97.625		0.0752841
97.75		0.0752841
97.875		0.0752841
98		0.0752841
98.125		0.0752841
98.25		0.0752841
98.375		0.0752841
98.5		0.0752841
98.625		0.0752841
98.75		0.0752841
98.875		0.0752841
99		0.0752841
99.125		0.0752841
99.25		0.0752841
99.375		0.0752841
99.5		0.0752841
99.625		0.0752841
99.75		0.0752841
99.875		0.0752841
100		0.0752841
100.125		0.103693
100.25		0.103693
100.375		0.103693
100.5		0.103693
100.625		0.103693
100.75		0.103693
100.875		0.103693
101		0.103693
101.125		0.103693
101.25		0.103693
101.375		0.103693
101.5		0.103693
101.625		0.103693
101.75		0.103693
101.875		0.103693
102		0.103693
102.125		0.103693
102.25		0.103693
102.375		0.103693
102.5		0.103693
102.625		0.103693
102.75		0.103693
102.875		0.103693
103		0.103693
103.125		0.103693
103.25		0.103693
103.375		0.103693
103.5		0.103693
103.625		0.103693
103.75		0.103693
103.875		0.103693
104		0.103693
104.125		0.103693
104.25		0.103693
104.375		0.103693
104.5		0.103693
104.625		0.103693
104.75		0.103693
104.875		0.103693
105		0.103693
105.125		0.106534
105.25		0.106534
105.375		0.106534
105.5		0.106534
105.625		0.106534
105.75		0.106534
105.875		0.106534
106		0.106534
106.125		0.106534
106.25		0.106534
106.375		0.106534
106.5		0.106534
106.625		0.106534
106.75		0.106534
106.875		0.106534
107		0.106534
107.125		0.106534
107.25		0.106534
107.375		0.106534
107.5		0.106534
107.625		0.106534
107.75		0.106534
107.875		0.106534
108		0.106534
108.125		0.106534
108.25		0.106534
108.375		0.106534
108.5		0.106534
108.625		0.106534
108.75		0.106534
108.875		0.106534
109		0.106534
109.125		0.106534
109.25		0.106534
109.375		0.106534
109.5		0.106534
109.625		0.106534
109.75		0.106534
109.875		0.106534
110		0.106534
110.125		0.117898
110.25		0.117898
110.375		0.117898
110.5		0.117898
110.625		0.117898
110.75		0.117898
110.875		0.117898
111		0.117898
111.125		0.117898
111.25		0.117898
111.375		0.117898
111.5		0.117898
111.625		0.117898
111.75		0.117898
111.875		0.117898
112		0.117898
112.125		0.117898
112.25		0.117898
112.375		0.117898
112.5		0.117898
112.625		0.117898
112.75		0.117898
112.875		0.117898
113		0.117898
113.125		0.117898
113.25		0.117898
113.375		0.117898
113.5		0.117898
113.625		0.117898
113.75		0.117898
113.875		0.117898
114		0.117898
114.125		0.117898
114.25		0.117898
114.375		0.117898
114.5		0.117898
114.625		0.117898
114.75		0.117898
114.875		0.117898
115		0.117898
115.125		0.125
115.25		0.125
115.375		0.125
115.5		0.125
115.625		0.125
115.75		0.125
115.875		0.125
116		0.125
116.125		0.125
116.25		0.125
116.375		0.125
116.5		0.125
116.625		0.125
116.75		0.125
116.875		0.125
117		0.125
117.125		0.125
117.25		0.125
117.375		0.125
117.5		0.125
117.625		0.125
117.75		0.125
117.875		0.125
118		0.125
118.125		0.125
118.25		0.125
118.375		0.125
118.5		0.125
118.625		0.125
118.75		0.125
118.875		0.125
119		0.125
119.125		0.125
119.25		0.125
119.375		0.125
119.5		0.125
119.625		0.125
119.75		0.125
119.875		0.125
120		0.125
120.125		0.153409
120.25		0.153409
120.375		0.153409
120.5		0.153409
120.625		0.153409
120.75		0.153409
120.875		0.153409
121		0.153409
121.125		0.153409
121.25		0.153409
121.375		0.153409
121.5		0.153409
121.625		0.153409
121.75		0.153409
121.875		0.153409
122		0.153409
122.125		0.153409
122.25		0.153409
122.375		0.153409
122.5		0.153409
122.625		0.153409
122.75		0.153409
122.875		0.153409
123		0.153409
123.125		0.153409
123.25		0.153409
123.375		0.153409
123.5		0.153409
123.625		0.153409
123.75		0.153409
123.875		0.153409
124		0.153409
124.125		0.153409
124.25		0.153409
124.375		0.153409
124.5		0.153409
124.625		0.153409
124.75		0.153409
124.875		0.153409
125		0.153409
125.125		0.166193
125.25		0.166193
125.375		0.166193
125.5		0.166193
125.625		0.166193
125.75		0.166193
125.875		0.166193
126		0.166193
126.125		0.166193
126.25		0.166193
126.375		0.166193
126.5		0.166193
126.625		0.166193
126.75		0.166193
126.875		0.166193
127		0.166193
127.125		0.166193
127.25		0.166193
127.375		0.166193
127.5		0.166193
127.625		0.166193
127.75		0.166193
127.875		0.166193
128		0.166193
128.125		0.166193
128.25		0.166193
128.375		0.166193
128.5		0.166193
128.625		0.166193
128.75		0.166193
128.875		0.166193
129		0.166193
129.125		0.166193
129.25		0.166193
129.375		0.166193
129.5		0.166193
129.625		0.166193
129.75		0.166193
129.875		0.166193
130		0.166193
130.125		0.173295
130.25		0.173295
130.375		0.173295
130.5		0.173295
130.625		0.173295
130.75		0.173295
130.875		0.173295
131		0.173295
131.125		0.173295
131.25		0.173295
131.375		0.173295
131.5		0.173295
131.625		0.173295
131.75		0.173295
131.875		0.173295
132		0.173295
132.125		0.173295
132.25		0.173295
132.375		0.173295
132.5		0.173295
132.625		0.173295
132.75		0.173295
132.875		0.173295
133		0.173295
133.125		0.173295
133.25		0.173295
133.375		0.173295
133.5		0.173295
133.625		0.173295
133.75		0.173295
133.875		0.173295
134		0.173295
134.125		0.173295
134.25		0.173295
134.375		0.173295
134.5		0.173295
134.625		0.173295
134.75		0.173295
134.875		0.173295
135		0.173295
135.125		0.191761
135.25		0.191761
135.375		0.191761
135.5		0.191761
135.625		0.191761
135.75		0.191761
135.875		0.191761
136		0.191761
136.125		0.191761
136.25		0.191761
136.375		0.191761
136.5		0.191761
136.625		0.191761
136.75		0.191761
136.875		0.191761
137		0.191761
137.125		0.191761
137.25		0.191761
137.375		0.191761
137.5		0.191761
137.625		0.191761
137.75		0.191761
137.875		0.191761
138		0.191761
138.125		0.191761
138.25		0.191761
138.375		0.191761
138.5		0.191761
138.625		0.191761
138.75		0.191761
138.875		0.191761
139		0.191761
139.125		0.191761
139.25		0.191761
139.375		0.191761
139.5		0.191761
139.625		0.191761
139.75		0.191761
139.875		0.191761
140		0.191761
140.125		0.213068
140.25		0.213068
140.375		0.213068
140.5		0.213068
140.625		0.213068
140.75		0.213068
140.875		0.213068
141		0.213068
141.125		0.213068
141.25		0.213068
141.375		0.213068
141.5		0.213068
141.625		0.213068
141.75		0.213068
141.875		0.213068
142		0.213068
142.125		0.213068
142.25		0.213068
142.375		0.213068
142.5		0.213068
142.625		0.213068
142.75		0.213068
142.875		0.213068
143		0.213068
143.125		0.213068
143.25		0.213068
143.375		0.213068
143.5		0.213068
143.625		0.213068
143.75		0.213068
143.875		0.213068
144		0.213068
144.125		0.213068
144.25		0.213068
144.375		0.213068
144.5		0.213068
144.625		0.213068
144.75		0.213068
144.875		0.213068
145		0.213068
145.125		0.215909
145.25		0.215909
145.375		0.215909
145.5		0.215909
145.625		0.215909
145.75		0.215909
145.875		0.215909
146		0.215909
146.125		0.215909
146.25		0.215909
146.375		0.215909
146.5		0.215909
146.625		0.215909
146.75		0.215909
146.875		0.215909
147		0.215909
147.125		0.215909
147.25		0.215909
147.375		0.215909
147.5		0.215909
147.625		0.215909
147.75		0.215909
147.875		0.215909
148		0.215909
148.125		0.215909
148.25		0.215909
148.375		0.215909
148.5		0.215909
148.625		0.215909
148.75		0.215909
148.875		0.215909
149		0.215909
149.125		0.215909
149.25		0.215909
149.375		0.215909
149.5		0.215909
149.625		0.215909
149.75		0.215909
149.875		0.215909
150		0.215909
150.125		0.21733
150.25		0.21733
150.375		0.21733
150.5		0.21733
150.625		0.21733
150.75		0.21733
150.875		0.21733
151		0.21733
151.125		0.21733
151.25		0.21733
151.375		0.21733
151.5		0.21733
151.625		0.21733
151.75		0.21733
151.875		0.21733
152		0.21733
152.125		0.21733
152.25		0.21733
152.375		0.21733
152.5		0.21733
152.625		0.21733
152.75		0.21733
152.875		0.21733
153		0.21733
153.125		0.21733
153.25		0.21733
153.375		0.21733
153.5		0.21733
153.625		0.21733
153.75		0.21733
153.875		0.21733
154		0.21733
154.125		0.21733
154.25		0.21733
154.375		0.21733
154.5		0.21733
154.625		0.21733
154.75		0.21733
154.875		0.21733
155		0.21733
155.125		0.234375
155.25		0.234375
155.375		0.234375
155.5		0.234375
155.625		0.234375
155.75		0.234375
155.875		0.234375
156		0.234375
156.125		0.234375
156.25		0.234375
156.375		0.234375
156.5		0.234375
156.625		0.234375
156.75		0.234375
156.875		0.234375
157		0.234375
157.125		0.234375
157.25		0.234375
157.375		0.234375
157.5		0.234375
157.625		0.234375
157.75		0.234375
157.875		0.234375
158		0.234375
158.125		0.234375
158.25		0.234375
158.375		0.234375
158.5		0.234375
158.625		0.234375
158.75		0.234375
158.875		0.234375
159		0.234375
159.125		0.234375
159.25		0.234375
159.375		0.234375
159.5		0.234375
159.625		0.234375
159.75		0.234375
159.875		0.234375
160		0.234375
160.125		0.257102
160.25		0.257102
160.375		0.257102
160.5		0.257102
160.625		0.257102
160.75		0.257102
160.875		0.257102
161		0.257102
161.125		0.257102
161.25		0.257102
161.375		0.257102
161.5		0.257102
161.625		0.257102
161.75		0.257102
161.875		0.257102
162		0.257102
162.125		0.257102
162.25		0.257102
162.375		0.257102
162.5		0.257102
162.625		0.257102
162.75		0.257102
162.875		0.257102
163		0.257102
163.125		0.257102
163.25		0.257102
163.375		0.257102
163.5		0.257102
163.625		0.257102
163.75		0.257102
163.875		0.257102
164		0.257102
164.125		0.257102
164.25		0.257102
164.375		0.257102
164.5		0.257102
164.625		0.257102
164.75		0.257102
164.875		0.257102
165		0.257102
165.125		0.268466
165.25		0.268466
165.375		0.268466
165.5		0.268466
165.625		0.268466
165.75		0.268466
165.875		0.268466
166		0.268466
166.125		0.268466
166.25		0.268466
166.375		0.268466
166.5		0.268466
166.625		0.268466
166.75		0.268466
166.875		0.268466
167		0.268466
167.125		0.268466
167.25		0.268466
167.375		0.268466
167.5		0.268466
167.625		0.268466
167.75		0.268466
167.875		0.268466
168		0.268466
168.125		0.268466
168.25		0.268466
168.375		0.268466
168.5		0.268466
168.625		0.268466
168.75		0.268466
168.875		0.268466
169		0.268466
169.125		0.268466
169.25		0.268466
169.375		0.268466
169.5		0.268466
169.625		0.268466
169.75		0.268466
169.875		0.268466
170		0.268466
170.125		0.28267
170.25		0.28267
170.375		0.28267
170.5		0.28267
170.625		0.28267
170.75		0.28267
170.875		0.28267
171		0.28267
171.125		0.28267
171.25		0.28267
171.375		0.28267
171.5		0.28267
171.625		0.28267
171.75		0.28267
171.875		0.28267
172		0.28267
172.125		0.28267
172.25		0.28267
172.375		0.28267
172.5		0.28267
172.625		0.28267
172.75		0.28267
172.875		0.28267
173		0.28267
173.125		0.28267
173.25		0.28267
173.375		0.28267
173.5		0.28267
173.625		0.28267
173.75		0.28267
173.875		0.28267
174		0.28267
174.125		0.28267
174.25		0.28267
174.375		0.28267
174.5		0.28267
174.625		0.28267
174.75		0.28267
174.875		0.28267
175		0.28267
175.125		0.285511
175.25		0.285511
175.375		0.285511
175.5		0.285511
175.625		0.285511
175.75		0.285511
175.875		0.285511
176		0.285511
176.125		0.285511
176.25		0.285511
176.375		0.285511
176.5		0.285511
176.625		0.285511
176.75		0.285511
176.875		0.285511
177		0.285511
177.125		0.285511
177.25		0.285511
177.375		0.285511
177.5		0.285511
177.625		0.285511
177.75		0.285511
177.875		0.285511
178		0.285511
178.125		0.285511
178.25		0.285511
178.375		0.285511
178.5		0.285511
178.625		0.285511
178.75		0.285511
178.875		0.285511
179		0.285511
179.125		0.285511
179.25		0.285511
179.375		0.285511
179.5		0.285511
179.625		0.285511
179.75		0.285511
179.875		0.285511
180		0.285511
180.125		0.308239
180.25		0.308239
180.375		0.308239
180.5		0.308239
180.625		0.308239
180.75		0.308239
180.875		0.308239
181		0.308239
181.125		0.308239
181.25		0.308239
181.375		0.308239
181.5		0.308239
181.625		0.308239
181.75		0.308239
181.875		0.308239
182		0.308239
182.125		0.308239
182.25		0.308239
182.375		0.308239
182.5		0.308239
182.625		0.308239
182.75		0.308239
182.875		0.308239
183		0.308239
183.125		0.308239
183.25		0.308239
183.375		0.308239
183.5		0.308239
183.625		0.308239
183.75		0.308239
183.875		0.308239
184		0.308239
184.125		0.308239
184.25		0.308239
184.375		0.308239
184.5		0.308239
184.625		0.308239
184.75		0.308239
184.875		0.308239
185		0.308239
185.125		0.31108
185.25		0.31108
185.375		0.31108
185.5		0.31108
185.625		0.31108
185.75		0.31108
185.875		0.31108
186		0.31108
186.125		0.31108
186.25		0.31108
186.375		0.31108
186.5		0.31108
186.625		0.31108
186.75		0.31108
186.875		0.31108
187		0.31108
187.125		0.31108
187.25		0.31108
187.375		0.31108
187.5		0.31108
187.625		0.31108
187.75		0.31108
187.875		0.31108
188		0.31108
188.125		0.31108
188.25		0.31108
188.375		0.31108
188.5		0.31108
188.625		0.31108
188.75		0.31108
188.875		0.31108
189		0.31108
189.125		0.31108
189.25		0.31108
189.375		0.31108
189.5		0.31108
189.625		0.31108
189.75		0.31108
189.875		0.31108
190		0.31108
190.125		0.325284
190.25		0.325284
190.375		0.325284
190.5		0.325284
190.625		0.325284
190.75		0.325284
190.875		0.325284
191		0.325284
191.125		0.325284
191.25		0.325284
191.375		0.325284
191.5		0.325284
191.625		0.325284
191.75		0.325284
191.875		0.325284
192		0.325284
192.125		0.325284
192.25		0.325284
192.375		0.325284
192.5		0.325284
192.625		0.325284
192.75		0.325284
192.875		0.325284
193		0.325284
193.125		0.325284
193.25		0.325284
193.375		0.325284
193.5		0.325284
193.625		0.325284
193.75		0.325284
193.875		0.325284
194		0.325284
194.125		0.325284
194.25		0.325284
194.375		0.325284
194.5		0.325284
194.625		0.325284
194.75		0.325284
194.875		0.325284
195		0.325284
195.125		0.330966
195.25		0.330966
195.375		0.330966
195.5		0.330966
195.625		0.330966
195.75		0.330966
195.875		0.330966
196		0.330966
196.125		0.330966
196.25		0.330966
196.375		0.330966
196.5		0.330966
196.625		0.330966
196.75		0.330966
196.875		0.330966
197		0.330966
197.125		0.330966
197.25		0.330966
197.375		0.330966
197.5		0.330966
197.625		0.330966
197.75		0.330966
197.875		0.330966
198		0.330966
198.125		0.330966
198.25		0.330966
198.375		0.330966
198.5		0.330966
198.625		0.330966
198.75		0.330966
198.875		0.330966
199		0.330966
199.125		0.330966
199.25		0.330966
199.375		0.330966
199.5		0.330966
199.625		0.330966
199.75		0.330966
199.875		0.330966
200		0.330966
200.125		0.352273
200.25		0.352273
200.375		0.352273
200.5		0.352273
200.625		0.352273
200.75		0.352273
200.875		0.352273
201		0.352273
201.125		0.352273
201.25		0.352273
201.375		0.352273
201.5		0.352273
201.625		0.352273
201.75		0.352273
201.875		0.352273
202		0.352273
202.125		0.352273
202.25		0.352273
202.375		0.352273
202.5		0.352273
202.625		0.352273
202.75		0.352273
202.875		0.352273
203		0.352273
203.125		0.352273
203.25		0.352273
203.375		0.352273
203.5		0.352273
203.625		0.352273
203.75		0.352273
203.875		0.352273
204		0.352273
204.125		0.352273
204.25		0.352273
204.375		0.352273
204.5		0.352273
204.625		0.352273
204.75		0.352273
204.875		0.352273
205		0.352273
205.125		0.367898
205.25		0.367898
205.375		0.367898
205.5		0.367898
205.625		0.367898
205.75		0.367898
205.875		0.367898
206		0.367898
206.125		0.367898
206.25		0.367898
206.375		0.367898
206.5		0.367898
206.625		0.367898
206.75		0.367898
206.875		0.367898
207		0.367898
207.125		0.367898
207.25		0.367898
207.375		0.367898
207.5		0.367898
207.625		0.367898
207.75		0.367898
207.875		0.367898
208		0.367898
208.125		0.367898
208.25		0.367898
208.375		0.367898
208.5		0.367898
208.625		0.367898
208.75		0.367898
208.875		0.367898
209		0.367898
209.125		0.367898
209.25		0.367898
209.375		0.367898
209.5		0.367898
209.625		0.367898
209.75		0.367898
209.875		0.367898
210		0.367898
210.125		0.379261
210.25		0.379261
210.375		0.379261
210.5		0.379261
210.625		0.379261
210.75		0.379261
210.875		0.379261
211		0.379261
211.125		0.379261
211.25		0.379261
211.375		0.379261
211.5		0.379261
211.625		0.379261
211.75		0.379261
211.875		0.379261
212		0.379261
212.125		0.379261
212.25		0.379261
212.375		0.379261
212.5		0.379261
212.625		0.379261
212.75		0.379261
212.875		0.379261
213		0.379261
213.125		0.379261
213.25		0.379261
213.375		0.379261
213.5		0.379261
213.625		0.379261
213.75		0.379261
213.875		0.379261
214		0.379261
214.125		0.379261
214.25		0.379261
214.375		0.379261
214.5		0.379261
214.625		0.379261
214.75		0.379261
214.875		0.379261
215		0.379261
215.125		0.386364
215.25		0.386364
215.375		0.386364
215.5		0.386364
215.625		0.386364
215.75		0.386364
215.875		0.386364
216		0.386364
216.125		0.386364
216.25		0.386364
216.375		0.386364
216.5		0.386364
216.625		0.386364
216.75		0.386364
216.875		0.386364
217		0.386364
217.125		0.386364
217.25		0.386364
217.375		0.386364
217.5		0.386364
217.625		0.386364
217.75		0.386364
217.875		0.386364
218		0.386364
218.125		0.386364
218.25		0.386364
218.375		0.386364
218.5		0.386364
218.625		0.386364
218.75		0.386364
218.875		0.386364
219		0.386364
219.125		0.386364
219.25		0.386364
219.375		0.386364
219.5		0.386364
219.625		0.386364
219.75		0.386364
219.875		0.386364
220		0.386364
220.125		0.401989
220.25		0.401989
220.375		0.401989
220.5		0.401989
220.625		0.401989
220.75		0.401989
220.875		0.401989
221		0.401989
221.125		0.401989
221.25		0.401989
221.375		0.401989
221.5		0.401989
221.625		0.401989
221.75		0.401989
221.875		0.401989
222		0.401989
222.125		0.401989
222.25		0.401989
222.375		0.401989
222.5		0.401989
222.625		0.401989
222.75		0.401989
222.875		0.401989
223		0.401989
223.125		0.401989
223.25		0.401989
223.375		0.401989
223.5		0.401989
223.625		0.401989
223.75		0.401989
223.875		0.401989
224		0.401989
224.125		0.401989
224.25		0.401989
224.375		0.401989
224.5		0.401989
224.625		0.401989
224.75		0.401989
224.875		0.401989
225		0.401989
225.125		0.417614
225.25		0.417614
225.375		0.417614
225.5		0.417614
225.625		0.417614
225.75		0.417614
225.875		0.417614
226		0.417614
226.125		0.417614
226.25		0.417614
226.375		0.417614
226.5		0.417614
226.625		0.417614
226.75		0.417614
226.875		0.417614
227		0.417614
227.125		0.417614
227.25		0.417614
227.375		0.417614
227.5		0.417614
227.625		0.417614
227.75		0.417614
227.875		0.417614
228		0.417614
228.125		0.417614
228.25		0.417614
228.375		0.417614
228.5		0.417614
228.625		0.417614
228.75		0.417614
228.875		0.417614
229		0.417614
229.125		0.417614
229.25		0.417614
229.375		0.417614
229.5		0.417614
229.625		0.417614
229.75		0.417614
229.875		0.417614
230		0.417614
230.125		0.417614
230.25		0.417614
230.375		0.417614
230.5		0.417614
230.625		0.417614
230.75		0.417614
230.875		0.417614
231		0.417614
231.125		0.417614
231.25		0.417614
231.375		0.417614
231.5		0.417614
231.625		0.417614
231.75		0.417614
231.875		0.417614
232		0.417614
232.125		0.417614
232.25		0.417614
232.375		0.417614
232.5		0.417614
232.625		0.417614
232.75		0.417614
232.875		0.417614
233		0.417614
233.125		0.417614
233.25		0.417614
233.375		0.417614
233.5		0.417614
233.625		0.417614
233.75		0.417614
233.875		0.417614
234		0.417614
234.125		0.417614
234.25		0.417614
234.375		0.417614
234.5		0.417614
234.625		0.417614
234.75		0.417614
234.875		0.417614
235		0.417614
235.125		0.431818
235.25		0.431818
235.375		0.431818
235.5		0.431818
235.625		0.431818
235.75		0.431818
235.875		0.431818
236		0.431818
236.125		0.431818
236.25		0.431818
236.375		0.431818
236.5		0.431818
236.625		0.431818
236.75		0.431818
236.875		0.431818
237		0.431818
237.125		0.431818
237.25		0.431818
237.375		0.431818
237.5		0.431818
237.625		0.431818
237.75		0.431818
237.875		0.431818
238		0.431818
238.125		0.431818
238.25		0.431818
238.375		0.431818
238.5		0.431818
238.625		0.431818
238.75		0.431818
238.875		0.431818
239		0.431818
239.125		0.431818
239.25		0.431818
239.375		0.431818
239.5		0.431818
239.625		0.431818
239.75		0.431818
239.875		0.431818
240		0.431818
240.125		0.441761
240.25		0.441761
240.375		0.441761
240.5		0.441761
240.625		0.441761
240.75		0.441761
240.875		0.441761
241		0.441761
241.125		0.441761
241.25		0.441761
241.375		0.441761
241.5		0.441761
241.625		0.441761
241.75		0.441761
241.875		0.441761
242		0.441761
242.125		0.441761
242.25		0.441761
242.375		0.441761
242.5		0.441761
242.625		0.441761
242.75		0.441761
242.875		0.441761
243		0.441761
243.125		0.441761
243.25		0.441761
243.375		0.441761
243.5		0.441761
243.625		0.441761
243.75		0.441761
243.875		0.441761
244		0.441761
244.125		0.441761
244.25		0.441761
244.375		0.441761
244.5		0.441761
244.625		0.441761
244.75		0.441761
244.875		0.441761
245		0.441761
245.125		0.443182
245.25		0.443182
245.375		0.443182
245.5		0.443182
245.625		0.443182
245.75		0.443182
245.875		0.443182
246		0.443182
246.125		0.443182
246.25		0.443182
246.375		0.443182
246.5		0.443182
246.625		0.443182
246.75		0.443182
246.875		0.443182
247		0.443182
247.125		0.443182
247.25		0.443182
247.375		0.443182
247.5		0.443182
247.625		0.443182
247.75		0.443182
247.875		0.443182
248		0.443182
248.125		0.443182
248.25		0.443182
248.375		0.443182
248.5		0.443182
248.625		0.443182
248.75		0.443182
248.875		0.443182
249		0.443182
249.125		0.443182
249.25		0.443182
249.375		0.443182
249.5		0.443182
249.625		0.443182
249.75		0.443182
249.875		0.443182
250		0.443182
250.125		0.450284
250.25		0.450284
250.375		0.450284
250.5		0.450284
250.625		0.450284
250.75		0.450284
250.875		0.450284
251		0.450284
251.125		0.450284
251.25		0.450284
251.375		0.450284
251.5		0.450284
251.625		0.450284
251.75		0.450284
251.875		0.450284
252		0.450284
252.125		0.450284
252.25		0.450284
252.375		0.450284
252.5		0.450284
252.625		0.450284
252.75		0.450284
252.875		0.450284
253		0.450284
253.125		0.450284
253.25		0.450284
253.375		0.450284
253.5		0.450284
253.625		0.450284
253.75		0.450284
253.875		0.450284
254		0.450284
254.125		0.450284
254.25		0.450284
254.375		0.450284
254.5		0.450284
254.625		0.450284
254.75		0.450284
254.875		0.450284
255		0.450284
255.125		0.471591
255.25		0.471591
255.375		0.471591
255.5		0.471591
255.625		0.471591
255.75		0.471591
255.875		0.471591
256		0.471591
256.125		0.471591
256.25		0.471591
256.375		0.471591
256.5		0.471591
256.625		0.471591
256.75		0.471591
256.875		0.471591
257		0.471591
257.125		0.471591
257.25		0.471591
257.375		0.471591
257.5		0.471591
257.625		0.471591
257.75		0.471591
257.875		0.471591
258		0.471591
258.125		0.471591
258.25		0.471591
258.375		0.471591
258.5		0.471591
258.625		0.471591
258.75		0.471591
258.875		0.471591
259		0.471591
259.125		0.471591
259.25		0.471591
259.375		0.471591
259.5		0.471591
259.625		0.471591
259.75		0.471591
259.875		0.471591
260		0.471591
260.125		0.473011
260.25		0.473011
260.375		0.473011
260.5		0.473011
260.625		0.473011
260.75		0.473011
260.875		0.473011
261		0.473011
261.125		0.473011
261.25		0.473011
261.375		0.473011
261.5		0.473011
261.625		0.473011
261.75		0.473011
261.875		0.473011
262		0.473011
262.125		0.473011
262.25		0.473011
262.375		0.473011
262.5		0.473011
262.625		0.473011
262.75		0.473011
262.875		0.473011
263		0.473011
263.125		0.473011
263.25		0.473011
263.375		0.473011
263.5		0.473011
263.625		0.473011
263.75		0.473011
263.875		0.473011
264		0.473011
264.125		0.473011
264.25		0.473011
264.375		0.473011
264.5		0.473011
264.625		0.473011
264.75		0.473011
264.875		0.473011
265		0.473011
265.125		0.502841
265.25		0.502841
265.375		0.502841
265.5		0.502841
265.625		0.502841
265.75		0.502841
265.875		0.502841
266		0.502841
266.125		0.502841
266.25		0.502841
266.375		0.502841
266.5		0.502841
266.625		0.502841
266.75		0.502841
266.875		0.502841
267		0.502841
267.125		0.502841
267.25		0.502841
267.375		0.502841
267.5		0.502841
267.625		0.502841
267.75		0.502841
267.875		0.502841
268		0.502841
268.125		0.502841
268.25		0.502841
268.375		0.502841
268.5		0.502841
268.625		0.502841
268.75		0.502841
268.875		0.502841
269		0.502841
269.125		0.502841
269.25		0.502841
269.375		0.502841
269.5		0.502841
269.625		0.502841
269.75		0.502841
269.875		0.502841
270		0.502841
270.125		0.518466
270.25		0.518466
270.375		0.518466
270.5		0.518466
270.625		0.518466
270.75		0.518466
270.875		0.518466
271		0.518466
271.125		0.518466
271.25		0.518466
271.375		0.518466
271.5		0.518466
271.625		0.518466
271.75		0.518466
271.875		0.518466
272		0.518466
272.125		0.518466
272.25		0.518466
272.375		0.518466
272.5		0.518466
272.625		0.518466
272.75		0.518466
272.875		0.518466
273		0.518466
273.125		0.518466
273.25		0.518466
273.375		0.518466
273.5		0.518466
273.625		0.518466
273.75		0.518466
273.875		0.518466
274		0.518466
274.125		0.518466
274.25		0.518466
274.375		0.518466
274.5		0.518466
274.625		0.518466
274.75		0.518466
274.875		0.518466
275		0.518466
275.125		0.526989
275.25		0.526989
275.375		0.526989
275.5		0.526989
275.625		0.526989
275.75		0.526989
275.875		0.526989
276		0.526989
276.125		0.526989
276.25		0.526989
276.375		0.526989
276.5		0.526989
276.625		0.526989
276.75		0.526989
276.875		0.526989
277		0.526989
277.125		0.526989
277.25		0.526989
277.375		0.526989
277.5		0.526989
277.625		0.526989
277.75		0.526989
277.875		0.526989
278		0.526989
278.125		0.526989
278.25		0.526989
278.375		0.526989
278.5		0.526989
278.625		0.526989
278.75		0.526989
278.875		0.526989
279		0.526989
279.125		0.526989
279.25		0.526989
279.375		0.526989
279.5		0.526989
279.625		0.526989
279.75		0.526989
279.875		0.526989
280		0.526989
280.125		0.52983
280.25		0.52983
280.375		0.52983
280.5		0.52983
280.625		0.52983
280.75		0.52983
280.875		0.52983
281		0.52983
281.125		0.52983
281.25		0.52983
281.375		0.52983
281.5		0.52983
281.625		0.52983
281.75		0.52983
281.875		0.52983
282		0.52983
282.125		0.52983
282.25		0.52983
282.375		0.52983
282.5		0.52983
282.625		0.52983
282.75		0.52983
282.875		0.52983
283		0.52983
283.125		0.52983
283.25		0.52983
283.375		0.52983
283.5		0.52983
283.625		0.52983
283.75		0.52983
283.875		0.52983
284		0.52983
284.125		0.52983
284.25		0.52983
284.375		0.52983
284.5		0.52983
284.625		0.52983
284.75		0.52983
284.875		0.52983
285		0.52983
285.125		0.538352
285.25		0.538352
285.375		0.538352
285.5		0.538352
285.625		0.538352
285.75		0.538352
285.875		0.538352
286		0.538352
286.125		0.538352
286.25		0.538352
286.375		0.538352
286.5		0.538352
286.625		0.538352
286.75		0.538352
286.875		0.538352
287		0.538352
287.125		0.538352
287.25		0.538352
287.375		0.538352
287.5		0.538352
287.625		0.538352
287.75		0.538352
287.875		0.538352
288		0.538352
288.125		0.538352
288.25		0.538352
288.375		0.538352
288.5		0.538352
288.625		0.538352
288.75		0.538352
288.875		0.538352
289		0.538352
289.125		0.538352
289.25		0.538352
289.375		0.538352
289.5		0.538352
289.625		0.538352
289.75		0.538352
289.875		0.538352
290		0.538352
290.125		0.569602
290.25		0.569602
290.375		0.569602
290.5		0.569602
290.625		0.569602
290.75		0.569602
290.875		0.569602
291		0.569602
291.125		0.569602
291.25		0.569602
291.375		0.569602
291.5		0.569602
291.625		0.569602
291.75		0.569602
291.875		0.569602
292		0.569602
292.125		0.569602
292.25		0.569602
292.375		0.569602
292.5		0.569602
292.625		0.569602
292.75		0.569602
292.875		0.569602
293		0.569602
293.125		0.569602
293.25		0.569602
293.375		0.569602
293.5		0.569602
293.625		0.569602
293.75		0.569602
293.875		0.569602
294		0.569602
294.125		0.569602
294.25		0.569602
294.375		0.569602
294.5		0.569602
294.625		0.569602
294.75		0.569602
294.875		0.569602
295		0.569602
295.125		0.576705
295.25		0.576705
295.375		0.576705
295.5		0.576705
295.625		0.576705
295.75		0.576705
295.875		0.576705
296		0.576705
296.125		0.576705
296.25		0.576705
296.375		0.576705
296.5		0.576705
296.625		0.576705
296.75		0.576705
296.875		0.576705
297		0.576705
297.125		0.576705
297.25		0.576705
297.375		0.576705
297.5		0.576705
297.625		0.576705
297.75		0.576705
297.875		0.576705
298		0.576705
298.125		0.576705
298.25		0.576705
298.375		0.576705
298.5		0.576705
298.625		0.576705
298.75		0.576705
298.875		0.576705
299		0.576705
299.125		0.576705
299.25		0.576705
299.375		0.576705
299.5		0.576705
299.625		0.576705
299.75		0.576705
299.875		0.576705
300		0.576705
300.125		0.583807
300.25		0.583807
300.375		0.583807
300.5		0.583807
300.625		0.583807
300.75		0.583807
300.875		0.583807
301		0.583807
301.125		0.583807
301.25		0.583807
301.375		0.583807
301.5		0.583807
301.625		0.583807
301.75		0.583807
301.875		0.583807
302		0.583807
302.125		0.583807
302.25		0.583807
302.375		0.583807
302.5		0.583807
302.625		0.583807
302.75		0.583807
302.875		0.583807
303		0.583807
303.125		0.583807
303.25		0.583807
303.375		0.583807
303.5		0.583807
303.625		0.583807
303.75		0.583807
303.875		0.583807
304		0.583807
304.125		0.583807
304.25		0.583807
304.375		0.583807
304.5		0.583807
304.625		0.583807
304.75		0.583807
304.875		0.583807
305		0.583807
305.125		0.588068
305.25		0.588068
305.375		0.588068
305.5		0.588068
305.625		0.588068
305.75		0.588068
305.875		0.588068
306		0.588068
306.125		0.588068
306.25		0.588068
306.375		0.588068
306.5		0.588068
306.625		0.588068
306.75		0.588068
306.875		0.588068
307		0.588068
307.125		0.588068
307.25		0.588068
307.375		0.588068
307.5		0.588068
307.625		0.588068
307.75		0.588068
307.875		0.588068
308		0.588068
308.125		0.588068
308.25		0.588068
308.375		0.588068
308.5		0.588068
308.625		0.588068
308.75		0.588068
308.875		0.588068
309		0.588068
309.125		0.588068
309.25		0.588068
309.375		0.588068
309.5		0.588068
309.625		0.588068
309.75		0.588068
309.875		0.588068
310		0.588068
310.125		0.609375
310.25		0.609375
310.375		0.609375
310.5		0.609375
310.625		0.609375
310.75		0.609375
310.875		0.609375
311		0.609375
311.125		0.609375
311.25		0.609375
311.375		0.609375
311.5		0.609375
311.625		0.609375
311.75		0.609375
311.875		0.609375
312		0.609375
312.125		0.609375
312.25		0.609375
312.375		0.609375
312.5		0.609375
312.625		0.609375
312.75		0.609375
312.875		0.609375
313		0.609375
313.125		0.609375
313.25		0.609375
313.375		0.609375
313.5		0.609375
313.625		0.609375
313.75		0.609375
313.875		0.609375
314		0.609375
314.125		0.609375
314.25		0.609375
314.375		0.609375
314.5		0.609375
314.625		0.609375
314.75		0.609375
314.875		0.609375
315		0.609375
315.125		0.616477
315.25		0.616477
315.375		0.616477
315.5		0.616477
315.625		0.616477
315.75		0.616477
315.875		0.616477
316		0.616477
316.125		0.616477
316.25		0.616477
316.375		0.616477
316.5		0.616477
316.625		0.616477
316.75		0.616477
316.875		0.616477
317		0.616477
317.125		0.616477
317.25		0.616477
317.375		0.616477
317.5		0.616477
317.625		0.616477
317.75		0.616477
317.875		0.616477
318		0.616477
318.125		0.616477
318.25		0.616477
318.375		0.616477
318.5		0.616477
318.625		0.616477
318.75		0.616477
318.875		0.616477
319		0.616477
319.125		0.616477
319.25		0.616477
319.375		0.616477
319.5		0.616477
319.625		0.616477
319.75		0.616477
319.875		0.616477
320		0.616477
320.125		0.625
320.25		0.625
320.375		0.625
320.5		0.625
320.625		0.625
320.75		0.625
320.875		0.625
321		0.625
321.125		0.625
321.25		0.625
321.375		0.625
321.5		0.625
321.625		0.625
321.75		0.625
321.875		0.625
322		0.625
322.125		0.625
322.25		0.625
322.375		0.625
322.5		0.625
322.625		0.625
322.75		0.625
322.875		0.625
323		0.625
323.125		0.625
323.25		0.625
323.375		0.625
323.5		0.625
323.625		0.625
323.75		0.625
323.875		0.625
324		0.625
324.125		0.625
324.25		0.625
324.375		0.625
324.5		0.625
324.625		0.625
324.75		0.625
324.875		0.625
325		0.625
325.125		0.627841
325.25		0.627841
325.375		0.627841
325.5		0.627841
325.625		0.627841
325.75		0.627841
325.875		0.627841
326		0.627841
326.125		0.627841
326.25		0.627841
326.375		0.627841
326.5		0.627841
326.625		0.627841
326.75		0.627841
326.875		0.627841
327		0.627841
327.125		0.627841
327.25		0.627841
327.375		0.627841
327.5		0.627841
327.625		0.627841
327.75		0.627841
327.875		0.627841
328		0.627841
328.125		0.627841
328.25		0.627841
328.375		0.627841
328.5		0.627841
328.625		0.627841
328.75		0.627841
328.875		0.627841
329		0.627841
329.125		0.627841
329.25		0.627841
329.375		0.627841
329.5		0.627841
329.625		0.627841
329.75		0.627841
329.875		0.627841
330		0.627841
330.125		0.643466
330.25		0.643466
330.375		0.643466
330.5		0.643466
330.625		0.643466
330.75		0.643466
330.875		0.643466
331		0.643466
331.125		0.643466
331.25		0.643466
331.375		0.643466
331.5		0.643466
331.625		0.643466
331.75		0.643466
331.875		0.643466
332		0.643466
332.125		0.643466
332.25		0.643466
332.375		0.643466
332.5		0.643466
332.625		0.643466
332.75		0.643466
332.875		0.643466
333		0.643466
333.125		0.643466
333.25		0.643466
333.375		0.643466
333.5		0.643466
333.625		0.643466
333.75		0.643466
333.875		0.643466
334		0.643466
334.125		0.643466
334.25		0.643466
334.375		0.643466
334.5		0.643466
334.625		0.643466
334.75		0.643466
334.875		0.643466
335		0.643466
335.125		0.643466
335.25		0.643466
335.375		0.643466
335.5		0.643466
335.625		0.643466
335.75		0.643466
335.875		0.643466
336		0.643466
336.125		0.643466
336.25		0.643466
336.375		0.643466
336.5		0.643466
336.625		0.643466
336.75		0.643466
336.875		0.643466
337		0.643466
337.125		0.643466
337.25		0.643466
337.375		0.643466
337.5		0.643466
337.625		0.643466
337.75		0.643466
337.875		0.643466
338		0.643466
338.125		0.643466
338.25		0.643466
338.375		0.643466
338.5		0.643466
338.625		0.643466
338.75		0.643466
338.875		0.643466
339		0.643466
339.125		0.643466
339.25		0.643466
339.375		0.643466
339.5		0.643466
339.625		0.643466
339.75		0.643466
339.875		0.643466
340		0.643466
340.125		0.651989
340.25		0.651989
340.375		0.651989
340.5		0.651989
340.625		0.651989
340.75		0.651989
340.875		0.651989
341		0.651989
341.125		0.651989
341.25		0.651989
341.375		0.651989
341.5		0.651989
341.625		0.651989
341.75		0.651989
341.875		0.651989
342		0.651989
342.125		0.651989
342.25		0.651989
342.375		0.651989
342.5		0.651989
342.625		0.651989
342.75		0.651989
342.875		0.651989
343		0.651989
343.125		0.651989
343.25		0.651989
343.375		0.651989
343.5		0.651989
343.625		0.651989
343.75		0.651989
343.875		0.651989
344		0.651989
344.125		0.651989
344.25		0.651989
344.375		0.651989
344.5		0.651989
344.625		0.651989
344.75		0.651989
344.875		0.651989
345		0.651989
345.125		0.65483
345.25		0.65483
345.375		0.65483
345.5		0.65483
345.625		0.65483
345.75		0.65483
345.875		0.65483
346		0.65483
346.125		0.65483
346.25		0.65483
346.375		0.65483
346.5		0.65483
346.625		0.65483
346.75		0.65483
346.875		0.65483
347		0.65483
347.125		0.65483
347.25		0.65483
347.375		0.65483
347.5		0.65483
347.625		0.65483
347.75		0.65483
347.875		0.65483
348		0.65483
348.125		0.65483
348.25		0.65483
348.375		0.65483
348.5		0.65483
348.625		0.65483
348.75		0.65483
348.875		0.65483
349		0.65483
349.125		0.65483
349.25		0.65483
349.375		0.65483
349.5		0.65483
349.625		0.65483
349.75		0.65483
349.875		0.65483
350		0.65483
350.125		0.673295
350.25		0.673295
350.375		0.673295
350.5		0.673295
350.625		0.673295
350.75		0.673295
350.875		0.673295
351		0.673295
351.125		0.673295
351.25		0.673295
351.375		0.673295
351.5		0.673295
351.625		0.673295
351.75		0.673295
351.875		0.673295
352		0.673295
352.125		0.673295
352.25		0.673295
352.375		0.673295
352.5		0.673295
352.625		0.673295
352.75		0.673295
352.875		0.673295
353		0.673295
353.125		0.673295
353.25		0.673295
353.375		0.673295
353.5		0.673295
353.625		0.673295
353.75		0.673295
353.875		0.673295
354		0.673295
354.125		0.673295
354.25		0.673295
354.375		0.673295
354.5		0.673295
354.625		0.673295
354.75		0.673295
354.875		0.673295
355		0.673295
355.125		0.690341
355.25		0.690341
355.375		0.690341
355.5		0.690341
355.625		0.690341
355.75		0.690341
355.875		0.690341
356		0.690341
356.125		0.690341
356.25		0.690341
356.375		0.690341
356.5		0.690341
356.625		0.690341
356.75		0.690341
356.875		0.690341
357		0.690341
357.125		0.690341
357.25		0.690341
357.375		0.690341
357.5		0.690341
357.625		0.690341
357.75		0.690341
357.875		0.690341
358		0.690341
358.125		0.690341
358.25		0.690341
358.375		0.690341
358.5		0.690341
358.625		0.690341
358.75		0.690341
358.875		0.690341
359		0.690341
359.125		0.690341
359.25		0.690341
359.375		0.690341
359.5		0.690341
359.625		0.690341
359.75		0.690341
359.875		0.690341
360		0.690341
360.125		0.690341
360.25		0.690341
360.375		0.690341
360.5		0.690341
360.625		0.690341
360.75		0.690341
360.875		0.690341
361		0.690341
361.125		0.690341
361.25		0.690341
361.375		0.690341
361.5		0.690341
361.625		0.690341
361.75		0.690341
361.875		0.690341
362		0.690341
362.125		0.690341
362.25		0.690341
362.375		0.690341
362.5		0.690341
362.625		0.690341
362.75		0.690341
362.875		0.690341
363		0.690341
363.125		0.690341
363.25		0.690341
363.375		0.690341
363.5		0.690341
363.625		0.690341
363.75		0.690341
363.875		0.690341
364		0.690341
364.125		0.690341
364.25		0.690341
364.375		0.690341
364.5		0.690341
364.625		0.690341
364.75		0.690341
364.875		0.690341
365		0.690341
365.125		0.690341
365.25		0.690341
365.375		0.690341
365.5		0.690341
365.625		0.690341
365.75		0.690341
365.875		0.690341
366		0.690341
366.125		0.690341
366.25		0.690341
366.375		0.690341
366.5		0.690341
366.625		0.690341
366.75		0.690341
366.875		0.690341
367		0.690341
367.125		0.690341
367.25		0.690341
367.375		0.690341
367.5		0.690341
367.625		0.690341
367.75		0.690341
367.875		0.690341
368		0.690341
368.125		0.690341
368.25		0.690341
368.375		0.690341
368.5		0.690341
368.625		0.690341
368.75		0.690341
368.875		0.690341
369		0.690341
369.125		0.690341
369.25		0.690341
369.375		0.690341
369.5		0.690341
369.625		0.690341
369.75		0.690341
369.875		0.690341
370		0.690341
370.125		0.71875
370.25		0.71875
370.375		0.71875
370.5		0.71875
370.625		0.71875
370.75		0.71875
370.875		0.71875
371		0.71875
371.125		0.71875
371.25		0.71875
371.375		0.71875
371.5		0.71875
371.625		0.71875
371.75		0.71875
371.875		0.71875
372		0.71875
372.125		0.71875
372.25		0.71875
372.375		0.71875
372.5		0.71875
372.625		0.71875
372.75		0.71875
372.875		0.71875
373		0.71875
373.125		0.71875
373.25		0.71875
373.375		0.71875
373.5		0.71875
373.625		0.71875
373.75		0.71875
373.875		0.71875
374		0.71875
374.125		0.71875
374.25		0.71875
374.375		0.71875
374.5		0.71875
374.625		0.71875
374.75		0.71875
374.875		0.71875
375		0.71875
375.125		0.71875
375.25		0.71875
375.375		0.71875
375.5		0.71875
375.625		0.71875
375.75		0.71875
375.875		0.71875
376		0.71875
376.125		0.71875
376.25		0.71875
376.375		0.71875
376.5		0.71875
376.625		0.71875
376.75		0.71875
376.875		0.71875
377		0.71875
377.125		0.71875
377.25		0.71875
377.375		0.71875
377.5		0.71875
377.625		0.71875
377.75		0.71875
377.875		0.71875
378		0.71875
378.125		0.71875
378.25		0.71875
378.375		0.71875
378.5		0.71875
378.625		0.71875
378.75		0.71875
378.875		0.71875
379		0.71875
379.125		0.71875
379.25		0.71875
379.375		0.71875
379.5		0.71875
379.625		0.71875
379.75		0.71875
379.875		0.71875
380		0.71875
380.125		0.725852
380.25		0.725852
380.375		0.725852
380.5		0.725852
380.625		0.725852
380.75		0.725852
380.875		0.725852
381		0.725852
381.125		0.725852
381.25		0.725852
381.375		0.725852
381.5		0.725852
381.625		0.725852
381.75		0.725852
381.875		0.725852
382		0.725852
382.125		0.725852
382.25		0.725852
382.375		0.725852
382.5		0.725852
382.625		0.725852
382.75		0.725852
382.875		0.725852
383		0.725852
383.125		0.725852
383.25		0.725852
383.375		0.725852
383.5		0.725852
383.625		0.725852
383.75		0.725852
383.875		0.725852
384		0.725852
384.125		0.725852
384.25		0.725852
384.375		0.725852
384.5		0.725852
384.625		0.725852
384.75		0.725852
384.875		0.725852
385		0.725852
385.125		0.744318
385.25		0.744318
385.375		0.744318
385.5		0.744318
385.625		0.744318
385.75		0.744318
385.875		0.744318
386		0.744318
386.125		0.744318
386.25		0.744318
386.375		0.744318
386.5		0.744318
386.625		0.744318
386.75		0.744318
386.875		0.744318
387		0.744318
387.125		0.744318
387.25		0.744318
387.375		0.744318
387.5		0.744318
387.625		0.744318
387.75		0.744318
387.875		0.744318
388		0.744318
388.125		0.744318
388.25		0.744318
388.375		0.744318
388.5		0.744318
388.625		0.744318
388.75		0.744318
388.875		0.744318
389		0.744318
389.125		0.744318
389.25		0.744318
389.375		0.744318
389.5		0.744318
389.625		0.744318
389.75		0.744318
389.875		0.744318
390		0.744318
390.125		0.75
390.25		0.75
390.375		0.75
390.5		0.75
390.625		0.75
390.75		0.75
390.875		0.75
391		0.75
391.125		0.75
391.25		0.75
391.375		0.75
391.5		0.75
391.625		0.75
391.75		0.75
391.875		0.75
392		0.75
392.125		0.75
392.25		0.75
392.375		0.75
392.5		0.75
392.625		0.75
392.75		0.75
392.875		0.75
393		0.75
393.125		0.75
393.25		0.75
393.375		0.75
393.5		0.75
393.625		0.75
393.75		0.75
393.875		0.75
394		0.75
394.125		0.75
394.25		0.75
394.375		0.75
394.5		0.75
394.625		0.75
394.75		0.75
394.875		0.75
395		0.75
395.125		0.761364
395.25		0.761364
395.375		0.761364
395.5		0.761364
395.625		0.761364
395.75		0.761364
395.875		0.761364
396		0.761364
396.125		0.761364
396.25		0.761364
396.375		0.761364
396.5		0.761364
396.625		0.761364
396.75		0.761364
396.875		0.761364
397		0.761364
397.125		0.761364
397.25		0.761364
397.375		0.761364
397.5		0.761364
397.625		0.761364
397.75		0.761364
397.875		0.761364
398		0.761364
398.125		0.761364
398.25		0.761364
398.375		0.761364
398.5		0.761364
398.625		0.761364
398.75		0.761364
398.875		0.761364
399		0.761364
399.125		0.761364
399.25		0.761364
399.375		0.761364
399.5		0.761364
399.625		0.761364
399.75		0.761364
399.875		0.761364
400		0.761364
400.125		0.764205
400.25		0.764205
400.375		0.764205
400.5		0.764205
400.625		0.764205
400.75		0.764205
400.875		0.764205
401		0.764205
401.125		0.764205
401.25		0.764205
401.375		0.764205
401.5		0.764205
401.625		0.764205
401.75		0.764205
401.875		0.764205
402		0.764205
402.125		0.764205
402.25		0.764205
402.375		0.764205
402.5		0.764205
402.625		0.764205
402.75		0.764205
402.875		0.764205
403		0.764205
403.125		0.764205
403.25		0.764205
403.375		0.764205
403.5		0.764205
403.625		0.764205
403.75		0.764205
403.875		0.764205
404		0.764205
404.125		0.764205
404.25		0.764205
404.375		0.764205
404.5		0.764205
404.625		0.764205
404.75		0.764205
404.875		0.764205
405		0.764205
405.125		0.767045
405.25		0.767045
405.375		0.767045
405.5		0.767045
405.625		0.767045
405.75		0.767045
405.875		0.767045
406		0.767045
406.125		0.767045
406.25		0.767045
406.375		0.767045
406.5		0.767045
406.625		0.767045
406.75		0.767045
406.875		0.767045
407		0.767045
407.125		0.767045
407.25		0.767045
407.375		0.767045
407.5		0.767045
407.625		0.767045
407.75		0.767045
407.875		0.767045
408		0.767045
408.125		0.767045
408.25		0.767045
408.375		0.767045
408.5		0.767045
408.625		0.767045
408.75		0.767045
408.875		0.767045
409		0.767045
409.125		0.767045
409.25		0.767045
409.375		0.767045
409.5		0.767045
409.625		0.767045
409.75		0.767045
409.875		0.767045
410		0.767045
410.125		0.818182
410.25		0.818182
410.375		0.818182
410.5		0.818182
410.625		0.818182
410.75		0.818182
410.875		0.818182
411		0.818182
411.125		0.818182
411.25		0.818182
411.375		0.818182
411.5		0.818182
411.625		0.818182
411.75		0.818182
411.875		0.818182
412		0.818182
412.125		0.818182
412.25		0.818182
412.375		0.818182
412.5		0.818182
412.625		0.818182
412.75		0.818182
412.875		0.818182
413		0.818182
413.125		0.818182
413.25		0.818182
413.375		0.818182
413.5		0.818182
413.625		0.818182
413.75		0.818182
413.875		0.818182
414		0.818182
414.125		0.818182
414.25		0.818182
414.375		0.818182
414.5		0.818182
414.625		0.818182
414.75		0.818182
414.875		0.818182
415		0.818182
415.125		0.826705
415.25		0.826705
415.375		0.826705
415.5		0.826705
415.625		0.826705
415.75		0.826705
415.875		0.826705
416		0.826705
416.125		0.826705
416.25		0.826705
416.375		0.826705
416.5		0.826705
416.625		0.826705
416.75		0.826705
416.875		0.826705
417		0.826705
417.125		0.826705
417.25		0.826705
417.375		0.826705
417.5		0.826705
417.625		0.826705
417.75		0.826705
417.875		0.826705
418		0.826705
418.125		0.826705
418.25		0.826705
418.375		0.826705
418.5		0.826705
418.625		0.826705
418.75		0.826705
418.875		0.826705
419		0.826705
419.125		0.826705
419.25		0.826705
419.375		0.826705
419.5		0.826705
419.625		0.826705
419.75		0.826705
419.875		0.826705
420		0.826705
420.125		0.829545
420.25		0.829545
420.375		0.829545
420.5		0.829545
420.625		0.829545
420.75		0.829545
420.875		0.829545
421		0.829545
421.125		0.829545
421.25		0.829545
421.375		0.829545
421.5		0.829545
421.625		0.829545
421.75		0.829545
421.875		0.829545
422		0.829545
422.125		0.829545
422.25		0.829545
422.375		0.829545
422.5		0.829545
422.625		0.829545
422.75		0.829545
422.875		0.829545
423		0.829545
423.125		0.829545
423.25		0.829545
423.375		0.829545
423.5		0.829545
423.625		0.829545
423.75		0.829545
423.875		0.829545
424		0.829545
424.125		0.829545
424.25		0.829545
424.375		0.829545
424.5		0.829545
424.625		0.829545
424.75		0.829545
424.875		0.829545
425		0.829545
425.125		0.832386
425.25		0.832386
425.375		0.832386
425.5		0.832386
425.625		0.832386
425.75		0.832386
425.875		0.832386
426		0.832386
426.125		0.832386
426.25		0.832386
426.375		0.832386
426.5		0.832386
426.625		0.832386
426.75		0.832386
426.875		0.832386
427		0.832386
427.125		0.832386
427.25		0.832386
427.375		0.832386
427.5		0.832386
427.625		0.832386
427.75		0.832386
427.875		0.832386
428		0.832386
428.125		0.832386
428.25		0.832386
428.375		0.832386
428.5		0.832386
428.625		0.832386
428.75		0.832386
428.875		0.832386
429		0.832386
429.125		0.832386
429.25		0.832386
429.375		0.832386
429.5		0.832386
429.625		0.832386
429.75		0.832386
429.875		0.832386
430		0.832386
430.125		0.857955
430.25		0.857955
430.375		0.857955
430.5		0.857955
430.625		0.857955
430.75		0.857955
430.875		0.857955
431		0.857955
431.125		0.857955
431.25		0.857955
431.375		0.857955
431.5		0.857955
431.625		0.857955
431.75		0.857955
431.875		0.857955
432		0.857955
432.125		0.857955
432.25		0.857955
432.375		0.857955
432.5		0.857955
432.625		0.857955
432.75		0.857955
432.875		0.857955
433		0.857955
433.125		0.857955
433.25		0.857955
433.375		0.857955
433.5		0.857955
433.625		0.857955
433.75		0.857955
433.875		0.857955
434		0.857955
434.125		0.857955
434.25		0.857955
434.375		0.857955
434.5		0.857955
434.625		0.857955
434.75		0.857955
434.875		0.857955
435		0.857955
435.125		0.859375
435.25		0.859375
435.375		0.859375
435.5		0.859375
435.625		0.859375
435.75		0.859375
435.875		0.859375
436		0.859375
436.125		0.859375
436.25		0.859375
436.375		0.859375
436.5		0.859375
436.625		0.859375
436.75		0.859375
436.875		0.859375
437		0.859375
437.125		0.859375
437.25		0.859375
437.375		0.859375
437.5		0.859375
437.625		0.859375
437.75		0.859375
437.875		0.859375
438		0.859375
438.125		0.859375
438.25		0.859375
438.375		0.859375
438.5		0.859375
438.625		0.859375
438.75		0.859375
438.875		0.859375
439		0.859375
439.125		0.859375
439.25		0.859375
439.375		0.859375
439.5		0.859375
439.625		0.859375
439.75		0.859375
439.875		0.859375
440		0.859375
440.125		0.87642
440.25		0.87642
440.375		0.87642
440.5		0.87642
440.625		0.87642
440.75		0.87642
440.875		0.87642
441		0.87642
441.125		0.87642
441.25		0.87642
441.375		0.87642
441.5		0.87642
441.625		0.87642
441.75		0.87642
441.875		0.87642
442		0.87642
442.125		0.87642
442.25		0.87642
442.375		0.87642
442.5		0.87642
442.625		0.87642
442.75		0.87642
442.875		0.87642
443		0.87642
443.125		0.87642
443.25		0.87642
443.375		0.87642
443.5		0.87642
443.625		0.87642
443.75		0.87642
443.875		0.87642
444		0.87642
444.125		0.87642
444.25		0.87642
444.375		0.87642
444.5		0.87642
444.625		0.87642
444.75		0.87642
444.875		0.87642
445		0.87642
445.125		0.910511
445.25		0.910511
445.375		0.910511
445.5		0.910511
445.625		0.910511
445.75		0.910511
445.875		0.910511
446		0.910511
446.125		0.910511
446.25		0.910511
446.375		0.910511
446.5		0.910511
446.625		0.910511
446.75		0.910511
446.875		0.910511
447		0.910511
447.125		0.910511
447.25		0.910511
447.375		0.910511
447.5		0.910511
447.625		0.910511
447.75		0.910511
447.875		0.910511
448		0.910511
448.125		0.910511
448.25		0.910511
448.375		0.910511
448.5		0.910511
448.625		0.910511
448.75		0.910511
448.875		0.910511
449		0.910511
449.125		0.910511
449.25		0.910511
449.375		0.910511
449.5		0.910511
449.625		0.910511
449.75		0.910511
449.875		0.910511
450		0.910511
450.125		0.913352
450.25		0.913352
450.375		0.913352
450.5		0.913352
450.625		0.913352
450.75		0.913352
450.875		0.913352
451		0.913352
451.125		0.913352
451.25		0.913352
451.375		0.913352
451.5		0.913352
451.625		0.913352
451.75		0.913352
451.875		0.913352
452		0.913352
452.125		0.913352
452.25		0.913352
452.375		0.913352
452.5		0.913352
452.625		0.913352
452.75		0.913352
452.875		0.913352
453		0.913352
453.125		0.913352
453.25		0.913352
453.375		0.913352
453.5		0.913352
453.625		0.913352
453.75		0.913352
453.875		0.913352
454		0.913352
454.125		0.913352
454.25		0.913352
454.375		0.913352
454.5		0.913352
454.625		0.913352
454.75		0.913352
454.875		0.913352
455		0.913352
455.125		0.919034
455.25		0.919034
455.375		0.919034
455.5		0.919034
455.625		0.919034
455.75		0.919034
455.875		0.919034
456		0.919034
456.125		0.919034
456.25		0.919034
456.375		0.919034
456.5		0.919034
456.625		0.919034
456.75		0.919034
456.875		0.919034
457		0.919034
457.125		0.919034
457.25		0.919034
457.375		0.919034
457.5		0.919034
457.625		0.919034
457.75		0.919034
457.875		0.919034
458		0.919034
458.125		0.919034
458.25		0.919034
458.375		0.919034
458.5		0.919034
458.625		0.919034
458.75		0.919034
458.875		0.919034
459		0.919034
459.125		0.919034
459.25		0.919034
459.375		0.919034
459.5		0.919034
459.625		0.919034
459.75		0.919034
459.875		0.919034
460		0.919034
460.125		0.921875
460.25		0.921875
460.375		0.921875
460.5		0.921875
460.625		0.921875
460.75		0.921875
460.875		0.921875
461		0.921875
461.125		0.921875
461.25		0.921875
461.375		0.921875
461.5		0.921875
461.625		0.921875
461.75		0.921875
461.875		0.921875
462		0.921875
462.125		0.921875
462.25		0.921875
462.375		0.921875
462.5		0.921875
462.625		0.921875
462.75		0.921875
462.875		0.921875
463		0.921875
463.125		0.921875
463.25		0.921875
463.375		0.921875
463.5		0.921875
463.625		0.921875
463.75		0.921875
463.875		0.921875
464		0.921875
464.125		0.921875
464.25		0.921875
464.375		0.921875
464.5		0.921875
464.625		0.921875
464.75		0.921875
464.875		0.921875
465		0.921875
465.125		0.921875
465.25		0.921875
465.375		0.921875
465.5		0.921875
465.625		0.921875
465.75		0.921875
465.875		0.921875
466		0.921875
466.125		0.921875
466.25		0.921875
466.375		0.921875
466.5		0.921875
466.625		0.921875
466.75		0.921875
466.875		0.921875
467		0.921875
467.125		0.921875
467.25		0.921875
467.375		0.921875
467.5		0.921875
467.625		0.921875
467.75		0.921875
467.875		0.921875
468		0.921875
468.125		0.921875
468.25		0.921875
468.375		0.921875
468.5		0.921875
468.625		0.921875
468.75		0.921875
468.875		0.921875
469		0.921875
469.125		0.921875
469.25		0.921875
469.375		0.921875
469.5		0.921875
469.625		0.921875
469.75		0.921875
469.875		0.921875
470		0.921875
470.125		0.934659
470.25		0.934659
470.375		0.934659
470.5		0.934659
470.625		0.934659
470.75		0.934659
470.875		0.934659
471		0.934659
471.125		0.934659
471.25		0.934659
471.375		0.934659
471.5		0.934659
471.625		0.934659
471.75		0.934659
471.875		0.934659
472		0.934659
472.125		0.934659
472.25		0.934659
472.375		0.934659
472.5		0.934659
472.625		0.934659
472.75		0.934659
472.875		0.934659
473		0.934659
473.125		0.934659
473.25		0.934659
473.375		0.934659
473.5		0.934659
473.625		0.934659
473.75		0.934659
473.875		0.934659
474		0.934659
474.125		0.934659
474.25		0.934659
474.375		0.934659
474.5		0.934659
474.625		0.934659
474.75		0.934659
474.875		0.934659
475		0.934659
475.125		0.961648
475.25		0.961648
475.375		0.961648
475.5		0.961648
475.625		0.961648
475.75		0.961648
475.875		0.961648
476		0.961648
476.125		0.961648
476.25		0.961648
476.375		0.961648
476.5		0.961648
476.625		0.961648
476.75		0.961648
476.875		0.961648
477		0.961648
477.125		0.961648
477.25		0.961648
477.375		0.961648
477.5		0.961648
477.625		0.961648
477.75		0.961648
477.875		0.961648
478		0.961648
478.125		0.961648
478.25		0.961648
478.375		0.961648
478.5		0.961648
478.625		0.961648
478.75		0.961648
478.875		0.961648
479		0.961648
479.125		0.961648
479.25		0.961648
479.375		0.961648
479.5		0.961648
479.625		0.961648
479.75		0.961648
479.875		0.961648
480		0.961648
480.125		0.975852
480.25		0.975852
480.375		0.975852
480.5		0.975852
480.625		0.975852
480.75		0.975852
480.875		0.975852
481		0.975852
481.125		0.975852
481.25		0.975852
481.375		0.975852
481.5		0.975852
481.625		0.975852
481.75		0.975852
481.875		0.975852
482		0.975852
482.125		0.975852
482.25		0.975852
482.375		0.975852
482.5		0.975852
482.625		0.975852
482.75		0.975852
482.875		0.975852
483		0.975852
483.125		0.975852
483.25		0.975852
483.375		0.975852
483.5		0.975852
483.625		0.975852
483.75		0.975852
483.875		0.975852
484		0.975852
484.125		0.975852
484.25		0.975852
484.375		0.975852
484.5		0.975852
484.625		0.975852
484.75		0.975852
484.875		0.975852
485		0.975852
485.125		0.984375
485.25		0.984375
485.375		0.984375
485.5		0.984375
485.625		0.984375
485.75		0.984375
485.875		0.984375
486		0.984375
486.125		0.984375
486.25		0.984375
486.375		0.984375
486.5		0.984375
486.625		0.984375
486.75		0.984375
486.875		0.984375
487		0.984375
487.125		0.984375
487.25		0.984375
487.375		0.984375
487.5		0.984375
487.625		0.984375
487.75		0.984375
487.875		0.984375
488		0.984375
488.125		0.984375
488.25		0.984375
488.375		0.984375
488.5		0.984375
488.625		0.984375
488.75		0.984375
488.875		0.984375
489		0.984375
489.125		0.984375
489.25		0.984375
489.375		0.984375
489.5		0.984375
489.625		0.984375
489.75		0.984375
489.875		0.984375
490		0.984375
490.125		0.995739
490.25		0.995739
490.375		0.995739
490.5		0.995739
490.625		0.995739
490.75		0.995739
490.875		0.995739
491		0.995739
491.125		0.995739
491.25		0.995739
491.375		0.995739
491.5		0.995739
491.625		0.995739
491.75		0.995739
491.875		0.995739
492		0.995739
492.125		0.995739
492.25		0.995739
492.375		0.995739
492.5		0.995739
492.625		0.995739
492.75		0.995739
492.875		0.995739
493		0.995739
493.125		0.995739
493.25		0.995739
493.375		0.995739
493.5		0.995739
493.625		0.995739
493.75		0.995739
493.875		0.995739
494		0.995739
494.125		0.995739
494.25		0.995739
494.375		0.995739
494.5		0.995739
494.625		0.995739
494.75		0.995739
494.875		0.995739
495		0.995739
495.125		1
495.25		1
495.375		1
495.5		1
495.625		1
495.75		1
495.875		1
496		1
496.125		1
496.25		1
496.375		1
496.5		1
496.625		1
496.75		1
496.875		1
497		1
497.125		1
497.25		1
497.375		1
497.5		1
497.625		1
497.75		1
497.875		1
498		1
498.125		1
498.25		1
498.375		1
498.5		1
498.625		1
498.75		1
498.875		1
499		1
499.125		1
499.25		1
499.375		1
499.5		1
499.625		1
499.75		1
499.875		1
500		1
