# Calibration file of tamex_id 1 @ channel 26
# fine_T bin		 Calibration value
0.125		0
0.25		0
0.375		0
0.5		0
0.625		0
0.75		0
0.875		0
1		0
1.125		0
1.25		0
1.375		0
1.5		0
1.625		0
1.75		0
1.875		0
2		0
2.125		0
2.25		0
2.375		0
2.5		0
2.625		0
2.75		0
2.875		0
3		0
3.125		0
3.25		0
3.375		0
3.5		0
3.625		0
3.75		0
3.875		0
4		0
4.125		0
4.25		0
4.375		0
4.5		0
4.625		0
4.75		0
4.875		0
5		0
5.125		0
5.25		0
5.375		0
5.5		0
5.625		0
5.75		0
5.875		0
6		0
6.125		0
6.25		0
6.375		0
6.5		0
6.625		0
6.75		0
6.875		0
7		0
7.125		0
7.25		0
7.375		0
7.5		0
7.625		0
7.75		0
7.875		0
8		0
8.125		0
8.25		0
8.375		0
8.5		0
8.625		0
8.75		0
8.875		0
9		0
9.125		0
9.25		0
9.375		0
9.5		0
9.625		0
9.75		0
9.875		0
10		0
10.125		0
10.25		0
10.375		0
10.5		0
10.625		0
10.75		0
10.875		0
11		0
11.125		0
11.25		0
11.375		0
11.5		0
11.625		0
11.75		0
11.875		0
12		0
12.125		0
12.25		0
12.375		0
12.5		0
12.625		0
12.75		0
12.875		0
13		0
13.125		0
13.25		0
13.375		0
13.5		0
13.625		0
13.75		0
13.875		0
14		0
14.125		0
14.25		0
14.375		0
14.5		0
14.625		0
14.75		0
14.875		0
15		0
15.125		0
15.25		0
15.375		0
15.5		0
15.625		0
15.75		0
15.875		0
16		0
16.125		0
16.25		0
16.375		0
16.5		0
16.625		0
16.75		0
16.875		0
17		0
17.125		0
17.25		0
17.375		0
17.5		0
17.625		0
17.75		0
17.875		0
18		0
18.125		0
18.25		0
18.375		0
18.5		0
18.625		0
18.75		0
18.875		0
19		0
19.125		0
19.25		0
19.375		0
19.5		0
19.625		0
19.75		0
19.875		0
20		0
20.125		0
20.25		0
20.375		0
20.5		0
20.625		0
20.75		0
20.875		0
21		0
21.125		0
21.25		0
21.375		0
21.5		0
21.625		0
21.75		0
21.875		0
22		0
22.125		0
22.25		0
22.375		0
22.5		0
22.625		0
22.75		0
22.875		0
23		0
23.125		0
23.25		0
23.375		0
23.5		0
23.625		0
23.75		0
23.875		0
24		0
24.125		0
24.25		0
24.375		0
24.5		0
24.625		0
24.75		0
24.875		0
25		0
25.125		0
25.25		0
25.375		0
25.5		0
25.625		0
25.75		0
25.875		0
26		0
26.125		0
26.25		0
26.375		0
26.5		0
26.625		0
26.75		0
26.875		0
27		0
27.125		0
27.25		0
27.375		0
27.5		0
27.625		0
27.75		0
27.875		0
28		0
28.125		0
28.25		0
28.375		0
28.5		0
28.625		0
28.75		0
28.875		0
29		0
29.125		0
29.25		0
29.375		0
29.5		0
29.625		0
29.75		0
29.875		0
30		0
30.125		0
30.25		0
30.375		0
30.5		0
30.625		0
30.75		0
30.875		0
31		0
31.125		0
31.25		0
31.375		0
31.5		0
31.625		0
31.75		0
31.875		0
32		0
32.125		0
32.25		0
32.375		0
32.5		0
32.625		0
32.75		0
32.875		0
33		0
33.125		0
33.25		0
33.375		0
33.5		0
33.625		0
33.75		0
33.875		0
34		0
34.125		0
34.25		0
34.375		0
34.5		0
34.625		0
34.75		0
34.875		0
35		0
35.125		0
35.25		0
35.375		0
35.5		0
35.625		0
35.75		0
35.875		0
36		0
36.125		0
36.25		0
36.375		0
36.5		0
36.625		0
36.75		0
36.875		0
37		0
37.125		0
37.25		0
37.375		0
37.5		0
37.625		0
37.75		0
37.875		0
38		0
38.125		0
38.25		0
38.375		0
38.5		0
38.625		0
38.75		0
38.875		0
39		0
39.125		0
39.25		0
39.375		0
39.5		0
39.625		0
39.75		0
39.875		0
40		0
40.125		0
40.25		0
40.375		0
40.5		0
40.625		0
40.75		0
40.875		0
41		0
41.125		0
41.25		0
41.375		0
41.5		0
41.625		0
41.75		0
41.875		0
42		0
42.125		0
42.25		0
42.375		0
42.5		0
42.625		0
42.75		0
42.875		0
43		0
43.125		0
43.25		0
43.375		0
43.5		0
43.625		0
43.75		0
43.875		0
44		0
44.125		0
44.25		0
44.375		0
44.5		0
44.625		0
44.75		0
44.875		0
45		0
45.125		0
45.25		0
45.375		0
45.5		0
45.625		0
45.75		0
45.875		0
46		0
46.125		0
46.25		0
46.375		0
46.5		0
46.625		0
46.75		0
46.875		0
47		0
47.125		0
47.25		0
47.375		0
47.5		0
47.625		0
47.75		0
47.875		0
48		0
48.125		0
48.25		0
48.375		0
48.5		0
48.625		0
48.75		0
48.875		0
49		0
49.125		0
49.25		0
49.375		0
49.5		0
49.625		0
49.75		0
49.875		0
50		0
50.125		0
50.25		0
50.375		0
50.5		0
50.625		0
50.75		0
50.875		0
51		0
51.125		0
51.25		0
51.375		0
51.5		0
51.625		0
51.75		0
51.875		0
52		0
52.125		0
52.25		0
52.375		0
52.5		0
52.625		0
52.75		0
52.875		0
53		0
53.125		0
53.25		0
53.375		0
53.5		0
53.625		0
53.75		0
53.875		0
54		0
54.125		0
54.25		0
54.375		0
54.5		0
54.625		0
54.75		0
54.875		0
55		0
55.125		0
55.25		0
55.375		0
55.5		0
55.625		0
55.75		0
55.875		0
56		0
56.125		0
56.25		0
56.375		0
56.5		0
56.625		0
56.75		0
56.875		0
57		0
57.125		0
57.25		0
57.375		0
57.5		0
57.625		0
57.75		0
57.875		0
58		0
58.125		0
58.25		0
58.375		0
58.5		0
58.625		0
58.75		0
58.875		0
59		0
59.125		0
59.25		0
59.375		0
59.5		0
59.625		0
59.75		0
59.875		0
60		0
60.125		0
60.25		0
60.375		0
60.5		0
60.625		0
60.75		0
60.875		0
61		0
61.125		0
61.25		0
61.375		0
61.5		0
61.625		0
61.75		0
61.875		0
62		0
62.125		0
62.25		0
62.375		0
62.5		0
62.625		0
62.75		0
62.875		0
63		0
63.125		0
63.25		0
63.375		0
63.5		0
63.625		0
63.75		0
63.875		0
64		0
64.125		0
64.25		0
64.375		0
64.5		0
64.625		0
64.75		0
64.875		0
65		0
65.125		0
65.25		0
65.375		0
65.5		0
65.625		0
65.75		0
65.875		0
66		0
66.125		0
66.25		0
66.375		0
66.5		0
66.625		0
66.75		0
66.875		0
67		0
67.125		0
67.25		0
67.375		0
67.5		0
67.625		0
67.75		0
67.875		0
68		0
68.125		0
68.25		0
68.375		0
68.5		0
68.625		0
68.75		0
68.875		0
69		0
69.125		0
69.25		0
69.375		0
69.5		0
69.625		0
69.75		0
69.875		0
70		0
70.125		0
70.25		0
70.375		0
70.5		0
70.625		0
70.75		0
70.875		0
71		0
71.125		0
71.25		0
71.375		0
71.5		0
71.625		0
71.75		0
71.875		0
72		0
72.125		0
72.25		0
72.375		0
72.5		0
72.625		0
72.75		0
72.875		0
73		0
73.125		0
73.25		0
73.375		0
73.5		0
73.625		0
73.75		0
73.875		0
74		0
74.125		0
74.25		0
74.375		0
74.5		0
74.625		0
74.75		0
74.875		0
75		0
75.125		0
75.25		0
75.375		0
75.5		0
75.625		0
75.75		0
75.875		0
76		0
76.125		0
76.25		0
76.375		0
76.5		0
76.625		0
76.75		0
76.875		0
77		0
77.125		0
77.25		0
77.375		0
77.5		0
77.625		0
77.75		0
77.875		0
78		0
78.125		0
78.25		0
78.375		0
78.5		0
78.625		0
78.75		0
78.875		0
79		0
79.125		0
79.25		0
79.375		0
79.5		0
79.625		0
79.75		0
79.875		0
80		0
80.125		0.00659938
80.25		0.00659938
80.375		0.00659938
80.5		0.00659938
80.625		0.00659938
80.75		0.00659938
80.875		0.00659938
81		0.00659938
81.125		0.00659938
81.25		0.00659938
81.375		0.00659938
81.5		0.00659938
81.625		0.00659938
81.75		0.00659938
81.875		0.00659938
82		0.00659938
82.125		0.00659938
82.25		0.00659938
82.375		0.00659938
82.5		0.00659938
82.625		0.00659938
82.75		0.00659938
82.875		0.00659938
83		0.00659938
83.125		0.00659938
83.25		0.00659938
83.375		0.00659938
83.5		0.00659938
83.625		0.00659938
83.75		0.00659938
83.875		0.00659938
84		0.00659938
84.125		0.00659938
84.25		0.00659938
84.375		0.00659938
84.5		0.00659938
84.625		0.00659938
84.75		0.00659938
84.875		0.00659938
85		0.00659938
85.125		0.0481366
85.25		0.0481366
85.375		0.0481366
85.5		0.0481366
85.625		0.0481366
85.75		0.0481366
85.875		0.0481366
86		0.0481366
86.125		0.0481366
86.25		0.0481366
86.375		0.0481366
86.5		0.0481366
86.625		0.0481366
86.75		0.0481366
86.875		0.0481366
87		0.0481366
87.125		0.0481366
87.25		0.0481366
87.375		0.0481366
87.5		0.0481366
87.625		0.0481366
87.75		0.0481366
87.875		0.0481366
88		0.0481366
88.125		0.0481366
88.25		0.0481366
88.375		0.0481366
88.5		0.0481366
88.625		0.0481366
88.75		0.0481366
88.875		0.0481366
89		0.0481366
89.125		0.0481366
89.25		0.0481366
89.375		0.0481366
89.5		0.0481366
89.625		0.0481366
89.75		0.0481366
89.875		0.0481366
90		0.0481366
90.125		0.0597826
90.25		0.0597826
90.375		0.0597826
90.5		0.0597826
90.625		0.0597826
90.75		0.0597826
90.875		0.0597826
91		0.0597826
91.125		0.0597826
91.25		0.0597826
91.375		0.0597826
91.5		0.0597826
91.625		0.0597826
91.75		0.0597826
91.875		0.0597826
92		0.0597826
92.125		0.0597826
92.25		0.0597826
92.375		0.0597826
92.5		0.0597826
92.625		0.0597826
92.75		0.0597826
92.875		0.0597826
93		0.0597826
93.125		0.0597826
93.25		0.0597826
93.375		0.0597826
93.5		0.0597826
93.625		0.0597826
93.75		0.0597826
93.875		0.0597826
94		0.0597826
94.125		0.0597826
94.25		0.0597826
94.375		0.0597826
94.5		0.0597826
94.625		0.0597826
94.75		0.0597826
94.875		0.0597826
95		0.0597826
95.125		0.060559
95.25		0.060559
95.375		0.060559
95.5		0.060559
95.625		0.060559
95.75		0.060559
95.875		0.060559
96		0.060559
96.125		0.060559
96.25		0.060559
96.375		0.060559
96.5		0.060559
96.625		0.060559
96.75		0.060559
96.875		0.060559
97		0.060559
97.125		0.060559
97.25		0.060559
97.375		0.060559
97.5		0.060559
97.625		0.060559
97.75		0.060559
97.875		0.060559
98		0.060559
98.125		0.060559
98.25		0.060559
98.375		0.060559
98.5		0.060559
98.625		0.060559
98.75		0.060559
98.875		0.060559
99		0.060559
99.125		0.060559
99.25		0.060559
99.375		0.060559
99.5		0.060559
99.625		0.060559
99.75		0.060559
99.875		0.060559
100		0.060559
100.125		0.0881211
100.25		0.0881211
100.375		0.0881211
100.5		0.0881211
100.625		0.0881211
100.75		0.0881211
100.875		0.0881211
101		0.0881211
101.125		0.0881211
101.25		0.0881211
101.375		0.0881211
101.5		0.0881211
101.625		0.0881211
101.75		0.0881211
101.875		0.0881211
102		0.0881211
102.125		0.0881211
102.25		0.0881211
102.375		0.0881211
102.5		0.0881211
102.625		0.0881211
102.75		0.0881211
102.875		0.0881211
103		0.0881211
103.125		0.0881211
103.25		0.0881211
103.375		0.0881211
103.5		0.0881211
103.625		0.0881211
103.75		0.0881211
103.875		0.0881211
104		0.0881211
104.125		0.0881211
104.25		0.0881211
104.375		0.0881211
104.5		0.0881211
104.625		0.0881211
104.75		0.0881211
104.875		0.0881211
105		0.0881211
105.125		0.102484
105.25		0.102484
105.375		0.102484
105.5		0.102484
105.625		0.102484
105.75		0.102484
105.875		0.102484
106		0.102484
106.125		0.102484
106.25		0.102484
106.375		0.102484
106.5		0.102484
106.625		0.102484
106.75		0.102484
106.875		0.102484
107		0.102484
107.125		0.102484
107.25		0.102484
107.375		0.102484
107.5		0.102484
107.625		0.102484
107.75		0.102484
107.875		0.102484
108		0.102484
108.125		0.102484
108.25		0.102484
108.375		0.102484
108.5		0.102484
108.625		0.102484
108.75		0.102484
108.875		0.102484
109		0.102484
109.125		0.102484
109.25		0.102484
109.375		0.102484
109.5		0.102484
109.625		0.102484
109.75		0.102484
109.875		0.102484
110		0.102484
110.125		0.10986
110.25		0.10986
110.375		0.10986
110.5		0.10986
110.625		0.10986
110.75		0.10986
110.875		0.10986
111		0.10986
111.125		0.10986
111.25		0.10986
111.375		0.10986
111.5		0.10986
111.625		0.10986
111.75		0.10986
111.875		0.10986
112		0.10986
112.125		0.10986
112.25		0.10986
112.375		0.10986
112.5		0.10986
112.625		0.10986
112.75		0.10986
112.875		0.10986
113		0.10986
113.125		0.10986
113.25		0.10986
113.375		0.10986
113.5		0.10986
113.625		0.10986
113.75		0.10986
113.875		0.10986
114		0.10986
114.125		0.10986
114.25		0.10986
114.375		0.10986
114.5		0.10986
114.625		0.10986
114.75		0.10986
114.875		0.10986
115		0.10986
115.125		0.114519
115.25		0.114519
115.375		0.114519
115.5		0.114519
115.625		0.114519
115.75		0.114519
115.875		0.114519
116		0.114519
116.125		0.114519
116.25		0.114519
116.375		0.114519
116.5		0.114519
116.625		0.114519
116.75		0.114519
116.875		0.114519
117		0.114519
117.125		0.114519
117.25		0.114519
117.375		0.114519
117.5		0.114519
117.625		0.114519
117.75		0.114519
117.875		0.114519
118		0.114519
118.125		0.114519
118.25		0.114519
118.375		0.114519
118.5		0.114519
118.625		0.114519
118.75		0.114519
118.875		0.114519
119		0.114519
119.125		0.114519
119.25		0.114519
119.375		0.114519
119.5		0.114519
119.625		0.114519
119.75		0.114519
119.875		0.114519
120		0.114519
120.125		0.127717
120.25		0.127717
120.375		0.127717
120.5		0.127717
120.625		0.127717
120.75		0.127717
120.875		0.127717
121		0.127717
121.125		0.127717
121.25		0.127717
121.375		0.127717
121.5		0.127717
121.625		0.127717
121.75		0.127717
121.875		0.127717
122		0.127717
122.125		0.127717
122.25		0.127717
122.375		0.127717
122.5		0.127717
122.625		0.127717
122.75		0.127717
122.875		0.127717
123		0.127717
123.125		0.127717
123.25		0.127717
123.375		0.127717
123.5		0.127717
123.625		0.127717
123.75		0.127717
123.875		0.127717
124		0.127717
124.125		0.127717
124.25		0.127717
124.375		0.127717
124.5		0.127717
124.625		0.127717
124.75		0.127717
124.875		0.127717
125		0.127717
125.125		0.137034
125.25		0.137034
125.375		0.137034
125.5		0.137034
125.625		0.137034
125.75		0.137034
125.875		0.137034
126		0.137034
126.125		0.137034
126.25		0.137034
126.375		0.137034
126.5		0.137034
126.625		0.137034
126.75		0.137034
126.875		0.137034
127		0.137034
127.125		0.137034
127.25		0.137034
127.375		0.137034
127.5		0.137034
127.625		0.137034
127.75		0.137034
127.875		0.137034
128		0.137034
128.125		0.137034
128.25		0.137034
128.375		0.137034
128.5		0.137034
128.625		0.137034
128.75		0.137034
128.875		0.137034
129		0.137034
129.125		0.137034
129.25		0.137034
129.375		0.137034
129.5		0.137034
129.625		0.137034
129.75		0.137034
129.875		0.137034
130		0.137034
130.125		0.154503
130.25		0.154503
130.375		0.154503
130.5		0.154503
130.625		0.154503
130.75		0.154503
130.875		0.154503
131		0.154503
131.125		0.154503
131.25		0.154503
131.375		0.154503
131.5		0.154503
131.625		0.154503
131.75		0.154503
131.875		0.154503
132		0.154503
132.125		0.154503
132.25		0.154503
132.375		0.154503
132.5		0.154503
132.625		0.154503
132.75		0.154503
132.875		0.154503
133		0.154503
133.125		0.154503
133.25		0.154503
133.375		0.154503
133.5		0.154503
133.625		0.154503
133.75		0.154503
133.875		0.154503
134		0.154503
134.125		0.154503
134.25		0.154503
134.375		0.154503
134.5		0.154503
134.625		0.154503
134.75		0.154503
134.875		0.154503
135		0.154503
135.125		0.166149
135.25		0.166149
135.375		0.166149
135.5		0.166149
135.625		0.166149
135.75		0.166149
135.875		0.166149
136		0.166149
136.125		0.166149
136.25		0.166149
136.375		0.166149
136.5		0.166149
136.625		0.166149
136.75		0.166149
136.875		0.166149
137		0.166149
137.125		0.166149
137.25		0.166149
137.375		0.166149
137.5		0.166149
137.625		0.166149
137.75		0.166149
137.875		0.166149
138		0.166149
138.125		0.166149
138.25		0.166149
138.375		0.166149
138.5		0.166149
138.625		0.166149
138.75		0.166149
138.875		0.166149
139		0.166149
139.125		0.166149
139.25		0.166149
139.375		0.166149
139.5		0.166149
139.625		0.166149
139.75		0.166149
139.875		0.166149
140		0.166149
140.125		0.17236
140.25		0.17236
140.375		0.17236
140.5		0.17236
140.625		0.17236
140.75		0.17236
140.875		0.17236
141		0.17236
141.125		0.17236
141.25		0.17236
141.375		0.17236
141.5		0.17236
141.625		0.17236
141.75		0.17236
141.875		0.17236
142		0.17236
142.125		0.17236
142.25		0.17236
142.375		0.17236
142.5		0.17236
142.625		0.17236
142.75		0.17236
142.875		0.17236
143		0.17236
143.125		0.17236
143.25		0.17236
143.375		0.17236
143.5		0.17236
143.625		0.17236
143.75		0.17236
143.875		0.17236
144		0.17236
144.125		0.17236
144.25		0.17236
144.375		0.17236
144.5		0.17236
144.625		0.17236
144.75		0.17236
144.875		0.17236
145		0.17236
145.125		0.184394
145.25		0.184394
145.375		0.184394
145.5		0.184394
145.625		0.184394
145.75		0.184394
145.875		0.184394
146		0.184394
146.125		0.184394
146.25		0.184394
146.375		0.184394
146.5		0.184394
146.625		0.184394
146.75		0.184394
146.875		0.184394
147		0.184394
147.125		0.184394
147.25		0.184394
147.375		0.184394
147.5		0.184394
147.625		0.184394
147.75		0.184394
147.875		0.184394
148		0.184394
148.125		0.184394
148.25		0.184394
148.375		0.184394
148.5		0.184394
148.625		0.184394
148.75		0.184394
148.875		0.184394
149		0.184394
149.125		0.184394
149.25		0.184394
149.375		0.184394
149.5		0.184394
149.625		0.184394
149.75		0.184394
149.875		0.184394
150		0.184394
150.125		0.208075
150.25		0.208075
150.375		0.208075
150.5		0.208075
150.625		0.208075
150.75		0.208075
150.875		0.208075
151		0.208075
151.125		0.208075
151.25		0.208075
151.375		0.208075
151.5		0.208075
151.625		0.208075
151.75		0.208075
151.875		0.208075
152		0.208075
152.125		0.208075
152.25		0.208075
152.375		0.208075
152.5		0.208075
152.625		0.208075
152.75		0.208075
152.875		0.208075
153		0.208075
153.125		0.208075
153.25		0.208075
153.375		0.208075
153.5		0.208075
153.625		0.208075
153.75		0.208075
153.875		0.208075
154		0.208075
154.125		0.208075
154.25		0.208075
154.375		0.208075
154.5		0.208075
154.625		0.208075
154.75		0.208075
154.875		0.208075
155		0.208075
155.125		0.211957
155.25		0.211957
155.375		0.211957
155.5		0.211957
155.625		0.211957
155.75		0.211957
155.875		0.211957
156		0.211957
156.125		0.211957
156.25		0.211957
156.375		0.211957
156.5		0.211957
156.625		0.211957
156.75		0.211957
156.875		0.211957
157		0.211957
157.125		0.211957
157.25		0.211957
157.375		0.211957
157.5		0.211957
157.625		0.211957
157.75		0.211957
157.875		0.211957
158		0.211957
158.125		0.211957
158.25		0.211957
158.375		0.211957
158.5		0.211957
158.625		0.211957
158.75		0.211957
158.875		0.211957
159		0.211957
159.125		0.211957
159.25		0.211957
159.375		0.211957
159.5		0.211957
159.625		0.211957
159.75		0.211957
159.875		0.211957
160		0.211957
160.125		0.215839
160.25		0.215839
160.375		0.215839
160.5		0.215839
160.625		0.215839
160.75		0.215839
160.875		0.215839
161		0.215839
161.125		0.215839
161.25		0.215839
161.375		0.215839
161.5		0.215839
161.625		0.215839
161.75		0.215839
161.875		0.215839
162		0.215839
162.125		0.215839
162.25		0.215839
162.375		0.215839
162.5		0.215839
162.625		0.215839
162.75		0.215839
162.875		0.215839
163		0.215839
163.125		0.215839
163.25		0.215839
163.375		0.215839
163.5		0.215839
163.625		0.215839
163.75		0.215839
163.875		0.215839
164		0.215839
164.125		0.215839
164.25		0.215839
164.375		0.215839
164.5		0.215839
164.625		0.215839
164.75		0.215839
164.875		0.215839
165		0.215839
165.125		0.218168
165.25		0.218168
165.375		0.218168
165.5		0.218168
165.625		0.218168
165.75		0.218168
165.875		0.218168
166		0.218168
166.125		0.218168
166.25		0.218168
166.375		0.218168
166.5		0.218168
166.625		0.218168
166.75		0.218168
166.875		0.218168
167		0.218168
167.125		0.218168
167.25		0.218168
167.375		0.218168
167.5		0.218168
167.625		0.218168
167.75		0.218168
167.875		0.218168
168		0.218168
168.125		0.218168
168.25		0.218168
168.375		0.218168
168.5		0.218168
168.625		0.218168
168.75		0.218168
168.875		0.218168
169		0.218168
169.125		0.218168
169.25		0.218168
169.375		0.218168
169.5		0.218168
169.625		0.218168
169.75		0.218168
169.875		0.218168
170		0.218168
170.125		0.238742
170.25		0.238742
170.375		0.238742
170.5		0.238742
170.625		0.238742
170.75		0.238742
170.875		0.238742
171		0.238742
171.125		0.238742
171.25		0.238742
171.375		0.238742
171.5		0.238742
171.625		0.238742
171.75		0.238742
171.875		0.238742
172		0.238742
172.125		0.238742
172.25		0.238742
172.375		0.238742
172.5		0.238742
172.625		0.238742
172.75		0.238742
172.875		0.238742
173		0.238742
173.125		0.238742
173.25		0.238742
173.375		0.238742
173.5		0.238742
173.625		0.238742
173.75		0.238742
173.875		0.238742
174		0.238742
174.125		0.238742
174.25		0.238742
174.375		0.238742
174.5		0.238742
174.625		0.238742
174.75		0.238742
174.875		0.238742
175		0.238742
175.125		0.241848
175.25		0.241848
175.375		0.241848
175.5		0.241848
175.625		0.241848
175.75		0.241848
175.875		0.241848
176		0.241848
176.125		0.241848
176.25		0.241848
176.375		0.241848
176.5		0.241848
176.625		0.241848
176.75		0.241848
176.875		0.241848
177		0.241848
177.125		0.241848
177.25		0.241848
177.375		0.241848
177.5		0.241848
177.625		0.241848
177.75		0.241848
177.875		0.241848
178		0.241848
178.125		0.241848
178.25		0.241848
178.375		0.241848
178.5		0.241848
178.625		0.241848
178.75		0.241848
178.875		0.241848
179		0.241848
179.125		0.241848
179.25		0.241848
179.375		0.241848
179.5		0.241848
179.625		0.241848
179.75		0.241848
179.875		0.241848
180		0.241848
180.125		0.267857
180.25		0.267857
180.375		0.267857
180.5		0.267857
180.625		0.267857
180.75		0.267857
180.875		0.267857
181		0.267857
181.125		0.267857
181.25		0.267857
181.375		0.267857
181.5		0.267857
181.625		0.267857
181.75		0.267857
181.875		0.267857
182		0.267857
182.125		0.267857
182.25		0.267857
182.375		0.267857
182.5		0.267857
182.625		0.267857
182.75		0.267857
182.875		0.267857
183		0.267857
183.125		0.267857
183.25		0.267857
183.375		0.267857
183.5		0.267857
183.625		0.267857
183.75		0.267857
183.875		0.267857
184		0.267857
184.125		0.267857
184.25		0.267857
184.375		0.267857
184.5		0.267857
184.625		0.267857
184.75		0.267857
184.875		0.267857
185		0.267857
185.125		0.27795
185.25		0.27795
185.375		0.27795
185.5		0.27795
185.625		0.27795
185.75		0.27795
185.875		0.27795
186		0.27795
186.125		0.27795
186.25		0.27795
186.375		0.27795
186.5		0.27795
186.625		0.27795
186.75		0.27795
186.875		0.27795
187		0.27795
187.125		0.27795
187.25		0.27795
187.375		0.27795
187.5		0.27795
187.625		0.27795
187.75		0.27795
187.875		0.27795
188		0.27795
188.125		0.27795
188.25		0.27795
188.375		0.27795
188.5		0.27795
188.625		0.27795
188.75		0.27795
188.875		0.27795
189		0.27795
189.125		0.27795
189.25		0.27795
189.375		0.27795
189.5		0.27795
189.625		0.27795
189.75		0.27795
189.875		0.27795
190		0.27795
190.125		0.28455
190.25		0.28455
190.375		0.28455
190.5		0.28455
190.625		0.28455
190.75		0.28455
190.875		0.28455
191		0.28455
191.125		0.28455
191.25		0.28455
191.375		0.28455
191.5		0.28455
191.625		0.28455
191.75		0.28455
191.875		0.28455
192		0.28455
192.125		0.28455
192.25		0.28455
192.375		0.28455
192.5		0.28455
192.625		0.28455
192.75		0.28455
192.875		0.28455
193		0.28455
193.125		0.28455
193.25		0.28455
193.375		0.28455
193.5		0.28455
193.625		0.28455
193.75		0.28455
193.875		0.28455
194		0.28455
194.125		0.28455
194.25		0.28455
194.375		0.28455
194.5		0.28455
194.625		0.28455
194.75		0.28455
194.875		0.28455
195		0.28455
195.125		0.286491
195.25		0.286491
195.375		0.286491
195.5		0.286491
195.625		0.286491
195.75		0.286491
195.875		0.286491
196		0.286491
196.125		0.286491
196.25		0.286491
196.375		0.286491
196.5		0.286491
196.625		0.286491
196.75		0.286491
196.875		0.286491
197		0.286491
197.125		0.286491
197.25		0.286491
197.375		0.286491
197.5		0.286491
197.625		0.286491
197.75		0.286491
197.875		0.286491
198		0.286491
198.125		0.286491
198.25		0.286491
198.375		0.286491
198.5		0.286491
198.625		0.286491
198.75		0.286491
198.875		0.286491
199		0.286491
199.125		0.286491
199.25		0.286491
199.375		0.286491
199.5		0.286491
199.625		0.286491
199.75		0.286491
199.875		0.286491
200		0.286491
200.125		0.297748
200.25		0.297748
200.375		0.297748
200.5		0.297748
200.625		0.297748
200.75		0.297748
200.875		0.297748
201		0.297748
201.125		0.297748
201.25		0.297748
201.375		0.297748
201.5		0.297748
201.625		0.297748
201.75		0.297748
201.875		0.297748
202		0.297748
202.125		0.297748
202.25		0.297748
202.375		0.297748
202.5		0.297748
202.625		0.297748
202.75		0.297748
202.875		0.297748
203		0.297748
203.125		0.297748
203.25		0.297748
203.375		0.297748
203.5		0.297748
203.625		0.297748
203.75		0.297748
203.875		0.297748
204		0.297748
204.125		0.297748
204.25		0.297748
204.375		0.297748
204.5		0.297748
204.625		0.297748
204.75		0.297748
204.875		0.297748
205		0.297748
205.125		0.321429
205.25		0.321429
205.375		0.321429
205.5		0.321429
205.625		0.321429
205.75		0.321429
205.875		0.321429
206		0.321429
206.125		0.321429
206.25		0.321429
206.375		0.321429
206.5		0.321429
206.625		0.321429
206.75		0.321429
206.875		0.321429
207		0.321429
207.125		0.321429
207.25		0.321429
207.375		0.321429
207.5		0.321429
207.625		0.321429
207.75		0.321429
207.875		0.321429
208		0.321429
208.125		0.321429
208.25		0.321429
208.375		0.321429
208.5		0.321429
208.625		0.321429
208.75		0.321429
208.875		0.321429
209		0.321429
209.125		0.321429
209.25		0.321429
209.375		0.321429
209.5		0.321429
209.625		0.321429
209.75		0.321429
209.875		0.321429
210		0.321429
210.125		0.338509
210.25		0.338509
210.375		0.338509
210.5		0.338509
210.625		0.338509
210.75		0.338509
210.875		0.338509
211		0.338509
211.125		0.338509
211.25		0.338509
211.375		0.338509
211.5		0.338509
211.625		0.338509
211.75		0.338509
211.875		0.338509
212		0.338509
212.125		0.338509
212.25		0.338509
212.375		0.338509
212.5		0.338509
212.625		0.338509
212.75		0.338509
212.875		0.338509
213		0.338509
213.125		0.338509
213.25		0.338509
213.375		0.338509
213.5		0.338509
213.625		0.338509
213.75		0.338509
213.875		0.338509
214		0.338509
214.125		0.338509
214.25		0.338509
214.375		0.338509
214.5		0.338509
214.625		0.338509
214.75		0.338509
214.875		0.338509
215		0.338509
215.125		0.34045
215.25		0.34045
215.375		0.34045
215.5		0.34045
215.625		0.34045
215.75		0.34045
215.875		0.34045
216		0.34045
216.125		0.34045
216.25		0.34045
216.375		0.34045
216.5		0.34045
216.625		0.34045
216.75		0.34045
216.875		0.34045
217		0.34045
217.125		0.34045
217.25		0.34045
217.375		0.34045
217.5		0.34045
217.625		0.34045
217.75		0.34045
217.875		0.34045
218		0.34045
218.125		0.34045
218.25		0.34045
218.375		0.34045
218.5		0.34045
218.625		0.34045
218.75		0.34045
218.875		0.34045
219		0.34045
219.125		0.34045
219.25		0.34045
219.375		0.34045
219.5		0.34045
219.625		0.34045
219.75		0.34045
219.875		0.34045
220		0.34045
220.125		0.346273
220.25		0.346273
220.375		0.346273
220.5		0.346273
220.625		0.346273
220.75		0.346273
220.875		0.346273
221		0.346273
221.125		0.346273
221.25		0.346273
221.375		0.346273
221.5		0.346273
221.625		0.346273
221.75		0.346273
221.875		0.346273
222		0.346273
222.125		0.346273
222.25		0.346273
222.375		0.346273
222.5		0.346273
222.625		0.346273
222.75		0.346273
222.875		0.346273
223		0.346273
223.125		0.346273
223.25		0.346273
223.375		0.346273
223.5		0.346273
223.625		0.346273
223.75		0.346273
223.875		0.346273
224		0.346273
224.125		0.346273
224.25		0.346273
224.375		0.346273
224.5		0.346273
224.625		0.346273
224.75		0.346273
224.875		0.346273
225		0.346273
225.125		0.358307
225.25		0.358307
225.375		0.358307
225.5		0.358307
225.625		0.358307
225.75		0.358307
225.875		0.358307
226		0.358307
226.125		0.358307
226.25		0.358307
226.375		0.358307
226.5		0.358307
226.625		0.358307
226.75		0.358307
226.875		0.358307
227		0.358307
227.125		0.358307
227.25		0.358307
227.375		0.358307
227.5		0.358307
227.625		0.358307
227.75		0.358307
227.875		0.358307
228		0.358307
228.125		0.358307
228.25		0.358307
228.375		0.358307
228.5		0.358307
228.625		0.358307
228.75		0.358307
228.875		0.358307
229		0.358307
229.125		0.358307
229.25		0.358307
229.375		0.358307
229.5		0.358307
229.625		0.358307
229.75		0.358307
229.875		0.358307
230		0.358307
230.125		0.375388
230.25		0.375388
230.375		0.375388
230.5		0.375388
230.625		0.375388
230.75		0.375388
230.875		0.375388
231		0.375388
231.125		0.375388
231.25		0.375388
231.375		0.375388
231.5		0.375388
231.625		0.375388
231.75		0.375388
231.875		0.375388
232		0.375388
232.125		0.375388
232.25		0.375388
232.375		0.375388
232.5		0.375388
232.625		0.375388
232.75		0.375388
232.875		0.375388
233		0.375388
233.125		0.375388
233.25		0.375388
233.375		0.375388
233.5		0.375388
233.625		0.375388
233.75		0.375388
233.875		0.375388
234		0.375388
234.125		0.375388
234.25		0.375388
234.375		0.375388
234.5		0.375388
234.625		0.375388
234.75		0.375388
234.875		0.375388
235		0.375388
235.125		0.384705
235.25		0.384705
235.375		0.384705
235.5		0.384705
235.625		0.384705
235.75		0.384705
235.875		0.384705
236		0.384705
236.125		0.384705
236.25		0.384705
236.375		0.384705
236.5		0.384705
236.625		0.384705
236.75		0.384705
236.875		0.384705
237		0.384705
237.125		0.384705
237.25		0.384705
237.375		0.384705
237.5		0.384705
237.625		0.384705
237.75		0.384705
237.875		0.384705
238		0.384705
238.125		0.384705
238.25		0.384705
238.375		0.384705
238.5		0.384705
238.625		0.384705
238.75		0.384705
238.875		0.384705
239		0.384705
239.125		0.384705
239.25		0.384705
239.375		0.384705
239.5		0.384705
239.625		0.384705
239.75		0.384705
239.875		0.384705
240		0.384705
240.125		0.396739
240.25		0.396739
240.375		0.396739
240.5		0.396739
240.625		0.396739
240.75		0.396739
240.875		0.396739
241		0.396739
241.125		0.396739
241.25		0.396739
241.375		0.396739
241.5		0.396739
241.625		0.396739
241.75		0.396739
241.875		0.396739
242		0.396739
242.125		0.396739
242.25		0.396739
242.375		0.396739
242.5		0.396739
242.625		0.396739
242.75		0.396739
242.875		0.396739
243		0.396739
243.125		0.396739
243.25		0.396739
243.375		0.396739
243.5		0.396739
243.625		0.396739
243.75		0.396739
243.875		0.396739
244		0.396739
244.125		0.396739
244.25		0.396739
244.375		0.396739
244.5		0.396739
244.625		0.396739
244.75		0.396739
244.875		0.396739
245		0.396739
245.125		0.399845
245.25		0.399845
245.375		0.399845
245.5		0.399845
245.625		0.399845
245.75		0.399845
245.875		0.399845
246		0.399845
246.125		0.399845
246.25		0.399845
246.375		0.399845
246.5		0.399845
246.625		0.399845
246.75		0.399845
246.875		0.399845
247		0.399845
247.125		0.399845
247.25		0.399845
247.375		0.399845
247.5		0.399845
247.625		0.399845
247.75		0.399845
247.875		0.399845
248		0.399845
248.125		0.399845
248.25		0.399845
248.375		0.399845
248.5		0.399845
248.625		0.399845
248.75		0.399845
248.875		0.399845
249		0.399845
249.125		0.399845
249.25		0.399845
249.375		0.399845
249.5		0.399845
249.625		0.399845
249.75		0.399845
249.875		0.399845
250		0.399845
250.125		0.412267
250.25		0.412267
250.375		0.412267
250.5		0.412267
250.625		0.412267
250.75		0.412267
250.875		0.412267
251		0.412267
251.125		0.412267
251.25		0.412267
251.375		0.412267
251.5		0.412267
251.625		0.412267
251.75		0.412267
251.875		0.412267
252		0.412267
252.125		0.412267
252.25		0.412267
252.375		0.412267
252.5		0.412267
252.625		0.412267
252.75		0.412267
252.875		0.412267
253		0.412267
253.125		0.412267
253.25		0.412267
253.375		0.412267
253.5		0.412267
253.625		0.412267
253.75		0.412267
253.875		0.412267
254		0.412267
254.125		0.412267
254.25		0.412267
254.375		0.412267
254.5		0.412267
254.625		0.412267
254.75		0.412267
254.875		0.412267
255		0.412267
255.125		0.433618
255.25		0.433618
255.375		0.433618
255.5		0.433618
255.625		0.433618
255.75		0.433618
255.875		0.433618
256		0.433618
256.125		0.433618
256.25		0.433618
256.375		0.433618
256.5		0.433618
256.625		0.433618
256.75		0.433618
256.875		0.433618
257		0.433618
257.125		0.433618
257.25		0.433618
257.375		0.433618
257.5		0.433618
257.625		0.433618
257.75		0.433618
257.875		0.433618
258		0.433618
258.125		0.433618
258.25		0.433618
258.375		0.433618
258.5		0.433618
258.625		0.433618
258.75		0.433618
258.875		0.433618
259		0.433618
259.125		0.433618
259.25		0.433618
259.375		0.433618
259.5		0.433618
259.625		0.433618
259.75		0.433618
259.875		0.433618
260		0.433618
260.125		0.438276
260.25		0.438276
260.375		0.438276
260.5		0.438276
260.625		0.438276
260.75		0.438276
260.875		0.438276
261		0.438276
261.125		0.438276
261.25		0.438276
261.375		0.438276
261.5		0.438276
261.625		0.438276
261.75		0.438276
261.875		0.438276
262		0.438276
262.125		0.438276
262.25		0.438276
262.375		0.438276
262.5		0.438276
262.625		0.438276
262.75		0.438276
262.875		0.438276
263		0.438276
263.125		0.438276
263.25		0.438276
263.375		0.438276
263.5		0.438276
263.625		0.438276
263.75		0.438276
263.875		0.438276
264		0.438276
264.125		0.438276
264.25		0.438276
264.375		0.438276
264.5		0.438276
264.625		0.438276
264.75		0.438276
264.875		0.438276
265		0.438276
265.125		0.442935
265.25		0.442935
265.375		0.442935
265.5		0.442935
265.625		0.442935
265.75		0.442935
265.875		0.442935
266		0.442935
266.125		0.442935
266.25		0.442935
266.375		0.442935
266.5		0.442935
266.625		0.442935
266.75		0.442935
266.875		0.442935
267		0.442935
267.125		0.442935
267.25		0.442935
267.375		0.442935
267.5		0.442935
267.625		0.442935
267.75		0.442935
267.875		0.442935
268		0.442935
268.125		0.442935
268.25		0.442935
268.375		0.442935
268.5		0.442935
268.625		0.442935
268.75		0.442935
268.875		0.442935
269		0.442935
269.125		0.442935
269.25		0.442935
269.375		0.442935
269.5		0.442935
269.625		0.442935
269.75		0.442935
269.875		0.442935
270		0.442935
270.125		0.463898
270.25		0.463898
270.375		0.463898
270.5		0.463898
270.625		0.463898
270.75		0.463898
270.875		0.463898
271		0.463898
271.125		0.463898
271.25		0.463898
271.375		0.463898
271.5		0.463898
271.625		0.463898
271.75		0.463898
271.875		0.463898
272		0.463898
272.125		0.463898
272.25		0.463898
272.375		0.463898
272.5		0.463898
272.625		0.463898
272.75		0.463898
272.875		0.463898
273		0.463898
273.125		0.463898
273.25		0.463898
273.375		0.463898
273.5		0.463898
273.625		0.463898
273.75		0.463898
273.875		0.463898
274		0.463898
274.125		0.463898
274.25		0.463898
274.375		0.463898
274.5		0.463898
274.625		0.463898
274.75		0.463898
274.875		0.463898
275		0.463898
275.125		0.48059
275.25		0.48059
275.375		0.48059
275.5		0.48059
275.625		0.48059
275.75		0.48059
275.875		0.48059
276		0.48059
276.125		0.48059
276.25		0.48059
276.375		0.48059
276.5		0.48059
276.625		0.48059
276.75		0.48059
276.875		0.48059
277		0.48059
277.125		0.48059
277.25		0.48059
277.375		0.48059
277.5		0.48059
277.625		0.48059
277.75		0.48059
277.875		0.48059
278		0.48059
278.125		0.48059
278.25		0.48059
278.375		0.48059
278.5		0.48059
278.625		0.48059
278.75		0.48059
278.875		0.48059
279		0.48059
279.125		0.48059
279.25		0.48059
279.375		0.48059
279.5		0.48059
279.625		0.48059
279.75		0.48059
279.875		0.48059
280		0.48059
280.125		0.501941
280.25		0.501941
280.375		0.501941
280.5		0.501941
280.625		0.501941
280.75		0.501941
280.875		0.501941
281		0.501941
281.125		0.501941
281.25		0.501941
281.375		0.501941
281.5		0.501941
281.625		0.501941
281.75		0.501941
281.875		0.501941
282		0.501941
282.125		0.501941
282.25		0.501941
282.375		0.501941
282.5		0.501941
282.625		0.501941
282.75		0.501941
282.875		0.501941
283		0.501941
283.125		0.501941
283.25		0.501941
283.375		0.501941
283.5		0.501941
283.625		0.501941
283.75		0.501941
283.875		0.501941
284		0.501941
284.125		0.501941
284.25		0.501941
284.375		0.501941
284.5		0.501941
284.625		0.501941
284.75		0.501941
284.875		0.501941
285		0.501941
285.125		0.511646
285.25		0.511646
285.375		0.511646
285.5		0.511646
285.625		0.511646
285.75		0.511646
285.875		0.511646
286		0.511646
286.125		0.511646
286.25		0.511646
286.375		0.511646
286.5		0.511646
286.625		0.511646
286.75		0.511646
286.875		0.511646
287		0.511646
287.125		0.511646
287.25		0.511646
287.375		0.511646
287.5		0.511646
287.625		0.511646
287.75		0.511646
287.875		0.511646
288		0.511646
288.125		0.511646
288.25		0.511646
288.375		0.511646
288.5		0.511646
288.625		0.511646
288.75		0.511646
288.875		0.511646
289		0.511646
289.125		0.511646
289.25		0.511646
289.375		0.511646
289.5		0.511646
289.625		0.511646
289.75		0.511646
289.875		0.511646
290		0.511646
290.125		0.513975
290.25		0.513975
290.375		0.513975
290.5		0.513975
290.625		0.513975
290.75		0.513975
290.875		0.513975
291		0.513975
291.125		0.513975
291.25		0.513975
291.375		0.513975
291.5		0.513975
291.625		0.513975
291.75		0.513975
291.875		0.513975
292		0.513975
292.125		0.513975
292.25		0.513975
292.375		0.513975
292.5		0.513975
292.625		0.513975
292.75		0.513975
292.875		0.513975
293		0.513975
293.125		0.513975
293.25		0.513975
293.375		0.513975
293.5		0.513975
293.625		0.513975
293.75		0.513975
293.875		0.513975
294		0.513975
294.125		0.513975
294.25		0.513975
294.375		0.513975
294.5		0.513975
294.625		0.513975
294.75		0.513975
294.875		0.513975
295		0.513975
295.125		0.533385
295.25		0.533385
295.375		0.533385
295.5		0.533385
295.625		0.533385
295.75		0.533385
295.875		0.533385
296		0.533385
296.125		0.533385
296.25		0.533385
296.375		0.533385
296.5		0.533385
296.625		0.533385
296.75		0.533385
296.875		0.533385
297		0.533385
297.125		0.533385
297.25		0.533385
297.375		0.533385
297.5		0.533385
297.625		0.533385
297.75		0.533385
297.875		0.533385
298		0.533385
298.125		0.533385
298.25		0.533385
298.375		0.533385
298.5		0.533385
298.625		0.533385
298.75		0.533385
298.875		0.533385
299		0.533385
299.125		0.533385
299.25		0.533385
299.375		0.533385
299.5		0.533385
299.625		0.533385
299.75		0.533385
299.875		0.533385
300		0.533385
300.125		0.545807
300.25		0.545807
300.375		0.545807
300.5		0.545807
300.625		0.545807
300.75		0.545807
300.875		0.545807
301		0.545807
301.125		0.545807
301.25		0.545807
301.375		0.545807
301.5		0.545807
301.625		0.545807
301.75		0.545807
301.875		0.545807
302		0.545807
302.125		0.545807
302.25		0.545807
302.375		0.545807
302.5		0.545807
302.625		0.545807
302.75		0.545807
302.875		0.545807
303		0.545807
303.125		0.545807
303.25		0.545807
303.375		0.545807
303.5		0.545807
303.625		0.545807
303.75		0.545807
303.875		0.545807
304		0.545807
304.125		0.545807
304.25		0.545807
304.375		0.545807
304.5		0.545807
304.625		0.545807
304.75		0.545807
304.875		0.545807
305		0.545807
305.125		0.546584
305.25		0.546584
305.375		0.546584
305.5		0.546584
305.625		0.546584
305.75		0.546584
305.875		0.546584
306		0.546584
306.125		0.546584
306.25		0.546584
306.375		0.546584
306.5		0.546584
306.625		0.546584
306.75		0.546584
306.875		0.546584
307		0.546584
307.125		0.546584
307.25		0.546584
307.375		0.546584
307.5		0.546584
307.625		0.546584
307.75		0.546584
307.875		0.546584
308		0.546584
308.125		0.546584
308.25		0.546584
308.375		0.546584
308.5		0.546584
308.625		0.546584
308.75		0.546584
308.875		0.546584
309		0.546584
309.125		0.546584
309.25		0.546584
309.375		0.546584
309.5		0.546584
309.625		0.546584
309.75		0.546584
309.875		0.546584
310		0.546584
310.125		0.560559
310.25		0.560559
310.375		0.560559
310.5		0.560559
310.625		0.560559
310.75		0.560559
310.875		0.560559
311		0.560559
311.125		0.560559
311.25		0.560559
311.375		0.560559
311.5		0.560559
311.625		0.560559
311.75		0.560559
311.875		0.560559
312		0.560559
312.125		0.560559
312.25		0.560559
312.375		0.560559
312.5		0.560559
312.625		0.560559
312.75		0.560559
312.875		0.560559
313		0.560559
313.125		0.560559
313.25		0.560559
313.375		0.560559
313.5		0.560559
313.625		0.560559
313.75		0.560559
313.875		0.560559
314		0.560559
314.125		0.560559
314.25		0.560559
314.375		0.560559
314.5		0.560559
314.625		0.560559
314.75		0.560559
314.875		0.560559
315		0.560559
315.125		0.576863
315.25		0.576863
315.375		0.576863
315.5		0.576863
315.625		0.576863
315.75		0.576863
315.875		0.576863
316		0.576863
316.125		0.576863
316.25		0.576863
316.375		0.576863
316.5		0.576863
316.625		0.576863
316.75		0.576863
316.875		0.576863
317		0.576863
317.125		0.576863
317.25		0.576863
317.375		0.576863
317.5		0.576863
317.625		0.576863
317.75		0.576863
317.875		0.576863
318		0.576863
318.125		0.576863
318.25		0.576863
318.375		0.576863
318.5		0.576863
318.625		0.576863
318.75		0.576863
318.875		0.576863
319		0.576863
319.125		0.576863
319.25		0.576863
319.375		0.576863
319.5		0.576863
319.625		0.576863
319.75		0.576863
319.875		0.576863
320		0.576863
320.125		0.587733
320.25		0.587733
320.375		0.587733
320.5		0.587733
320.625		0.587733
320.75		0.587733
320.875		0.587733
321		0.587733
321.125		0.587733
321.25		0.587733
321.375		0.587733
321.5		0.587733
321.625		0.587733
321.75		0.587733
321.875		0.587733
322		0.587733
322.125		0.587733
322.25		0.587733
322.375		0.587733
322.5		0.587733
322.625		0.587733
322.75		0.587733
322.875		0.587733
323		0.587733
323.125		0.587733
323.25		0.587733
323.375		0.587733
323.5		0.587733
323.625		0.587733
323.75		0.587733
323.875		0.587733
324		0.587733
324.125		0.587733
324.25		0.587733
324.375		0.587733
324.5		0.587733
324.625		0.587733
324.75		0.587733
324.875		0.587733
325		0.587733
325.125		0.599767
325.25		0.599767
325.375		0.599767
325.5		0.599767
325.625		0.599767
325.75		0.599767
325.875		0.599767
326		0.599767
326.125		0.599767
326.25		0.599767
326.375		0.599767
326.5		0.599767
326.625		0.599767
326.75		0.599767
326.875		0.599767
327		0.599767
327.125		0.599767
327.25		0.599767
327.375		0.599767
327.5		0.599767
327.625		0.599767
327.75		0.599767
327.875		0.599767
328		0.599767
328.125		0.599767
328.25		0.599767
328.375		0.599767
328.5		0.599767
328.625		0.599767
328.75		0.599767
328.875		0.599767
329		0.599767
329.125		0.599767
329.25		0.599767
329.375		0.599767
329.5		0.599767
329.625		0.599767
329.75		0.599767
329.875		0.599767
330		0.599767
330.125		0.600543
330.25		0.600543
330.375		0.600543
330.5		0.600543
330.625		0.600543
330.75		0.600543
330.875		0.600543
331		0.600543
331.125		0.600543
331.25		0.600543
331.375		0.600543
331.5		0.600543
331.625		0.600543
331.75		0.600543
331.875		0.600543
332		0.600543
332.125		0.600543
332.25		0.600543
332.375		0.600543
332.5		0.600543
332.625		0.600543
332.75		0.600543
332.875		0.600543
333		0.600543
333.125		0.600543
333.25		0.600543
333.375		0.600543
333.5		0.600543
333.625		0.600543
333.75		0.600543
333.875		0.600543
334		0.600543
334.125		0.600543
334.25		0.600543
334.375		0.600543
334.5		0.600543
334.625		0.600543
334.75		0.600543
334.875		0.600543
335		0.600543
335.125		0.605202
335.25		0.605202
335.375		0.605202
335.5		0.605202
335.625		0.605202
335.75		0.605202
335.875		0.605202
336		0.605202
336.125		0.605202
336.25		0.605202
336.375		0.605202
336.5		0.605202
336.625		0.605202
336.75		0.605202
336.875		0.605202
337		0.605202
337.125		0.605202
337.25		0.605202
337.375		0.605202
337.5		0.605202
337.625		0.605202
337.75		0.605202
337.875		0.605202
338		0.605202
338.125		0.605202
338.25		0.605202
338.375		0.605202
338.5		0.605202
338.625		0.605202
338.75		0.605202
338.875		0.605202
339		0.605202
339.125		0.605202
339.25		0.605202
339.375		0.605202
339.5		0.605202
339.625		0.605202
339.75		0.605202
339.875		0.605202
340		0.605202
340.125		0.634705
340.25		0.634705
340.375		0.634705
340.5		0.634705
340.625		0.634705
340.75		0.634705
340.875		0.634705
341		0.634705
341.125		0.634705
341.25		0.634705
341.375		0.634705
341.5		0.634705
341.625		0.634705
341.75		0.634705
341.875		0.634705
342		0.634705
342.125		0.634705
342.25		0.634705
342.375		0.634705
342.5		0.634705
342.625		0.634705
342.75		0.634705
342.875		0.634705
343		0.634705
343.125		0.634705
343.25		0.634705
343.375		0.634705
343.5		0.634705
343.625		0.634705
343.75		0.634705
343.875		0.634705
344		0.634705
344.125		0.634705
344.25		0.634705
344.375		0.634705
344.5		0.634705
344.625		0.634705
344.75		0.634705
344.875		0.634705
345		0.634705
345.125		0.645575
345.25		0.645575
345.375		0.645575
345.5		0.645575
345.625		0.645575
345.75		0.645575
345.875		0.645575
346		0.645575
346.125		0.645575
346.25		0.645575
346.375		0.645575
346.5		0.645575
346.625		0.645575
346.75		0.645575
346.875		0.645575
347		0.645575
347.125		0.645575
347.25		0.645575
347.375		0.645575
347.5		0.645575
347.625		0.645575
347.75		0.645575
347.875		0.645575
348		0.645575
348.125		0.645575
348.25		0.645575
348.375		0.645575
348.5		0.645575
348.625		0.645575
348.75		0.645575
348.875		0.645575
349		0.645575
349.125		0.645575
349.25		0.645575
349.375		0.645575
349.5		0.645575
349.625		0.645575
349.75		0.645575
349.875		0.645575
350		0.645575
350.125		0.658773
350.25		0.658773
350.375		0.658773
350.5		0.658773
350.625		0.658773
350.75		0.658773
350.875		0.658773
351		0.658773
351.125		0.658773
351.25		0.658773
351.375		0.658773
351.5		0.658773
351.625		0.658773
351.75		0.658773
351.875		0.658773
352		0.658773
352.125		0.658773
352.25		0.658773
352.375		0.658773
352.5		0.658773
352.625		0.658773
352.75		0.658773
352.875		0.658773
353		0.658773
353.125		0.658773
353.25		0.658773
353.375		0.658773
353.5		0.658773
353.625		0.658773
353.75		0.658773
353.875		0.658773
354		0.658773
354.125		0.658773
354.25		0.658773
354.375		0.658773
354.5		0.658773
354.625		0.658773
354.75		0.658773
354.875		0.658773
355		0.658773
355.125		0.663432
355.25		0.663432
355.375		0.663432
355.5		0.663432
355.625		0.663432
355.75		0.663432
355.875		0.663432
356		0.663432
356.125		0.663432
356.25		0.663432
356.375		0.663432
356.5		0.663432
356.625		0.663432
356.75		0.663432
356.875		0.663432
357		0.663432
357.125		0.663432
357.25		0.663432
357.375		0.663432
357.5		0.663432
357.625		0.663432
357.75		0.663432
357.875		0.663432
358		0.663432
358.125		0.663432
358.25		0.663432
358.375		0.663432
358.5		0.663432
358.625		0.663432
358.75		0.663432
358.875		0.663432
359		0.663432
359.125		0.663432
359.25		0.663432
359.375		0.663432
359.5		0.663432
359.625		0.663432
359.75		0.663432
359.875		0.663432
360		0.663432
360.125		0.69177
360.25		0.69177
360.375		0.69177
360.5		0.69177
360.625		0.69177
360.75		0.69177
360.875		0.69177
361		0.69177
361.125		0.69177
361.25		0.69177
361.375		0.69177
361.5		0.69177
361.625		0.69177
361.75		0.69177
361.875		0.69177
362		0.69177
362.125		0.69177
362.25		0.69177
362.375		0.69177
362.5		0.69177
362.625		0.69177
362.75		0.69177
362.875		0.69177
363		0.69177
363.125		0.69177
363.25		0.69177
363.375		0.69177
363.5		0.69177
363.625		0.69177
363.75		0.69177
363.875		0.69177
364		0.69177
364.125		0.69177
364.25		0.69177
364.375		0.69177
364.5		0.69177
364.625		0.69177
364.75		0.69177
364.875		0.69177
365		0.69177
365.125		0.693323
365.25		0.693323
365.375		0.693323
365.5		0.693323
365.625		0.693323
365.75		0.693323
365.875		0.693323
366		0.693323
366.125		0.693323
366.25		0.693323
366.375		0.693323
366.5		0.693323
366.625		0.693323
366.75		0.693323
366.875		0.693323
367		0.693323
367.125		0.693323
367.25		0.693323
367.375		0.693323
367.5		0.693323
367.625		0.693323
367.75		0.693323
367.875		0.693323
368		0.693323
368.125		0.693323
368.25		0.693323
368.375		0.693323
368.5		0.693323
368.625		0.693323
368.75		0.693323
368.875		0.693323
369		0.693323
369.125		0.693323
369.25		0.693323
369.375		0.693323
369.5		0.693323
369.625		0.693323
369.75		0.693323
369.875		0.693323
370		0.693323
370.125		0.694876
370.25		0.694876
370.375		0.694876
370.5		0.694876
370.625		0.694876
370.75		0.694876
370.875		0.694876
371		0.694876
371.125		0.694876
371.25		0.694876
371.375		0.694876
371.5		0.694876
371.625		0.694876
371.75		0.694876
371.875		0.694876
372		0.694876
372.125		0.694876
372.25		0.694876
372.375		0.694876
372.5		0.694876
372.625		0.694876
372.75		0.694876
372.875		0.694876
373		0.694876
373.125		0.694876
373.25		0.694876
373.375		0.694876
373.5		0.694876
373.625		0.694876
373.75		0.694876
373.875		0.694876
374		0.694876
374.125		0.694876
374.25		0.694876
374.375		0.694876
374.5		0.694876
374.625		0.694876
374.75		0.694876
374.875		0.694876
375		0.694876
375.125		0.704969
375.25		0.704969
375.375		0.704969
375.5		0.704969
375.625		0.704969
375.75		0.704969
375.875		0.704969
376		0.704969
376.125		0.704969
376.25		0.704969
376.375		0.704969
376.5		0.704969
376.625		0.704969
376.75		0.704969
376.875		0.704969
377		0.704969
377.125		0.704969
377.25		0.704969
377.375		0.704969
377.5		0.704969
377.625		0.704969
377.75		0.704969
377.875		0.704969
378		0.704969
378.125		0.704969
378.25		0.704969
378.375		0.704969
378.5		0.704969
378.625		0.704969
378.75		0.704969
378.875		0.704969
379		0.704969
379.125		0.704969
379.25		0.704969
379.375		0.704969
379.5		0.704969
379.625		0.704969
379.75		0.704969
379.875		0.704969
380		0.704969
380.125		0.730202
380.25		0.730202
380.375		0.730202
380.5		0.730202
380.625		0.730202
380.75		0.730202
380.875		0.730202
381		0.730202
381.125		0.730202
381.25		0.730202
381.375		0.730202
381.5		0.730202
381.625		0.730202
381.75		0.730202
381.875		0.730202
382		0.730202
382.125		0.730202
382.25		0.730202
382.375		0.730202
382.5		0.730202
382.625		0.730202
382.75		0.730202
382.875		0.730202
383		0.730202
383.125		0.730202
383.25		0.730202
383.375		0.730202
383.5		0.730202
383.625		0.730202
383.75		0.730202
383.875		0.730202
384		0.730202
384.125		0.730202
384.25		0.730202
384.375		0.730202
384.5		0.730202
384.625		0.730202
384.75		0.730202
384.875		0.730202
385		0.730202
385.125		0.733696
385.25		0.733696
385.375		0.733696
385.5		0.733696
385.625		0.733696
385.75		0.733696
385.875		0.733696
386		0.733696
386.125		0.733696
386.25		0.733696
386.375		0.733696
386.5		0.733696
386.625		0.733696
386.75		0.733696
386.875		0.733696
387		0.733696
387.125		0.733696
387.25		0.733696
387.375		0.733696
387.5		0.733696
387.625		0.733696
387.75		0.733696
387.875		0.733696
388		0.733696
388.125		0.733696
388.25		0.733696
388.375		0.733696
388.5		0.733696
388.625		0.733696
388.75		0.733696
388.875		0.733696
389		0.733696
389.125		0.733696
389.25		0.733696
389.375		0.733696
389.5		0.733696
389.625		0.733696
389.75		0.733696
389.875		0.733696
390		0.733696
390.125		0.743789
390.25		0.743789
390.375		0.743789
390.5		0.743789
390.625		0.743789
390.75		0.743789
390.875		0.743789
391		0.743789
391.125		0.743789
391.25		0.743789
391.375		0.743789
391.5		0.743789
391.625		0.743789
391.75		0.743789
391.875		0.743789
392		0.743789
392.125		0.743789
392.25		0.743789
392.375		0.743789
392.5		0.743789
392.625		0.743789
392.75		0.743789
392.875		0.743789
393		0.743789
393.125		0.743789
393.25		0.743789
393.375		0.743789
393.5		0.743789
393.625		0.743789
393.75		0.743789
393.875		0.743789
394		0.743789
394.125		0.743789
394.25		0.743789
394.375		0.743789
394.5		0.743789
394.625		0.743789
394.75		0.743789
394.875		0.743789
395		0.743789
395.125		0.746894
395.25		0.746894
395.375		0.746894
395.5		0.746894
395.625		0.746894
395.75		0.746894
395.875		0.746894
396		0.746894
396.125		0.746894
396.25		0.746894
396.375		0.746894
396.5		0.746894
396.625		0.746894
396.75		0.746894
396.875		0.746894
397		0.746894
397.125		0.746894
397.25		0.746894
397.375		0.746894
397.5		0.746894
397.625		0.746894
397.75		0.746894
397.875		0.746894
398		0.746894
398.125		0.746894
398.25		0.746894
398.375		0.746894
398.5		0.746894
398.625		0.746894
398.75		0.746894
398.875		0.746894
399		0.746894
399.125		0.746894
399.25		0.746894
399.375		0.746894
399.5		0.746894
399.625		0.746894
399.75		0.746894
399.875		0.746894
400		0.746894
400.125		0.759317
400.25		0.759317
400.375		0.759317
400.5		0.759317
400.625		0.759317
400.75		0.759317
400.875		0.759317
401		0.759317
401.125		0.759317
401.25		0.759317
401.375		0.759317
401.5		0.759317
401.625		0.759317
401.75		0.759317
401.875		0.759317
402		0.759317
402.125		0.759317
402.25		0.759317
402.375		0.759317
402.5		0.759317
402.625		0.759317
402.75		0.759317
402.875		0.759317
403		0.759317
403.125		0.759317
403.25		0.759317
403.375		0.759317
403.5		0.759317
403.625		0.759317
403.75		0.759317
403.875		0.759317
404		0.759317
404.125		0.759317
404.25		0.759317
404.375		0.759317
404.5		0.759317
404.625		0.759317
404.75		0.759317
404.875		0.759317
405		0.759317
405.125		0.785714
405.25		0.785714
405.375		0.785714
405.5		0.785714
405.625		0.785714
405.75		0.785714
405.875		0.785714
406		0.785714
406.125		0.785714
406.25		0.785714
406.375		0.785714
406.5		0.785714
406.625		0.785714
406.75		0.785714
406.875		0.785714
407		0.785714
407.125		0.785714
407.25		0.785714
407.375		0.785714
407.5		0.785714
407.625		0.785714
407.75		0.785714
407.875		0.785714
408		0.785714
408.125		0.785714
408.25		0.785714
408.375		0.785714
408.5		0.785714
408.625		0.785714
408.75		0.785714
408.875		0.785714
409		0.785714
409.125		0.785714
409.25		0.785714
409.375		0.785714
409.5		0.785714
409.625		0.785714
409.75		0.785714
409.875		0.785714
410		0.785714
410.125		0.789984
410.25		0.789984
410.375		0.789984
410.5		0.789984
410.625		0.789984
410.75		0.789984
410.875		0.789984
411		0.789984
411.125		0.789984
411.25		0.789984
411.375		0.789984
411.5		0.789984
411.625		0.789984
411.75		0.789984
411.875		0.789984
412		0.789984
412.125		0.789984
412.25		0.789984
412.375		0.789984
412.5		0.789984
412.625		0.789984
412.75		0.789984
412.875		0.789984
413		0.789984
413.125		0.789984
413.25		0.789984
413.375		0.789984
413.5		0.789984
413.625		0.789984
413.75		0.789984
413.875		0.789984
414		0.789984
414.125		0.789984
414.25		0.789984
414.375		0.789984
414.5		0.789984
414.625		0.789984
414.75		0.789984
414.875		0.789984
415		0.789984
415.125		0.803183
415.25		0.803183
415.375		0.803183
415.5		0.803183
415.625		0.803183
415.75		0.803183
415.875		0.803183
416		0.803183
416.125		0.803183
416.25		0.803183
416.375		0.803183
416.5		0.803183
416.625		0.803183
416.75		0.803183
416.875		0.803183
417		0.803183
417.125		0.803183
417.25		0.803183
417.375		0.803183
417.5		0.803183
417.625		0.803183
417.75		0.803183
417.875		0.803183
418		0.803183
418.125		0.803183
418.25		0.803183
418.375		0.803183
418.5		0.803183
418.625		0.803183
418.75		0.803183
418.875		0.803183
419		0.803183
419.125		0.803183
419.25		0.803183
419.375		0.803183
419.5		0.803183
419.625		0.803183
419.75		0.803183
419.875		0.803183
420		0.803183
420.125		0.806289
420.25		0.806289
420.375		0.806289
420.5		0.806289
420.625		0.806289
420.75		0.806289
420.875		0.806289
421		0.806289
421.125		0.806289
421.25		0.806289
421.375		0.806289
421.5		0.806289
421.625		0.806289
421.75		0.806289
421.875		0.806289
422		0.806289
422.125		0.806289
422.25		0.806289
422.375		0.806289
422.5		0.806289
422.625		0.806289
422.75		0.806289
422.875		0.806289
423		0.806289
423.125		0.806289
423.25		0.806289
423.375		0.806289
423.5		0.806289
423.625		0.806289
423.75		0.806289
423.875		0.806289
424		0.806289
424.125		0.806289
424.25		0.806289
424.375		0.806289
424.5		0.806289
424.625		0.806289
424.75		0.806289
424.875		0.806289
425		0.806289
425.125		0.811335
425.25		0.811335
425.375		0.811335
425.5		0.811335
425.625		0.811335
425.75		0.811335
425.875		0.811335
426		0.811335
426.125		0.811335
426.25		0.811335
426.375		0.811335
426.5		0.811335
426.625		0.811335
426.75		0.811335
426.875		0.811335
427		0.811335
427.125		0.811335
427.25		0.811335
427.375		0.811335
427.5		0.811335
427.625		0.811335
427.75		0.811335
427.875		0.811335
428		0.811335
428.125		0.811335
428.25		0.811335
428.375		0.811335
428.5		0.811335
428.625		0.811335
428.75		0.811335
428.875		0.811335
429		0.811335
429.125		0.811335
429.25		0.811335
429.375		0.811335
429.5		0.811335
429.625		0.811335
429.75		0.811335
429.875		0.811335
430		0.811335
430.125		0.838121
430.25		0.838121
430.375		0.838121
430.5		0.838121
430.625		0.838121
430.75		0.838121
430.875		0.838121
431		0.838121
431.125		0.838121
431.25		0.838121
431.375		0.838121
431.5		0.838121
431.625		0.838121
431.75		0.838121
431.875		0.838121
432		0.838121
432.125		0.838121
432.25		0.838121
432.375		0.838121
432.5		0.838121
432.625		0.838121
432.75		0.838121
432.875		0.838121
433		0.838121
433.125		0.838121
433.25		0.838121
433.375		0.838121
433.5		0.838121
433.625		0.838121
433.75		0.838121
433.875		0.838121
434		0.838121
434.125		0.838121
434.25		0.838121
434.375		0.838121
434.5		0.838121
434.625		0.838121
434.75		0.838121
434.875		0.838121
435		0.838121
435.125		0.840062
435.25		0.840062
435.375		0.840062
435.5		0.840062
435.625		0.840062
435.75		0.840062
435.875		0.840062
436		0.840062
436.125		0.840062
436.25		0.840062
436.375		0.840062
436.5		0.840062
436.625		0.840062
436.75		0.840062
436.875		0.840062
437		0.840062
437.125		0.840062
437.25		0.840062
437.375		0.840062
437.5		0.840062
437.625		0.840062
437.75		0.840062
437.875		0.840062
438		0.840062
438.125		0.840062
438.25		0.840062
438.375		0.840062
438.5		0.840062
438.625		0.840062
438.75		0.840062
438.875		0.840062
439		0.840062
439.125		0.840062
439.25		0.840062
439.375		0.840062
439.5		0.840062
439.625		0.840062
439.75		0.840062
439.875		0.840062
440		0.840062
440.125		0.852873
440.25		0.852873
440.375		0.852873
440.5		0.852873
440.625		0.852873
440.75		0.852873
440.875		0.852873
441		0.852873
441.125		0.852873
441.25		0.852873
441.375		0.852873
441.5		0.852873
441.625		0.852873
441.75		0.852873
441.875		0.852873
442		0.852873
442.125		0.852873
442.25		0.852873
442.375		0.852873
442.5		0.852873
442.625		0.852873
442.75		0.852873
442.875		0.852873
443		0.852873
443.125		0.852873
443.25		0.852873
443.375		0.852873
443.5		0.852873
443.625		0.852873
443.75		0.852873
443.875		0.852873
444		0.852873
444.125		0.852873
444.25		0.852873
444.375		0.852873
444.5		0.852873
444.625		0.852873
444.75		0.852873
444.875		0.852873
445		0.852873
445.125		0.854037
445.25		0.854037
445.375		0.854037
445.5		0.854037
445.625		0.854037
445.75		0.854037
445.875		0.854037
446		0.854037
446.125		0.854037
446.25		0.854037
446.375		0.854037
446.5		0.854037
446.625		0.854037
446.75		0.854037
446.875		0.854037
447		0.854037
447.125		0.854037
447.25		0.854037
447.375		0.854037
447.5		0.854037
447.625		0.854037
447.75		0.854037
447.875		0.854037
448		0.854037
448.125		0.854037
448.25		0.854037
448.375		0.854037
448.5		0.854037
448.625		0.854037
448.75		0.854037
448.875		0.854037
449		0.854037
449.125		0.854037
449.25		0.854037
449.375		0.854037
449.5		0.854037
449.625		0.854037
449.75		0.854037
449.875		0.854037
450		0.854037
450.125		0.875388
450.25		0.875388
450.375		0.875388
450.5		0.875388
450.625		0.875388
450.75		0.875388
450.875		0.875388
451		0.875388
451.125		0.875388
451.25		0.875388
451.375		0.875388
451.5		0.875388
451.625		0.875388
451.75		0.875388
451.875		0.875388
452		0.875388
452.125		0.875388
452.25		0.875388
452.375		0.875388
452.5		0.875388
452.625		0.875388
452.75		0.875388
452.875		0.875388
453		0.875388
453.125		0.875388
453.25		0.875388
453.375		0.875388
453.5		0.875388
453.625		0.875388
453.75		0.875388
453.875		0.875388
454		0.875388
454.125		0.875388
454.25		0.875388
454.375		0.875388
454.5		0.875388
454.625		0.875388
454.75		0.875388
454.875		0.875388
455		0.875388
455.125		0.88587
455.25		0.88587
455.375		0.88587
455.5		0.88587
455.625		0.88587
455.75		0.88587
455.875		0.88587
456		0.88587
456.125		0.88587
456.25		0.88587
456.375		0.88587
456.5		0.88587
456.625		0.88587
456.75		0.88587
456.875		0.88587
457		0.88587
457.125		0.88587
457.25		0.88587
457.375		0.88587
457.5		0.88587
457.625		0.88587
457.75		0.88587
457.875		0.88587
458		0.88587
458.125		0.88587
458.25		0.88587
458.375		0.88587
458.5		0.88587
458.625		0.88587
458.75		0.88587
458.875		0.88587
459		0.88587
459.125		0.88587
459.25		0.88587
459.375		0.88587
459.5		0.88587
459.625		0.88587
459.75		0.88587
459.875		0.88587
460		0.88587
460.125		0.902562
460.25		0.902562
460.375		0.902562
460.5		0.902562
460.625		0.902562
460.75		0.902562
460.875		0.902562
461		0.902562
461.125		0.902562
461.25		0.902562
461.375		0.902562
461.5		0.902562
461.625		0.902562
461.75		0.902562
461.875		0.902562
462		0.902562
462.125		0.902562
462.25		0.902562
462.375		0.902562
462.5		0.902562
462.625		0.902562
462.75		0.902562
462.875		0.902562
463		0.902562
463.125		0.902562
463.25		0.902562
463.375		0.902562
463.5		0.902562
463.625		0.902562
463.75		0.902562
463.875		0.902562
464		0.902562
464.125		0.902562
464.25		0.902562
464.375		0.902562
464.5		0.902562
464.625		0.902562
464.75		0.902562
464.875		0.902562
465		0.902562
465.125		0.906056
465.25		0.906056
465.375		0.906056
465.5		0.906056
465.625		0.906056
465.75		0.906056
465.875		0.906056
466		0.906056
466.125		0.906056
466.25		0.906056
466.375		0.906056
466.5		0.906056
466.625		0.906056
466.75		0.906056
466.875		0.906056
467		0.906056
467.125		0.906056
467.25		0.906056
467.375		0.906056
467.5		0.906056
467.625		0.906056
467.75		0.906056
467.875		0.906056
468		0.906056
468.125		0.906056
468.25		0.906056
468.375		0.906056
468.5		0.906056
468.625		0.906056
468.75		0.906056
468.875		0.906056
469		0.906056
469.125		0.906056
469.25		0.906056
469.375		0.906056
469.5		0.906056
469.625		0.906056
469.75		0.906056
469.875		0.906056
470		0.906056
470.125		0.924301
470.25		0.924301
470.375		0.924301
470.5		0.924301
470.625		0.924301
470.75		0.924301
470.875		0.924301
471		0.924301
471.125		0.924301
471.25		0.924301
471.375		0.924301
471.5		0.924301
471.625		0.924301
471.75		0.924301
471.875		0.924301
472		0.924301
472.125		0.924301
472.25		0.924301
472.375		0.924301
472.5		0.924301
472.625		0.924301
472.75		0.924301
472.875		0.924301
473		0.924301
473.125		0.924301
473.25		0.924301
473.375		0.924301
473.5		0.924301
473.625		0.924301
473.75		0.924301
473.875		0.924301
474		0.924301
474.125		0.924301
474.25		0.924301
474.375		0.924301
474.5		0.924301
474.625		0.924301
474.75		0.924301
474.875		0.924301
475		0.924301
475.125		0.942547
475.25		0.942547
475.375		0.942547
475.5		0.942547
475.625		0.942547
475.75		0.942547
475.875		0.942547
476		0.942547
476.125		0.942547
476.25		0.942547
476.375		0.942547
476.5		0.942547
476.625		0.942547
476.75		0.942547
476.875		0.942547
477		0.942547
477.125		0.942547
477.25		0.942547
477.375		0.942547
477.5		0.942547
477.625		0.942547
477.75		0.942547
477.875		0.942547
478		0.942547
478.125		0.942547
478.25		0.942547
478.375		0.942547
478.5		0.942547
478.625		0.942547
478.75		0.942547
478.875		0.942547
479		0.942547
479.125		0.942547
479.25		0.942547
479.375		0.942547
479.5		0.942547
479.625		0.942547
479.75		0.942547
479.875		0.942547
480		0.942547
480.125		0.945652
480.25		0.945652
480.375		0.945652
480.5		0.945652
480.625		0.945652
480.75		0.945652
480.875		0.945652
481		0.945652
481.125		0.945652
481.25		0.945652
481.375		0.945652
481.5		0.945652
481.625		0.945652
481.75		0.945652
481.875		0.945652
482		0.945652
482.125		0.945652
482.25		0.945652
482.375		0.945652
482.5		0.945652
482.625		0.945652
482.75		0.945652
482.875		0.945652
483		0.945652
483.125		0.945652
483.25		0.945652
483.375		0.945652
483.5		0.945652
483.625		0.945652
483.75		0.945652
483.875		0.945652
484		0.945652
484.125		0.945652
484.25		0.945652
484.375		0.945652
484.5		0.945652
484.625		0.945652
484.75		0.945652
484.875		0.945652
485		0.945652
485.125		0.947205
485.25		0.947205
485.375		0.947205
485.5		0.947205
485.625		0.947205
485.75		0.947205
485.875		0.947205
486		0.947205
486.125		0.947205
486.25		0.947205
486.375		0.947205
486.5		0.947205
486.625		0.947205
486.75		0.947205
486.875		0.947205
487		0.947205
487.125		0.947205
487.25		0.947205
487.375		0.947205
487.5		0.947205
487.625		0.947205
487.75		0.947205
487.875		0.947205
488		0.947205
488.125		0.947205
488.25		0.947205
488.375		0.947205
488.5		0.947205
488.625		0.947205
488.75		0.947205
488.875		0.947205
489		0.947205
489.125		0.947205
489.25		0.947205
489.375		0.947205
489.5		0.947205
489.625		0.947205
489.75		0.947205
489.875		0.947205
490		0.947205
490.125		0.98486
490.25		0.98486
490.375		0.98486
490.5		0.98486
490.625		0.98486
490.75		0.98486
490.875		0.98486
491		0.98486
491.125		0.98486
491.25		0.98486
491.375		0.98486
491.5		0.98486
491.625		0.98486
491.75		0.98486
491.875		0.98486
492		0.98486
492.125		0.98486
492.25		0.98486
492.375		0.98486
492.5		0.98486
492.625		0.98486
492.75		0.98486
492.875		0.98486
493		0.98486
493.125		0.98486
493.25		0.98486
493.375		0.98486
493.5		0.98486
493.625		0.98486
493.75		0.98486
493.875		0.98486
494		0.98486
494.125		0.98486
494.25		0.98486
494.375		0.98486
494.5		0.98486
494.625		0.98486
494.75		0.98486
494.875		0.98486
495		0.98486
495.125		1
495.25		1
495.375		1
495.5		1
495.625		1
495.75		1
495.875		1
496		1
496.125		1
496.25		1
496.375		1
496.5		1
496.625		1
496.75		1
496.875		1
497		1
497.125		1
497.25		1
497.375		1
497.5		1
497.625		1
497.75		1
497.875		1
498		1
498.125		1
498.25		1
498.375		1
498.5		1
498.625		1
498.75		1
498.875		1
499		1
499.125		1
499.25		1
499.375		1
499.5		1
499.625		1
499.75		1
499.875		1
500		1
