# Calibration file of tamex_id 1 @ channel 30
# fine_T bin		 Calibration value
0.125		0
0.25		0
0.375		0
0.5		0
0.625		0
0.75		0
0.875		0
1		0
1.125		0
1.25		0
1.375		0
1.5		0
1.625		0
1.75		0
1.875		0
2		0
2.125		0
2.25		0
2.375		0
2.5		0
2.625		0
2.75		0
2.875		0
3		0
3.125		0
3.25		0
3.375		0
3.5		0
3.625		0
3.75		0
3.875		0
4		0
4.125		0
4.25		0
4.375		0
4.5		0
4.625		0
4.75		0
4.875		0
5		0
5.125		0
5.25		0
5.375		0
5.5		0
5.625		0
5.75		0
5.875		0
6		0
6.125		0
6.25		0
6.375		0
6.5		0
6.625		0
6.75		0
6.875		0
7		0
7.125		0
7.25		0
7.375		0
7.5		0
7.625		0
7.75		0
7.875		0
8		0
8.125		0
8.25		0
8.375		0
8.5		0
8.625		0
8.75		0
8.875		0
9		0
9.125		0
9.25		0
9.375		0
9.5		0
9.625		0
9.75		0
9.875		0
10		0
10.125		0
10.25		0
10.375		0
10.5		0
10.625		0
10.75		0
10.875		0
11		0
11.125		0
11.25		0
11.375		0
11.5		0
11.625		0
11.75		0
11.875		0
12		0
12.125		0
12.25		0
12.375		0
12.5		0
12.625		0
12.75		0
12.875		0
13		0
13.125		0
13.25		0
13.375		0
13.5		0
13.625		0
13.75		0
13.875		0
14		0
14.125		0
14.25		0
14.375		0
14.5		0
14.625		0
14.75		0
14.875		0
15		0
15.125		0
15.25		0
15.375		0
15.5		0
15.625		0
15.75		0
15.875		0
16		0
16.125		0
16.25		0
16.375		0
16.5		0
16.625		0
16.75		0
16.875		0
17		0
17.125		0
17.25		0
17.375		0
17.5		0
17.625		0
17.75		0
17.875		0
18		0
18.125		0
18.25		0
18.375		0
18.5		0
18.625		0
18.75		0
18.875		0
19		0
19.125		0
19.25		0
19.375		0
19.5		0
19.625		0
19.75		0
19.875		0
20		0
20.125		0
20.25		0
20.375		0
20.5		0
20.625		0
20.75		0
20.875		0
21		0
21.125		0
21.25		0
21.375		0
21.5		0
21.625		0
21.75		0
21.875		0
22		0
22.125		0
22.25		0
22.375		0
22.5		0
22.625		0
22.75		0
22.875		0
23		0
23.125		0
23.25		0
23.375		0
23.5		0
23.625		0
23.75		0
23.875		0
24		0
24.125		0
24.25		0
24.375		0
24.5		0
24.625		0
24.75		0
24.875		0
25		0
25.125		0
25.25		0
25.375		0
25.5		0
25.625		0
25.75		0
25.875		0
26		0
26.125		0
26.25		0
26.375		0
26.5		0
26.625		0
26.75		0
26.875		0
27		0
27.125		0
27.25		0
27.375		0
27.5		0
27.625		0
27.75		0
27.875		0
28		0
28.125		0
28.25		0
28.375		0
28.5		0
28.625		0
28.75		0
28.875		0
29		0
29.125		0
29.25		0
29.375		0
29.5		0
29.625		0
29.75		0
29.875		0
30		0
30.125		0
30.25		0
30.375		0
30.5		0
30.625		0
30.75		0
30.875		0
31		0
31.125		0
31.25		0
31.375		0
31.5		0
31.625		0
31.75		0
31.875		0
32		0
32.125		0
32.25		0
32.375		0
32.5		0
32.625		0
32.75		0
32.875		0
33		0
33.125		0
33.25		0
33.375		0
33.5		0
33.625		0
33.75		0
33.875		0
34		0
34.125		0
34.25		0
34.375		0
34.5		0
34.625		0
34.75		0
34.875		0
35		0
35.125		0
35.25		0
35.375		0
35.5		0
35.625		0
35.75		0
35.875		0
36		0
36.125		0
36.25		0
36.375		0
36.5		0
36.625		0
36.75		0
36.875		0
37		0
37.125		0
37.25		0
37.375		0
37.5		0
37.625		0
37.75		0
37.875		0
38		0
38.125		0
38.25		0
38.375		0
38.5		0
38.625		0
38.75		0
38.875		0
39		0
39.125		0
39.25		0
39.375		0
39.5		0
39.625		0
39.75		0
39.875		0
40		0
40.125		0
40.25		0
40.375		0
40.5		0
40.625		0
40.75		0
40.875		0
41		0
41.125		0
41.25		0
41.375		0
41.5		0
41.625		0
41.75		0
41.875		0
42		0
42.125		0
42.25		0
42.375		0
42.5		0
42.625		0
42.75		0
42.875		0
43		0
43.125		0
43.25		0
43.375		0
43.5		0
43.625		0
43.75		0
43.875		0
44		0
44.125		0
44.25		0
44.375		0
44.5		0
44.625		0
44.75		0
44.875		0
45		0
45.125		0
45.25		0
45.375		0
45.5		0
45.625		0
45.75		0
45.875		0
46		0
46.125		0
46.25		0
46.375		0
46.5		0
46.625		0
46.75		0
46.875		0
47		0
47.125		0
47.25		0
47.375		0
47.5		0
47.625		0
47.75		0
47.875		0
48		0
48.125		0
48.25		0
48.375		0
48.5		0
48.625		0
48.75		0
48.875		0
49		0
49.125		0
49.25		0
49.375		0
49.5		0
49.625		0
49.75		0
49.875		0
50		0
50.125		0
50.25		0
50.375		0
50.5		0
50.625		0
50.75		0
50.875		0
51		0
51.125		0
51.25		0
51.375		0
51.5		0
51.625		0
51.75		0
51.875		0
52		0
52.125		0
52.25		0
52.375		0
52.5		0
52.625		0
52.75		0
52.875		0
53		0
53.125		0
53.25		0
53.375		0
53.5		0
53.625		0
53.75		0
53.875		0
54		0
54.125		0
54.25		0
54.375		0
54.5		0
54.625		0
54.75		0
54.875		0
55		0
55.125		0
55.25		0
55.375		0
55.5		0
55.625		0
55.75		0
55.875		0
56		0
56.125		0
56.25		0
56.375		0
56.5		0
56.625		0
56.75		0
56.875		0
57		0
57.125		0
57.25		0
57.375		0
57.5		0
57.625		0
57.75		0
57.875		0
58		0
58.125		0
58.25		0
58.375		0
58.5		0
58.625		0
58.75		0
58.875		0
59		0
59.125		0
59.25		0
59.375		0
59.5		0
59.625		0
59.75		0
59.875		0
60		0
60.125		0
60.25		0
60.375		0
60.5		0
60.625		0
60.75		0
60.875		0
61		0
61.125		0
61.25		0
61.375		0
61.5		0
61.625		0
61.75		0
61.875		0
62		0
62.125		0
62.25		0
62.375		0
62.5		0
62.625		0
62.75		0
62.875		0
63		0
63.125		0
63.25		0
63.375		0
63.5		0
63.625		0
63.75		0
63.875		0
64		0
64.125		0
64.25		0
64.375		0
64.5		0
64.625		0
64.75		0
64.875		0
65		0
65.125		0
65.25		0
65.375		0
65.5		0
65.625		0
65.75		0
65.875		0
66		0
66.125		0
66.25		0
66.375		0
66.5		0
66.625		0
66.75		0
66.875		0
67		0
67.125		0
67.25		0
67.375		0
67.5		0
67.625		0
67.75		0
67.875		0
68		0
68.125		0
68.25		0
68.375		0
68.5		0
68.625		0
68.75		0
68.875		0
69		0
69.125		0
69.25		0
69.375		0
69.5		0
69.625		0
69.75		0
69.875		0
70		0
70.125		0
70.25		0
70.375		0
70.5		0
70.625		0
70.75		0
70.875		0
71		0
71.125		0
71.25		0
71.375		0
71.5		0
71.625		0
71.75		0
71.875		0
72		0
72.125		0
72.25		0
72.375		0
72.5		0
72.625		0
72.75		0
72.875		0
73		0
73.125		0
73.25		0
73.375		0
73.5		0
73.625		0
73.75		0
73.875		0
74		0
74.125		0
74.25		0
74.375		0
74.5		0
74.625		0
74.75		0
74.875		0
75		0
75.125		0
75.25		0
75.375		0
75.5		0
75.625		0
75.75		0
75.875		0
76		0
76.125		0
76.25		0
76.375		0
76.5		0
76.625		0
76.75		0
76.875		0
77		0
77.125		0
77.25		0
77.375		0
77.5		0
77.625		0
77.75		0
77.875		0
78		0
78.125		0
78.25		0
78.375		0
78.5		0
78.625		0
78.75		0
78.875		0
79		0
79.125		0
79.25		0
79.375		0
79.5		0
79.625		0
79.75		0
79.875		0
80		0
80.125		0.0403338
80.25		0.0403338
80.375		0.0403338
80.5		0.0403338
80.625		0.0403338
80.75		0.0403338
80.875		0.0403338
81		0.0403338
81.125		0.0403338
81.25		0.0403338
81.375		0.0403338
81.5		0.0403338
81.625		0.0403338
81.75		0.0403338
81.875		0.0403338
82		0.0403338
82.125		0.0403338
82.25		0.0403338
82.375		0.0403338
82.5		0.0403338
82.625		0.0403338
82.75		0.0403338
82.875		0.0403338
83		0.0403338
83.125		0.0403338
83.25		0.0403338
83.375		0.0403338
83.5		0.0403338
83.625		0.0403338
83.75		0.0403338
83.875		0.0403338
84		0.0403338
84.125		0.0403338
84.25		0.0403338
84.375		0.0403338
84.5		0.0403338
84.625		0.0403338
84.75		0.0403338
84.875		0.0403338
85		0.0403338
85.125		0.0472879
85.25		0.0472879
85.375		0.0472879
85.5		0.0472879
85.625		0.0472879
85.75		0.0472879
85.875		0.0472879
86		0.0472879
86.125		0.0472879
86.25		0.0472879
86.375		0.0472879
86.5		0.0472879
86.625		0.0472879
86.75		0.0472879
86.875		0.0472879
87		0.0472879
87.125		0.0472879
87.25		0.0472879
87.375		0.0472879
87.5		0.0472879
87.625		0.0472879
87.75		0.0472879
87.875		0.0472879
88		0.0472879
88.125		0.0472879
88.25		0.0472879
88.375		0.0472879
88.5		0.0472879
88.625		0.0472879
88.75		0.0472879
88.875		0.0472879
89		0.0472879
89.125		0.0472879
89.25		0.0472879
89.375		0.0472879
89.5		0.0472879
89.625		0.0472879
89.75		0.0472879
89.875		0.0472879
90		0.0472879
90.125		0.0556328
90.25		0.0556328
90.375		0.0556328
90.5		0.0556328
90.625		0.0556328
90.75		0.0556328
90.875		0.0556328
91		0.0556328
91.125		0.0556328
91.25		0.0556328
91.375		0.0556328
91.5		0.0556328
91.625		0.0556328
91.75		0.0556328
91.875		0.0556328
92		0.0556328
92.125		0.0556328
92.25		0.0556328
92.375		0.0556328
92.5		0.0556328
92.625		0.0556328
92.75		0.0556328
92.875		0.0556328
93		0.0556328
93.125		0.0556328
93.25		0.0556328
93.375		0.0556328
93.5		0.0556328
93.625		0.0556328
93.75		0.0556328
93.875		0.0556328
94		0.0556328
94.125		0.0556328
94.25		0.0556328
94.375		0.0556328
94.5		0.0556328
94.625		0.0556328
94.75		0.0556328
94.875		0.0556328
95		0.0556328
95.125		0.0723227
95.25		0.0723227
95.375		0.0723227
95.5		0.0723227
95.625		0.0723227
95.75		0.0723227
95.875		0.0723227
96		0.0723227
96.125		0.0723227
96.25		0.0723227
96.375		0.0723227
96.5		0.0723227
96.625		0.0723227
96.75		0.0723227
96.875		0.0723227
97		0.0723227
97.125		0.0723227
97.25		0.0723227
97.375		0.0723227
97.5		0.0723227
97.625		0.0723227
97.75		0.0723227
97.875		0.0723227
98		0.0723227
98.125		0.0723227
98.25		0.0723227
98.375		0.0723227
98.5		0.0723227
98.625		0.0723227
98.75		0.0723227
98.875		0.0723227
99		0.0723227
99.125		0.0723227
99.25		0.0723227
99.375		0.0723227
99.5		0.0723227
99.625		0.0723227
99.75		0.0723227
99.875		0.0723227
100		0.0723227
100.125		0.0904033
100.25		0.0904033
100.375		0.0904033
100.5		0.0904033
100.625		0.0904033
100.75		0.0904033
100.875		0.0904033
101		0.0904033
101.125		0.0904033
101.25		0.0904033
101.375		0.0904033
101.5		0.0904033
101.625		0.0904033
101.75		0.0904033
101.875		0.0904033
102		0.0904033
102.125		0.0904033
102.25		0.0904033
102.375		0.0904033
102.5		0.0904033
102.625		0.0904033
102.75		0.0904033
102.875		0.0904033
103		0.0904033
103.125		0.0904033
103.25		0.0904033
103.375		0.0904033
103.5		0.0904033
103.625		0.0904033
103.75		0.0904033
103.875		0.0904033
104		0.0904033
104.125		0.0904033
104.25		0.0904033
104.375		0.0904033
104.5		0.0904033
104.625		0.0904033
104.75		0.0904033
104.875		0.0904033
105		0.0904033
105.125		0.0945758
105.25		0.0945758
105.375		0.0945758
105.5		0.0945758
105.625		0.0945758
105.75		0.0945758
105.875		0.0945758
106		0.0945758
106.125		0.0945758
106.25		0.0945758
106.375		0.0945758
106.5		0.0945758
106.625		0.0945758
106.75		0.0945758
106.875		0.0945758
107		0.0945758
107.125		0.0945758
107.25		0.0945758
107.375		0.0945758
107.5		0.0945758
107.625		0.0945758
107.75		0.0945758
107.875		0.0945758
108		0.0945758
108.125		0.0945758
108.25		0.0945758
108.375		0.0945758
108.5		0.0945758
108.625		0.0945758
108.75		0.0945758
108.875		0.0945758
109		0.0945758
109.125		0.0945758
109.25		0.0945758
109.375		0.0945758
109.5		0.0945758
109.625		0.0945758
109.75		0.0945758
109.875		0.0945758
110		0.0945758
110.125		0.102921
110.25		0.102921
110.375		0.102921
110.5		0.102921
110.625		0.102921
110.75		0.102921
110.875		0.102921
111		0.102921
111.125		0.102921
111.25		0.102921
111.375		0.102921
111.5		0.102921
111.625		0.102921
111.75		0.102921
111.875		0.102921
112		0.102921
112.125		0.102921
112.25		0.102921
112.375		0.102921
112.5		0.102921
112.625		0.102921
112.75		0.102921
112.875		0.102921
113		0.102921
113.125		0.102921
113.25		0.102921
113.375		0.102921
113.5		0.102921
113.625		0.102921
113.75		0.102921
113.875		0.102921
114		0.102921
114.125		0.102921
114.25		0.102921
114.375		0.102921
114.5		0.102921
114.625		0.102921
114.75		0.102921
114.875		0.102921
115		0.102921
115.125		0.130737
115.25		0.130737
115.375		0.130737
115.5		0.130737
115.625		0.130737
115.75		0.130737
115.875		0.130737
116		0.130737
116.125		0.130737
116.25		0.130737
116.375		0.130737
116.5		0.130737
116.625		0.130737
116.75		0.130737
116.875		0.130737
117		0.130737
117.125		0.130737
117.25		0.130737
117.375		0.130737
117.5		0.130737
117.625		0.130737
117.75		0.130737
117.875		0.130737
118		0.130737
118.125		0.130737
118.25		0.130737
118.375		0.130737
118.5		0.130737
118.625		0.130737
118.75		0.130737
118.875		0.130737
119		0.130737
119.125		0.130737
119.25		0.130737
119.375		0.130737
119.5		0.130737
119.625		0.130737
119.75		0.130737
119.875		0.130737
120		0.130737
120.125		0.137691
120.25		0.137691
120.375		0.137691
120.5		0.137691
120.625		0.137691
120.75		0.137691
120.875		0.137691
121		0.137691
121.125		0.137691
121.25		0.137691
121.375		0.137691
121.5		0.137691
121.625		0.137691
121.75		0.137691
121.875		0.137691
122		0.137691
122.125		0.137691
122.25		0.137691
122.375		0.137691
122.5		0.137691
122.625		0.137691
122.75		0.137691
122.875		0.137691
123		0.137691
123.125		0.137691
123.25		0.137691
123.375		0.137691
123.5		0.137691
123.625		0.137691
123.75		0.137691
123.875		0.137691
124		0.137691
124.125		0.137691
124.25		0.137691
124.375		0.137691
124.5		0.137691
124.625		0.137691
124.75		0.137691
124.875		0.137691
125		0.137691
125.125		0.172462
125.25		0.172462
125.375		0.172462
125.5		0.172462
125.625		0.172462
125.75		0.172462
125.875		0.172462
126		0.172462
126.125		0.172462
126.25		0.172462
126.375		0.172462
126.5		0.172462
126.625		0.172462
126.75		0.172462
126.875		0.172462
127		0.172462
127.125		0.172462
127.25		0.172462
127.375		0.172462
127.5		0.172462
127.625		0.172462
127.75		0.172462
127.875		0.172462
128		0.172462
128.125		0.172462
128.25		0.172462
128.375		0.172462
128.5		0.172462
128.625		0.172462
128.75		0.172462
128.875		0.172462
129		0.172462
129.125		0.172462
129.25		0.172462
129.375		0.172462
129.5		0.172462
129.625		0.172462
129.75		0.172462
129.875		0.172462
130		0.172462
130.125		0.176634
130.25		0.176634
130.375		0.176634
130.5		0.176634
130.625		0.176634
130.75		0.176634
130.875		0.176634
131		0.176634
131.125		0.176634
131.25		0.176634
131.375		0.176634
131.5		0.176634
131.625		0.176634
131.75		0.176634
131.875		0.176634
132		0.176634
132.125		0.176634
132.25		0.176634
132.375		0.176634
132.5		0.176634
132.625		0.176634
132.75		0.176634
132.875		0.176634
133		0.176634
133.125		0.176634
133.25		0.176634
133.375		0.176634
133.5		0.176634
133.625		0.176634
133.75		0.176634
133.875		0.176634
134		0.176634
134.125		0.176634
134.25		0.176634
134.375		0.176634
134.5		0.176634
134.625		0.176634
134.75		0.176634
134.875		0.176634
135		0.176634
135.125		0.176634
135.25		0.176634
135.375		0.176634
135.5		0.176634
135.625		0.176634
135.75		0.176634
135.875		0.176634
136		0.176634
136.125		0.176634
136.25		0.176634
136.375		0.176634
136.5		0.176634
136.625		0.176634
136.75		0.176634
136.875		0.176634
137		0.176634
137.125		0.176634
137.25		0.176634
137.375		0.176634
137.5		0.176634
137.625		0.176634
137.75		0.176634
137.875		0.176634
138		0.176634
138.125		0.176634
138.25		0.176634
138.375		0.176634
138.5		0.176634
138.625		0.176634
138.75		0.176634
138.875		0.176634
139		0.176634
139.125		0.176634
139.25		0.176634
139.375		0.176634
139.5		0.176634
139.625		0.176634
139.75		0.176634
139.875		0.176634
140		0.176634
140.125		0.176634
140.25		0.176634
140.375		0.176634
140.5		0.176634
140.625		0.176634
140.75		0.176634
140.875		0.176634
141		0.176634
141.125		0.176634
141.25		0.176634
141.375		0.176634
141.5		0.176634
141.625		0.176634
141.75		0.176634
141.875		0.176634
142		0.176634
142.125		0.176634
142.25		0.176634
142.375		0.176634
142.5		0.176634
142.625		0.176634
142.75		0.176634
142.875		0.176634
143		0.176634
143.125		0.176634
143.25		0.176634
143.375		0.176634
143.5		0.176634
143.625		0.176634
143.75		0.176634
143.875		0.176634
144		0.176634
144.125		0.176634
144.25		0.176634
144.375		0.176634
144.5		0.176634
144.625		0.176634
144.75		0.176634
144.875		0.176634
145		0.176634
145.125		0.214186
145.25		0.214186
145.375		0.214186
145.5		0.214186
145.625		0.214186
145.75		0.214186
145.875		0.214186
146		0.214186
146.125		0.214186
146.25		0.214186
146.375		0.214186
146.5		0.214186
146.625		0.214186
146.75		0.214186
146.875		0.214186
147		0.214186
147.125		0.214186
147.25		0.214186
147.375		0.214186
147.5		0.214186
147.625		0.214186
147.75		0.214186
147.875		0.214186
148		0.214186
148.125		0.214186
148.25		0.214186
148.375		0.214186
148.5		0.214186
148.625		0.214186
148.75		0.214186
148.875		0.214186
149		0.214186
149.125		0.214186
149.25		0.214186
149.375		0.214186
149.5		0.214186
149.625		0.214186
149.75		0.214186
149.875		0.214186
150		0.214186
150.125		0.216968
150.25		0.216968
150.375		0.216968
150.5		0.216968
150.625		0.216968
150.75		0.216968
150.875		0.216968
151		0.216968
151.125		0.216968
151.25		0.216968
151.375		0.216968
151.5		0.216968
151.625		0.216968
151.75		0.216968
151.875		0.216968
152		0.216968
152.125		0.216968
152.25		0.216968
152.375		0.216968
152.5		0.216968
152.625		0.216968
152.75		0.216968
152.875		0.216968
153		0.216968
153.125		0.216968
153.25		0.216968
153.375		0.216968
153.5		0.216968
153.625		0.216968
153.75		0.216968
153.875		0.216968
154		0.216968
154.125		0.216968
154.25		0.216968
154.375		0.216968
154.5		0.216968
154.625		0.216968
154.75		0.216968
154.875		0.216968
155		0.216968
155.125		0.239221
155.25		0.239221
155.375		0.239221
155.5		0.239221
155.625		0.239221
155.75		0.239221
155.875		0.239221
156		0.239221
156.125		0.239221
156.25		0.239221
156.375		0.239221
156.5		0.239221
156.625		0.239221
156.75		0.239221
156.875		0.239221
157		0.239221
157.125		0.239221
157.25		0.239221
157.375		0.239221
157.5		0.239221
157.625		0.239221
157.75		0.239221
157.875		0.239221
158		0.239221
158.125		0.239221
158.25		0.239221
158.375		0.239221
158.5		0.239221
158.625		0.239221
158.75		0.239221
158.875		0.239221
159		0.239221
159.125		0.239221
159.25		0.239221
159.375		0.239221
159.5		0.239221
159.625		0.239221
159.75		0.239221
159.875		0.239221
160		0.239221
160.125		0.242003
160.25		0.242003
160.375		0.242003
160.5		0.242003
160.625		0.242003
160.75		0.242003
160.875		0.242003
161		0.242003
161.125		0.242003
161.25		0.242003
161.375		0.242003
161.5		0.242003
161.625		0.242003
161.75		0.242003
161.875		0.242003
162		0.242003
162.125		0.242003
162.25		0.242003
162.375		0.242003
162.5		0.242003
162.625		0.242003
162.75		0.242003
162.875		0.242003
163		0.242003
163.125		0.242003
163.25		0.242003
163.375		0.242003
163.5		0.242003
163.625		0.242003
163.75		0.242003
163.875		0.242003
164		0.242003
164.125		0.242003
164.25		0.242003
164.375		0.242003
164.5		0.242003
164.625		0.242003
164.75		0.242003
164.875		0.242003
165		0.242003
165.125		0.260083
165.25		0.260083
165.375		0.260083
165.5		0.260083
165.625		0.260083
165.75		0.260083
165.875		0.260083
166		0.260083
166.125		0.260083
166.25		0.260083
166.375		0.260083
166.5		0.260083
166.625		0.260083
166.75		0.260083
166.875		0.260083
167		0.260083
167.125		0.260083
167.25		0.260083
167.375		0.260083
167.5		0.260083
167.625		0.260083
167.75		0.260083
167.875		0.260083
168		0.260083
168.125		0.260083
168.25		0.260083
168.375		0.260083
168.5		0.260083
168.625		0.260083
168.75		0.260083
168.875		0.260083
169		0.260083
169.125		0.260083
169.25		0.260083
169.375		0.260083
169.5		0.260083
169.625		0.260083
169.75		0.260083
169.875		0.260083
170		0.260083
170.125		0.265647
170.25		0.265647
170.375		0.265647
170.5		0.265647
170.625		0.265647
170.75		0.265647
170.875		0.265647
171		0.265647
171.125		0.265647
171.25		0.265647
171.375		0.265647
171.5		0.265647
171.625		0.265647
171.75		0.265647
171.875		0.265647
172		0.265647
172.125		0.265647
172.25		0.265647
172.375		0.265647
172.5		0.265647
172.625		0.265647
172.75		0.265647
172.875		0.265647
173		0.265647
173.125		0.265647
173.25		0.265647
173.375		0.265647
173.5		0.265647
173.625		0.265647
173.75		0.265647
173.875		0.265647
174		0.265647
174.125		0.265647
174.25		0.265647
174.375		0.265647
174.5		0.265647
174.625		0.265647
174.75		0.265647
174.875		0.265647
175		0.265647
175.125		0.2879
175.25		0.2879
175.375		0.2879
175.5		0.2879
175.625		0.2879
175.75		0.2879
175.875		0.2879
176		0.2879
176.125		0.2879
176.25		0.2879
176.375		0.2879
176.5		0.2879
176.625		0.2879
176.75		0.2879
176.875		0.2879
177		0.2879
177.125		0.2879
177.25		0.2879
177.375		0.2879
177.5		0.2879
177.625		0.2879
177.75		0.2879
177.875		0.2879
178		0.2879
178.125		0.2879
178.25		0.2879
178.375		0.2879
178.5		0.2879
178.625		0.2879
178.75		0.2879
178.875		0.2879
179		0.2879
179.125		0.2879
179.25		0.2879
179.375		0.2879
179.5		0.2879
179.625		0.2879
179.75		0.2879
179.875		0.2879
180		0.2879
180.125		0.2879
180.25		0.2879
180.375		0.2879
180.5		0.2879
180.625		0.2879
180.75		0.2879
180.875		0.2879
181		0.2879
181.125		0.2879
181.25		0.2879
181.375		0.2879
181.5		0.2879
181.625		0.2879
181.75		0.2879
181.875		0.2879
182		0.2879
182.125		0.2879
182.25		0.2879
182.375		0.2879
182.5		0.2879
182.625		0.2879
182.75		0.2879
182.875		0.2879
183		0.2879
183.125		0.2879
183.25		0.2879
183.375		0.2879
183.5		0.2879
183.625		0.2879
183.75		0.2879
183.875		0.2879
184		0.2879
184.125		0.2879
184.25		0.2879
184.375		0.2879
184.5		0.2879
184.625		0.2879
184.75		0.2879
184.875		0.2879
185		0.2879
185.125		0.293463
185.25		0.293463
185.375		0.293463
185.5		0.293463
185.625		0.293463
185.75		0.293463
185.875		0.293463
186		0.293463
186.125		0.293463
186.25		0.293463
186.375		0.293463
186.5		0.293463
186.625		0.293463
186.75		0.293463
186.875		0.293463
187		0.293463
187.125		0.293463
187.25		0.293463
187.375		0.293463
187.5		0.293463
187.625		0.293463
187.75		0.293463
187.875		0.293463
188		0.293463
188.125		0.293463
188.25		0.293463
188.375		0.293463
188.5		0.293463
188.625		0.293463
188.75		0.293463
188.875		0.293463
189		0.293463
189.125		0.293463
189.25		0.293463
189.375		0.293463
189.5		0.293463
189.625		0.293463
189.75		0.293463
189.875		0.293463
190		0.293463
190.125		0.301808
190.25		0.301808
190.375		0.301808
190.5		0.301808
190.625		0.301808
190.75		0.301808
190.875		0.301808
191		0.301808
191.125		0.301808
191.25		0.301808
191.375		0.301808
191.5		0.301808
191.625		0.301808
191.75		0.301808
191.875		0.301808
192		0.301808
192.125		0.301808
192.25		0.301808
192.375		0.301808
192.5		0.301808
192.625		0.301808
192.75		0.301808
192.875		0.301808
193		0.301808
193.125		0.301808
193.25		0.301808
193.375		0.301808
193.5		0.301808
193.625		0.301808
193.75		0.301808
193.875		0.301808
194		0.301808
194.125		0.301808
194.25		0.301808
194.375		0.301808
194.5		0.301808
194.625		0.301808
194.75		0.301808
194.875		0.301808
195		0.301808
195.125		0.314325
195.25		0.314325
195.375		0.314325
195.5		0.314325
195.625		0.314325
195.75		0.314325
195.875		0.314325
196		0.314325
196.125		0.314325
196.25		0.314325
196.375		0.314325
196.5		0.314325
196.625		0.314325
196.75		0.314325
196.875		0.314325
197		0.314325
197.125		0.314325
197.25		0.314325
197.375		0.314325
197.5		0.314325
197.625		0.314325
197.75		0.314325
197.875		0.314325
198		0.314325
198.125		0.314325
198.25		0.314325
198.375		0.314325
198.5		0.314325
198.625		0.314325
198.75		0.314325
198.875		0.314325
199		0.314325
199.125		0.314325
199.25		0.314325
199.375		0.314325
199.5		0.314325
199.625		0.314325
199.75		0.314325
199.875		0.314325
200		0.314325
200.125		0.335188
200.25		0.335188
200.375		0.335188
200.5		0.335188
200.625		0.335188
200.75		0.335188
200.875		0.335188
201		0.335188
201.125		0.335188
201.25		0.335188
201.375		0.335188
201.5		0.335188
201.625		0.335188
201.75		0.335188
201.875		0.335188
202		0.335188
202.125		0.335188
202.25		0.335188
202.375		0.335188
202.5		0.335188
202.625		0.335188
202.75		0.335188
202.875		0.335188
203		0.335188
203.125		0.335188
203.25		0.335188
203.375		0.335188
203.5		0.335188
203.625		0.335188
203.75		0.335188
203.875		0.335188
204		0.335188
204.125		0.335188
204.25		0.335188
204.375		0.335188
204.5		0.335188
204.625		0.335188
204.75		0.335188
204.875		0.335188
205		0.335188
205.125		0.337969
205.25		0.337969
205.375		0.337969
205.5		0.337969
205.625		0.337969
205.75		0.337969
205.875		0.337969
206		0.337969
206.125		0.337969
206.25		0.337969
206.375		0.337969
206.5		0.337969
206.625		0.337969
206.75		0.337969
206.875		0.337969
207		0.337969
207.125		0.337969
207.25		0.337969
207.375		0.337969
207.5		0.337969
207.625		0.337969
207.75		0.337969
207.875		0.337969
208		0.337969
208.125		0.337969
208.25		0.337969
208.375		0.337969
208.5		0.337969
208.625		0.337969
208.75		0.337969
208.875		0.337969
209		0.337969
209.125		0.337969
209.25		0.337969
209.375		0.337969
209.5		0.337969
209.625		0.337969
209.75		0.337969
209.875		0.337969
210		0.337969
210.125		0.344924
210.25		0.344924
210.375		0.344924
210.5		0.344924
210.625		0.344924
210.75		0.344924
210.875		0.344924
211		0.344924
211.125		0.344924
211.25		0.344924
211.375		0.344924
211.5		0.344924
211.625		0.344924
211.75		0.344924
211.875		0.344924
212		0.344924
212.125		0.344924
212.25		0.344924
212.375		0.344924
212.5		0.344924
212.625		0.344924
212.75		0.344924
212.875		0.344924
213		0.344924
213.125		0.344924
213.25		0.344924
213.375		0.344924
213.5		0.344924
213.625		0.344924
213.75		0.344924
213.875		0.344924
214		0.344924
214.125		0.344924
214.25		0.344924
214.375		0.344924
214.5		0.344924
214.625		0.344924
214.75		0.344924
214.875		0.344924
215		0.344924
215.125		0.346314
215.25		0.346314
215.375		0.346314
215.5		0.346314
215.625		0.346314
215.75		0.346314
215.875		0.346314
216		0.346314
216.125		0.346314
216.25		0.346314
216.375		0.346314
216.5		0.346314
216.625		0.346314
216.75		0.346314
216.875		0.346314
217		0.346314
217.125		0.346314
217.25		0.346314
217.375		0.346314
217.5		0.346314
217.625		0.346314
217.75		0.346314
217.875		0.346314
218		0.346314
218.125		0.346314
218.25		0.346314
218.375		0.346314
218.5		0.346314
218.625		0.346314
218.75		0.346314
218.875		0.346314
219		0.346314
219.125		0.346314
219.25		0.346314
219.375		0.346314
219.5		0.346314
219.625		0.346314
219.75		0.346314
219.875		0.346314
220		0.346314
220.125		0.363004
220.25		0.363004
220.375		0.363004
220.5		0.363004
220.625		0.363004
220.75		0.363004
220.875		0.363004
221		0.363004
221.125		0.363004
221.25		0.363004
221.375		0.363004
221.5		0.363004
221.625		0.363004
221.75		0.363004
221.875		0.363004
222		0.363004
222.125		0.363004
222.25		0.363004
222.375		0.363004
222.5		0.363004
222.625		0.363004
222.75		0.363004
222.875		0.363004
223		0.363004
223.125		0.363004
223.25		0.363004
223.375		0.363004
223.5		0.363004
223.625		0.363004
223.75		0.363004
223.875		0.363004
224		0.363004
224.125		0.363004
224.25		0.363004
224.375		0.363004
224.5		0.363004
224.625		0.363004
224.75		0.363004
224.875		0.363004
225		0.363004
225.125		0.376912
225.25		0.376912
225.375		0.376912
225.5		0.376912
225.625		0.376912
225.75		0.376912
225.875		0.376912
226		0.376912
226.125		0.376912
226.25		0.376912
226.375		0.376912
226.5		0.376912
226.625		0.376912
226.75		0.376912
226.875		0.376912
227		0.376912
227.125		0.376912
227.25		0.376912
227.375		0.376912
227.5		0.376912
227.625		0.376912
227.75		0.376912
227.875		0.376912
228		0.376912
228.125		0.376912
228.25		0.376912
228.375		0.376912
228.5		0.376912
228.625		0.376912
228.75		0.376912
228.875		0.376912
229		0.376912
229.125		0.376912
229.25		0.376912
229.375		0.376912
229.5		0.376912
229.625		0.376912
229.75		0.376912
229.875		0.376912
230		0.376912
230.125		0.381085
230.25		0.381085
230.375		0.381085
230.5		0.381085
230.625		0.381085
230.75		0.381085
230.875		0.381085
231		0.381085
231.125		0.381085
231.25		0.381085
231.375		0.381085
231.5		0.381085
231.625		0.381085
231.75		0.381085
231.875		0.381085
232		0.381085
232.125		0.381085
232.25		0.381085
232.375		0.381085
232.5		0.381085
232.625		0.381085
232.75		0.381085
232.875		0.381085
233		0.381085
233.125		0.381085
233.25		0.381085
233.375		0.381085
233.5		0.381085
233.625		0.381085
233.75		0.381085
233.875		0.381085
234		0.381085
234.125		0.381085
234.25		0.381085
234.375		0.381085
234.5		0.381085
234.625		0.381085
234.75		0.381085
234.875		0.381085
235		0.381085
235.125		0.381085
235.25		0.381085
235.375		0.381085
235.5		0.381085
235.625		0.381085
235.75		0.381085
235.875		0.381085
236		0.381085
236.125		0.381085
236.25		0.381085
236.375		0.381085
236.5		0.381085
236.625		0.381085
236.75		0.381085
236.875		0.381085
237		0.381085
237.125		0.381085
237.25		0.381085
237.375		0.381085
237.5		0.381085
237.625		0.381085
237.75		0.381085
237.875		0.381085
238		0.381085
238.125		0.381085
238.25		0.381085
238.375		0.381085
238.5		0.381085
238.625		0.381085
238.75		0.381085
238.875		0.381085
239		0.381085
239.125		0.381085
239.25		0.381085
239.375		0.381085
239.5		0.381085
239.625		0.381085
239.75		0.381085
239.875		0.381085
240		0.381085
240.125		0.38943
240.25		0.38943
240.375		0.38943
240.5		0.38943
240.625		0.38943
240.75		0.38943
240.875		0.38943
241		0.38943
241.125		0.38943
241.25		0.38943
241.375		0.38943
241.5		0.38943
241.625		0.38943
241.75		0.38943
241.875		0.38943
242		0.38943
242.125		0.38943
242.25		0.38943
242.375		0.38943
242.5		0.38943
242.625		0.38943
242.75		0.38943
242.875		0.38943
243		0.38943
243.125		0.38943
243.25		0.38943
243.375		0.38943
243.5		0.38943
243.625		0.38943
243.75		0.38943
243.875		0.38943
244		0.38943
244.125		0.38943
244.25		0.38943
244.375		0.38943
244.5		0.38943
244.625		0.38943
244.75		0.38943
244.875		0.38943
245		0.38943
245.125		0.413074
245.25		0.413074
245.375		0.413074
245.5		0.413074
245.625		0.413074
245.75		0.413074
245.875		0.413074
246		0.413074
246.125		0.413074
246.25		0.413074
246.375		0.413074
246.5		0.413074
246.625		0.413074
246.75		0.413074
246.875		0.413074
247		0.413074
247.125		0.413074
247.25		0.413074
247.375		0.413074
247.5		0.413074
247.625		0.413074
247.75		0.413074
247.875		0.413074
248		0.413074
248.125		0.413074
248.25		0.413074
248.375		0.413074
248.5		0.413074
248.625		0.413074
248.75		0.413074
248.875		0.413074
249		0.413074
249.125		0.413074
249.25		0.413074
249.375		0.413074
249.5		0.413074
249.625		0.413074
249.75		0.413074
249.875		0.413074
250		0.413074
250.125		0.425591
250.25		0.425591
250.375		0.425591
250.5		0.425591
250.625		0.425591
250.75		0.425591
250.875		0.425591
251		0.425591
251.125		0.425591
251.25		0.425591
251.375		0.425591
251.5		0.425591
251.625		0.425591
251.75		0.425591
251.875		0.425591
252		0.425591
252.125		0.425591
252.25		0.425591
252.375		0.425591
252.5		0.425591
252.625		0.425591
252.75		0.425591
252.875		0.425591
253		0.425591
253.125		0.425591
253.25		0.425591
253.375		0.425591
253.5		0.425591
253.625		0.425591
253.75		0.425591
253.875		0.425591
254		0.425591
254.125		0.425591
254.25		0.425591
254.375		0.425591
254.5		0.425591
254.625		0.425591
254.75		0.425591
254.875		0.425591
255		0.425591
255.125		0.435327
255.25		0.435327
255.375		0.435327
255.5		0.435327
255.625		0.435327
255.75		0.435327
255.875		0.435327
256		0.435327
256.125		0.435327
256.25		0.435327
256.375		0.435327
256.5		0.435327
256.625		0.435327
256.75		0.435327
256.875		0.435327
257		0.435327
257.125		0.435327
257.25		0.435327
257.375		0.435327
257.5		0.435327
257.625		0.435327
257.75		0.435327
257.875		0.435327
258		0.435327
258.125		0.435327
258.25		0.435327
258.375		0.435327
258.5		0.435327
258.625		0.435327
258.75		0.435327
258.875		0.435327
259		0.435327
259.125		0.435327
259.25		0.435327
259.375		0.435327
259.5		0.435327
259.625		0.435327
259.75		0.435327
259.875		0.435327
260		0.435327
260.125		0.44089
260.25		0.44089
260.375		0.44089
260.5		0.44089
260.625		0.44089
260.75		0.44089
260.875		0.44089
261		0.44089
261.125		0.44089
261.25		0.44089
261.375		0.44089
261.5		0.44089
261.625		0.44089
261.75		0.44089
261.875		0.44089
262		0.44089
262.125		0.44089
262.25		0.44089
262.375		0.44089
262.5		0.44089
262.625		0.44089
262.75		0.44089
262.875		0.44089
263		0.44089
263.125		0.44089
263.25		0.44089
263.375		0.44089
263.5		0.44089
263.625		0.44089
263.75		0.44089
263.875		0.44089
264		0.44089
264.125		0.44089
264.25		0.44089
264.375		0.44089
264.5		0.44089
264.625		0.44089
264.75		0.44089
264.875		0.44089
265		0.44089
265.125		0.442281
265.25		0.442281
265.375		0.442281
265.5		0.442281
265.625		0.442281
265.75		0.442281
265.875		0.442281
266		0.442281
266.125		0.442281
266.25		0.442281
266.375		0.442281
266.5		0.442281
266.625		0.442281
266.75		0.442281
266.875		0.442281
267		0.442281
267.125		0.442281
267.25		0.442281
267.375		0.442281
267.5		0.442281
267.625		0.442281
267.75		0.442281
267.875		0.442281
268		0.442281
268.125		0.442281
268.25		0.442281
268.375		0.442281
268.5		0.442281
268.625		0.442281
268.75		0.442281
268.875		0.442281
269		0.442281
269.125		0.442281
269.25		0.442281
269.375		0.442281
269.5		0.442281
269.625		0.442281
269.75		0.442281
269.875		0.442281
270		0.442281
270.125		0.450626
270.25		0.450626
270.375		0.450626
270.5		0.450626
270.625		0.450626
270.75		0.450626
270.875		0.450626
271		0.450626
271.125		0.450626
271.25		0.450626
271.375		0.450626
271.5		0.450626
271.625		0.450626
271.75		0.450626
271.875		0.450626
272		0.450626
272.125		0.450626
272.25		0.450626
272.375		0.450626
272.5		0.450626
272.625		0.450626
272.75		0.450626
272.875		0.450626
273		0.450626
273.125		0.450626
273.25		0.450626
273.375		0.450626
273.5		0.450626
273.625		0.450626
273.75		0.450626
273.875		0.450626
274		0.450626
274.125		0.450626
274.25		0.450626
274.375		0.450626
274.5		0.450626
274.625		0.450626
274.75		0.450626
274.875		0.450626
275		0.450626
275.125		0.453408
275.25		0.453408
275.375		0.453408
275.5		0.453408
275.625		0.453408
275.75		0.453408
275.875		0.453408
276		0.453408
276.125		0.453408
276.25		0.453408
276.375		0.453408
276.5		0.453408
276.625		0.453408
276.75		0.453408
276.875		0.453408
277		0.453408
277.125		0.453408
277.25		0.453408
277.375		0.453408
277.5		0.453408
277.625		0.453408
277.75		0.453408
277.875		0.453408
278		0.453408
278.125		0.453408
278.25		0.453408
278.375		0.453408
278.5		0.453408
278.625		0.453408
278.75		0.453408
278.875		0.453408
279		0.453408
279.125		0.453408
279.25		0.453408
279.375		0.453408
279.5		0.453408
279.625		0.453408
279.75		0.453408
279.875		0.453408
280		0.453408
280.125		0.478442
280.25		0.478442
280.375		0.478442
280.5		0.478442
280.625		0.478442
280.75		0.478442
280.875		0.478442
281		0.478442
281.125		0.478442
281.25		0.478442
281.375		0.478442
281.5		0.478442
281.625		0.478442
281.75		0.478442
281.875		0.478442
282		0.478442
282.125		0.478442
282.25		0.478442
282.375		0.478442
282.5		0.478442
282.625		0.478442
282.75		0.478442
282.875		0.478442
283		0.478442
283.125		0.478442
283.25		0.478442
283.375		0.478442
283.5		0.478442
283.625		0.478442
283.75		0.478442
283.875		0.478442
284		0.478442
284.125		0.478442
284.25		0.478442
284.375		0.478442
284.5		0.478442
284.625		0.478442
284.75		0.478442
284.875		0.478442
285		0.478442
285.125		0.481224
285.25		0.481224
285.375		0.481224
285.5		0.481224
285.625		0.481224
285.75		0.481224
285.875		0.481224
286		0.481224
286.125		0.481224
286.25		0.481224
286.375		0.481224
286.5		0.481224
286.625		0.481224
286.75		0.481224
286.875		0.481224
287		0.481224
287.125		0.481224
287.25		0.481224
287.375		0.481224
287.5		0.481224
287.625		0.481224
287.75		0.481224
287.875		0.481224
288		0.481224
288.125		0.481224
288.25		0.481224
288.375		0.481224
288.5		0.481224
288.625		0.481224
288.75		0.481224
288.875		0.481224
289		0.481224
289.125		0.481224
289.25		0.481224
289.375		0.481224
289.5		0.481224
289.625		0.481224
289.75		0.481224
289.875		0.481224
290		0.481224
290.125		0.50765
290.25		0.50765
290.375		0.50765
290.5		0.50765
290.625		0.50765
290.75		0.50765
290.875		0.50765
291		0.50765
291.125		0.50765
291.25		0.50765
291.375		0.50765
291.5		0.50765
291.625		0.50765
291.75		0.50765
291.875		0.50765
292		0.50765
292.125		0.50765
292.25		0.50765
292.375		0.50765
292.5		0.50765
292.625		0.50765
292.75		0.50765
292.875		0.50765
293		0.50765
293.125		0.50765
293.25		0.50765
293.375		0.50765
293.5		0.50765
293.625		0.50765
293.75		0.50765
293.875		0.50765
294		0.50765
294.125		0.50765
294.25		0.50765
294.375		0.50765
294.5		0.50765
294.625		0.50765
294.75		0.50765
294.875		0.50765
295		0.50765
295.125		0.50765
295.25		0.50765
295.375		0.50765
295.5		0.50765
295.625		0.50765
295.75		0.50765
295.875		0.50765
296		0.50765
296.125		0.50765
296.25		0.50765
296.375		0.50765
296.5		0.50765
296.625		0.50765
296.75		0.50765
296.875		0.50765
297		0.50765
297.125		0.50765
297.25		0.50765
297.375		0.50765
297.5		0.50765
297.625		0.50765
297.75		0.50765
297.875		0.50765
298		0.50765
298.125		0.50765
298.25		0.50765
298.375		0.50765
298.5		0.50765
298.625		0.50765
298.75		0.50765
298.875		0.50765
299		0.50765
299.125		0.50765
299.25		0.50765
299.375		0.50765
299.5		0.50765
299.625		0.50765
299.75		0.50765
299.875		0.50765
300		0.50765
300.125		0.510431
300.25		0.510431
300.375		0.510431
300.5		0.510431
300.625		0.510431
300.75		0.510431
300.875		0.510431
301		0.510431
301.125		0.510431
301.25		0.510431
301.375		0.510431
301.5		0.510431
301.625		0.510431
301.75		0.510431
301.875		0.510431
302		0.510431
302.125		0.510431
302.25		0.510431
302.375		0.510431
302.5		0.510431
302.625		0.510431
302.75		0.510431
302.875		0.510431
303		0.510431
303.125		0.510431
303.25		0.510431
303.375		0.510431
303.5		0.510431
303.625		0.510431
303.75		0.510431
303.875		0.510431
304		0.510431
304.125		0.510431
304.25		0.510431
304.375		0.510431
304.5		0.510431
304.625		0.510431
304.75		0.510431
304.875		0.510431
305		0.510431
305.125		0.511822
305.25		0.511822
305.375		0.511822
305.5		0.511822
305.625		0.511822
305.75		0.511822
305.875		0.511822
306		0.511822
306.125		0.511822
306.25		0.511822
306.375		0.511822
306.5		0.511822
306.625		0.511822
306.75		0.511822
306.875		0.511822
307		0.511822
307.125		0.511822
307.25		0.511822
307.375		0.511822
307.5		0.511822
307.625		0.511822
307.75		0.511822
307.875		0.511822
308		0.511822
308.125		0.511822
308.25		0.511822
308.375		0.511822
308.5		0.511822
308.625		0.511822
308.75		0.511822
308.875		0.511822
309		0.511822
309.125		0.511822
309.25		0.511822
309.375		0.511822
309.5		0.511822
309.625		0.511822
309.75		0.511822
309.875		0.511822
310		0.511822
310.125		0.531293
310.25		0.531293
310.375		0.531293
310.5		0.531293
310.625		0.531293
310.75		0.531293
310.875		0.531293
311		0.531293
311.125		0.531293
311.25		0.531293
311.375		0.531293
311.5		0.531293
311.625		0.531293
311.75		0.531293
311.875		0.531293
312		0.531293
312.125		0.531293
312.25		0.531293
312.375		0.531293
312.5		0.531293
312.625		0.531293
312.75		0.531293
312.875		0.531293
313		0.531293
313.125		0.531293
313.25		0.531293
313.375		0.531293
313.5		0.531293
313.625		0.531293
313.75		0.531293
313.875		0.531293
314		0.531293
314.125		0.531293
314.25		0.531293
314.375		0.531293
314.5		0.531293
314.625		0.531293
314.75		0.531293
314.875		0.531293
315		0.531293
315.125		0.549374
315.25		0.549374
315.375		0.549374
315.5		0.549374
315.625		0.549374
315.75		0.549374
315.875		0.549374
316		0.549374
316.125		0.549374
316.25		0.549374
316.375		0.549374
316.5		0.549374
316.625		0.549374
316.75		0.549374
316.875		0.549374
317		0.549374
317.125		0.549374
317.25		0.549374
317.375		0.549374
317.5		0.549374
317.625		0.549374
317.75		0.549374
317.875		0.549374
318		0.549374
318.125		0.549374
318.25		0.549374
318.375		0.549374
318.5		0.549374
318.625		0.549374
318.75		0.549374
318.875		0.549374
319		0.549374
319.125		0.549374
319.25		0.549374
319.375		0.549374
319.5		0.549374
319.625		0.549374
319.75		0.549374
319.875		0.549374
320		0.549374
320.125		0.55911
320.25		0.55911
320.375		0.55911
320.5		0.55911
320.625		0.55911
320.75		0.55911
320.875		0.55911
321		0.55911
321.125		0.55911
321.25		0.55911
321.375		0.55911
321.5		0.55911
321.625		0.55911
321.75		0.55911
321.875		0.55911
322		0.55911
322.125		0.55911
322.25		0.55911
322.375		0.55911
322.5		0.55911
322.625		0.55911
322.75		0.55911
322.875		0.55911
323		0.55911
323.125		0.55911
323.25		0.55911
323.375		0.55911
323.5		0.55911
323.625		0.55911
323.75		0.55911
323.875		0.55911
324		0.55911
324.125		0.55911
324.25		0.55911
324.375		0.55911
324.5		0.55911
324.625		0.55911
324.75		0.55911
324.875		0.55911
325		0.55911
325.125		0.564673
325.25		0.564673
325.375		0.564673
325.5		0.564673
325.625		0.564673
325.75		0.564673
325.875		0.564673
326		0.564673
326.125		0.564673
326.25		0.564673
326.375		0.564673
326.5		0.564673
326.625		0.564673
326.75		0.564673
326.875		0.564673
327		0.564673
327.125		0.564673
327.25		0.564673
327.375		0.564673
327.5		0.564673
327.625		0.564673
327.75		0.564673
327.875		0.564673
328		0.564673
328.125		0.564673
328.25		0.564673
328.375		0.564673
328.5		0.564673
328.625		0.564673
328.75		0.564673
328.875		0.564673
329		0.564673
329.125		0.564673
329.25		0.564673
329.375		0.564673
329.5		0.564673
329.625		0.564673
329.75		0.564673
329.875		0.564673
330		0.564673
330.125		0.585535
330.25		0.585535
330.375		0.585535
330.5		0.585535
330.625		0.585535
330.75		0.585535
330.875		0.585535
331		0.585535
331.125		0.585535
331.25		0.585535
331.375		0.585535
331.5		0.585535
331.625		0.585535
331.75		0.585535
331.875		0.585535
332		0.585535
332.125		0.585535
332.25		0.585535
332.375		0.585535
332.5		0.585535
332.625		0.585535
332.75		0.585535
332.875		0.585535
333		0.585535
333.125		0.585535
333.25		0.585535
333.375		0.585535
333.5		0.585535
333.625		0.585535
333.75		0.585535
333.875		0.585535
334		0.585535
334.125		0.585535
334.25		0.585535
334.375		0.585535
334.5		0.585535
334.625		0.585535
334.75		0.585535
334.875		0.585535
335		0.585535
335.125		0.596662
335.25		0.596662
335.375		0.596662
335.5		0.596662
335.625		0.596662
335.75		0.596662
335.875		0.596662
336		0.596662
336.125		0.596662
336.25		0.596662
336.375		0.596662
336.5		0.596662
336.625		0.596662
336.75		0.596662
336.875		0.596662
337		0.596662
337.125		0.596662
337.25		0.596662
337.375		0.596662
337.5		0.596662
337.625		0.596662
337.75		0.596662
337.875		0.596662
338		0.596662
338.125		0.596662
338.25		0.596662
338.375		0.596662
338.5		0.596662
338.625		0.596662
338.75		0.596662
338.875		0.596662
339		0.596662
339.125		0.596662
339.25		0.596662
339.375		0.596662
339.5		0.596662
339.625		0.596662
339.75		0.596662
339.875		0.596662
340		0.596662
340.125		0.599444
340.25		0.599444
340.375		0.599444
340.5		0.599444
340.625		0.599444
340.75		0.599444
340.875		0.599444
341		0.599444
341.125		0.599444
341.25		0.599444
341.375		0.599444
341.5		0.599444
341.625		0.599444
341.75		0.599444
341.875		0.599444
342		0.599444
342.125		0.599444
342.25		0.599444
342.375		0.599444
342.5		0.599444
342.625		0.599444
342.75		0.599444
342.875		0.599444
343		0.599444
343.125		0.599444
343.25		0.599444
343.375		0.599444
343.5		0.599444
343.625		0.599444
343.75		0.599444
343.875		0.599444
344		0.599444
344.125		0.599444
344.25		0.599444
344.375		0.599444
344.5		0.599444
344.625		0.599444
344.75		0.599444
344.875		0.599444
345		0.599444
345.125		0.630042
345.25		0.630042
345.375		0.630042
345.5		0.630042
345.625		0.630042
345.75		0.630042
345.875		0.630042
346		0.630042
346.125		0.630042
346.25		0.630042
346.375		0.630042
346.5		0.630042
346.625		0.630042
346.75		0.630042
346.875		0.630042
347		0.630042
347.125		0.630042
347.25		0.630042
347.375		0.630042
347.5		0.630042
347.625		0.630042
347.75		0.630042
347.875		0.630042
348		0.630042
348.125		0.630042
348.25		0.630042
348.375		0.630042
348.5		0.630042
348.625		0.630042
348.75		0.630042
348.875		0.630042
349		0.630042
349.125		0.630042
349.25		0.630042
349.375		0.630042
349.5		0.630042
349.625		0.630042
349.75		0.630042
349.875		0.630042
350		0.630042
350.125		0.646732
350.25		0.646732
350.375		0.646732
350.5		0.646732
350.625		0.646732
350.75		0.646732
350.875		0.646732
351		0.646732
351.125		0.646732
351.25		0.646732
351.375		0.646732
351.5		0.646732
351.625		0.646732
351.75		0.646732
351.875		0.646732
352		0.646732
352.125		0.646732
352.25		0.646732
352.375		0.646732
352.5		0.646732
352.625		0.646732
352.75		0.646732
352.875		0.646732
353		0.646732
353.125		0.646732
353.25		0.646732
353.375		0.646732
353.5		0.646732
353.625		0.646732
353.75		0.646732
353.875		0.646732
354		0.646732
354.125		0.646732
354.25		0.646732
354.375		0.646732
354.5		0.646732
354.625		0.646732
354.75		0.646732
354.875		0.646732
355		0.646732
355.125		0.648122
355.25		0.648122
355.375		0.648122
355.5		0.648122
355.625		0.648122
355.75		0.648122
355.875		0.648122
356		0.648122
356.125		0.648122
356.25		0.648122
356.375		0.648122
356.5		0.648122
356.625		0.648122
356.75		0.648122
356.875		0.648122
357		0.648122
357.125		0.648122
357.25		0.648122
357.375		0.648122
357.5		0.648122
357.625		0.648122
357.75		0.648122
357.875		0.648122
358		0.648122
358.125		0.648122
358.25		0.648122
358.375		0.648122
358.5		0.648122
358.625		0.648122
358.75		0.648122
358.875		0.648122
359		0.648122
359.125		0.648122
359.25		0.648122
359.375		0.648122
359.5		0.648122
359.625		0.648122
359.75		0.648122
359.875		0.648122
360		0.648122
360.125		0.666203
360.25		0.666203
360.375		0.666203
360.5		0.666203
360.625		0.666203
360.75		0.666203
360.875		0.666203
361		0.666203
361.125		0.666203
361.25		0.666203
361.375		0.666203
361.5		0.666203
361.625		0.666203
361.75		0.666203
361.875		0.666203
362		0.666203
362.125		0.666203
362.25		0.666203
362.375		0.666203
362.5		0.666203
362.625		0.666203
362.75		0.666203
362.875		0.666203
363		0.666203
363.125		0.666203
363.25		0.666203
363.375		0.666203
363.5		0.666203
363.625		0.666203
363.75		0.666203
363.875		0.666203
364		0.666203
364.125		0.666203
364.25		0.666203
364.375		0.666203
364.5		0.666203
364.625		0.666203
364.75		0.666203
364.875		0.666203
365		0.666203
365.125		0.666203
365.25		0.666203
365.375		0.666203
365.5		0.666203
365.625		0.666203
365.75		0.666203
365.875		0.666203
366		0.666203
366.125		0.666203
366.25		0.666203
366.375		0.666203
366.5		0.666203
366.625		0.666203
366.75		0.666203
366.875		0.666203
367		0.666203
367.125		0.666203
367.25		0.666203
367.375		0.666203
367.5		0.666203
367.625		0.666203
367.75		0.666203
367.875		0.666203
368		0.666203
368.125		0.666203
368.25		0.666203
368.375		0.666203
368.5		0.666203
368.625		0.666203
368.75		0.666203
368.875		0.666203
369		0.666203
369.125		0.666203
369.25		0.666203
369.375		0.666203
369.5		0.666203
369.625		0.666203
369.75		0.666203
369.875		0.666203
370		0.666203
370.125		0.67872
370.25		0.67872
370.375		0.67872
370.5		0.67872
370.625		0.67872
370.75		0.67872
370.875		0.67872
371		0.67872
371.125		0.67872
371.25		0.67872
371.375		0.67872
371.5		0.67872
371.625		0.67872
371.75		0.67872
371.875		0.67872
372		0.67872
372.125		0.67872
372.25		0.67872
372.375		0.67872
372.5		0.67872
372.625		0.67872
372.75		0.67872
372.875		0.67872
373		0.67872
373.125		0.67872
373.25		0.67872
373.375		0.67872
373.5		0.67872
373.625		0.67872
373.75		0.67872
373.875		0.67872
374		0.67872
374.125		0.67872
374.25		0.67872
374.375		0.67872
374.5		0.67872
374.625		0.67872
374.75		0.67872
374.875		0.67872
375		0.67872
375.125		0.702364
375.25		0.702364
375.375		0.702364
375.5		0.702364
375.625		0.702364
375.75		0.702364
375.875		0.702364
376		0.702364
376.125		0.702364
376.25		0.702364
376.375		0.702364
376.5		0.702364
376.625		0.702364
376.75		0.702364
376.875		0.702364
377		0.702364
377.125		0.702364
377.25		0.702364
377.375		0.702364
377.5		0.702364
377.625		0.702364
377.75		0.702364
377.875		0.702364
378		0.702364
378.125		0.702364
378.25		0.702364
378.375		0.702364
378.5		0.702364
378.625		0.702364
378.75		0.702364
378.875		0.702364
379		0.702364
379.125		0.702364
379.25		0.702364
379.375		0.702364
379.5		0.702364
379.625		0.702364
379.75		0.702364
379.875		0.702364
380		0.702364
380.125		0.706537
380.25		0.706537
380.375		0.706537
380.5		0.706537
380.625		0.706537
380.75		0.706537
380.875		0.706537
381		0.706537
381.125		0.706537
381.25		0.706537
381.375		0.706537
381.5		0.706537
381.625		0.706537
381.75		0.706537
381.875		0.706537
382		0.706537
382.125		0.706537
382.25		0.706537
382.375		0.706537
382.5		0.706537
382.625		0.706537
382.75		0.706537
382.875		0.706537
383		0.706537
383.125		0.706537
383.25		0.706537
383.375		0.706537
383.5		0.706537
383.625		0.706537
383.75		0.706537
383.875		0.706537
384		0.706537
384.125		0.706537
384.25		0.706537
384.375		0.706537
384.5		0.706537
384.625		0.706537
384.75		0.706537
384.875		0.706537
385		0.706537
385.125		0.719054
385.25		0.719054
385.375		0.719054
385.5		0.719054
385.625		0.719054
385.75		0.719054
385.875		0.719054
386		0.719054
386.125		0.719054
386.25		0.719054
386.375		0.719054
386.5		0.719054
386.625		0.719054
386.75		0.719054
386.875		0.719054
387		0.719054
387.125		0.719054
387.25		0.719054
387.375		0.719054
387.5		0.719054
387.625		0.719054
387.75		0.719054
387.875		0.719054
388		0.719054
388.125		0.719054
388.25		0.719054
388.375		0.719054
388.5		0.719054
388.625		0.719054
388.75		0.719054
388.875		0.719054
389		0.719054
389.125		0.719054
389.25		0.719054
389.375		0.719054
389.5		0.719054
389.625		0.719054
389.75		0.719054
389.875		0.719054
390		0.719054
390.125		0.720445
390.25		0.720445
390.375		0.720445
390.5		0.720445
390.625		0.720445
390.75		0.720445
390.875		0.720445
391		0.720445
391.125		0.720445
391.25		0.720445
391.375		0.720445
391.5		0.720445
391.625		0.720445
391.75		0.720445
391.875		0.720445
392		0.720445
392.125		0.720445
392.25		0.720445
392.375		0.720445
392.5		0.720445
392.625		0.720445
392.75		0.720445
392.875		0.720445
393		0.720445
393.125		0.720445
393.25		0.720445
393.375		0.720445
393.5		0.720445
393.625		0.720445
393.75		0.720445
393.875		0.720445
394		0.720445
394.125		0.720445
394.25		0.720445
394.375		0.720445
394.5		0.720445
394.625		0.720445
394.75		0.720445
394.875		0.720445
395		0.720445
395.125		0.72879
395.25		0.72879
395.375		0.72879
395.5		0.72879
395.625		0.72879
395.75		0.72879
395.875		0.72879
396		0.72879
396.125		0.72879
396.25		0.72879
396.375		0.72879
396.5		0.72879
396.625		0.72879
396.75		0.72879
396.875		0.72879
397		0.72879
397.125		0.72879
397.25		0.72879
397.375		0.72879
397.5		0.72879
397.625		0.72879
397.75		0.72879
397.875		0.72879
398		0.72879
398.125		0.72879
398.25		0.72879
398.375		0.72879
398.5		0.72879
398.625		0.72879
398.75		0.72879
398.875		0.72879
399		0.72879
399.125		0.72879
399.25		0.72879
399.375		0.72879
399.5		0.72879
399.625		0.72879
399.75		0.72879
399.875		0.72879
400		0.72879
400.125		0.739917
400.25		0.739917
400.375		0.739917
400.5		0.739917
400.625		0.739917
400.75		0.739917
400.875		0.739917
401		0.739917
401.125		0.739917
401.25		0.739917
401.375		0.739917
401.5		0.739917
401.625		0.739917
401.75		0.739917
401.875		0.739917
402		0.739917
402.125		0.739917
402.25		0.739917
402.375		0.739917
402.5		0.739917
402.625		0.739917
402.75		0.739917
402.875		0.739917
403		0.739917
403.125		0.739917
403.25		0.739917
403.375		0.739917
403.5		0.739917
403.625		0.739917
403.75		0.739917
403.875		0.739917
404		0.739917
404.125		0.739917
404.25		0.739917
404.375		0.739917
404.5		0.739917
404.625		0.739917
404.75		0.739917
404.875		0.739917
405		0.739917
405.125		0.781641
405.25		0.781641
405.375		0.781641
405.5		0.781641
405.625		0.781641
405.75		0.781641
405.875		0.781641
406		0.781641
406.125		0.781641
406.25		0.781641
406.375		0.781641
406.5		0.781641
406.625		0.781641
406.75		0.781641
406.875		0.781641
407		0.781641
407.125		0.781641
407.25		0.781641
407.375		0.781641
407.5		0.781641
407.625		0.781641
407.75		0.781641
407.875		0.781641
408		0.781641
408.125		0.781641
408.25		0.781641
408.375		0.781641
408.5		0.781641
408.625		0.781641
408.75		0.781641
408.875		0.781641
409		0.781641
409.125		0.781641
409.25		0.781641
409.375		0.781641
409.5		0.781641
409.625		0.781641
409.75		0.781641
409.875		0.781641
410		0.781641
410.125		0.785814
410.25		0.785814
410.375		0.785814
410.5		0.785814
410.625		0.785814
410.75		0.785814
410.875		0.785814
411		0.785814
411.125		0.785814
411.25		0.785814
411.375		0.785814
411.5		0.785814
411.625		0.785814
411.75		0.785814
411.875		0.785814
412		0.785814
412.125		0.785814
412.25		0.785814
412.375		0.785814
412.5		0.785814
412.625		0.785814
412.75		0.785814
412.875		0.785814
413		0.785814
413.125		0.785814
413.25		0.785814
413.375		0.785814
413.5		0.785814
413.625		0.785814
413.75		0.785814
413.875		0.785814
414		0.785814
414.125		0.785814
414.25		0.785814
414.375		0.785814
414.5		0.785814
414.625		0.785814
414.75		0.785814
414.875		0.785814
415		0.785814
415.125		0.816412
415.25		0.816412
415.375		0.816412
415.5		0.816412
415.625		0.816412
415.75		0.816412
415.875		0.816412
416		0.816412
416.125		0.816412
416.25		0.816412
416.375		0.816412
416.5		0.816412
416.625		0.816412
416.75		0.816412
416.875		0.816412
417		0.816412
417.125		0.816412
417.25		0.816412
417.375		0.816412
417.5		0.816412
417.625		0.816412
417.75		0.816412
417.875		0.816412
418		0.816412
418.125		0.816412
418.25		0.816412
418.375		0.816412
418.5		0.816412
418.625		0.816412
418.75		0.816412
418.875		0.816412
419		0.816412
419.125		0.816412
419.25		0.816412
419.375		0.816412
419.5		0.816412
419.625		0.816412
419.75		0.816412
419.875		0.816412
420		0.816412
420.125		0.835883
420.25		0.835883
420.375		0.835883
420.5		0.835883
420.625		0.835883
420.75		0.835883
420.875		0.835883
421		0.835883
421.125		0.835883
421.25		0.835883
421.375		0.835883
421.5		0.835883
421.625		0.835883
421.75		0.835883
421.875		0.835883
422		0.835883
422.125		0.835883
422.25		0.835883
422.375		0.835883
422.5		0.835883
422.625		0.835883
422.75		0.835883
422.875		0.835883
423		0.835883
423.125		0.835883
423.25		0.835883
423.375		0.835883
423.5		0.835883
423.625		0.835883
423.75		0.835883
423.875		0.835883
424		0.835883
424.125		0.835883
424.25		0.835883
424.375		0.835883
424.5		0.835883
424.625		0.835883
424.75		0.835883
424.875		0.835883
425		0.835883
425.125		0.840056
425.25		0.840056
425.375		0.840056
425.5		0.840056
425.625		0.840056
425.75		0.840056
425.875		0.840056
426		0.840056
426.125		0.840056
426.25		0.840056
426.375		0.840056
426.5		0.840056
426.625		0.840056
426.75		0.840056
426.875		0.840056
427		0.840056
427.125		0.840056
427.25		0.840056
427.375		0.840056
427.5		0.840056
427.625		0.840056
427.75		0.840056
427.875		0.840056
428		0.840056
428.125		0.840056
428.25		0.840056
428.375		0.840056
428.5		0.840056
428.625		0.840056
428.75		0.840056
428.875		0.840056
429		0.840056
429.125		0.840056
429.25		0.840056
429.375		0.840056
429.5		0.840056
429.625		0.840056
429.75		0.840056
429.875		0.840056
430		0.840056
430.125		0.841446
430.25		0.841446
430.375		0.841446
430.5		0.841446
430.625		0.841446
430.75		0.841446
430.875		0.841446
431		0.841446
431.125		0.841446
431.25		0.841446
431.375		0.841446
431.5		0.841446
431.625		0.841446
431.75		0.841446
431.875		0.841446
432		0.841446
432.125		0.841446
432.25		0.841446
432.375		0.841446
432.5		0.841446
432.625		0.841446
432.75		0.841446
432.875		0.841446
433		0.841446
433.125		0.841446
433.25		0.841446
433.375		0.841446
433.5		0.841446
433.625		0.841446
433.75		0.841446
433.875		0.841446
434		0.841446
434.125		0.841446
434.25		0.841446
434.375		0.841446
434.5		0.841446
434.625		0.841446
434.75		0.841446
434.875		0.841446
435		0.841446
435.125		0.8637
435.25		0.8637
435.375		0.8637
435.5		0.8637
435.625		0.8637
435.75		0.8637
435.875		0.8637
436		0.8637
436.125		0.8637
436.25		0.8637
436.375		0.8637
436.5		0.8637
436.625		0.8637
436.75		0.8637
436.875		0.8637
437		0.8637
437.125		0.8637
437.25		0.8637
437.375		0.8637
437.5		0.8637
437.625		0.8637
437.75		0.8637
437.875		0.8637
438		0.8637
438.125		0.8637
438.25		0.8637
438.375		0.8637
438.5		0.8637
438.625		0.8637
438.75		0.8637
438.875		0.8637
439		0.8637
439.125		0.8637
439.25		0.8637
439.375		0.8637
439.5		0.8637
439.625		0.8637
439.75		0.8637
439.875		0.8637
440		0.8637
440.125		0.885953
440.25		0.885953
440.375		0.885953
440.5		0.885953
440.625		0.885953
440.75		0.885953
440.875		0.885953
441		0.885953
441.125		0.885953
441.25		0.885953
441.375		0.885953
441.5		0.885953
441.625		0.885953
441.75		0.885953
441.875		0.885953
442		0.885953
442.125		0.885953
442.25		0.885953
442.375		0.885953
442.5		0.885953
442.625		0.885953
442.75		0.885953
442.875		0.885953
443		0.885953
443.125		0.885953
443.25		0.885953
443.375		0.885953
443.5		0.885953
443.625		0.885953
443.75		0.885953
443.875		0.885953
444		0.885953
444.125		0.885953
444.25		0.885953
444.375		0.885953
444.5		0.885953
444.625		0.885953
444.75		0.885953
444.875		0.885953
445		0.885953
445.125		0.910987
445.25		0.910987
445.375		0.910987
445.5		0.910987
445.625		0.910987
445.75		0.910987
445.875		0.910987
446		0.910987
446.125		0.910987
446.25		0.910987
446.375		0.910987
446.5		0.910987
446.625		0.910987
446.75		0.910987
446.875		0.910987
447		0.910987
447.125		0.910987
447.25		0.910987
447.375		0.910987
447.5		0.910987
447.625		0.910987
447.75		0.910987
447.875		0.910987
448		0.910987
448.125		0.910987
448.25		0.910987
448.375		0.910987
448.5		0.910987
448.625		0.910987
448.75		0.910987
448.875		0.910987
449		0.910987
449.125		0.910987
449.25		0.910987
449.375		0.910987
449.5		0.910987
449.625		0.910987
449.75		0.910987
449.875		0.910987
450		0.910987
450.125		0.910987
450.25		0.910987
450.375		0.910987
450.5		0.910987
450.625		0.910987
450.75		0.910987
450.875		0.910987
451		0.910987
451.125		0.910987
451.25		0.910987
451.375		0.910987
451.5		0.910987
451.625		0.910987
451.75		0.910987
451.875		0.910987
452		0.910987
452.125		0.910987
452.25		0.910987
452.375		0.910987
452.5		0.910987
452.625		0.910987
452.75		0.910987
452.875		0.910987
453		0.910987
453.125		0.910987
453.25		0.910987
453.375		0.910987
453.5		0.910987
453.625		0.910987
453.75		0.910987
453.875		0.910987
454		0.910987
454.125		0.910987
454.25		0.910987
454.375		0.910987
454.5		0.910987
454.625		0.910987
454.75		0.910987
454.875		0.910987
455		0.910987
455.125		0.917942
455.25		0.917942
455.375		0.917942
455.5		0.917942
455.625		0.917942
455.75		0.917942
455.875		0.917942
456		0.917942
456.125		0.917942
456.25		0.917942
456.375		0.917942
456.5		0.917942
456.625		0.917942
456.75		0.917942
456.875		0.917942
457		0.917942
457.125		0.917942
457.25		0.917942
457.375		0.917942
457.5		0.917942
457.625		0.917942
457.75		0.917942
457.875		0.917942
458		0.917942
458.125		0.917942
458.25		0.917942
458.375		0.917942
458.5		0.917942
458.625		0.917942
458.75		0.917942
458.875		0.917942
459		0.917942
459.125		0.917942
459.25		0.917942
459.375		0.917942
459.5		0.917942
459.625		0.917942
459.75		0.917942
459.875		0.917942
460		0.917942
460.125		0.922114
460.25		0.922114
460.375		0.922114
460.5		0.922114
460.625		0.922114
460.75		0.922114
460.875		0.922114
461		0.922114
461.125		0.922114
461.25		0.922114
461.375		0.922114
461.5		0.922114
461.625		0.922114
461.75		0.922114
461.875		0.922114
462		0.922114
462.125		0.922114
462.25		0.922114
462.375		0.922114
462.5		0.922114
462.625		0.922114
462.75		0.922114
462.875		0.922114
463		0.922114
463.125		0.922114
463.25		0.922114
463.375		0.922114
463.5		0.922114
463.625		0.922114
463.75		0.922114
463.875		0.922114
464		0.922114
464.125		0.922114
464.25		0.922114
464.375		0.922114
464.5		0.922114
464.625		0.922114
464.75		0.922114
464.875		0.922114
465		0.922114
465.125		0.930459
465.25		0.930459
465.375		0.930459
465.5		0.930459
465.625		0.930459
465.75		0.930459
465.875		0.930459
466		0.930459
466.125		0.930459
466.25		0.930459
466.375		0.930459
466.5		0.930459
466.625		0.930459
466.75		0.930459
466.875		0.930459
467		0.930459
467.125		0.930459
467.25		0.930459
467.375		0.930459
467.5		0.930459
467.625		0.930459
467.75		0.930459
467.875		0.930459
468		0.930459
468.125		0.930459
468.25		0.930459
468.375		0.930459
468.5		0.930459
468.625		0.930459
468.75		0.930459
468.875		0.930459
469		0.930459
469.125		0.930459
469.25		0.930459
469.375		0.930459
469.5		0.930459
469.625		0.930459
469.75		0.930459
469.875		0.930459
470		0.930459
470.125		0.933241
470.25		0.933241
470.375		0.933241
470.5		0.933241
470.625		0.933241
470.75		0.933241
470.875		0.933241
471		0.933241
471.125		0.933241
471.25		0.933241
471.375		0.933241
471.5		0.933241
471.625		0.933241
471.75		0.933241
471.875		0.933241
472		0.933241
472.125		0.933241
472.25		0.933241
472.375		0.933241
472.5		0.933241
472.625		0.933241
472.75		0.933241
472.875		0.933241
473		0.933241
473.125		0.933241
473.25		0.933241
473.375		0.933241
473.5		0.933241
473.625		0.933241
473.75		0.933241
473.875		0.933241
474		0.933241
474.125		0.933241
474.25		0.933241
474.375		0.933241
474.5		0.933241
474.625		0.933241
474.75		0.933241
474.875		0.933241
475		0.933241
475.125		0.959666
475.25		0.959666
475.375		0.959666
475.5		0.959666
475.625		0.959666
475.75		0.959666
475.875		0.959666
476		0.959666
476.125		0.959666
476.25		0.959666
476.375		0.959666
476.5		0.959666
476.625		0.959666
476.75		0.959666
476.875		0.959666
477		0.959666
477.125		0.959666
477.25		0.959666
477.375		0.959666
477.5		0.959666
477.625		0.959666
477.75		0.959666
477.875		0.959666
478		0.959666
478.125		0.959666
478.25		0.959666
478.375		0.959666
478.5		0.959666
478.625		0.959666
478.75		0.959666
478.875		0.959666
479		0.959666
479.125		0.959666
479.25		0.959666
479.375		0.959666
479.5		0.959666
479.625		0.959666
479.75		0.959666
479.875		0.959666
480		0.959666
480.125		0.969402
480.25		0.969402
480.375		0.969402
480.5		0.969402
480.625		0.969402
480.75		0.969402
480.875		0.969402
481		0.969402
481.125		0.969402
481.25		0.969402
481.375		0.969402
481.5		0.969402
481.625		0.969402
481.75		0.969402
481.875		0.969402
482		0.969402
482.125		0.969402
482.25		0.969402
482.375		0.969402
482.5		0.969402
482.625		0.969402
482.75		0.969402
482.875		0.969402
483		0.969402
483.125		0.969402
483.25		0.969402
483.375		0.969402
483.5		0.969402
483.625		0.969402
483.75		0.969402
483.875		0.969402
484		0.969402
484.125		0.969402
484.25		0.969402
484.375		0.969402
484.5		0.969402
484.625		0.969402
484.75		0.969402
484.875		0.969402
485		0.969402
485.125		0.98331
485.25		0.98331
485.375		0.98331
485.5		0.98331
485.625		0.98331
485.75		0.98331
485.875		0.98331
486		0.98331
486.125		0.98331
486.25		0.98331
486.375		0.98331
486.5		0.98331
486.625		0.98331
486.75		0.98331
486.875		0.98331
487		0.98331
487.125		0.98331
487.25		0.98331
487.375		0.98331
487.5		0.98331
487.625		0.98331
487.75		0.98331
487.875		0.98331
488		0.98331
488.125		0.98331
488.25		0.98331
488.375		0.98331
488.5		0.98331
488.625		0.98331
488.75		0.98331
488.875		0.98331
489		0.98331
489.125		0.98331
489.25		0.98331
489.375		0.98331
489.5		0.98331
489.625		0.98331
489.75		0.98331
489.875		0.98331
490		0.98331
490.125		0.988873
490.25		0.988873
490.375		0.988873
490.5		0.988873
490.625		0.988873
490.75		0.988873
490.875		0.988873
491		0.988873
491.125		0.988873
491.25		0.988873
491.375		0.988873
491.5		0.988873
491.625		0.988873
491.75		0.988873
491.875		0.988873
492		0.988873
492.125		0.988873
492.25		0.988873
492.375		0.988873
492.5		0.988873
492.625		0.988873
492.75		0.988873
492.875		0.988873
493		0.988873
493.125		0.988873
493.25		0.988873
493.375		0.988873
493.5		0.988873
493.625		0.988873
493.75		0.988873
493.875		0.988873
494		0.988873
494.125		0.988873
494.25		0.988873
494.375		0.988873
494.5		0.988873
494.625		0.988873
494.75		0.988873
494.875		0.988873
495		0.988873
495.125		1
495.25		1
495.375		1
495.5		1
495.625		1
495.75		1
495.875		1
496		1
496.125		1
496.25		1
496.375		1
496.5		1
496.625		1
496.75		1
496.875		1
497		1
497.125		1
497.25		1
497.375		1
497.5		1
497.625		1
497.75		1
497.875		1
498		1
498.125		1
498.25		1
498.375		1
498.5		1
498.625		1
498.75		1
498.875		1
499		1
499.125		1
499.25		1
499.375		1
499.5		1
499.625		1
499.75		1
499.875		1
500		1
