# Calibration file of tamex_id 0 @ channel 2
# fine_T bin		 Calibration value
0.125		0
0.25		0
0.375		0
0.5		0
0.625		0
0.75		0
0.875		0
1		0
1.125		0
1.25		0
1.375		0
1.5		0
1.625		0
1.75		0
1.875		0
2		0
2.125		0
2.25		0
2.375		0
2.5		0
2.625		0
2.75		0
2.875		0
3		0
3.125		0
3.25		0
3.375		0
3.5		0
3.625		0
3.75		0
3.875		0
4		0
4.125		0
4.25		0
4.375		0
4.5		0
4.625		0
4.75		0
4.875		0
5		0
5.125		0
5.25		0
5.375		0
5.5		0
5.625		0
5.75		0
5.875		0
6		0
6.125		0
6.25		0
6.375		0
6.5		0
6.625		0
6.75		0
6.875		0
7		0
7.125		0
7.25		0
7.375		0
7.5		0
7.625		0
7.75		0
7.875		0
8		0
8.125		0
8.25		0
8.375		0
8.5		0
8.625		0
8.75		0
8.875		0
9		0
9.125		0
9.25		0
9.375		0
9.5		0
9.625		0
9.75		0
9.875		0
10		0
10.125		0
10.25		0
10.375		0
10.5		0
10.625		0
10.75		0
10.875		0
11		0
11.125		0
11.25		0
11.375		0
11.5		0
11.625		0
11.75		0
11.875		0
12		0
12.125		0
12.25		0
12.375		0
12.5		0
12.625		0
12.75		0
12.875		0
13		0
13.125		0
13.25		0
13.375		0
13.5		0
13.625		0
13.75		0
13.875		0
14		0
14.125		0
14.25		0
14.375		0
14.5		0
14.625		0
14.75		0
14.875		0
15		0
15.125		0
15.25		0
15.375		0
15.5		0
15.625		0
15.75		0
15.875		0
16		0
16.125		0
16.25		0
16.375		0
16.5		0
16.625		0
16.75		0
16.875		0
17		0
17.125		0
17.25		0
17.375		0
17.5		0
17.625		0
17.75		0
17.875		0
18		0
18.125		0
18.25		0
18.375		0
18.5		0
18.625		0
18.75		0
18.875		0
19		0
19.125		0
19.25		0
19.375		0
19.5		0
19.625		0
19.75		0
19.875		0
20		0
20.125		0
20.25		0
20.375		0
20.5		0
20.625		0
20.75		0
20.875		0
21		0
21.125		0
21.25		0
21.375		0
21.5		0
21.625		0
21.75		0
21.875		0
22		0
22.125		0
22.25		0
22.375		0
22.5		0
22.625		0
22.75		0
22.875		0
23		0
23.125		0
23.25		0
23.375		0
23.5		0
23.625		0
23.75		0
23.875		0
24		0
24.125		0
24.25		0
24.375		0
24.5		0
24.625		0
24.75		0
24.875		0
25		0
25.125		0
25.25		0
25.375		0
25.5		0
25.625		0
25.75		0
25.875		0
26		0
26.125		0
26.25		0
26.375		0
26.5		0
26.625		0
26.75		0
26.875		0
27		0
27.125		0
27.25		0
27.375		0
27.5		0
27.625		0
27.75		0
27.875		0
28		0
28.125		0
28.25		0
28.375		0
28.5		0
28.625		0
28.75		0
28.875		0
29		0
29.125		0
29.25		0
29.375		0
29.5		0
29.625		0
29.75		0
29.875		0
30		0
30.125		0
30.25		0
30.375		0
30.5		0
30.625		0
30.75		0
30.875		0
31		0
31.125		0
31.25		0
31.375		0
31.5		0
31.625		0
31.75		0
31.875		0
32		0
32.125		0
32.25		0
32.375		0
32.5		0
32.625		0
32.75		0
32.875		0
33		0
33.125		0
33.25		0
33.375		0
33.5		0
33.625		0
33.75		0
33.875		0
34		0
34.125		0
34.25		0
34.375		0
34.5		0
34.625		0
34.75		0
34.875		0
35		0
35.125		0
35.25		0
35.375		0
35.5		0
35.625		0
35.75		0
35.875		0
36		0
36.125		0
36.25		0
36.375		0
36.5		0
36.625		0
36.75		0
36.875		0
37		0
37.125		0
37.25		0
37.375		0
37.5		0
37.625		0
37.75		0
37.875		0
38		0
38.125		0
38.25		0
38.375		0
38.5		0
38.625		0
38.75		0
38.875		0
39		0
39.125		0
39.25		0
39.375		0
39.5		0
39.625		0
39.75		0
39.875		0
40		0
40.125		0
40.25		0
40.375		0
40.5		0
40.625		0
40.75		0
40.875		0
41		0
41.125		0
41.25		0
41.375		0
41.5		0
41.625		0
41.75		0
41.875		0
42		0
42.125		0
42.25		0
42.375		0
42.5		0
42.625		0
42.75		0
42.875		0
43		0
43.125		0
43.25		0
43.375		0
43.5		0
43.625		0
43.75		0
43.875		0
44		0
44.125		0
44.25		0
44.375		0
44.5		0
44.625		0
44.75		0
44.875		0
45		0
45.125		0
45.25		0
45.375		0
45.5		0
45.625		0
45.75		0
45.875		0
46		0
46.125		0
46.25		0
46.375		0
46.5		0
46.625		0
46.75		0
46.875		0
47		0
47.125		0
47.25		0
47.375		0
47.5		0
47.625		0
47.75		0
47.875		0
48		0
48.125		0
48.25		0
48.375		0
48.5		0
48.625		0
48.75		0
48.875		0
49		0
49.125		0
49.25		0
49.375		0
49.5		0
49.625		0
49.75		0
49.875		0
50		0
50.125		0
50.25		0
50.375		0
50.5		0
50.625		0
50.75		0
50.875		0
51		0
51.125		0
51.25		0
51.375		0
51.5		0
51.625		0
51.75		0
51.875		0
52		0
52.125		0
52.25		0
52.375		0
52.5		0
52.625		0
52.75		0
52.875		0
53		0
53.125		0
53.25		0
53.375		0
53.5		0
53.625		0
53.75		0
53.875		0
54		0
54.125		0
54.25		0
54.375		0
54.5		0
54.625		0
54.75		0
54.875		0
55		0
55.125		0
55.25		0
55.375		0
55.5		0
55.625		0
55.75		0
55.875		0
56		0
56.125		0
56.25		0
56.375		0
56.5		0
56.625		0
56.75		0
56.875		0
57		0
57.125		0
57.25		0
57.375		0
57.5		0
57.625		0
57.75		0
57.875		0
58		0
58.125		0
58.25		0
58.375		0
58.5		0
58.625		0
58.75		0
58.875		0
59		0
59.125		0
59.25		0
59.375		0
59.5		0
59.625		0
59.75		0
59.875		0
60		0
60.125		0
60.25		0
60.375		0
60.5		0
60.625		0
60.75		0
60.875		0
61		0
61.125		0
61.25		0
61.375		0
61.5		0
61.625		0
61.75		0
61.875		0
62		0
62.125		0
62.25		0
62.375		0
62.5		0
62.625		0
62.75		0
62.875		0
63		0
63.125		0
63.25		0
63.375		0
63.5		0
63.625		0
63.75		0
63.875		0
64		0
64.125		0
64.25		0
64.375		0
64.5		0
64.625		0
64.75		0
64.875		0
65		0
65.125		0
65.25		0
65.375		0
65.5		0
65.625		0
65.75		0
65.875		0
66		0
66.125		0
66.25		0
66.375		0
66.5		0
66.625		0
66.75		0
66.875		0
67		0
67.125		0
67.25		0
67.375		0
67.5		0
67.625		0
67.75		0
67.875		0
68		0
68.125		0
68.25		0
68.375		0
68.5		0
68.625		0
68.75		0
68.875		0
69		0
69.125		0
69.25		0
69.375		0
69.5		0
69.625		0
69.75		0
69.875		0
70		0
70.125		0
70.25		0
70.375		0
70.5		0
70.625		0
70.75		0
70.875		0
71		0
71.125		0
71.25		0
71.375		0
71.5		0
71.625		0
71.75		0
71.875		0
72		0
72.125		0
72.25		0
72.375		0
72.5		0
72.625		0
72.75		0
72.875		0
73		0
73.125		0
73.25		0
73.375		0
73.5		0
73.625		0
73.75		0
73.875		0
74		0
74.125		0
74.25		0
74.375		0
74.5		0
74.625		0
74.75		0
74.875		0
75		0
75.125		0
75.25		0
75.375		0
75.5		0
75.625		0
75.75		0
75.875		0
76		0
76.125		0
76.25		0
76.375		0
76.5		0
76.625		0
76.75		0
76.875		0
77		0
77.125		0
77.25		0
77.375		0
77.5		0
77.625		0
77.75		0
77.875		0
78		0
78.125		0
78.25		0
78.375		0
78.5		0
78.625		0
78.75		0
78.875		0
79		0
79.125		0
79.25		0
79.375		0
79.5		0
79.625		0
79.75		0
79.875		0
80		0
80.125		0.0118882
80.25		0.0118882
80.375		0.0118882
80.5		0.0118882
80.625		0.0118882
80.75		0.0118882
80.875		0.0118882
81		0.0118882
81.125		0.0118882
81.25		0.0118882
81.375		0.0118882
81.5		0.0118882
81.625		0.0118882
81.75		0.0118882
81.875		0.0118882
82		0.0118882
82.125		0.0118882
82.25		0.0118882
82.375		0.0118882
82.5		0.0118882
82.625		0.0118882
82.75		0.0118882
82.875		0.0118882
83		0.0118882
83.125		0.0118882
83.25		0.0118882
83.375		0.0118882
83.5		0.0118882
83.625		0.0118882
83.75		0.0118882
83.875		0.0118882
84		0.0118882
84.125		0.0118882
84.25		0.0118882
84.375		0.0118882
84.5		0.0118882
84.625		0.0118882
84.75		0.0118882
84.875		0.0118882
85		0.0118882
85.125		0.0439504
85.25		0.0439504
85.375		0.0439504
85.5		0.0439504
85.625		0.0439504
85.75		0.0439504
85.875		0.0439504
86		0.0439504
86.125		0.0439504
86.25		0.0439504
86.375		0.0439504
86.5		0.0439504
86.625		0.0439504
86.75		0.0439504
86.875		0.0439504
87		0.0439504
87.125		0.0439504
87.25		0.0439504
87.375		0.0439504
87.5		0.0439504
87.625		0.0439504
87.75		0.0439504
87.875		0.0439504
88		0.0439504
88.125		0.0439504
88.25		0.0439504
88.375		0.0439504
88.5		0.0439504
88.625		0.0439504
88.75		0.0439504
88.875		0.0439504
89		0.0439504
89.125		0.0439504
89.25		0.0439504
89.375		0.0439504
89.5		0.0439504
89.625		0.0439504
89.75		0.0439504
89.875		0.0439504
90		0.0439504
90.125		0.059544
90.25		0.059544
90.375		0.059544
90.5		0.059544
90.625		0.059544
90.75		0.059544
90.875		0.059544
91		0.059544
91.125		0.059544
91.25		0.059544
91.375		0.059544
91.5		0.059544
91.625		0.059544
91.75		0.059544
91.875		0.059544
92		0.059544
92.125		0.059544
92.25		0.059544
92.375		0.059544
92.5		0.059544
92.625		0.059544
92.75		0.059544
92.875		0.059544
93		0.059544
93.125		0.059544
93.25		0.059544
93.375		0.059544
93.5		0.059544
93.625		0.059544
93.75		0.059544
93.875		0.059544
94		0.059544
94.125		0.059544
94.25		0.059544
94.375		0.059544
94.5		0.059544
94.625		0.059544
94.75		0.059544
94.875		0.059544
95		0.059544
95.125		0.0615511
95.25		0.0615511
95.375		0.0615511
95.5		0.0615511
95.625		0.0615511
95.75		0.0615511
95.875		0.0615511
96		0.0615511
96.125		0.0615511
96.25		0.0615511
96.375		0.0615511
96.5		0.0615511
96.625		0.0615511
96.75		0.0615511
96.875		0.0615511
97		0.0615511
97.125		0.0615511
97.25		0.0615511
97.375		0.0615511
97.5		0.0615511
97.625		0.0615511
97.75		0.0615511
97.875		0.0615511
98		0.0615511
98.125		0.0615511
98.25		0.0615511
98.375		0.0615511
98.5		0.0615511
98.625		0.0615511
98.75		0.0615511
98.875		0.0615511
99		0.0615511
99.125		0.0615511
99.25		0.0615511
99.375		0.0615511
99.5		0.0615511
99.625		0.0615511
99.75		0.0615511
99.875		0.0615511
100		0.0615511
100.125		0.0874376
100.25		0.0874376
100.375		0.0874376
100.5		0.0874376
100.625		0.0874376
100.75		0.0874376
100.875		0.0874376
101		0.0874376
101.125		0.0874376
101.25		0.0874376
101.375		0.0874376
101.5		0.0874376
101.625		0.0874376
101.75		0.0874376
101.875		0.0874376
102		0.0874376
102.125		0.0874376
102.25		0.0874376
102.375		0.0874376
102.5		0.0874376
102.625		0.0874376
102.75		0.0874376
102.875		0.0874376
103		0.0874376
103.125		0.0874376
103.25		0.0874376
103.375		0.0874376
103.5		0.0874376
103.625		0.0874376
103.75		0.0874376
103.875		0.0874376
104		0.0874376
104.125		0.0874376
104.25		0.0874376
104.375		0.0874376
104.5		0.0874376
104.625		0.0874376
104.75		0.0874376
104.875		0.0874376
105		0.0874376
105.125		0.104935
105.25		0.104935
105.375		0.104935
105.5		0.104935
105.625		0.104935
105.75		0.104935
105.875		0.104935
106		0.104935
106.125		0.104935
106.25		0.104935
106.375		0.104935
106.5		0.104935
106.625		0.104935
106.75		0.104935
106.875		0.104935
107		0.104935
107.125		0.104935
107.25		0.104935
107.375		0.104935
107.5		0.104935
107.625		0.104935
107.75		0.104935
107.875		0.104935
108		0.104935
108.125		0.104935
108.25		0.104935
108.375		0.104935
108.5		0.104935
108.625		0.104935
108.75		0.104935
108.875		0.104935
109		0.104935
109.125		0.104935
109.25		0.104935
109.375		0.104935
109.5		0.104935
109.625		0.104935
109.75		0.104935
109.875		0.104935
110		0.104935
110.125		0.106222
110.25		0.106222
110.375		0.106222
110.5		0.106222
110.625		0.106222
110.75		0.106222
110.875		0.106222
111		0.106222
111.125		0.106222
111.25		0.106222
111.375		0.106222
111.5		0.106222
111.625		0.106222
111.75		0.106222
111.875		0.106222
112		0.106222
112.125		0.106222
112.25		0.106222
112.375		0.106222
112.5		0.106222
112.625		0.106222
112.75		0.106222
112.875		0.106222
113		0.106222
113.125		0.106222
113.25		0.106222
113.375		0.106222
113.5		0.106222
113.625		0.106222
113.75		0.106222
113.875		0.106222
114		0.106222
114.125		0.106222
114.25		0.106222
114.375		0.106222
114.5		0.106222
114.625		0.106222
114.75		0.106222
114.875		0.106222
115		0.106222
115.125		0.123823
115.25		0.123823
115.375		0.123823
115.5		0.123823
115.625		0.123823
115.75		0.123823
115.875		0.123823
116		0.123823
116.125		0.123823
116.25		0.123823
116.375		0.123823
116.5		0.123823
116.625		0.123823
116.75		0.123823
116.875		0.123823
117		0.123823
117.125		0.123823
117.25		0.123823
117.375		0.123823
117.5		0.123823
117.625		0.123823
117.75		0.123823
117.875		0.123823
118		0.123823
118.125		0.123823
118.25		0.123823
118.375		0.123823
118.5		0.123823
118.625		0.123823
118.75		0.123823
118.875		0.123823
119		0.123823
119.125		0.123823
119.25		0.123823
119.375		0.123823
119.5		0.123823
119.625		0.123823
119.75		0.123823
119.875		0.123823
120		0.123823
120.125		0.138747
120.25		0.138747
120.375		0.138747
120.5		0.138747
120.625		0.138747
120.75		0.138747
120.875		0.138747
121		0.138747
121.125		0.138747
121.25		0.138747
121.375		0.138747
121.5		0.138747
121.625		0.138747
121.75		0.138747
121.875		0.138747
122		0.138747
122.125		0.138747
122.25		0.138747
122.375		0.138747
122.5		0.138747
122.625		0.138747
122.75		0.138747
122.875		0.138747
123		0.138747
123.125		0.138747
123.25		0.138747
123.375		0.138747
123.5		0.138747
123.625		0.138747
123.75		0.138747
123.875		0.138747
124		0.138747
124.125		0.138747
124.25		0.138747
124.375		0.138747
124.5		0.138747
124.625		0.138747
124.75		0.138747
124.875		0.138747
125		0.138747
125.125		0.144769
125.25		0.144769
125.375		0.144769
125.5		0.144769
125.625		0.144769
125.75		0.144769
125.875		0.144769
126		0.144769
126.125		0.144769
126.25		0.144769
126.375		0.144769
126.5		0.144769
126.625		0.144769
126.75		0.144769
126.875		0.144769
127		0.144769
127.125		0.144769
127.25		0.144769
127.375		0.144769
127.5		0.144769
127.625		0.144769
127.75		0.144769
127.875		0.144769
128		0.144769
128.125		0.144769
128.25		0.144769
128.375		0.144769
128.5		0.144769
128.625		0.144769
128.75		0.144769
128.875		0.144769
129		0.144769
129.125		0.144769
129.25		0.144769
129.375		0.144769
129.5		0.144769
129.625		0.144769
129.75		0.144769
129.875		0.144769
130		0.144769
130.125		0.149503
130.25		0.149503
130.375		0.149503
130.5		0.149503
130.625		0.149503
130.75		0.149503
130.875		0.149503
131		0.149503
131.125		0.149503
131.25		0.149503
131.375		0.149503
131.5		0.149503
131.625		0.149503
131.75		0.149503
131.875		0.149503
132		0.149503
132.125		0.149503
132.25		0.149503
132.375		0.149503
132.5		0.149503
132.625		0.149503
132.75		0.149503
132.875		0.149503
133		0.149503
133.125		0.149503
133.25		0.149503
133.375		0.149503
133.5		0.149503
133.625		0.149503
133.75		0.149503
133.875		0.149503
134		0.149503
134.125		0.149503
134.25		0.149503
134.375		0.149503
134.5		0.149503
134.625		0.149503
134.75		0.149503
134.875		0.149503
135		0.149503
135.125		0.160105
135.25		0.160105
135.375		0.160105
135.5		0.160105
135.625		0.160105
135.75		0.160105
135.875		0.160105
136		0.160105
136.125		0.160105
136.25		0.160105
136.375		0.160105
136.5		0.160105
136.625		0.160105
136.75		0.160105
136.875		0.160105
137		0.160105
137.125		0.160105
137.25		0.160105
137.375		0.160105
137.5		0.160105
137.625		0.160105
137.75		0.160105
137.875		0.160105
138		0.160105
138.125		0.160105
138.25		0.160105
138.375		0.160105
138.5		0.160105
138.625		0.160105
138.75		0.160105
138.875		0.160105
139		0.160105
139.125		0.160105
139.25		0.160105
139.375		0.160105
139.5		0.160105
139.625		0.160105
139.75		0.160105
139.875		0.160105
140		0.160105
140.125		0.174258
140.25		0.174258
140.375		0.174258
140.5		0.174258
140.625		0.174258
140.75		0.174258
140.875		0.174258
141		0.174258
141.125		0.174258
141.25		0.174258
141.375		0.174258
141.5		0.174258
141.625		0.174258
141.75		0.174258
141.875		0.174258
142		0.174258
142.125		0.174258
142.25		0.174258
142.375		0.174258
142.5		0.174258
142.625		0.174258
142.75		0.174258
142.875		0.174258
143		0.174258
143.125		0.174258
143.25		0.174258
143.375		0.174258
143.5		0.174258
143.625		0.174258
143.75		0.174258
143.875		0.174258
144		0.174258
144.125		0.174258
144.25		0.174258
144.375		0.174258
144.5		0.174258
144.625		0.174258
144.75		0.174258
144.875		0.174258
145		0.174258
145.125		0.192579
145.25		0.192579
145.375		0.192579
145.5		0.192579
145.625		0.192579
145.75		0.192579
145.875		0.192579
146		0.192579
146.125		0.192579
146.25		0.192579
146.375		0.192579
146.5		0.192579
146.625		0.192579
146.75		0.192579
146.875		0.192579
147		0.192579
147.125		0.192579
147.25		0.192579
147.375		0.192579
147.5		0.192579
147.625		0.192579
147.75		0.192579
147.875		0.192579
148		0.192579
148.125		0.192579
148.25		0.192579
148.375		0.192579
148.5		0.192579
148.625		0.192579
148.75		0.192579
148.875		0.192579
149		0.192579
149.125		0.192579
149.25		0.192579
149.375		0.192579
149.5		0.192579
149.625		0.192579
149.75		0.192579
149.875		0.192579
150		0.192579
150.125		0.200968
150.25		0.200968
150.375		0.200968
150.5		0.200968
150.625		0.200968
150.75		0.200968
150.875		0.200968
151		0.200968
151.125		0.200968
151.25		0.200968
151.375		0.200968
151.5		0.200968
151.625		0.200968
151.75		0.200968
151.875		0.200968
152		0.200968
152.125		0.200968
152.25		0.200968
152.375		0.200968
152.5		0.200968
152.625		0.200968
152.75		0.200968
152.875		0.200968
153		0.200968
153.125		0.200968
153.25		0.200968
153.375		0.200968
153.5		0.200968
153.625		0.200968
153.75		0.200968
153.875		0.200968
154		0.200968
154.125		0.200968
154.25		0.200968
154.375		0.200968
154.5		0.200968
154.625		0.200968
154.75		0.200968
154.875		0.200968
155		0.200968
155.125		0.208481
155.25		0.208481
155.375		0.208481
155.5		0.208481
155.625		0.208481
155.75		0.208481
155.875		0.208481
156		0.208481
156.125		0.208481
156.25		0.208481
156.375		0.208481
156.5		0.208481
156.625		0.208481
156.75		0.208481
156.875		0.208481
157		0.208481
157.125		0.208481
157.25		0.208481
157.375		0.208481
157.5		0.208481
157.625		0.208481
157.75		0.208481
157.875		0.208481
158		0.208481
158.125		0.208481
158.25		0.208481
158.375		0.208481
158.5		0.208481
158.625		0.208481
158.75		0.208481
158.875		0.208481
159		0.208481
159.125		0.208481
159.25		0.208481
159.375		0.208481
159.5		0.208481
159.625		0.208481
159.75		0.208481
159.875		0.208481
160		0.208481
160.125		0.221244
160.25		0.221244
160.375		0.221244
160.5		0.221244
160.625		0.221244
160.75		0.221244
160.875		0.221244
161		0.221244
161.125		0.221244
161.25		0.221244
161.375		0.221244
161.5		0.221244
161.625		0.221244
161.75		0.221244
161.875		0.221244
162		0.221244
162.125		0.221244
162.25		0.221244
162.375		0.221244
162.5		0.221244
162.625		0.221244
162.75		0.221244
162.875		0.221244
163		0.221244
163.125		0.221244
163.25		0.221244
163.375		0.221244
163.5		0.221244
163.625		0.221244
163.75		0.221244
163.875		0.221244
164		0.221244
164.125		0.221244
164.25		0.221244
164.375		0.221244
164.5		0.221244
164.625		0.221244
164.75		0.221244
164.875		0.221244
165		0.221244
165.125		0.222737
165.25		0.222737
165.375		0.222737
165.5		0.222737
165.625		0.222737
165.75		0.222737
165.875		0.222737
166		0.222737
166.125		0.222737
166.25		0.222737
166.375		0.222737
166.5		0.222737
166.625		0.222737
166.75		0.222737
166.875		0.222737
167		0.222737
167.125		0.222737
167.25		0.222737
167.375		0.222737
167.5		0.222737
167.625		0.222737
167.75		0.222737
167.875		0.222737
168		0.222737
168.125		0.222737
168.25		0.222737
168.375		0.222737
168.5		0.222737
168.625		0.222737
168.75		0.222737
168.875		0.222737
169		0.222737
169.125		0.222737
169.25		0.222737
169.375		0.222737
169.5		0.222737
169.625		0.222737
169.75		0.222737
169.875		0.222737
170		0.222737
170.125		0.240338
170.25		0.240338
170.375		0.240338
170.5		0.240338
170.625		0.240338
170.75		0.240338
170.875		0.240338
171		0.240338
171.125		0.240338
171.25		0.240338
171.375		0.240338
171.5		0.240338
171.625		0.240338
171.75		0.240338
171.875		0.240338
172		0.240338
172.125		0.240338
172.25		0.240338
172.375		0.240338
172.5		0.240338
172.625		0.240338
172.75		0.240338
172.875		0.240338
173		0.240338
173.125		0.240338
173.25		0.240338
173.375		0.240338
173.5		0.240338
173.625		0.240338
173.75		0.240338
173.875		0.240338
174		0.240338
174.125		0.240338
174.25		0.240338
174.375		0.240338
174.5		0.240338
174.625		0.240338
174.75		0.240338
174.875		0.240338
175		0.240338
175.125		0.25166
175.25		0.25166
175.375		0.25166
175.5		0.25166
175.625		0.25166
175.75		0.25166
175.875		0.25166
176		0.25166
176.125		0.25166
176.25		0.25166
176.375		0.25166
176.5		0.25166
176.625		0.25166
176.75		0.25166
176.875		0.25166
177		0.25166
177.125		0.25166
177.25		0.25166
177.375		0.25166
177.5		0.25166
177.625		0.25166
177.75		0.25166
177.875		0.25166
178		0.25166
178.125		0.25166
178.25		0.25166
178.375		0.25166
178.5		0.25166
178.625		0.25166
178.75		0.25166
178.875		0.25166
179		0.25166
179.125		0.25166
179.25		0.25166
179.375		0.25166
179.5		0.25166
179.625		0.25166
179.75		0.25166
179.875		0.25166
180		0.25166
180.125		0.268437
180.25		0.268437
180.375		0.268437
180.5		0.268437
180.625		0.268437
180.75		0.268437
180.875		0.268437
181		0.268437
181.125		0.268437
181.25		0.268437
181.375		0.268437
181.5		0.268437
181.625		0.268437
181.75		0.268437
181.875		0.268437
182		0.268437
182.125		0.268437
182.25		0.268437
182.375		0.268437
182.5		0.268437
182.625		0.268437
182.75		0.268437
182.875		0.268437
183		0.268437
183.125		0.268437
183.25		0.268437
183.375		0.268437
183.5		0.268437
183.625		0.268437
183.75		0.268437
183.875		0.268437
184		0.268437
184.125		0.268437
184.25		0.268437
184.375		0.268437
184.5		0.268437
184.625		0.268437
184.75		0.268437
184.875		0.268437
185		0.268437
185.125		0.279708
185.25		0.279708
185.375		0.279708
185.5		0.279708
185.625		0.279708
185.75		0.279708
185.875		0.279708
186		0.279708
186.125		0.279708
186.25		0.279708
186.375		0.279708
186.5		0.279708
186.625		0.279708
186.75		0.279708
186.875		0.279708
187		0.279708
187.125		0.279708
187.25		0.279708
187.375		0.279708
187.5		0.279708
187.625		0.279708
187.75		0.279708
187.875		0.279708
188		0.279708
188.125		0.279708
188.25		0.279708
188.375		0.279708
188.5		0.279708
188.625		0.279708
188.75		0.279708
188.875		0.279708
189		0.279708
189.125		0.279708
189.25		0.279708
189.375		0.279708
189.5		0.279708
189.625		0.279708
189.75		0.279708
189.875		0.279708
190		0.279708
190.125		0.300293
190.25		0.300293
190.375		0.300293
190.5		0.300293
190.625		0.300293
190.75		0.300293
190.875		0.300293
191		0.300293
191.125		0.300293
191.25		0.300293
191.375		0.300293
191.5		0.300293
191.625		0.300293
191.75		0.300293
191.875		0.300293
192		0.300293
192.125		0.300293
192.25		0.300293
192.375		0.300293
192.5		0.300293
192.625		0.300293
192.75		0.300293
192.875		0.300293
193		0.300293
193.125		0.300293
193.25		0.300293
193.375		0.300293
193.5		0.300293
193.625		0.300293
193.75		0.300293
193.875		0.300293
194		0.300293
194.125		0.300293
194.25		0.300293
194.375		0.300293
194.5		0.300293
194.625		0.300293
194.75		0.300293
194.875		0.300293
195		0.300293
195.125		0.304205
195.25		0.304205
195.375		0.304205
195.5		0.304205
195.625		0.304205
195.75		0.304205
195.875		0.304205
196		0.304205
196.125		0.304205
196.25		0.304205
196.375		0.304205
196.5		0.304205
196.625		0.304205
196.75		0.304205
196.875		0.304205
197		0.304205
197.125		0.304205
197.25		0.304205
197.375		0.304205
197.5		0.304205
197.625		0.304205
197.75		0.304205
197.875		0.304205
198		0.304205
198.125		0.304205
198.25		0.304205
198.375		0.304205
198.5		0.304205
198.625		0.304205
198.75		0.304205
198.875		0.304205
199		0.304205
199.125		0.304205
199.25		0.304205
199.375		0.304205
199.5		0.304205
199.625		0.304205
199.75		0.304205
199.875		0.304205
200		0.304205
200.125		0.305131
200.25		0.305131
200.375		0.305131
200.5		0.305131
200.625		0.305131
200.75		0.305131
200.875		0.305131
201		0.305131
201.125		0.305131
201.25		0.305131
201.375		0.305131
201.5		0.305131
201.625		0.305131
201.75		0.305131
201.875		0.305131
202		0.305131
202.125		0.305131
202.25		0.305131
202.375		0.305131
202.5		0.305131
202.625		0.305131
202.75		0.305131
202.875		0.305131
203		0.305131
203.125		0.305131
203.25		0.305131
203.375		0.305131
203.5		0.305131
203.625		0.305131
203.75		0.305131
203.875		0.305131
204		0.305131
204.125		0.305131
204.25		0.305131
204.375		0.305131
204.5		0.305131
204.625		0.305131
204.75		0.305131
204.875		0.305131
205		0.305131
205.125		0.312748
205.25		0.312748
205.375		0.312748
205.5		0.312748
205.625		0.312748
205.75		0.312748
205.875		0.312748
206		0.312748
206.125		0.312748
206.25		0.312748
206.375		0.312748
206.5		0.312748
206.625		0.312748
206.75		0.312748
206.875		0.312748
207		0.312748
207.125		0.312748
207.25		0.312748
207.375		0.312748
207.5		0.312748
207.625		0.312748
207.75		0.312748
207.875		0.312748
208		0.312748
208.125		0.312748
208.25		0.312748
208.375		0.312748
208.5		0.312748
208.625		0.312748
208.75		0.312748
208.875		0.312748
209		0.312748
209.125		0.312748
209.25		0.312748
209.375		0.312748
209.5		0.312748
209.625		0.312748
209.75		0.312748
209.875		0.312748
210		0.312748
210.125		0.333694
210.25		0.333694
210.375		0.333694
210.5		0.333694
210.625		0.333694
210.75		0.333694
210.875		0.333694
211		0.333694
211.125		0.333694
211.25		0.333694
211.375		0.333694
211.5		0.333694
211.625		0.333694
211.75		0.333694
211.875		0.333694
212		0.333694
212.125		0.333694
212.25		0.333694
212.375		0.333694
212.5		0.333694
212.625		0.333694
212.75		0.333694
212.875		0.333694
213		0.333694
213.125		0.333694
213.25		0.333694
213.375		0.333694
213.5		0.333694
213.625		0.333694
213.75		0.333694
213.875		0.333694
214		0.333694
214.125		0.333694
214.25		0.333694
214.375		0.333694
214.5		0.333694
214.625		0.333694
214.75		0.333694
214.875		0.333694
215		0.333694
215.125		0.348206
215.25		0.348206
215.375		0.348206
215.5		0.348206
215.625		0.348206
215.75		0.348206
215.875		0.348206
216		0.348206
216.125		0.348206
216.25		0.348206
216.375		0.348206
216.5		0.348206
216.625		0.348206
216.75		0.348206
216.875		0.348206
217		0.348206
217.125		0.348206
217.25		0.348206
217.375		0.348206
217.5		0.348206
217.625		0.348206
217.75		0.348206
217.875		0.348206
218		0.348206
218.125		0.348206
218.25		0.348206
218.375		0.348206
218.5		0.348206
218.625		0.348206
218.75		0.348206
218.875		0.348206
219		0.348206
219.125		0.348206
219.25		0.348206
219.375		0.348206
219.5		0.348206
219.625		0.348206
219.75		0.348206
219.875		0.348206
220		0.348206
220.125		0.356904
220.25		0.356904
220.375		0.356904
220.5		0.356904
220.625		0.356904
220.75		0.356904
220.875		0.356904
221		0.356904
221.125		0.356904
221.25		0.356904
221.375		0.356904
221.5		0.356904
221.625		0.356904
221.75		0.356904
221.875		0.356904
222		0.356904
222.125		0.356904
222.25		0.356904
222.375		0.356904
222.5		0.356904
222.625		0.356904
222.75		0.356904
222.875		0.356904
223		0.356904
223.125		0.356904
223.25		0.356904
223.375		0.356904
223.5		0.356904
223.625		0.356904
223.75		0.356904
223.875		0.356904
224		0.356904
224.125		0.356904
224.25		0.356904
224.375		0.356904
224.5		0.356904
224.625		0.356904
224.75		0.356904
224.875		0.356904
225		0.356904
225.125		0.358242
225.25		0.358242
225.375		0.358242
225.5		0.358242
225.625		0.358242
225.75		0.358242
225.875		0.358242
226		0.358242
226.125		0.358242
226.25		0.358242
226.375		0.358242
226.5		0.358242
226.625		0.358242
226.75		0.358242
226.875		0.358242
227		0.358242
227.125		0.358242
227.25		0.358242
227.375		0.358242
227.5		0.358242
227.625		0.358242
227.75		0.358242
227.875		0.358242
228		0.358242
228.125		0.358242
228.25		0.358242
228.375		0.358242
228.5		0.358242
228.625		0.358242
228.75		0.358242
228.875		0.358242
229		0.358242
229.125		0.358242
229.25		0.358242
229.375		0.358242
229.5		0.358242
229.625		0.358242
229.75		0.358242
229.875		0.358242
230		0.358242
230.125		0.381349
230.25		0.381349
230.375		0.381349
230.5		0.381349
230.625		0.381349
230.75		0.381349
230.875		0.381349
231		0.381349
231.125		0.381349
231.25		0.381349
231.375		0.381349
231.5		0.381349
231.625		0.381349
231.75		0.381349
231.875		0.381349
232		0.381349
232.125		0.381349
232.25		0.381349
232.375		0.381349
232.5		0.381349
232.625		0.381349
232.75		0.381349
232.875		0.381349
233		0.381349
233.125		0.381349
233.25		0.381349
233.375		0.381349
233.5		0.381349
233.625		0.381349
233.75		0.381349
233.875		0.381349
234		0.381349
234.125		0.381349
234.25		0.381349
234.375		0.381349
234.5		0.381349
234.625		0.381349
234.75		0.381349
234.875		0.381349
235		0.381349
235.125		0.381915
235.25		0.381915
235.375		0.381915
235.5		0.381915
235.625		0.381915
235.75		0.381915
235.875		0.381915
236		0.381915
236.125		0.381915
236.25		0.381915
236.375		0.381915
236.5		0.381915
236.625		0.381915
236.75		0.381915
236.875		0.381915
237		0.381915
237.125		0.381915
237.25		0.381915
237.375		0.381915
237.5		0.381915
237.625		0.381915
237.75		0.381915
237.875		0.381915
238		0.381915
238.125		0.381915
238.25		0.381915
238.375		0.381915
238.5		0.381915
238.625		0.381915
238.75		0.381915
238.875		0.381915
239		0.381915
239.125		0.381915
239.25		0.381915
239.375		0.381915
239.5		0.381915
239.625		0.381915
239.75		0.381915
239.875		0.381915
240		0.381915
240.125		0.399722
240.25		0.399722
240.375		0.399722
240.5		0.399722
240.625		0.399722
240.75		0.399722
240.875		0.399722
241		0.399722
241.125		0.399722
241.25		0.399722
241.375		0.399722
241.5		0.399722
241.625		0.399722
241.75		0.399722
241.875		0.399722
242		0.399722
242.125		0.399722
242.25		0.399722
242.375		0.399722
242.5		0.399722
242.625		0.399722
242.75		0.399722
242.875		0.399722
243		0.399722
243.125		0.399722
243.25		0.399722
243.375		0.399722
243.5		0.399722
243.625		0.399722
243.75		0.399722
243.875		0.399722
244		0.399722
244.125		0.399722
244.25		0.399722
244.375		0.399722
244.5		0.399722
244.625		0.399722
244.75		0.399722
244.875		0.399722
245		0.399722
245.125		0.402398
245.25		0.402398
245.375		0.402398
245.5		0.402398
245.625		0.402398
245.75		0.402398
245.875		0.402398
246		0.402398
246.125		0.402398
246.25		0.402398
246.375		0.402398
246.5		0.402398
246.625		0.402398
246.75		0.402398
246.875		0.402398
247		0.402398
247.125		0.402398
247.25		0.402398
247.375		0.402398
247.5		0.402398
247.625		0.402398
247.75		0.402398
247.875		0.402398
248		0.402398
248.125		0.402398
248.25		0.402398
248.375		0.402398
248.5		0.402398
248.625		0.402398
248.75		0.402398
248.875		0.402398
249		0.402398
249.125		0.402398
249.25		0.402398
249.375		0.402398
249.5		0.402398
249.625		0.402398
249.75		0.402398
249.875		0.402398
250		0.402398
250.125		0.406258
250.25		0.406258
250.375		0.406258
250.5		0.406258
250.625		0.406258
250.75		0.406258
250.875		0.406258
251		0.406258
251.125		0.406258
251.25		0.406258
251.375		0.406258
251.5		0.406258
251.625		0.406258
251.75		0.406258
251.875		0.406258
252		0.406258
252.125		0.406258
252.25		0.406258
252.375		0.406258
252.5		0.406258
252.625		0.406258
252.75		0.406258
252.875		0.406258
253		0.406258
253.125		0.406258
253.25		0.406258
253.375		0.406258
253.5		0.406258
253.625		0.406258
253.75		0.406258
253.875		0.406258
254		0.406258
254.125		0.406258
254.25		0.406258
254.375		0.406258
254.5		0.406258
254.625		0.406258
254.75		0.406258
254.875		0.406258
255		0.406258
255.125		0.436828
255.25		0.436828
255.375		0.436828
255.5		0.436828
255.625		0.436828
255.75		0.436828
255.875		0.436828
256		0.436828
256.125		0.436828
256.25		0.436828
256.375		0.436828
256.5		0.436828
256.625		0.436828
256.75		0.436828
256.875		0.436828
257		0.436828
257.125		0.436828
257.25		0.436828
257.375		0.436828
257.5		0.436828
257.625		0.436828
257.75		0.436828
257.875		0.436828
258		0.436828
258.125		0.436828
258.25		0.436828
258.375		0.436828
258.5		0.436828
258.625		0.436828
258.75		0.436828
258.875		0.436828
259		0.436828
259.125		0.436828
259.25		0.436828
259.375		0.436828
259.5		0.436828
259.625		0.436828
259.75		0.436828
259.875		0.436828
260		0.436828
260.125		0.441254
260.25		0.441254
260.375		0.441254
260.5		0.441254
260.625		0.441254
260.75		0.441254
260.875		0.441254
261		0.441254
261.125		0.441254
261.25		0.441254
261.375		0.441254
261.5		0.441254
261.625		0.441254
261.75		0.441254
261.875		0.441254
262		0.441254
262.125		0.441254
262.25		0.441254
262.375		0.441254
262.5		0.441254
262.625		0.441254
262.75		0.441254
262.875		0.441254
263		0.441254
263.125		0.441254
263.25		0.441254
263.375		0.441254
263.5		0.441254
263.625		0.441254
263.75		0.441254
263.875		0.441254
264		0.441254
264.125		0.441254
264.25		0.441254
264.375		0.441254
264.5		0.441254
264.625		0.441254
264.75		0.441254
264.875		0.441254
265		0.441254
265.125		0.453502
265.25		0.453502
265.375		0.453502
265.5		0.453502
265.625		0.453502
265.75		0.453502
265.875		0.453502
266		0.453502
266.125		0.453502
266.25		0.453502
266.375		0.453502
266.5		0.453502
266.625		0.453502
266.75		0.453502
266.875		0.453502
267		0.453502
267.125		0.453502
267.25		0.453502
267.375		0.453502
267.5		0.453502
267.625		0.453502
267.75		0.453502
267.875		0.453502
268		0.453502
268.125		0.453502
268.25		0.453502
268.375		0.453502
268.5		0.453502
268.625		0.453502
268.75		0.453502
268.875		0.453502
269		0.453502
269.125		0.453502
269.25		0.453502
269.375		0.453502
269.5		0.453502
269.625		0.453502
269.75		0.453502
269.875		0.453502
270		0.453502
270.125		0.461633
270.25		0.461633
270.375		0.461633
270.5		0.461633
270.625		0.461633
270.75		0.461633
270.875		0.461633
271		0.461633
271.125		0.461633
271.25		0.461633
271.375		0.461633
271.5		0.461633
271.625		0.461633
271.75		0.461633
271.875		0.461633
272		0.461633
272.125		0.461633
272.25		0.461633
272.375		0.461633
272.5		0.461633
272.625		0.461633
272.75		0.461633
272.875		0.461633
273		0.461633
273.125		0.461633
273.25		0.461633
273.375		0.461633
273.5		0.461633
273.625		0.461633
273.75		0.461633
273.875		0.461633
274		0.461633
274.125		0.461633
274.25		0.461633
274.375		0.461633
274.5		0.461633
274.625		0.461633
274.75		0.461633
274.875		0.461633
275		0.461633
275.125		0.466008
275.25		0.466008
275.375		0.466008
275.5		0.466008
275.625		0.466008
275.75		0.466008
275.875		0.466008
276		0.466008
276.125		0.466008
276.25		0.466008
276.375		0.466008
276.5		0.466008
276.625		0.466008
276.75		0.466008
276.875		0.466008
277		0.466008
277.125		0.466008
277.25		0.466008
277.375		0.466008
277.5		0.466008
277.625		0.466008
277.75		0.466008
277.875		0.466008
278		0.466008
278.125		0.466008
278.25		0.466008
278.375		0.466008
278.5		0.466008
278.625		0.466008
278.75		0.466008
278.875		0.466008
279		0.466008
279.125		0.466008
279.25		0.466008
279.375		0.466008
279.5		0.466008
279.625		0.466008
279.75		0.466008
279.875		0.466008
280		0.466008
280.125		0.497041
280.25		0.497041
280.375		0.497041
280.5		0.497041
280.625		0.497041
280.75		0.497041
280.875		0.497041
281		0.497041
281.125		0.497041
281.25		0.497041
281.375		0.497041
281.5		0.497041
281.625		0.497041
281.75		0.497041
281.875		0.497041
282		0.497041
282.125		0.497041
282.25		0.497041
282.375		0.497041
282.5		0.497041
282.625		0.497041
282.75		0.497041
282.875		0.497041
283		0.497041
283.125		0.497041
283.25		0.497041
283.375		0.497041
283.5		0.497041
283.625		0.497041
283.75		0.497041
283.875		0.497041
284		0.497041
284.125		0.497041
284.25		0.497041
284.375		0.497041
284.5		0.497041
284.625		0.497041
284.75		0.497041
284.875		0.497041
285		0.497041
285.125		0.500798
285.25		0.500798
285.375		0.500798
285.5		0.500798
285.625		0.500798
285.75		0.500798
285.875		0.500798
286		0.500798
286.125		0.500798
286.25		0.500798
286.375		0.500798
286.5		0.500798
286.625		0.500798
286.75		0.500798
286.875		0.500798
287		0.500798
287.125		0.500798
287.25		0.500798
287.375		0.500798
287.5		0.500798
287.625		0.500798
287.75		0.500798
287.875		0.500798
288		0.500798
288.125		0.500798
288.25		0.500798
288.375		0.500798
288.5		0.500798
288.625		0.500798
288.75		0.500798
288.875		0.500798
289		0.500798
289.125		0.500798
289.25		0.500798
289.375		0.500798
289.5		0.500798
289.625		0.500798
289.75		0.500798
289.875		0.500798
290		0.500798
290.125		0.512068
290.25		0.512068
290.375		0.512068
290.5		0.512068
290.625		0.512068
290.75		0.512068
290.875		0.512068
291		0.512068
291.125		0.512068
291.25		0.512068
291.375		0.512068
291.5		0.512068
291.625		0.512068
291.75		0.512068
291.875		0.512068
292		0.512068
292.125		0.512068
292.25		0.512068
292.375		0.512068
292.5		0.512068
292.625		0.512068
292.75		0.512068
292.875		0.512068
293		0.512068
293.125		0.512068
293.25		0.512068
293.375		0.512068
293.5		0.512068
293.625		0.512068
293.75		0.512068
293.875		0.512068
294		0.512068
294.125		0.512068
294.25		0.512068
294.375		0.512068
294.5		0.512068
294.625		0.512068
294.75		0.512068
294.875		0.512068
295		0.512068
295.125		0.513406
295.25		0.513406
295.375		0.513406
295.5		0.513406
295.625		0.513406
295.75		0.513406
295.875		0.513406
296		0.513406
296.125		0.513406
296.25		0.513406
296.375		0.513406
296.5		0.513406
296.625		0.513406
296.75		0.513406
296.875		0.513406
297		0.513406
297.125		0.513406
297.25		0.513406
297.375		0.513406
297.5		0.513406
297.625		0.513406
297.75		0.513406
297.875		0.513406
298		0.513406
298.125		0.513406
298.25		0.513406
298.375		0.513406
298.5		0.513406
298.625		0.513406
298.75		0.513406
298.875		0.513406
299		0.513406
299.125		0.513406
299.25		0.513406
299.375		0.513406
299.5		0.513406
299.625		0.513406
299.75		0.513406
299.875		0.513406
300		0.513406
300.125		0.544954
300.25		0.544954
300.375		0.544954
300.5		0.544954
300.625		0.544954
300.75		0.544954
300.875		0.544954
301		0.544954
301.125		0.544954
301.25		0.544954
301.375		0.544954
301.5		0.544954
301.625		0.544954
301.75		0.544954
301.875		0.544954
302		0.544954
302.125		0.544954
302.25		0.544954
302.375		0.544954
302.5		0.544954
302.625		0.544954
302.75		0.544954
302.875		0.544954
303		0.544954
303.125		0.544954
303.25		0.544954
303.375		0.544954
303.5		0.544954
303.625		0.544954
303.75		0.544954
303.875		0.544954
304		0.544954
304.125		0.544954
304.25		0.544954
304.375		0.544954
304.5		0.544954
304.625		0.544954
304.75		0.544954
304.875		0.544954
305		0.544954
305.125		0.545726
305.25		0.545726
305.375		0.545726
305.5		0.545726
305.625		0.545726
305.75		0.545726
305.875		0.545726
306		0.545726
306.125		0.545726
306.25		0.545726
306.375		0.545726
306.5		0.545726
306.625		0.545726
306.75		0.545726
306.875		0.545726
307		0.545726
307.125		0.545726
307.25		0.545726
307.375		0.545726
307.5		0.545726
307.625		0.545726
307.75		0.545726
307.875		0.545726
308		0.545726
308.125		0.545726
308.25		0.545726
308.375		0.545726
308.5		0.545726
308.625		0.545726
308.75		0.545726
308.875		0.545726
309		0.545726
309.125		0.545726
309.25		0.545726
309.375		0.545726
309.5		0.545726
309.625		0.545726
309.75		0.545726
309.875		0.545726
310		0.545726
310.125		0.559981
310.25		0.559981
310.375		0.559981
310.5		0.559981
310.625		0.559981
310.75		0.559981
310.875		0.559981
311		0.559981
311.125		0.559981
311.25		0.559981
311.375		0.559981
311.5		0.559981
311.625		0.559981
311.75		0.559981
311.875		0.559981
312		0.559981
312.125		0.559981
312.25		0.559981
312.375		0.559981
312.5		0.559981
312.625		0.559981
312.75		0.559981
312.875		0.559981
313		0.559981
313.125		0.559981
313.25		0.559981
313.375		0.559981
313.5		0.559981
313.625		0.559981
313.75		0.559981
313.875		0.559981
314		0.559981
314.125		0.559981
314.25		0.559981
314.375		0.559981
314.5		0.559981
314.625		0.559981
314.75		0.559981
314.875		0.559981
315		0.559981
315.125		0.574803
315.25		0.574803
315.375		0.574803
315.5		0.574803
315.625		0.574803
315.75		0.574803
315.875		0.574803
316		0.574803
316.125		0.574803
316.25		0.574803
316.375		0.574803
316.5		0.574803
316.625		0.574803
316.75		0.574803
316.875		0.574803
317		0.574803
317.125		0.574803
317.25		0.574803
317.375		0.574803
317.5		0.574803
317.625		0.574803
317.75		0.574803
317.875		0.574803
318		0.574803
318.125		0.574803
318.25		0.574803
318.375		0.574803
318.5		0.574803
318.625		0.574803
318.75		0.574803
318.875		0.574803
319		0.574803
319.125		0.574803
319.25		0.574803
319.375		0.574803
319.5		0.574803
319.625		0.574803
319.75		0.574803
319.875		0.574803
320		0.574803
320.125		0.592764
320.25		0.592764
320.375		0.592764
320.5		0.592764
320.625		0.592764
320.75		0.592764
320.875		0.592764
321		0.592764
321.125		0.592764
321.25		0.592764
321.375		0.592764
321.5		0.592764
321.625		0.592764
321.75		0.592764
321.875		0.592764
322		0.592764
322.125		0.592764
322.25		0.592764
322.375		0.592764
322.5		0.592764
322.625		0.592764
322.75		0.592764
322.875		0.592764
323		0.592764
323.125		0.592764
323.25		0.592764
323.375		0.592764
323.5		0.592764
323.625		0.592764
323.75		0.592764
323.875		0.592764
324		0.592764
324.125		0.592764
324.25		0.592764
324.375		0.592764
324.5		0.592764
324.625		0.592764
324.75		0.592764
324.875		0.592764
325		0.592764
325.125		0.598991
325.25		0.598991
325.375		0.598991
325.5		0.598991
325.625		0.598991
325.75		0.598991
325.875		0.598991
326		0.598991
326.125		0.598991
326.25		0.598991
326.375		0.598991
326.5		0.598991
326.625		0.598991
326.75		0.598991
326.875		0.598991
327		0.598991
327.125		0.598991
327.25		0.598991
327.375		0.598991
327.5		0.598991
327.625		0.598991
327.75		0.598991
327.875		0.598991
328		0.598991
328.125		0.598991
328.25		0.598991
328.375		0.598991
328.5		0.598991
328.625		0.598991
328.75		0.598991
328.875		0.598991
329		0.598991
329.125		0.598991
329.25		0.598991
329.375		0.598991
329.5		0.598991
329.625		0.598991
329.75		0.598991
329.875		0.598991
330		0.598991
330.125		0.599712
330.25		0.599712
330.375		0.599712
330.5		0.599712
330.625		0.599712
330.75		0.599712
330.875		0.599712
331		0.599712
331.125		0.599712
331.25		0.599712
331.375		0.599712
331.5		0.599712
331.625		0.599712
331.75		0.599712
331.875		0.599712
332		0.599712
332.125		0.599712
332.25		0.599712
332.375		0.599712
332.5		0.599712
332.625		0.599712
332.75		0.599712
332.875		0.599712
333		0.599712
333.125		0.599712
333.25		0.599712
333.375		0.599712
333.5		0.599712
333.625		0.599712
333.75		0.599712
333.875		0.599712
334		0.599712
334.125		0.599712
334.25		0.599712
334.375		0.599712
334.5		0.599712
334.625		0.599712
334.75		0.599712
334.875		0.599712
335		0.599712
335.125		0.603057
335.25		0.603057
335.375		0.603057
335.5		0.603057
335.625		0.603057
335.75		0.603057
335.875		0.603057
336		0.603057
336.125		0.603057
336.25		0.603057
336.375		0.603057
336.5		0.603057
336.625		0.603057
336.75		0.603057
336.875		0.603057
337		0.603057
337.125		0.603057
337.25		0.603057
337.375		0.603057
337.5		0.603057
337.625		0.603057
337.75		0.603057
337.875		0.603057
338		0.603057
338.125		0.603057
338.25		0.603057
338.375		0.603057
338.5		0.603057
338.625		0.603057
338.75		0.603057
338.875		0.603057
339		0.603057
339.125		0.603057
339.25		0.603057
339.375		0.603057
339.5		0.603057
339.625		0.603057
339.75		0.603057
339.875		0.603057
340		0.603057
340.125		0.637435
340.25		0.637435
340.375		0.637435
340.5		0.637435
340.625		0.637435
340.75		0.637435
340.875		0.637435
341		0.637435
341.125		0.637435
341.25		0.637435
341.375		0.637435
341.5		0.637435
341.625		0.637435
341.75		0.637435
341.875		0.637435
342		0.637435
342.125		0.637435
342.25		0.637435
342.375		0.637435
342.5		0.637435
342.625		0.637435
342.75		0.637435
342.875		0.637435
343		0.637435
343.125		0.637435
343.25		0.637435
343.375		0.637435
343.5		0.637435
343.625		0.637435
343.75		0.637435
343.875		0.637435
344		0.637435
344.125		0.637435
344.25		0.637435
344.375		0.637435
344.5		0.637435
344.625		0.637435
344.75		0.637435
344.875		0.637435
345		0.637435
345.125		0.642581
345.25		0.642581
345.375		0.642581
345.5		0.642581
345.625		0.642581
345.75		0.642581
345.875		0.642581
346		0.642581
346.125		0.642581
346.25		0.642581
346.375		0.642581
346.5		0.642581
346.625		0.642581
346.75		0.642581
346.875		0.642581
347		0.642581
347.125		0.642581
347.25		0.642581
347.375		0.642581
347.5		0.642581
347.625		0.642581
347.75		0.642581
347.875		0.642581
348		0.642581
348.125		0.642581
348.25		0.642581
348.375		0.642581
348.5		0.642581
348.625		0.642581
348.75		0.642581
348.875		0.642581
349		0.642581
349.125		0.642581
349.25		0.642581
349.375		0.642581
349.5		0.642581
349.625		0.642581
349.75		0.642581
349.875		0.642581
350		0.642581
350.125		0.653595
350.25		0.653595
350.375		0.653595
350.5		0.653595
350.625		0.653595
350.75		0.653595
350.875		0.653595
351		0.653595
351.125		0.653595
351.25		0.653595
351.375		0.653595
351.5		0.653595
351.625		0.653595
351.75		0.653595
351.875		0.653595
352		0.653595
352.125		0.653595
352.25		0.653595
352.375		0.653595
352.5		0.653595
352.625		0.653595
352.75		0.653595
352.875		0.653595
353		0.653595
353.125		0.653595
353.25		0.653595
353.375		0.653595
353.5		0.653595
353.625		0.653595
353.75		0.653595
353.875		0.653595
354		0.653595
354.125		0.653595
354.25		0.653595
354.375		0.653595
354.5		0.653595
354.625		0.653595
354.75		0.653595
354.875		0.653595
355		0.653595
355.125		0.655756
355.25		0.655756
355.375		0.655756
355.5		0.655756
355.625		0.655756
355.75		0.655756
355.875		0.655756
356		0.655756
356.125		0.655756
356.25		0.655756
356.375		0.655756
356.5		0.655756
356.625		0.655756
356.75		0.655756
356.875		0.655756
357		0.655756
357.125		0.655756
357.25		0.655756
357.375		0.655756
357.5		0.655756
357.625		0.655756
357.75		0.655756
357.875		0.655756
358		0.655756
358.125		0.655756
358.25		0.655756
358.375		0.655756
358.5		0.655756
358.625		0.655756
358.75		0.655756
358.875		0.655756
359		0.655756
359.125		0.655756
359.25		0.655756
359.375		0.655756
359.5		0.655756
359.625		0.655756
359.75		0.655756
359.875		0.655756
360		0.655756
360.125		0.682003
360.25		0.682003
360.375		0.682003
360.5		0.682003
360.625		0.682003
360.75		0.682003
360.875		0.682003
361		0.682003
361.125		0.682003
361.25		0.682003
361.375		0.682003
361.5		0.682003
361.625		0.682003
361.75		0.682003
361.875		0.682003
362		0.682003
362.125		0.682003
362.25		0.682003
362.375		0.682003
362.5		0.682003
362.625		0.682003
362.75		0.682003
362.875		0.682003
363		0.682003
363.125		0.682003
363.25		0.682003
363.375		0.682003
363.5		0.682003
363.625		0.682003
363.75		0.682003
363.875		0.682003
364		0.682003
364.125		0.682003
364.25		0.682003
364.375		0.682003
364.5		0.682003
364.625		0.682003
364.75		0.682003
364.875		0.682003
365		0.682003
365.125		0.683393
365.25		0.683393
365.375		0.683393
365.5		0.683393
365.625		0.683393
365.75		0.683393
365.875		0.683393
366		0.683393
366.125		0.683393
366.25		0.683393
366.375		0.683393
366.5		0.683393
366.625		0.683393
366.75		0.683393
366.875		0.683393
367		0.683393
367.125		0.683393
367.25		0.683393
367.375		0.683393
367.5		0.683393
367.625		0.683393
367.75		0.683393
367.875		0.683393
368		0.683393
368.125		0.683393
368.25		0.683393
368.375		0.683393
368.5		0.683393
368.625		0.683393
368.75		0.683393
368.875		0.683393
369		0.683393
369.125		0.683393
369.25		0.683393
369.375		0.683393
369.5		0.683393
369.625		0.683393
369.75		0.683393
369.875		0.683393
370		0.683393
370.125		0.687304
370.25		0.687304
370.375		0.687304
370.5		0.687304
370.625		0.687304
370.75		0.687304
370.875		0.687304
371		0.687304
371.125		0.687304
371.25		0.687304
371.375		0.687304
371.5		0.687304
371.625		0.687304
371.75		0.687304
371.875		0.687304
372		0.687304
372.125		0.687304
372.25		0.687304
372.375		0.687304
372.5		0.687304
372.625		0.687304
372.75		0.687304
372.875		0.687304
373		0.687304
373.125		0.687304
373.25		0.687304
373.375		0.687304
373.5		0.687304
373.625		0.687304
373.75		0.687304
373.875		0.687304
374		0.687304
374.125		0.687304
374.25		0.687304
374.375		0.687304
374.5		0.687304
374.625		0.687304
374.75		0.687304
374.875		0.687304
375		0.687304
375.125		0.698883
375.25		0.698883
375.375		0.698883
375.5		0.698883
375.625		0.698883
375.75		0.698883
375.875		0.698883
376		0.698883
376.125		0.698883
376.25		0.698883
376.375		0.698883
376.5		0.698883
376.625		0.698883
376.75		0.698883
376.875		0.698883
377		0.698883
377.125		0.698883
377.25		0.698883
377.375		0.698883
377.5		0.698883
377.625		0.698883
377.75		0.698883
377.875		0.698883
378		0.698883
378.125		0.698883
378.25		0.698883
378.375		0.698883
378.5		0.698883
378.625		0.698883
378.75		0.698883
378.875		0.698883
379		0.698883
379.125		0.698883
379.25		0.698883
379.375		0.698883
379.5		0.698883
379.625		0.698883
379.75		0.698883
379.875		0.698883
380		0.698883
380.125		0.719469
380.25		0.719469
380.375		0.719469
380.5		0.719469
380.625		0.719469
380.75		0.719469
380.875		0.719469
381		0.719469
381.125		0.719469
381.25		0.719469
381.375		0.719469
381.5		0.719469
381.625		0.719469
381.75		0.719469
381.875		0.719469
382		0.719469
382.125		0.719469
382.25		0.719469
382.375		0.719469
382.5		0.719469
382.625		0.719469
382.75		0.719469
382.875		0.719469
383		0.719469
383.125		0.719469
383.25		0.719469
383.375		0.719469
383.5		0.719469
383.625		0.719469
383.75		0.719469
383.875		0.719469
384		0.719469
384.125		0.719469
384.25		0.719469
384.375		0.719469
384.5		0.719469
384.625		0.719469
384.75		0.719469
384.875		0.719469
385		0.719469
385.125		0.722814
385.25		0.722814
385.375		0.722814
385.5		0.722814
385.625		0.722814
385.75		0.722814
385.875		0.722814
386		0.722814
386.125		0.722814
386.25		0.722814
386.375		0.722814
386.5		0.722814
386.625		0.722814
386.75		0.722814
386.875		0.722814
387		0.722814
387.125		0.722814
387.25		0.722814
387.375		0.722814
387.5		0.722814
387.625		0.722814
387.75		0.722814
387.875		0.722814
388		0.722814
388.125		0.722814
388.25		0.722814
388.375		0.722814
388.5		0.722814
388.625		0.722814
388.75		0.722814
388.875		0.722814
389		0.722814
389.125		0.722814
389.25		0.722814
389.375		0.722814
389.5		0.722814
389.625		0.722814
389.75		0.722814
389.875		0.722814
390		0.722814
390.125		0.743503
390.25		0.743503
390.375		0.743503
390.5		0.743503
390.625		0.743503
390.75		0.743503
390.875		0.743503
391		0.743503
391.125		0.743503
391.25		0.743503
391.375		0.743503
391.5		0.743503
391.625		0.743503
391.75		0.743503
391.875		0.743503
392		0.743503
392.125		0.743503
392.25		0.743503
392.375		0.743503
392.5		0.743503
392.625		0.743503
392.75		0.743503
392.875		0.743503
393		0.743503
393.125		0.743503
393.25		0.743503
393.375		0.743503
393.5		0.743503
393.625		0.743503
393.75		0.743503
393.875		0.743503
394		0.743503
394.125		0.743503
394.25		0.743503
394.375		0.743503
394.5		0.743503
394.625		0.743503
394.75		0.743503
394.875		0.743503
395		0.743503
395.125		0.749575
395.25		0.749575
395.375		0.749575
395.5		0.749575
395.625		0.749575
395.75		0.749575
395.875		0.749575
396		0.749575
396.125		0.749575
396.25		0.749575
396.375		0.749575
396.5		0.749575
396.625		0.749575
396.75		0.749575
396.875		0.749575
397		0.749575
397.125		0.749575
397.25		0.749575
397.375		0.749575
397.5		0.749575
397.625		0.749575
397.75		0.749575
397.875		0.749575
398		0.749575
398.125		0.749575
398.25		0.749575
398.375		0.749575
398.5		0.749575
398.625		0.749575
398.75		0.749575
398.875		0.749575
399		0.749575
399.125		0.749575
399.25		0.749575
399.375		0.749575
399.5		0.749575
399.625		0.749575
399.75		0.749575
399.875		0.749575
400		0.749575
400.125		0.785292
400.25		0.785292
400.375		0.785292
400.5		0.785292
400.625		0.785292
400.75		0.785292
400.875		0.785292
401		0.785292
401.125		0.785292
401.25		0.785292
401.375		0.785292
401.5		0.785292
401.625		0.785292
401.75		0.785292
401.875		0.785292
402		0.785292
402.125		0.785292
402.25		0.785292
402.375		0.785292
402.5		0.785292
402.625		0.785292
402.75		0.785292
402.875		0.785292
403		0.785292
403.125		0.785292
403.25		0.785292
403.375		0.785292
403.5		0.785292
403.625		0.785292
403.75		0.785292
403.875		0.785292
404		0.785292
404.125		0.785292
404.25		0.785292
404.375		0.785292
404.5		0.785292
404.625		0.785292
404.75		0.785292
404.875		0.785292
405		0.785292
405.125		0.786835
405.25		0.786835
405.375		0.786835
405.5		0.786835
405.625		0.786835
405.75		0.786835
405.875		0.786835
406		0.786835
406.125		0.786835
406.25		0.786835
406.375		0.786835
406.5		0.786835
406.625		0.786835
406.75		0.786835
406.875		0.786835
407		0.786835
407.125		0.786835
407.25		0.786835
407.375		0.786835
407.5		0.786835
407.625		0.786835
407.75		0.786835
407.875		0.786835
408		0.786835
408.125		0.786835
408.25		0.786835
408.375		0.786835
408.5		0.786835
408.625		0.786835
408.75		0.786835
408.875		0.786835
409		0.786835
409.125		0.786835
409.25		0.786835
409.375		0.786835
409.5		0.786835
409.625		0.786835
409.75		0.786835
409.875		0.786835
410		0.786835
410.125		0.792085
410.25		0.792085
410.375		0.792085
410.5		0.792085
410.625		0.792085
410.75		0.792085
410.875		0.792085
411		0.792085
411.125		0.792085
411.25		0.792085
411.375		0.792085
411.5		0.792085
411.625		0.792085
411.75		0.792085
411.875		0.792085
412		0.792085
412.125		0.792085
412.25		0.792085
412.375		0.792085
412.5		0.792085
412.625		0.792085
412.75		0.792085
412.875		0.792085
413		0.792085
413.125		0.792085
413.25		0.792085
413.375		0.792085
413.5		0.792085
413.625		0.792085
413.75		0.792085
413.875		0.792085
414		0.792085
414.125		0.792085
414.25		0.792085
414.375		0.792085
414.5		0.792085
414.625		0.792085
414.75		0.792085
414.875		0.792085
415		0.792085
415.125		0.812362
415.25		0.812362
415.375		0.812362
415.5		0.812362
415.625		0.812362
415.75		0.812362
415.875		0.812362
416		0.812362
416.125		0.812362
416.25		0.812362
416.375		0.812362
416.5		0.812362
416.625		0.812362
416.75		0.812362
416.875		0.812362
417		0.812362
417.125		0.812362
417.25		0.812362
417.375		0.812362
417.5		0.812362
417.625		0.812362
417.75		0.812362
417.875		0.812362
418		0.812362
418.125		0.812362
418.25		0.812362
418.375		0.812362
418.5		0.812362
418.625		0.812362
418.75		0.812362
418.875		0.812362
419		0.812362
419.125		0.812362
419.25		0.812362
419.375		0.812362
419.5		0.812362
419.625		0.812362
419.75		0.812362
419.875		0.812362
420		0.812362
420.125		0.825639
420.25		0.825639
420.375		0.825639
420.5		0.825639
420.625		0.825639
420.75		0.825639
420.875		0.825639
421		0.825639
421.125		0.825639
421.25		0.825639
421.375		0.825639
421.5		0.825639
421.625		0.825639
421.75		0.825639
421.875		0.825639
422		0.825639
422.125		0.825639
422.25		0.825639
422.375		0.825639
422.5		0.825639
422.625		0.825639
422.75		0.825639
422.875		0.825639
423		0.825639
423.125		0.825639
423.25		0.825639
423.375		0.825639
423.5		0.825639
423.625		0.825639
423.75		0.825639
423.875		0.825639
424		0.825639
424.125		0.825639
424.25		0.825639
424.375		0.825639
424.5		0.825639
424.625		0.825639
424.75		0.825639
424.875		0.825639
425		0.825639
425.125		0.846277
425.25		0.846277
425.375		0.846277
425.5		0.846277
425.625		0.846277
425.75		0.846277
425.875		0.846277
426		0.846277
426.125		0.846277
426.25		0.846277
426.375		0.846277
426.5		0.846277
426.625		0.846277
426.75		0.846277
426.875		0.846277
427		0.846277
427.125		0.846277
427.25		0.846277
427.375		0.846277
427.5		0.846277
427.625		0.846277
427.75		0.846277
427.875		0.846277
428		0.846277
428.125		0.846277
428.25		0.846277
428.375		0.846277
428.5		0.846277
428.625		0.846277
428.75		0.846277
428.875		0.846277
429		0.846277
429.125		0.846277
429.25		0.846277
429.375		0.846277
429.5		0.846277
429.625		0.846277
429.75		0.846277
429.875		0.846277
430		0.846277
430.125		0.852349
430.25		0.852349
430.375		0.852349
430.5		0.852349
430.625		0.852349
430.75		0.852349
430.875		0.852349
431		0.852349
431.125		0.852349
431.25		0.852349
431.375		0.852349
431.5		0.852349
431.625		0.852349
431.75		0.852349
431.875		0.852349
432		0.852349
432.125		0.852349
432.25		0.852349
432.375		0.852349
432.5		0.852349
432.625		0.852349
432.75		0.852349
432.875		0.852349
433		0.852349
433.125		0.852349
433.25		0.852349
433.375		0.852349
433.5		0.852349
433.625		0.852349
433.75		0.852349
433.875		0.852349
434		0.852349
434.125		0.852349
434.25		0.852349
434.375		0.852349
434.5		0.852349
434.625		0.852349
434.75		0.852349
434.875		0.852349
435		0.852349
435.125		0.868046
435.25		0.868046
435.375		0.868046
435.5		0.868046
435.625		0.868046
435.75		0.868046
435.875		0.868046
436		0.868046
436.125		0.868046
436.25		0.868046
436.375		0.868046
436.5		0.868046
436.625		0.868046
436.75		0.868046
436.875		0.868046
437		0.868046
437.125		0.868046
437.25		0.868046
437.375		0.868046
437.5		0.868046
437.625		0.868046
437.75		0.868046
437.875		0.868046
438		0.868046
438.125		0.868046
438.25		0.868046
438.375		0.868046
438.5		0.868046
438.625		0.868046
438.75		0.868046
438.875		0.868046
439		0.868046
439.125		0.868046
439.25		0.868046
439.375		0.868046
439.5		0.868046
439.625		0.868046
439.75		0.868046
439.875		0.868046
440		0.868046
440.125		0.874736
440.25		0.874736
440.375		0.874736
440.5		0.874736
440.625		0.874736
440.75		0.874736
440.875		0.874736
441		0.874736
441.125		0.874736
441.25		0.874736
441.375		0.874736
441.5		0.874736
441.625		0.874736
441.75		0.874736
441.875		0.874736
442		0.874736
442.125		0.874736
442.25		0.874736
442.375		0.874736
442.5		0.874736
442.625		0.874736
442.75		0.874736
442.875		0.874736
443		0.874736
443.125		0.874736
443.25		0.874736
443.375		0.874736
443.5		0.874736
443.625		0.874736
443.75		0.874736
443.875		0.874736
444		0.874736
444.125		0.874736
444.25		0.874736
444.375		0.874736
444.5		0.874736
444.625		0.874736
444.75		0.874736
444.875		0.874736
445		0.874736
445.125		0.886367
445.25		0.886367
445.375		0.886367
445.5		0.886367
445.625		0.886367
445.75		0.886367
445.875		0.886367
446		0.886367
446.125		0.886367
446.25		0.886367
446.375		0.886367
446.5		0.886367
446.625		0.886367
446.75		0.886367
446.875		0.886367
447		0.886367
447.125		0.886367
447.25		0.886367
447.375		0.886367
447.5		0.886367
447.625		0.886367
447.75		0.886367
447.875		0.886367
448		0.886367
448.125		0.886367
448.25		0.886367
448.375		0.886367
448.5		0.886367
448.625		0.886367
448.75		0.886367
448.875		0.886367
449		0.886367
449.125		0.886367
449.25		0.886367
449.375		0.886367
449.5		0.886367
449.625		0.886367
449.75		0.886367
449.875		0.886367
450		0.886367
450.125		0.887294
450.25		0.887294
450.375		0.887294
450.5		0.887294
450.625		0.887294
450.75		0.887294
450.875		0.887294
451		0.887294
451.125		0.887294
451.25		0.887294
451.375		0.887294
451.5		0.887294
451.625		0.887294
451.75		0.887294
451.875		0.887294
452		0.887294
452.125		0.887294
452.25		0.887294
452.375		0.887294
452.5		0.887294
452.625		0.887294
452.75		0.887294
452.875		0.887294
453		0.887294
453.125		0.887294
453.25		0.887294
453.375		0.887294
453.5		0.887294
453.625		0.887294
453.75		0.887294
453.875		0.887294
454		0.887294
454.125		0.887294
454.25		0.887294
454.375		0.887294
454.5		0.887294
454.625		0.887294
454.75		0.887294
454.875		0.887294
455		0.887294
455.125		0.912202
455.25		0.912202
455.375		0.912202
455.5		0.912202
455.625		0.912202
455.75		0.912202
455.875		0.912202
456		0.912202
456.125		0.912202
456.25		0.912202
456.375		0.912202
456.5		0.912202
456.625		0.912202
456.75		0.912202
456.875		0.912202
457		0.912202
457.125		0.912202
457.25		0.912202
457.375		0.912202
457.5		0.912202
457.625		0.912202
457.75		0.912202
457.875		0.912202
458		0.912202
458.125		0.912202
458.25		0.912202
458.375		0.912202
458.5		0.912202
458.625		0.912202
458.75		0.912202
458.875		0.912202
459		0.912202
459.125		0.912202
459.25		0.912202
459.375		0.912202
459.5		0.912202
459.625		0.912202
459.75		0.912202
459.875		0.912202
460		0.912202
460.125		0.919716
460.25		0.919716
460.375		0.919716
460.5		0.919716
460.625		0.919716
460.75		0.919716
460.875		0.919716
461		0.919716
461.125		0.919716
461.25		0.919716
461.375		0.919716
461.5		0.919716
461.625		0.919716
461.75		0.919716
461.875		0.919716
462		0.919716
462.125		0.919716
462.25		0.919716
462.375		0.919716
462.5		0.919716
462.625		0.919716
462.75		0.919716
462.875		0.919716
463		0.919716
463.125		0.919716
463.25		0.919716
463.375		0.919716
463.5		0.919716
463.625		0.919716
463.75		0.919716
463.875		0.919716
464		0.919716
464.125		0.919716
464.25		0.919716
464.375		0.919716
464.5		0.919716
464.625		0.919716
464.75		0.919716
464.875		0.919716
465		0.919716
465.125		0.933302
465.25		0.933302
465.375		0.933302
465.5		0.933302
465.625		0.933302
465.75		0.933302
465.875		0.933302
466		0.933302
466.125		0.933302
466.25		0.933302
466.375		0.933302
466.5		0.933302
466.625		0.933302
466.75		0.933302
466.875		0.933302
467		0.933302
467.125		0.933302
467.25		0.933302
467.375		0.933302
467.5		0.933302
467.625		0.933302
467.75		0.933302
467.875		0.933302
468		0.933302
468.125		0.933302
468.25		0.933302
468.375		0.933302
468.5		0.933302
468.625		0.933302
468.75		0.933302
468.875		0.933302
469		0.933302
469.125		0.933302
469.25		0.933302
469.375		0.933302
469.5		0.933302
469.625		0.933302
469.75		0.933302
469.875		0.933302
470		0.933302
470.125		0.940405
470.25		0.940405
470.375		0.940405
470.5		0.940405
470.625		0.940405
470.75		0.940405
470.875		0.940405
471		0.940405
471.125		0.940405
471.25		0.940405
471.375		0.940405
471.5		0.940405
471.625		0.940405
471.75		0.940405
471.875		0.940405
472		0.940405
472.125		0.940405
472.25		0.940405
472.375		0.940405
472.5		0.940405
472.625		0.940405
472.75		0.940405
472.875		0.940405
473		0.940405
473.125		0.940405
473.25		0.940405
473.375		0.940405
473.5		0.940405
473.625		0.940405
473.75		0.940405
473.875		0.940405
474		0.940405
474.125		0.940405
474.25		0.940405
474.375		0.940405
474.5		0.940405
474.625		0.940405
474.75		0.940405
474.875		0.940405
475		0.940405
475.125		0.951366
475.25		0.951366
475.375		0.951366
475.5		0.951366
475.625		0.951366
475.75		0.951366
475.875		0.951366
476		0.951366
476.125		0.951366
476.25		0.951366
476.375		0.951366
476.5		0.951366
476.625		0.951366
476.75		0.951366
476.875		0.951366
477		0.951366
477.125		0.951366
477.25		0.951366
477.375		0.951366
477.5		0.951366
477.625		0.951366
477.75		0.951366
477.875		0.951366
478		0.951366
478.125		0.951366
478.25		0.951366
478.375		0.951366
478.5		0.951366
478.625		0.951366
478.75		0.951366
478.875		0.951366
479		0.951366
479.125		0.951366
479.25		0.951366
479.375		0.951366
479.5		0.951366
479.625		0.951366
479.75		0.951366
479.875		0.951366
480		0.951366
480.125		0.960115
480.25		0.960115
480.375		0.960115
480.5		0.960115
480.625		0.960115
480.75		0.960115
480.875		0.960115
481		0.960115
481.125		0.960115
481.25		0.960115
481.375		0.960115
481.5		0.960115
481.625		0.960115
481.75		0.960115
481.875		0.960115
482		0.960115
482.125		0.960115
482.25		0.960115
482.375		0.960115
482.5		0.960115
482.625		0.960115
482.75		0.960115
482.875		0.960115
483		0.960115
483.125		0.960115
483.25		0.960115
483.375		0.960115
483.5		0.960115
483.625		0.960115
483.75		0.960115
483.875		0.960115
484		0.960115
484.125		0.960115
484.25		0.960115
484.375		0.960115
484.5		0.960115
484.625		0.960115
484.75		0.960115
484.875		0.960115
485		0.960115
485.125		0.969379
485.25		0.969379
485.375		0.969379
485.5		0.969379
485.625		0.969379
485.75		0.969379
485.875		0.969379
486		0.969379
486.125		0.969379
486.25		0.969379
486.375		0.969379
486.5		0.969379
486.625		0.969379
486.75		0.969379
486.875		0.969379
487		0.969379
487.125		0.969379
487.25		0.969379
487.375		0.969379
487.5		0.969379
487.625		0.969379
487.75		0.969379
487.875		0.969379
488		0.969379
488.125		0.969379
488.25		0.969379
488.375		0.969379
488.5		0.969379
488.625		0.969379
488.75		0.969379
488.875		0.969379
489		0.969379
489.125		0.969379
489.25		0.969379
489.375		0.969379
489.5		0.969379
489.625		0.969379
489.75		0.969379
489.875		0.969379
490		0.969379
490.125		0.994854
490.25		0.994854
490.375		0.994854
490.5		0.994854
490.625		0.994854
490.75		0.994854
490.875		0.994854
491		0.994854
491.125		0.994854
491.25		0.994854
491.375		0.994854
491.5		0.994854
491.625		0.994854
491.75		0.994854
491.875		0.994854
492		0.994854
492.125		0.994854
492.25		0.994854
492.375		0.994854
492.5		0.994854
492.625		0.994854
492.75		0.994854
492.875		0.994854
493		0.994854
493.125		0.994854
493.25		0.994854
493.375		0.994854
493.5		0.994854
493.625		0.994854
493.75		0.994854
493.875		0.994854
494		0.994854
494.125		0.994854
494.25		0.994854
494.375		0.994854
494.5		0.994854
494.625		0.994854
494.75		0.994854
494.875		0.994854
495		0.994854
495.125		1
495.25		1
495.375		1
495.5		1
495.625		1
495.75		1
495.875		1
496		1
496.125		1
496.25		1
496.375		1
496.5		1
496.625		1
496.75		1
496.875		1
497		1
497.125		1
497.25		1
497.375		1
497.5		1
497.625		1
497.75		1
497.875		1
498		1
498.125		1
498.25		1
498.375		1
498.5		1
498.625		1
498.75		1
498.875		1
499		1
499.125		1
499.25		1
499.375		1
499.5		1
499.625		1
499.75		1
499.875		1
500		1
