# Calibration file of tamex_id 0 @ channel 24
# fine_T bin		 Calibration value
0.125		0
0.25		0
0.375		0
0.5		0
0.625		0
0.75		0
0.875		0
1		0
1.125		0
1.25		0
1.375		0
1.5		0
1.625		0
1.75		0
1.875		0
2		0
2.125		0
2.25		0
2.375		0
2.5		0
2.625		0
2.75		0
2.875		0
3		0
3.125		0
3.25		0
3.375		0
3.5		0
3.625		0
3.75		0
3.875		0
4		0
4.125		0
4.25		0
4.375		0
4.5		0
4.625		0
4.75		0
4.875		0
5		0
5.125		0
5.25		0
5.375		0
5.5		0
5.625		0
5.75		0
5.875		0
6		0
6.125		0
6.25		0
6.375		0
6.5		0
6.625		0
6.75		0
6.875		0
7		0
7.125		0
7.25		0
7.375		0
7.5		0
7.625		0
7.75		0
7.875		0
8		0
8.125		0
8.25		0
8.375		0
8.5		0
8.625		0
8.75		0
8.875		0
9		0
9.125		0
9.25		0
9.375		0
9.5		0
9.625		0
9.75		0
9.875		0
10		0
10.125		0
10.25		0
10.375		0
10.5		0
10.625		0
10.75		0
10.875		0
11		0
11.125		0
11.25		0
11.375		0
11.5		0
11.625		0
11.75		0
11.875		0
12		0
12.125		0
12.25		0
12.375		0
12.5		0
12.625		0
12.75		0
12.875		0
13		0
13.125		0
13.25		0
13.375		0
13.5		0
13.625		0
13.75		0
13.875		0
14		0
14.125		0
14.25		0
14.375		0
14.5		0
14.625		0
14.75		0
14.875		0
15		0
15.125		0
15.25		0
15.375		0
15.5		0
15.625		0
15.75		0
15.875		0
16		0
16.125		0
16.25		0
16.375		0
16.5		0
16.625		0
16.75		0
16.875		0
17		0
17.125		0
17.25		0
17.375		0
17.5		0
17.625		0
17.75		0
17.875		0
18		0
18.125		0
18.25		0
18.375		0
18.5		0
18.625		0
18.75		0
18.875		0
19		0
19.125		0
19.25		0
19.375		0
19.5		0
19.625		0
19.75		0
19.875		0
20		0
20.125		0
20.25		0
20.375		0
20.5		0
20.625		0
20.75		0
20.875		0
21		0
21.125		0
21.25		0
21.375		0
21.5		0
21.625		0
21.75		0
21.875		0
22		0
22.125		0
22.25		0
22.375		0
22.5		0
22.625		0
22.75		0
22.875		0
23		0
23.125		0
23.25		0
23.375		0
23.5		0
23.625		0
23.75		0
23.875		0
24		0
24.125		0
24.25		0
24.375		0
24.5		0
24.625		0
24.75		0
24.875		0
25		0
25.125		0
25.25		0
25.375		0
25.5		0
25.625		0
25.75		0
25.875		0
26		0
26.125		0
26.25		0
26.375		0
26.5		0
26.625		0
26.75		0
26.875		0
27		0
27.125		0
27.25		0
27.375		0
27.5		0
27.625		0
27.75		0
27.875		0
28		0
28.125		0
28.25		0
28.375		0
28.5		0
28.625		0
28.75		0
28.875		0
29		0
29.125		0
29.25		0
29.375		0
29.5		0
29.625		0
29.75		0
29.875		0
30		0
30.125		0
30.25		0
30.375		0
30.5		0
30.625		0
30.75		0
30.875		0
31		0
31.125		0
31.25		0
31.375		0
31.5		0
31.625		0
31.75		0
31.875		0
32		0
32.125		0
32.25		0
32.375		0
32.5		0
32.625		0
32.75		0
32.875		0
33		0
33.125		0
33.25		0
33.375		0
33.5		0
33.625		0
33.75		0
33.875		0
34		0
34.125		0
34.25		0
34.375		0
34.5		0
34.625		0
34.75		0
34.875		0
35		0
35.125		0
35.25		0
35.375		0
35.5		0
35.625		0
35.75		0
35.875		0
36		0
36.125		0
36.25		0
36.375		0
36.5		0
36.625		0
36.75		0
36.875		0
37		0
37.125		0
37.25		0
37.375		0
37.5		0
37.625		0
37.75		0
37.875		0
38		0
38.125		0
38.25		0
38.375		0
38.5		0
38.625		0
38.75		0
38.875		0
39		0
39.125		0
39.25		0
39.375		0
39.5		0
39.625		0
39.75		0
39.875		0
40		0
40.125		0
40.25		0
40.375		0
40.5		0
40.625		0
40.75		0
40.875		0
41		0
41.125		0
41.25		0
41.375		0
41.5		0
41.625		0
41.75		0
41.875		0
42		0
42.125		0
42.25		0
42.375		0
42.5		0
42.625		0
42.75		0
42.875		0
43		0
43.125		0
43.25		0
43.375		0
43.5		0
43.625		0
43.75		0
43.875		0
44		0
44.125		0
44.25		0
44.375		0
44.5		0
44.625		0
44.75		0
44.875		0
45		0
45.125		0
45.25		0
45.375		0
45.5		0
45.625		0
45.75		0
45.875		0
46		0
46.125		0
46.25		0
46.375		0
46.5		0
46.625		0
46.75		0
46.875		0
47		0
47.125		0
47.25		0
47.375		0
47.5		0
47.625		0
47.75		0
47.875		0
48		0
48.125		0
48.25		0
48.375		0
48.5		0
48.625		0
48.75		0
48.875		0
49		0
49.125		0
49.25		0
49.375		0
49.5		0
49.625		0
49.75		0
49.875		0
50		0
50.125		0
50.25		0
50.375		0
50.5		0
50.625		0
50.75		0
50.875		0
51		0
51.125		0
51.25		0
51.375		0
51.5		0
51.625		0
51.75		0
51.875		0
52		0
52.125		0
52.25		0
52.375		0
52.5		0
52.625		0
52.75		0
52.875		0
53		0
53.125		0
53.25		0
53.375		0
53.5		0
53.625		0
53.75		0
53.875		0
54		0
54.125		0
54.25		0
54.375		0
54.5		0
54.625		0
54.75		0
54.875		0
55		0
55.125		0
55.25		0
55.375		0
55.5		0
55.625		0
55.75		0
55.875		0
56		0
56.125		0
56.25		0
56.375		0
56.5		0
56.625		0
56.75		0
56.875		0
57		0
57.125		0
57.25		0
57.375		0
57.5		0
57.625		0
57.75		0
57.875		0
58		0
58.125		0
58.25		0
58.375		0
58.5		0
58.625		0
58.75		0
58.875		0
59		0
59.125		0
59.25		0
59.375		0
59.5		0
59.625		0
59.75		0
59.875		0
60		0
60.125		0
60.25		0
60.375		0
60.5		0
60.625		0
60.75		0
60.875		0
61		0
61.125		0
61.25		0
61.375		0
61.5		0
61.625		0
61.75		0
61.875		0
62		0
62.125		0
62.25		0
62.375		0
62.5		0
62.625		0
62.75		0
62.875		0
63		0
63.125		0
63.25		0
63.375		0
63.5		0
63.625		0
63.75		0
63.875		0
64		0
64.125		0
64.25		0
64.375		0
64.5		0
64.625		0
64.75		0
64.875		0
65		0
65.125		0
65.25		0
65.375		0
65.5		0
65.625		0
65.75		0
65.875		0
66		0
66.125		0
66.25		0
66.375		0
66.5		0
66.625		0
66.75		0
66.875		0
67		0
67.125		0
67.25		0
67.375		0
67.5		0
67.625		0
67.75		0
67.875		0
68		0
68.125		0
68.25		0
68.375		0
68.5		0
68.625		0
68.75		0
68.875		0
69		0
69.125		0
69.25		0
69.375		0
69.5		0
69.625		0
69.75		0
69.875		0
70		0
70.125		0
70.25		0
70.375		0
70.5		0
70.625		0
70.75		0
70.875		0
71		0
71.125		0
71.25		0
71.375		0
71.5		0
71.625		0
71.75		0
71.875		0
72		0
72.125		0
72.25		0
72.375		0
72.5		0
72.625		0
72.75		0
72.875		0
73		0
73.125		0
73.25		0
73.375		0
73.5		0
73.625		0
73.75		0
73.875		0
74		0
74.125		0
74.25		0
74.375		0
74.5		0
74.625		0
74.75		0
74.875		0
75		0
75.125		0
75.25		0
75.375		0
75.5		0
75.625		0
75.75		0
75.875		0
76		0
76.125		0
76.25		0
76.375		0
76.5		0
76.625		0
76.75		0
76.875		0
77		0
77.125		0
77.25		0
77.375		0
77.5		0
77.625		0
77.75		0
77.875		0
78		0
78.125		0
78.25		0
78.375		0
78.5		0
78.625		0
78.75		0
78.875		0
79		0
79.125		0
79.25		0
79.375		0
79.5		0
79.625		0
79.75		0
79.875		0
80		0
80.125		0.0508163
80.25		0.0508163
80.375		0.0508163
80.5		0.0508163
80.625		0.0508163
80.75		0.0508163
80.875		0.0508163
81		0.0508163
81.125		0.0508163
81.25		0.0508163
81.375		0.0508163
81.5		0.0508163
81.625		0.0508163
81.75		0.0508163
81.875		0.0508163
82		0.0508163
82.125		0.0508163
82.25		0.0508163
82.375		0.0508163
82.5		0.0508163
82.625		0.0508163
82.75		0.0508163
82.875		0.0508163
83		0.0508163
83.125		0.0508163
83.25		0.0508163
83.375		0.0508163
83.5		0.0508163
83.625		0.0508163
83.75		0.0508163
83.875		0.0508163
84		0.0508163
84.125		0.0508163
84.25		0.0508163
84.375		0.0508163
84.5		0.0508163
84.625		0.0508163
84.75		0.0508163
84.875		0.0508163
85		0.0508163
85.125		0.0595832
85.25		0.0595832
85.375		0.0595832
85.5		0.0595832
85.625		0.0595832
85.75		0.0595832
85.875		0.0595832
86		0.0595832
86.125		0.0595832
86.25		0.0595832
86.375		0.0595832
86.5		0.0595832
86.625		0.0595832
86.75		0.0595832
86.875		0.0595832
87		0.0595832
87.125		0.0595832
87.25		0.0595832
87.375		0.0595832
87.5		0.0595832
87.625		0.0595832
87.75		0.0595832
87.875		0.0595832
88		0.0595832
88.125		0.0595832
88.25		0.0595832
88.375		0.0595832
88.5		0.0595832
88.625		0.0595832
88.75		0.0595832
88.875		0.0595832
89		0.0595832
89.125		0.0595832
89.25		0.0595832
89.375		0.0595832
89.5		0.0595832
89.625		0.0595832
89.75		0.0595832
89.875		0.0595832
90		0.0595832
90.125		0.0637304
90.25		0.0637304
90.375		0.0637304
90.5		0.0637304
90.625		0.0637304
90.75		0.0637304
90.875		0.0637304
91		0.0637304
91.125		0.0637304
91.25		0.0637304
91.375		0.0637304
91.5		0.0637304
91.625		0.0637304
91.75		0.0637304
91.875		0.0637304
92		0.0637304
92.125		0.0637304
92.25		0.0637304
92.375		0.0637304
92.5		0.0637304
92.625		0.0637304
92.75		0.0637304
92.875		0.0637304
93		0.0637304
93.125		0.0637304
93.25		0.0637304
93.375		0.0637304
93.5		0.0637304
93.625		0.0637304
93.75		0.0637304
93.875		0.0637304
94		0.0637304
94.125		0.0637304
94.25		0.0637304
94.375		0.0637304
94.5		0.0637304
94.625		0.0637304
94.75		0.0637304
94.875		0.0637304
95		0.0637304
95.125		0.0727597
95.25		0.0727597
95.375		0.0727597
95.5		0.0727597
95.625		0.0727597
95.75		0.0727597
95.875		0.0727597
96		0.0727597
96.125		0.0727597
96.25		0.0727597
96.375		0.0727597
96.5		0.0727597
96.625		0.0727597
96.75		0.0727597
96.875		0.0727597
97		0.0727597
97.125		0.0727597
97.25		0.0727597
97.375		0.0727597
97.5		0.0727597
97.625		0.0727597
97.75		0.0727597
97.875		0.0727597
98		0.0727597
98.125		0.0727597
98.25		0.0727597
98.375		0.0727597
98.5		0.0727597
98.625		0.0727597
98.75		0.0727597
98.875		0.0727597
99		0.0727597
99.125		0.0727597
99.25		0.0727597
99.375		0.0727597
99.5		0.0727597
99.625		0.0727597
99.75		0.0727597
99.875		0.0727597
100		0.0727597
100.125		0.109245
100.25		0.109245
100.375		0.109245
100.5		0.109245
100.625		0.109245
100.75		0.109245
100.875		0.109245
101		0.109245
101.125		0.109245
101.25		0.109245
101.375		0.109245
101.5		0.109245
101.625		0.109245
101.75		0.109245
101.875		0.109245
102		0.109245
102.125		0.109245
102.25		0.109245
102.375		0.109245
102.5		0.109245
102.625		0.109245
102.75		0.109245
102.875		0.109245
103		0.109245
103.125		0.109245
103.25		0.109245
103.375		0.109245
103.5		0.109245
103.625		0.109245
103.75		0.109245
103.875		0.109245
104		0.109245
104.125		0.109245
104.25		0.109245
104.375		0.109245
104.5		0.109245
104.625		0.109245
104.75		0.109245
104.875		0.109245
105		0.109245
105.125		0.117276
105.25		0.117276
105.375		0.117276
105.5		0.117276
105.625		0.117276
105.75		0.117276
105.875		0.117276
106		0.117276
106.125		0.117276
106.25		0.117276
106.375		0.117276
106.5		0.117276
106.625		0.117276
106.75		0.117276
106.875		0.117276
107		0.117276
107.125		0.117276
107.25		0.117276
107.375		0.117276
107.5		0.117276
107.625		0.117276
107.75		0.117276
107.875		0.117276
108		0.117276
108.125		0.117276
108.25		0.117276
108.375		0.117276
108.5		0.117276
108.625		0.117276
108.75		0.117276
108.875		0.117276
109		0.117276
109.125		0.117276
109.25		0.117276
109.375		0.117276
109.5		0.117276
109.625		0.117276
109.75		0.117276
109.875		0.117276
110		0.117276
110.125		0.121581
110.25		0.121581
110.375		0.121581
110.5		0.121581
110.625		0.121581
110.75		0.121581
110.875		0.121581
111		0.121581
111.125		0.121581
111.25		0.121581
111.375		0.121581
111.5		0.121581
111.625		0.121581
111.75		0.121581
111.875		0.121581
112		0.121581
112.125		0.121581
112.25		0.121581
112.375		0.121581
112.5		0.121581
112.625		0.121581
112.75		0.121581
112.875		0.121581
113		0.121581
113.125		0.121581
113.25		0.121581
113.375		0.121581
113.5		0.121581
113.625		0.121581
113.75		0.121581
113.875		0.121581
114		0.121581
114.125		0.121581
114.25		0.121581
114.375		0.121581
114.5		0.121581
114.625		0.121581
114.75		0.121581
114.875		0.121581
115		0.121581
115.125		0.134023
115.25		0.134023
115.375		0.134023
115.5		0.134023
115.625		0.134023
115.75		0.134023
115.875		0.134023
116		0.134023
116.125		0.134023
116.25		0.134023
116.375		0.134023
116.5		0.134023
116.625		0.134023
116.75		0.134023
116.875		0.134023
117		0.134023
117.125		0.134023
117.25		0.134023
117.375		0.134023
117.5		0.134023
117.625		0.134023
117.75		0.134023
117.875		0.134023
118		0.134023
118.125		0.134023
118.25		0.134023
118.375		0.134023
118.5		0.134023
118.625		0.134023
118.75		0.134023
118.875		0.134023
119		0.134023
119.125		0.134023
119.25		0.134023
119.375		0.134023
119.5		0.134023
119.625		0.134023
119.75		0.134023
119.875		0.134023
120		0.134023
120.125		0.149457
120.25		0.149457
120.375		0.149457
120.5		0.149457
120.625		0.149457
120.75		0.149457
120.875		0.149457
121		0.149457
121.125		0.149457
121.25		0.149457
121.375		0.149457
121.5		0.149457
121.625		0.149457
121.75		0.149457
121.875		0.149457
122		0.149457
122.125		0.149457
122.25		0.149457
122.375		0.149457
122.5		0.149457
122.625		0.149457
122.75		0.149457
122.875		0.149457
123		0.149457
123.125		0.149457
123.25		0.149457
123.375		0.149457
123.5		0.149457
123.625		0.149457
123.75		0.149457
123.875		0.149457
124		0.149457
124.125		0.149457
124.25		0.149457
124.375		0.149457
124.5		0.149457
124.625		0.149457
124.75		0.149457
124.875		0.149457
125		0.149457
125.125		0.161216
125.25		0.161216
125.375		0.161216
125.5		0.161216
125.625		0.161216
125.75		0.161216
125.875		0.161216
126		0.161216
126.125		0.161216
126.25		0.161216
126.375		0.161216
126.5		0.161216
126.625		0.161216
126.75		0.161216
126.875		0.161216
127		0.161216
127.125		0.161216
127.25		0.161216
127.375		0.161216
127.5		0.161216
127.625		0.161216
127.75		0.161216
127.875		0.161216
128		0.161216
128.125		0.161216
128.25		0.161216
128.375		0.161216
128.5		0.161216
128.625		0.161216
128.75		0.161216
128.875		0.161216
129		0.161216
129.125		0.161216
129.25		0.161216
129.375		0.161216
129.5		0.161216
129.625		0.161216
129.75		0.161216
129.875		0.161216
130		0.161216
130.125		0.167515
130.25		0.167515
130.375		0.167515
130.5		0.167515
130.625		0.167515
130.75		0.167515
130.875		0.167515
131		0.167515
131.125		0.167515
131.25		0.167515
131.375		0.167515
131.5		0.167515
131.625		0.167515
131.75		0.167515
131.875		0.167515
132		0.167515
132.125		0.167515
132.25		0.167515
132.375		0.167515
132.5		0.167515
132.625		0.167515
132.75		0.167515
132.875		0.167515
133		0.167515
133.125		0.167515
133.25		0.167515
133.375		0.167515
133.5		0.167515
133.625		0.167515
133.75		0.167515
133.875		0.167515
134		0.167515
134.125		0.167515
134.25		0.167515
134.375		0.167515
134.5		0.167515
134.625		0.167515
134.75		0.167515
134.875		0.167515
135		0.167515
135.125		0.173342
135.25		0.173342
135.375		0.173342
135.5		0.173342
135.625		0.173342
135.75		0.173342
135.875		0.173342
136		0.173342
136.125		0.173342
136.25		0.173342
136.375		0.173342
136.5		0.173342
136.625		0.173342
136.75		0.173342
136.875		0.173342
137		0.173342
137.125		0.173342
137.25		0.173342
137.375		0.173342
137.5		0.173342
137.625		0.173342
137.75		0.173342
137.875		0.173342
138		0.173342
138.125		0.173342
138.25		0.173342
138.375		0.173342
138.5		0.173342
138.625		0.173342
138.75		0.173342
138.875		0.173342
139		0.173342
139.125		0.173342
139.25		0.173342
139.375		0.173342
139.5		0.173342
139.625		0.173342
139.75		0.173342
139.875		0.173342
140		0.173342
140.125		0.186099
140.25		0.186099
140.375		0.186099
140.5		0.186099
140.625		0.186099
140.75		0.186099
140.875		0.186099
141		0.186099
141.125		0.186099
141.25		0.186099
141.375		0.186099
141.5		0.186099
141.625		0.186099
141.75		0.186099
141.875		0.186099
142		0.186099
142.125		0.186099
142.25		0.186099
142.375		0.186099
142.5		0.186099
142.625		0.186099
142.75		0.186099
142.875		0.186099
143		0.186099
143.125		0.186099
143.25		0.186099
143.375		0.186099
143.5		0.186099
143.625		0.186099
143.75		0.186099
143.875		0.186099
144		0.186099
144.125		0.186099
144.25		0.186099
144.375		0.186099
144.5		0.186099
144.625		0.186099
144.75		0.186099
144.875		0.186099
145		0.186099
145.125		0.213397
145.25		0.213397
145.375		0.213397
145.5		0.213397
145.625		0.213397
145.75		0.213397
145.875		0.213397
146		0.213397
146.125		0.213397
146.25		0.213397
146.375		0.213397
146.5		0.213397
146.625		0.213397
146.75		0.213397
146.875		0.213397
147		0.213397
147.125		0.213397
147.25		0.213397
147.375		0.213397
147.5		0.213397
147.625		0.213397
147.75		0.213397
147.875		0.213397
148		0.213397
148.125		0.213397
148.25		0.213397
148.375		0.213397
148.5		0.213397
148.625		0.213397
148.75		0.213397
148.875		0.213397
149		0.213397
149.125		0.213397
149.25		0.213397
149.375		0.213397
149.5		0.213397
149.625		0.213397
149.75		0.213397
149.875		0.213397
150		0.213397
150.125		0.215234
150.25		0.215234
150.375		0.215234
150.5		0.215234
150.625		0.215234
150.75		0.215234
150.875		0.215234
151		0.215234
151.125		0.215234
151.25		0.215234
151.375		0.215234
151.5		0.215234
151.625		0.215234
151.75		0.215234
151.875		0.215234
152		0.215234
152.125		0.215234
152.25		0.215234
152.375		0.215234
152.5		0.215234
152.625		0.215234
152.75		0.215234
152.875		0.215234
153		0.215234
153.125		0.215234
153.25		0.215234
153.375		0.215234
153.5		0.215234
153.625		0.215234
153.75		0.215234
153.875		0.215234
154		0.215234
154.125		0.215234
154.25		0.215234
154.375		0.215234
154.5		0.215234
154.625		0.215234
154.75		0.215234
154.875		0.215234
155		0.215234
155.125		0.220484
155.25		0.220484
155.375		0.220484
155.5		0.220484
155.625		0.220484
155.75		0.220484
155.875		0.220484
156		0.220484
156.125		0.220484
156.25		0.220484
156.375		0.220484
156.5		0.220484
156.625		0.220484
156.75		0.220484
156.875		0.220484
157		0.220484
157.125		0.220484
157.25		0.220484
157.375		0.220484
157.5		0.220484
157.625		0.220484
157.75		0.220484
157.875		0.220484
158		0.220484
158.125		0.220484
158.25		0.220484
158.375		0.220484
158.5		0.220484
158.625		0.220484
158.75		0.220484
158.875		0.220484
159		0.220484
159.125		0.220484
159.25		0.220484
159.375		0.220484
159.5		0.220484
159.625		0.220484
159.75		0.220484
159.875		0.220484
160		0.220484
160.125		0.239225
160.25		0.239225
160.375		0.239225
160.5		0.239225
160.625		0.239225
160.75		0.239225
160.875		0.239225
161		0.239225
161.125		0.239225
161.25		0.239225
161.375		0.239225
161.5		0.239225
161.625		0.239225
161.75		0.239225
161.875		0.239225
162		0.239225
162.125		0.239225
162.25		0.239225
162.375		0.239225
162.5		0.239225
162.625		0.239225
162.75		0.239225
162.875		0.239225
163		0.239225
163.125		0.239225
163.25		0.239225
163.375		0.239225
163.5		0.239225
163.625		0.239225
163.75		0.239225
163.875		0.239225
164		0.239225
164.125		0.239225
164.25		0.239225
164.375		0.239225
164.5		0.239225
164.625		0.239225
164.75		0.239225
164.875		0.239225
165		0.239225
165.125		0.252402
165.25		0.252402
165.375		0.252402
165.5		0.252402
165.625		0.252402
165.75		0.252402
165.875		0.252402
166		0.252402
166.125		0.252402
166.25		0.252402
166.375		0.252402
166.5		0.252402
166.625		0.252402
166.75		0.252402
166.875		0.252402
167		0.252402
167.125		0.252402
167.25		0.252402
167.375		0.252402
167.5		0.252402
167.625		0.252402
167.75		0.252402
167.875		0.252402
168		0.252402
168.125		0.252402
168.25		0.252402
168.375		0.252402
168.5		0.252402
168.625		0.252402
168.75		0.252402
168.875		0.252402
169		0.252402
169.125		0.252402
169.25		0.252402
169.375		0.252402
169.5		0.252402
169.625		0.252402
169.75		0.252402
169.875		0.252402
170		0.252402
170.125		0.253347
170.25		0.253347
170.375		0.253347
170.5		0.253347
170.625		0.253347
170.75		0.253347
170.875		0.253347
171		0.253347
171.125		0.253347
171.25		0.253347
171.375		0.253347
171.5		0.253347
171.625		0.253347
171.75		0.253347
171.875		0.253347
172		0.253347
172.125		0.253347
172.25		0.253347
172.375		0.253347
172.5		0.253347
172.625		0.253347
172.75		0.253347
172.875		0.253347
173		0.253347
173.125		0.253347
173.25		0.253347
173.375		0.253347
173.5		0.253347
173.625		0.253347
173.75		0.253347
173.875		0.253347
174		0.253347
174.125		0.253347
174.25		0.253347
174.375		0.253347
174.5		0.253347
174.625		0.253347
174.75		0.253347
174.875		0.253347
175		0.253347
175.125		0.257914
175.25		0.257914
175.375		0.257914
175.5		0.257914
175.625		0.257914
175.75		0.257914
175.875		0.257914
176		0.257914
176.125		0.257914
176.25		0.257914
176.375		0.257914
176.5		0.257914
176.625		0.257914
176.75		0.257914
176.875		0.257914
177		0.257914
177.125		0.257914
177.25		0.257914
177.375		0.257914
177.5		0.257914
177.625		0.257914
177.75		0.257914
177.875		0.257914
178		0.257914
178.125		0.257914
178.25		0.257914
178.375		0.257914
178.5		0.257914
178.625		0.257914
178.75		0.257914
178.875		0.257914
179		0.257914
179.125		0.257914
179.25		0.257914
179.375		0.257914
179.5		0.257914
179.625		0.257914
179.75		0.257914
179.875		0.257914
180		0.257914
180.125		0.283899
180.25		0.283899
180.375		0.283899
180.5		0.283899
180.625		0.283899
180.75		0.283899
180.875		0.283899
181		0.283899
181.125		0.283899
181.25		0.283899
181.375		0.283899
181.5		0.283899
181.625		0.283899
181.75		0.283899
181.875		0.283899
182		0.283899
182.125		0.283899
182.25		0.283899
182.375		0.283899
182.5		0.283899
182.625		0.283899
182.75		0.283899
182.875		0.283899
183		0.283899
183.125		0.283899
183.25		0.283899
183.375		0.283899
183.5		0.283899
183.625		0.283899
183.75		0.283899
183.875		0.283899
184		0.283899
184.125		0.283899
184.25		0.283899
184.375		0.283899
184.5		0.283899
184.625		0.283899
184.75		0.283899
184.875		0.283899
185		0.283899
185.125		0.297811
185.25		0.297811
185.375		0.297811
185.5		0.297811
185.625		0.297811
185.75		0.297811
185.875		0.297811
186		0.297811
186.125		0.297811
186.25		0.297811
186.375		0.297811
186.5		0.297811
186.625		0.297811
186.75		0.297811
186.875		0.297811
187		0.297811
187.125		0.297811
187.25		0.297811
187.375		0.297811
187.5		0.297811
187.625		0.297811
187.75		0.297811
187.875		0.297811
188		0.297811
188.125		0.297811
188.25		0.297811
188.375		0.297811
188.5		0.297811
188.625		0.297811
188.75		0.297811
188.875		0.297811
189		0.297811
189.125		0.297811
189.25		0.297811
189.375		0.297811
189.5		0.297811
189.625		0.297811
189.75		0.297811
189.875		0.297811
190		0.297811
190.125		0.306578
190.25		0.306578
190.375		0.306578
190.5		0.306578
190.625		0.306578
190.75		0.306578
190.875		0.306578
191		0.306578
191.125		0.306578
191.25		0.306578
191.375		0.306578
191.5		0.306578
191.625		0.306578
191.75		0.306578
191.875		0.306578
192		0.306578
192.125		0.306578
192.25		0.306578
192.375		0.306578
192.5		0.306578
192.625		0.306578
192.75		0.306578
192.875		0.306578
193		0.306578
193.125		0.306578
193.25		0.306578
193.375		0.306578
193.5		0.306578
193.625		0.306578
193.75		0.306578
193.875		0.306578
194		0.306578
194.125		0.306578
194.25		0.306578
194.375		0.306578
194.5		0.306578
194.625		0.306578
194.75		0.306578
194.875		0.306578
195		0.306578
195.125		0.317182
195.25		0.317182
195.375		0.317182
195.5		0.317182
195.625		0.317182
195.75		0.317182
195.875		0.317182
196		0.317182
196.125		0.317182
196.25		0.317182
196.375		0.317182
196.5		0.317182
196.625		0.317182
196.75		0.317182
196.875		0.317182
197		0.317182
197.125		0.317182
197.25		0.317182
197.375		0.317182
197.5		0.317182
197.625		0.317182
197.75		0.317182
197.875		0.317182
198		0.317182
198.125		0.317182
198.25		0.317182
198.375		0.317182
198.5		0.317182
198.625		0.317182
198.75		0.317182
198.875		0.317182
199		0.317182
199.125		0.317182
199.25		0.317182
199.375		0.317182
199.5		0.317182
199.625		0.317182
199.75		0.317182
199.875		0.317182
200		0.317182
200.125		0.320069
200.25		0.320069
200.375		0.320069
200.5		0.320069
200.625		0.320069
200.75		0.320069
200.875		0.320069
201		0.320069
201.125		0.320069
201.25		0.320069
201.375		0.320069
201.5		0.320069
201.625		0.320069
201.75		0.320069
201.875		0.320069
202		0.320069
202.125		0.320069
202.25		0.320069
202.375		0.320069
202.5		0.320069
202.625		0.320069
202.75		0.320069
202.875		0.320069
203		0.320069
203.125		0.320069
203.25		0.320069
203.375		0.320069
203.5		0.320069
203.625		0.320069
203.75		0.320069
203.875		0.320069
204		0.320069
204.125		0.320069
204.25		0.320069
204.375		0.320069
204.5		0.320069
204.625		0.320069
204.75		0.320069
204.875		0.320069
205		0.320069
205.125		0.320279
205.25		0.320279
205.375		0.320279
205.5		0.320279
205.625		0.320279
205.75		0.320279
205.875		0.320279
206		0.320279
206.125		0.320279
206.25		0.320279
206.375		0.320279
206.5		0.320279
206.625		0.320279
206.75		0.320279
206.875		0.320279
207		0.320279
207.125		0.320279
207.25		0.320279
207.375		0.320279
207.5		0.320279
207.625		0.320279
207.75		0.320279
207.875		0.320279
208		0.320279
208.125		0.320279
208.25		0.320279
208.375		0.320279
208.5		0.320279
208.625		0.320279
208.75		0.320279
208.875		0.320279
209		0.320279
209.125		0.320279
209.25		0.320279
209.375		0.320279
209.5		0.320279
209.625		0.320279
209.75		0.320279
209.875		0.320279
210		0.320279
210.125		0.3491
210.25		0.3491
210.375		0.3491
210.5		0.3491
210.625		0.3491
210.75		0.3491
210.875		0.3491
211		0.3491
211.125		0.3491
211.25		0.3491
211.375		0.3491
211.5		0.3491
211.625		0.3491
211.75		0.3491
211.875		0.3491
212		0.3491
212.125		0.3491
212.25		0.3491
212.375		0.3491
212.5		0.3491
212.625		0.3491
212.75		0.3491
212.875		0.3491
213		0.3491
213.125		0.3491
213.25		0.3491
213.375		0.3491
213.5		0.3491
213.625		0.3491
213.75		0.3491
213.875		0.3491
214		0.3491
214.125		0.3491
214.25		0.3491
214.375		0.3491
214.5		0.3491
214.625		0.3491
214.75		0.3491
214.875		0.3491
215		0.3491
215.125		0.362224
215.25		0.362224
215.375		0.362224
215.5		0.362224
215.625		0.362224
215.75		0.362224
215.875		0.362224
216		0.362224
216.125		0.362224
216.25		0.362224
216.375		0.362224
216.5		0.362224
216.625		0.362224
216.75		0.362224
216.875		0.362224
217		0.362224
217.125		0.362224
217.25		0.362224
217.375		0.362224
217.5		0.362224
217.625		0.362224
217.75		0.362224
217.875		0.362224
218		0.362224
218.125		0.362224
218.25		0.362224
218.375		0.362224
218.5		0.362224
218.625		0.362224
218.75		0.362224
218.875		0.362224
219		0.362224
219.125		0.362224
219.25		0.362224
219.375		0.362224
219.5		0.362224
219.625		0.362224
219.75		0.362224
219.875		0.362224
220		0.362224
220.125		0.365426
220.25		0.365426
220.375		0.365426
220.5		0.365426
220.625		0.365426
220.75		0.365426
220.875		0.365426
221		0.365426
221.125		0.365426
221.25		0.365426
221.375		0.365426
221.5		0.365426
221.625		0.365426
221.75		0.365426
221.875		0.365426
222		0.365426
222.125		0.365426
222.25		0.365426
222.375		0.365426
222.5		0.365426
222.625		0.365426
222.75		0.365426
222.875		0.365426
223		0.365426
223.125		0.365426
223.25		0.365426
223.375		0.365426
223.5		0.365426
223.625		0.365426
223.75		0.365426
223.875		0.365426
224		0.365426
224.125		0.365426
224.25		0.365426
224.375		0.365426
224.5		0.365426
224.625		0.365426
224.75		0.365426
224.875		0.365426
225		0.365426
225.125		0.385165
225.25		0.385165
225.375		0.385165
225.5		0.385165
225.625		0.385165
225.75		0.385165
225.875		0.385165
226		0.385165
226.125		0.385165
226.25		0.385165
226.375		0.385165
226.5		0.385165
226.625		0.385165
226.75		0.385165
226.875		0.385165
227		0.385165
227.125		0.385165
227.25		0.385165
227.375		0.385165
227.5		0.385165
227.625		0.385165
227.75		0.385165
227.875		0.385165
228		0.385165
228.125		0.385165
228.25		0.385165
228.375		0.385165
228.5		0.385165
228.625		0.385165
228.75		0.385165
228.875		0.385165
229		0.385165
229.125		0.385165
229.25		0.385165
229.375		0.385165
229.5		0.385165
229.625		0.385165
229.75		0.385165
229.875		0.385165
230		0.385165
230.125		0.392777
230.25		0.392777
230.375		0.392777
230.5		0.392777
230.625		0.392777
230.75		0.392777
230.875		0.392777
231		0.392777
231.125		0.392777
231.25		0.392777
231.375		0.392777
231.5		0.392777
231.625		0.392777
231.75		0.392777
231.875		0.392777
232		0.392777
232.125		0.392777
232.25		0.392777
232.375		0.392777
232.5		0.392777
232.625		0.392777
232.75		0.392777
232.875		0.392777
233		0.392777
233.125		0.392777
233.25		0.392777
233.375		0.392777
233.5		0.392777
233.625		0.392777
233.75		0.392777
233.875		0.392777
234		0.392777
234.125		0.392777
234.25		0.392777
234.375		0.392777
234.5		0.392777
234.625		0.392777
234.75		0.392777
234.875		0.392777
235		0.392777
235.125		0.400073
235.25		0.400073
235.375		0.400073
235.5		0.400073
235.625		0.400073
235.75		0.400073
235.875		0.400073
236		0.400073
236.125		0.400073
236.25		0.400073
236.375		0.400073
236.5		0.400073
236.625		0.400073
236.75		0.400073
236.875		0.400073
237		0.400073
237.125		0.400073
237.25		0.400073
237.375		0.400073
237.5		0.400073
237.625		0.400073
237.75		0.400073
237.875		0.400073
238		0.400073
238.125		0.400073
238.25		0.400073
238.375		0.400073
238.5		0.400073
238.625		0.400073
238.75		0.400073
238.875		0.400073
239		0.400073
239.125		0.400073
239.25		0.400073
239.375		0.400073
239.5		0.400073
239.625		0.400073
239.75		0.400073
239.875		0.400073
240		0.400073
240.125		0.417975
240.25		0.417975
240.375		0.417975
240.5		0.417975
240.625		0.417975
240.75		0.417975
240.875		0.417975
241		0.417975
241.125		0.417975
241.25		0.417975
241.375		0.417975
241.5		0.417975
241.625		0.417975
241.75		0.417975
241.875		0.417975
242		0.417975
242.125		0.417975
242.25		0.417975
242.375		0.417975
242.5		0.417975
242.625		0.417975
242.75		0.417975
242.875		0.417975
243		0.417975
243.125		0.417975
243.25		0.417975
243.375		0.417975
243.5		0.417975
243.625		0.417975
243.75		0.417975
243.875		0.417975
244		0.417975
244.125		0.417975
244.25		0.417975
244.375		0.417975
244.5		0.417975
244.625		0.417975
244.75		0.417975
244.875		0.417975
245		0.417975
245.125		0.422962
245.25		0.422962
245.375		0.422962
245.5		0.422962
245.625		0.422962
245.75		0.422962
245.875		0.422962
246		0.422962
246.125		0.422962
246.25		0.422962
246.375		0.422962
246.5		0.422962
246.625		0.422962
246.75		0.422962
246.875		0.422962
247		0.422962
247.125		0.422962
247.25		0.422962
247.375		0.422962
247.5		0.422962
247.625		0.422962
247.75		0.422962
247.875		0.422962
248		0.422962
248.125		0.422962
248.25		0.422962
248.375		0.422962
248.5		0.422962
248.625		0.422962
248.75		0.422962
248.875		0.422962
249		0.422962
249.125		0.422962
249.25		0.422962
249.375		0.422962
249.5		0.422962
249.625		0.422962
249.75		0.422962
249.875		0.422962
250		0.422962
250.125		0.450417
250.25		0.450417
250.375		0.450417
250.5		0.450417
250.625		0.450417
250.75		0.450417
250.875		0.450417
251		0.450417
251.125		0.450417
251.25		0.450417
251.375		0.450417
251.5		0.450417
251.625		0.450417
251.75		0.450417
251.875		0.450417
252		0.450417
252.125		0.450417
252.25		0.450417
252.375		0.450417
252.5		0.450417
252.625		0.450417
252.75		0.450417
252.875		0.450417
253		0.450417
253.125		0.450417
253.25		0.450417
253.375		0.450417
253.5		0.450417
253.625		0.450417
253.75		0.450417
253.875		0.450417
254		0.450417
254.125		0.450417
254.25		0.450417
254.375		0.450417
254.5		0.450417
254.625		0.450417
254.75		0.450417
254.875		0.450417
255		0.450417
255.125		0.455299
255.25		0.455299
255.375		0.455299
255.5		0.455299
255.625		0.455299
255.75		0.455299
255.875		0.455299
256		0.455299
256.125		0.455299
256.25		0.455299
256.375		0.455299
256.5		0.455299
256.625		0.455299
256.75		0.455299
256.875		0.455299
257		0.455299
257.125		0.455299
257.25		0.455299
257.375		0.455299
257.5		0.455299
257.625		0.455299
257.75		0.455299
257.875		0.455299
258		0.455299
258.125		0.455299
258.25		0.455299
258.375		0.455299
258.5		0.455299
258.625		0.455299
258.75		0.455299
258.875		0.455299
259		0.455299
259.125		0.455299
259.25		0.455299
259.375		0.455299
259.5		0.455299
259.625		0.455299
259.75		0.455299
259.875		0.455299
260		0.455299
260.125		0.459604
260.25		0.459604
260.375		0.459604
260.5		0.459604
260.625		0.459604
260.75		0.459604
260.875		0.459604
261		0.459604
261.125		0.459604
261.25		0.459604
261.375		0.459604
261.5		0.459604
261.625		0.459604
261.75		0.459604
261.875		0.459604
262		0.459604
262.125		0.459604
262.25		0.459604
262.375		0.459604
262.5		0.459604
262.625		0.459604
262.75		0.459604
262.875		0.459604
263		0.459604
263.125		0.459604
263.25		0.459604
263.375		0.459604
263.5		0.459604
263.625		0.459604
263.75		0.459604
263.875		0.459604
264		0.459604
264.125		0.459604
264.25		0.459604
264.375		0.459604
264.5		0.459604
264.625		0.459604
264.75		0.459604
264.875		0.459604
265		0.459604
265.125		0.477295
265.25		0.477295
265.375		0.477295
265.5		0.477295
265.625		0.477295
265.75		0.477295
265.875		0.477295
266		0.477295
266.125		0.477295
266.25		0.477295
266.375		0.477295
266.5		0.477295
266.625		0.477295
266.75		0.477295
266.875		0.477295
267		0.477295
267.125		0.477295
267.25		0.477295
267.375		0.477295
267.5		0.477295
267.625		0.477295
267.75		0.477295
267.875		0.477295
268		0.477295
268.125		0.477295
268.25		0.477295
268.375		0.477295
268.5		0.477295
268.625		0.477295
268.75		0.477295
268.875		0.477295
269		0.477295
269.125		0.477295
269.25		0.477295
269.375		0.477295
269.5		0.477295
269.625		0.477295
269.75		0.477295
269.875		0.477295
270		0.477295
270.125		0.495039
270.25		0.495039
270.375		0.495039
270.5		0.495039
270.625		0.495039
270.75		0.495039
270.875		0.495039
271		0.495039
271.125		0.495039
271.25		0.495039
271.375		0.495039
271.5		0.495039
271.625		0.495039
271.75		0.495039
271.875		0.495039
272		0.495039
272.125		0.495039
272.25		0.495039
272.375		0.495039
272.5		0.495039
272.625		0.495039
272.75		0.495039
272.875		0.495039
273		0.495039
273.125		0.495039
273.25		0.495039
273.375		0.495039
273.5		0.495039
273.625		0.495039
273.75		0.495039
273.875		0.495039
274		0.495039
274.125		0.495039
274.25		0.495039
274.375		0.495039
274.5		0.495039
274.625		0.495039
274.75		0.495039
274.875		0.495039
275		0.495039
275.125		0.500866
275.25		0.500866
275.375		0.500866
275.5		0.500866
275.625		0.500866
275.75		0.500866
275.875		0.500866
276		0.500866
276.125		0.500866
276.25		0.500866
276.375		0.500866
276.5		0.500866
276.625		0.500866
276.75		0.500866
276.875		0.500866
277		0.500866
277.125		0.500866
277.25		0.500866
277.375		0.500866
277.5		0.500866
277.625		0.500866
277.75		0.500866
277.875		0.500866
278		0.500866
278.125		0.500866
278.25		0.500866
278.375		0.500866
278.5		0.500866
278.625		0.500866
278.75		0.500866
278.875		0.500866
279		0.500866
279.125		0.500866
279.25		0.500866
279.375		0.500866
279.5		0.500866
279.625		0.500866
279.75		0.500866
279.875		0.500866
280		0.500866
280.125		0.515618
280.25		0.515618
280.375		0.515618
280.5		0.515618
280.625		0.515618
280.75		0.515618
280.875		0.515618
281		0.515618
281.125		0.515618
281.25		0.515618
281.375		0.515618
281.5		0.515618
281.625		0.515618
281.75		0.515618
281.875		0.515618
282		0.515618
282.125		0.515618
282.25		0.515618
282.375		0.515618
282.5		0.515618
282.625		0.515618
282.75		0.515618
282.875		0.515618
283		0.515618
283.125		0.515618
283.25		0.515618
283.375		0.515618
283.5		0.515618
283.625		0.515618
283.75		0.515618
283.875		0.515618
284		0.515618
284.125		0.515618
284.25		0.515618
284.375		0.515618
284.5		0.515618
284.625		0.515618
284.75		0.515618
284.875		0.515618
285		0.515618
285.125		0.524962
285.25		0.524962
285.375		0.524962
285.5		0.524962
285.625		0.524962
285.75		0.524962
285.875		0.524962
286		0.524962
286.125		0.524962
286.25		0.524962
286.375		0.524962
286.5		0.524962
286.625		0.524962
286.75		0.524962
286.875		0.524962
287		0.524962
287.125		0.524962
287.25		0.524962
287.375		0.524962
287.5		0.524962
287.625		0.524962
287.75		0.524962
287.875		0.524962
288		0.524962
288.125		0.524962
288.25		0.524962
288.375		0.524962
288.5		0.524962
288.625		0.524962
288.75		0.524962
288.875		0.524962
289		0.524962
289.125		0.524962
289.25		0.524962
289.375		0.524962
289.5		0.524962
289.625		0.524962
289.75		0.524962
289.875		0.524962
290		0.524962
290.125		0.545173
290.25		0.545173
290.375		0.545173
290.5		0.545173
290.625		0.545173
290.75		0.545173
290.875		0.545173
291		0.545173
291.125		0.545173
291.25		0.545173
291.375		0.545173
291.5		0.545173
291.625		0.545173
291.75		0.545173
291.875		0.545173
292		0.545173
292.125		0.545173
292.25		0.545173
292.375		0.545173
292.5		0.545173
292.625		0.545173
292.75		0.545173
292.875		0.545173
293		0.545173
293.125		0.545173
293.25		0.545173
293.375		0.545173
293.5		0.545173
293.625		0.545173
293.75		0.545173
293.875		0.545173
294		0.545173
294.125		0.545173
294.25		0.545173
294.375		0.545173
294.5		0.545173
294.625		0.545173
294.75		0.545173
294.875		0.545173
295		0.545173
295.125		0.55184
295.25		0.55184
295.375		0.55184
295.5		0.55184
295.625		0.55184
295.75		0.55184
295.875		0.55184
296		0.55184
296.125		0.55184
296.25		0.55184
296.375		0.55184
296.5		0.55184
296.625		0.55184
296.75		0.55184
296.875		0.55184
297		0.55184
297.125		0.55184
297.25		0.55184
297.375		0.55184
297.5		0.55184
297.625		0.55184
297.75		0.55184
297.875		0.55184
298		0.55184
298.125		0.55184
298.25		0.55184
298.375		0.55184
298.5		0.55184
298.625		0.55184
298.75		0.55184
298.875		0.55184
299		0.55184
299.125		0.55184
299.25		0.55184
299.375		0.55184
299.5		0.55184
299.625		0.55184
299.75		0.55184
299.875		0.55184
300		0.55184
300.125		0.557562
300.25		0.557562
300.375		0.557562
300.5		0.557562
300.625		0.557562
300.75		0.557562
300.875		0.557562
301		0.557562
301.125		0.557562
301.25		0.557562
301.375		0.557562
301.5		0.557562
301.625		0.557562
301.75		0.557562
301.875		0.557562
302		0.557562
302.125		0.557562
302.25		0.557562
302.375		0.557562
302.5		0.557562
302.625		0.557562
302.75		0.557562
302.875		0.557562
303		0.557562
303.125		0.557562
303.25		0.557562
303.375		0.557562
303.5		0.557562
303.625		0.557562
303.75		0.557562
303.875		0.557562
304		0.557562
304.125		0.557562
304.25		0.557562
304.375		0.557562
304.5		0.557562
304.625		0.557562
304.75		0.557562
304.875		0.557562
305		0.557562
305.125		0.558297
305.25		0.558297
305.375		0.558297
305.5		0.558297
305.625		0.558297
305.75		0.558297
305.875		0.558297
306		0.558297
306.125		0.558297
306.25		0.558297
306.375		0.558297
306.5		0.558297
306.625		0.558297
306.75		0.558297
306.875		0.558297
307		0.558297
307.125		0.558297
307.25		0.558297
307.375		0.558297
307.5		0.558297
307.625		0.558297
307.75		0.558297
307.875		0.558297
308		0.558297
308.125		0.558297
308.25		0.558297
308.375		0.558297
308.5		0.558297
308.625		0.558297
308.75		0.558297
308.875		0.558297
309		0.558297
309.125		0.558297
309.25		0.558297
309.375		0.558297
309.5		0.558297
309.625		0.558297
309.75		0.558297
309.875		0.558297
310		0.558297
310.125		0.591002
310.25		0.591002
310.375		0.591002
310.5		0.591002
310.625		0.591002
310.75		0.591002
310.875		0.591002
311		0.591002
311.125		0.591002
311.25		0.591002
311.375		0.591002
311.5		0.591002
311.625		0.591002
311.75		0.591002
311.875		0.591002
312		0.591002
312.125		0.591002
312.25		0.591002
312.375		0.591002
312.5		0.591002
312.625		0.591002
312.75		0.591002
312.875		0.591002
313		0.591002
313.125		0.591002
313.25		0.591002
313.375		0.591002
313.5		0.591002
313.625		0.591002
313.75		0.591002
313.875		0.591002
314		0.591002
314.125		0.591002
314.25		0.591002
314.375		0.591002
314.5		0.591002
314.625		0.591002
314.75		0.591002
314.875		0.591002
315		0.591002
315.125		0.596462
315.25		0.596462
315.375		0.596462
315.5		0.596462
315.625		0.596462
315.75		0.596462
315.875		0.596462
316		0.596462
316.125		0.596462
316.25		0.596462
316.375		0.596462
316.5		0.596462
316.625		0.596462
316.75		0.596462
316.875		0.596462
317		0.596462
317.125		0.596462
317.25		0.596462
317.375		0.596462
317.5		0.596462
317.625		0.596462
317.75		0.596462
317.875		0.596462
318		0.596462
318.125		0.596462
318.25		0.596462
318.375		0.596462
318.5		0.596462
318.625		0.596462
318.75		0.596462
318.875		0.596462
319		0.596462
319.125		0.596462
319.25		0.596462
319.375		0.596462
319.5		0.596462
319.625		0.596462
319.75		0.596462
319.875		0.596462
320		0.596462
320.125		0.614363
320.25		0.614363
320.375		0.614363
320.5		0.614363
320.625		0.614363
320.75		0.614363
320.875		0.614363
321		0.614363
321.125		0.614363
321.25		0.614363
321.375		0.614363
321.5		0.614363
321.625		0.614363
321.75		0.614363
321.875		0.614363
322		0.614363
322.125		0.614363
322.25		0.614363
322.375		0.614363
322.5		0.614363
322.625		0.614363
322.75		0.614363
322.875		0.614363
323		0.614363
323.125		0.614363
323.25		0.614363
323.375		0.614363
323.5		0.614363
323.625		0.614363
323.75		0.614363
323.875		0.614363
324		0.614363
324.125		0.614363
324.25		0.614363
324.375		0.614363
324.5		0.614363
324.625		0.614363
324.75		0.614363
324.875		0.614363
325		0.614363
325.125		0.62502
325.25		0.62502
325.375		0.62502
325.5		0.62502
325.625		0.62502
325.75		0.62502
325.875		0.62502
326		0.62502
326.125		0.62502
326.25		0.62502
326.375		0.62502
326.5		0.62502
326.625		0.62502
326.75		0.62502
326.875		0.62502
327		0.62502
327.125		0.62502
327.25		0.62502
327.375		0.62502
327.5		0.62502
327.625		0.62502
327.75		0.62502
327.875		0.62502
328		0.62502
328.125		0.62502
328.25		0.62502
328.375		0.62502
328.5		0.62502
328.625		0.62502
328.75		0.62502
328.875		0.62502
329		0.62502
329.125		0.62502
329.25		0.62502
329.375		0.62502
329.5		0.62502
329.625		0.62502
329.75		0.62502
329.875		0.62502
330		0.62502
330.125		0.632632
330.25		0.632632
330.375		0.632632
330.5		0.632632
330.625		0.632632
330.75		0.632632
330.875		0.632632
331		0.632632
331.125		0.632632
331.25		0.632632
331.375		0.632632
331.5		0.632632
331.625		0.632632
331.75		0.632632
331.875		0.632632
332		0.632632
332.125		0.632632
332.25		0.632632
332.375		0.632632
332.5		0.632632
332.625		0.632632
332.75		0.632632
332.875		0.632632
333		0.632632
333.125		0.632632
333.25		0.632632
333.375		0.632632
333.5		0.632632
333.625		0.632632
333.75		0.632632
333.875		0.632632
334		0.632632
334.125		0.632632
334.25		0.632632
334.375		0.632632
334.5		0.632632
334.625		0.632632
334.75		0.632632
334.875		0.632632
335		0.632632
335.125		0.641084
335.25		0.641084
335.375		0.641084
335.5		0.641084
335.625		0.641084
335.75		0.641084
335.875		0.641084
336		0.641084
336.125		0.641084
336.25		0.641084
336.375		0.641084
336.5		0.641084
336.625		0.641084
336.75		0.641084
336.875		0.641084
337		0.641084
337.125		0.641084
337.25		0.641084
337.375		0.641084
337.5		0.641084
337.625		0.641084
337.75		0.641084
337.875		0.641084
338		0.641084
338.125		0.641084
338.25		0.641084
338.375		0.641084
338.5		0.641084
338.625		0.641084
338.75		0.641084
338.875		0.641084
339		0.641084
339.125		0.641084
339.25		0.641084
339.375		0.641084
339.5		0.641084
339.625		0.641084
339.75		0.641084
339.875		0.641084
340		0.641084
340.125		0.651268
340.25		0.651268
340.375		0.651268
340.5		0.651268
340.625		0.651268
340.75		0.651268
340.875		0.651268
341		0.651268
341.125		0.651268
341.25		0.651268
341.375		0.651268
341.5		0.651268
341.625		0.651268
341.75		0.651268
341.875		0.651268
342		0.651268
342.125		0.651268
342.25		0.651268
342.375		0.651268
342.5		0.651268
342.625		0.651268
342.75		0.651268
342.875		0.651268
343		0.651268
343.125		0.651268
343.25		0.651268
343.375		0.651268
343.5		0.651268
343.625		0.651268
343.75		0.651268
343.875		0.651268
344		0.651268
344.125		0.651268
344.25		0.651268
344.375		0.651268
344.5		0.651268
344.625		0.651268
344.75		0.651268
344.875		0.651268
345		0.651268
345.125		0.65531
345.25		0.65531
345.375		0.65531
345.5		0.65531
345.625		0.65531
345.75		0.65531
345.875		0.65531
346		0.65531
346.125		0.65531
346.25		0.65531
346.375		0.65531
346.5		0.65531
346.625		0.65531
346.75		0.65531
346.875		0.65531
347		0.65531
347.125		0.65531
347.25		0.65531
347.375		0.65531
347.5		0.65531
347.625		0.65531
347.75		0.65531
347.875		0.65531
348		0.65531
348.125		0.65531
348.25		0.65531
348.375		0.65531
348.5		0.65531
348.625		0.65531
348.75		0.65531
348.875		0.65531
349		0.65531
349.125		0.65531
349.25		0.65531
349.375		0.65531
349.5		0.65531
349.625		0.65531
349.75		0.65531
349.875		0.65531
350		0.65531
350.125		0.676466
350.25		0.676466
350.375		0.676466
350.5		0.676466
350.625		0.676466
350.75		0.676466
350.875		0.676466
351		0.676466
351.125		0.676466
351.25		0.676466
351.375		0.676466
351.5		0.676466
351.625		0.676466
351.75		0.676466
351.875		0.676466
352		0.676466
352.125		0.676466
352.25		0.676466
352.375		0.676466
352.5		0.676466
352.625		0.676466
352.75		0.676466
352.875		0.676466
353		0.676466
353.125		0.676466
353.25		0.676466
353.375		0.676466
353.5		0.676466
353.625		0.676466
353.75		0.676466
353.875		0.676466
354		0.676466
354.125		0.676466
354.25		0.676466
354.375		0.676466
354.5		0.676466
354.625		0.676466
354.75		0.676466
354.875		0.676466
355		0.676466
355.125		0.68854
355.25		0.68854
355.375		0.68854
355.5		0.68854
355.625		0.68854
355.75		0.68854
355.875		0.68854
356		0.68854
356.125		0.68854
356.25		0.68854
356.375		0.68854
356.5		0.68854
356.625		0.68854
356.75		0.68854
356.875		0.68854
357		0.68854
357.125		0.68854
357.25		0.68854
357.375		0.68854
357.5		0.68854
357.625		0.68854
357.75		0.68854
357.875		0.68854
358		0.68854
358.125		0.68854
358.25		0.68854
358.375		0.68854
358.5		0.68854
358.625		0.68854
358.75		0.68854
358.875		0.68854
359		0.68854
359.125		0.68854
359.25		0.68854
359.375		0.68854
359.5		0.68854
359.625		0.68854
359.75		0.68854
359.875		0.68854
360		0.68854
360.125		0.697832
360.25		0.697832
360.375		0.697832
360.5		0.697832
360.625		0.697832
360.75		0.697832
360.875		0.697832
361		0.697832
361.125		0.697832
361.25		0.697832
361.375		0.697832
361.5		0.697832
361.625		0.697832
361.75		0.697832
361.875		0.697832
362		0.697832
362.125		0.697832
362.25		0.697832
362.375		0.697832
362.5		0.697832
362.625		0.697832
362.75		0.697832
362.875		0.697832
363		0.697832
363.125		0.697832
363.25		0.697832
363.375		0.697832
363.5		0.697832
363.625		0.697832
363.75		0.697832
363.875		0.697832
364		0.697832
364.125		0.697832
364.25		0.697832
364.375		0.697832
364.5		0.697832
364.625		0.697832
364.75		0.697832
364.875		0.697832
365		0.697832
365.125		0.704604
365.25		0.704604
365.375		0.704604
365.5		0.704604
365.625		0.704604
365.75		0.704604
365.875		0.704604
366		0.704604
366.125		0.704604
366.25		0.704604
366.375		0.704604
366.5		0.704604
366.625		0.704604
366.75		0.704604
366.875		0.704604
367		0.704604
367.125		0.704604
367.25		0.704604
367.375		0.704604
367.5		0.704604
367.625		0.704604
367.75		0.704604
367.875		0.704604
368		0.704604
368.125		0.704604
368.25		0.704604
368.375		0.704604
368.5		0.704604
368.625		0.704604
368.75		0.704604
368.875		0.704604
369		0.704604
369.125		0.704604
369.25		0.704604
369.375		0.704604
369.5		0.704604
369.625		0.704604
369.75		0.704604
369.875		0.704604
370		0.704604
370.125		0.71862
370.25		0.71862
370.375		0.71862
370.5		0.71862
370.625		0.71862
370.75		0.71862
370.875		0.71862
371		0.71862
371.125		0.71862
371.25		0.71862
371.375		0.71862
371.5		0.71862
371.625		0.71862
371.75		0.71862
371.875		0.71862
372		0.71862
372.125		0.71862
372.25		0.71862
372.375		0.71862
372.5		0.71862
372.625		0.71862
372.75		0.71862
372.875		0.71862
373		0.71862
373.125		0.71862
373.25		0.71862
373.375		0.71862
373.5		0.71862
373.625		0.71862
373.75		0.71862
373.875		0.71862
374		0.71862
374.125		0.71862
374.25		0.71862
374.375		0.71862
374.5		0.71862
374.625		0.71862
374.75		0.71862
374.875		0.71862
375		0.71862
375.125		0.739986
375.25		0.739986
375.375		0.739986
375.5		0.739986
375.625		0.739986
375.75		0.739986
375.875		0.739986
376		0.739986
376.125		0.739986
376.25		0.739986
376.375		0.739986
376.5		0.739986
376.625		0.739986
376.75		0.739986
376.875		0.739986
377		0.739986
377.125		0.739986
377.25		0.739986
377.375		0.739986
377.5		0.739986
377.625		0.739986
377.75		0.739986
377.875		0.739986
378		0.739986
378.125		0.739986
378.25		0.739986
378.375		0.739986
378.5		0.739986
378.625		0.739986
378.75		0.739986
378.875		0.739986
379		0.739986
379.125		0.739986
379.25		0.739986
379.375		0.739986
379.5		0.739986
379.625		0.739986
379.75		0.739986
379.875		0.739986
380		0.739986
380.125		0.75437
380.25		0.75437
380.375		0.75437
380.5		0.75437
380.625		0.75437
380.75		0.75437
380.875		0.75437
381		0.75437
381.125		0.75437
381.25		0.75437
381.375		0.75437
381.5		0.75437
381.625		0.75437
381.75		0.75437
381.875		0.75437
382		0.75437
382.125		0.75437
382.25		0.75437
382.375		0.75437
382.5		0.75437
382.625		0.75437
382.75		0.75437
382.875		0.75437
383		0.75437
383.125		0.75437
383.25		0.75437
383.375		0.75437
383.5		0.75437
383.625		0.75437
383.75		0.75437
383.875		0.75437
384		0.75437
384.125		0.75437
384.25		0.75437
384.375		0.75437
384.5		0.75437
384.625		0.75437
384.75		0.75437
384.875		0.75437
385		0.75437
385.125		0.757415
385.25		0.757415
385.375		0.757415
385.5		0.757415
385.625		0.757415
385.75		0.757415
385.875		0.757415
386		0.757415
386.125		0.757415
386.25		0.757415
386.375		0.757415
386.5		0.757415
386.625		0.757415
386.75		0.757415
386.875		0.757415
387		0.757415
387.125		0.757415
387.25		0.757415
387.375		0.757415
387.5		0.757415
387.625		0.757415
387.75		0.757415
387.875		0.757415
388		0.757415
388.125		0.757415
388.25		0.757415
388.375		0.757415
388.5		0.757415
388.625		0.757415
388.75		0.757415
388.875		0.757415
389		0.757415
389.125		0.757415
389.25		0.757415
389.375		0.757415
389.5		0.757415
389.625		0.757415
389.75		0.757415
389.875		0.757415
390		0.757415
390.125		0.765814
390.25		0.765814
390.375		0.765814
390.5		0.765814
390.625		0.765814
390.75		0.765814
390.875		0.765814
391		0.765814
391.125		0.765814
391.25		0.765814
391.375		0.765814
391.5		0.765814
391.625		0.765814
391.75		0.765814
391.875		0.765814
392		0.765814
392.125		0.765814
392.25		0.765814
392.375		0.765814
392.5		0.765814
392.625		0.765814
392.75		0.765814
392.875		0.765814
393		0.765814
393.125		0.765814
393.25		0.765814
393.375		0.765814
393.5		0.765814
393.625		0.765814
393.75		0.765814
393.875		0.765814
394		0.765814
394.125		0.765814
394.25		0.765814
394.375		0.765814
394.5		0.765814
394.625		0.765814
394.75		0.765814
394.875		0.765814
395		0.765814
395.125		0.777154
395.25		0.777154
395.375		0.777154
395.5		0.777154
395.625		0.777154
395.75		0.777154
395.875		0.777154
396		0.777154
396.125		0.777154
396.25		0.777154
396.375		0.777154
396.5		0.777154
396.625		0.777154
396.75		0.777154
396.875		0.777154
397		0.777154
397.125		0.777154
397.25		0.777154
397.375		0.777154
397.5		0.777154
397.625		0.777154
397.75		0.777154
397.875		0.777154
398		0.777154
398.125		0.777154
398.25		0.777154
398.375		0.777154
398.5		0.777154
398.625		0.777154
398.75		0.777154
398.875		0.777154
399		0.777154
399.125		0.777154
399.25		0.777154
399.375		0.777154
399.5		0.777154
399.625		0.777154
399.75		0.777154
399.875		0.777154
400		0.777154
400.125		0.787495
400.25		0.787495
400.375		0.787495
400.5		0.787495
400.625		0.787495
400.75		0.787495
400.875		0.787495
401		0.787495
401.125		0.787495
401.25		0.787495
401.375		0.787495
401.5		0.787495
401.625		0.787495
401.75		0.787495
401.875		0.787495
402		0.787495
402.125		0.787495
402.25		0.787495
402.375		0.787495
402.5		0.787495
402.625		0.787495
402.75		0.787495
402.875		0.787495
403		0.787495
403.125		0.787495
403.25		0.787495
403.375		0.787495
403.5		0.787495
403.625		0.787495
403.75		0.787495
403.875		0.787495
404		0.787495
404.125		0.787495
404.25		0.787495
404.375		0.787495
404.5		0.787495
404.625		0.787495
404.75		0.787495
404.875		0.787495
405		0.787495
405.125		0.810804
405.25		0.810804
405.375		0.810804
405.5		0.810804
405.625		0.810804
405.75		0.810804
405.875		0.810804
406		0.810804
406.125		0.810804
406.25		0.810804
406.375		0.810804
406.5		0.810804
406.625		0.810804
406.75		0.810804
406.875		0.810804
407		0.810804
407.125		0.810804
407.25		0.810804
407.375		0.810804
407.5		0.810804
407.625		0.810804
407.75		0.810804
407.875		0.810804
408		0.810804
408.125		0.810804
408.25		0.810804
408.375		0.810804
408.5		0.810804
408.625		0.810804
408.75		0.810804
408.875		0.810804
409		0.810804
409.125		0.810804
409.25		0.810804
409.375		0.810804
409.5		0.810804
409.625		0.810804
409.75		0.810804
409.875		0.810804
410		0.810804
410.125		0.812064
410.25		0.812064
410.375		0.812064
410.5		0.812064
410.625		0.812064
410.75		0.812064
410.875		0.812064
411		0.812064
411.125		0.812064
411.25		0.812064
411.375		0.812064
411.5		0.812064
411.625		0.812064
411.75		0.812064
411.875		0.812064
412		0.812064
412.125		0.812064
412.25		0.812064
412.375		0.812064
412.5		0.812064
412.625		0.812064
412.75		0.812064
412.875		0.812064
413		0.812064
413.125		0.812064
413.25		0.812064
413.375		0.812064
413.5		0.812064
413.625		0.812064
413.75		0.812064
413.875		0.812064
414		0.812064
414.125		0.812064
414.25		0.812064
414.375		0.812064
414.5		0.812064
414.625		0.812064
414.75		0.812064
414.875		0.812064
415		0.812064
415.125		0.820043
415.25		0.820043
415.375		0.820043
415.5		0.820043
415.625		0.820043
415.75		0.820043
415.875		0.820043
416		0.820043
416.125		0.820043
416.25		0.820043
416.375		0.820043
416.5		0.820043
416.625		0.820043
416.75		0.820043
416.875		0.820043
417		0.820043
417.125		0.820043
417.25		0.820043
417.375		0.820043
417.5		0.820043
417.625		0.820043
417.75		0.820043
417.875		0.820043
418		0.820043
418.125		0.820043
418.25		0.820043
418.375		0.820043
418.5		0.820043
418.625		0.820043
418.75		0.820043
418.875		0.820043
419		0.820043
419.125		0.820043
419.25		0.820043
419.375		0.820043
419.5		0.820043
419.625		0.820043
419.75		0.820043
419.875		0.820043
420		0.820043
420.125		0.830647
420.25		0.830647
420.375		0.830647
420.5		0.830647
420.625		0.830647
420.75		0.830647
420.875		0.830647
421		0.830647
421.125		0.830647
421.25		0.830647
421.375		0.830647
421.5		0.830647
421.625		0.830647
421.75		0.830647
421.875		0.830647
422		0.830647
422.125		0.830647
422.25		0.830647
422.375		0.830647
422.5		0.830647
422.625		0.830647
422.75		0.830647
422.875		0.830647
423		0.830647
423.125		0.830647
423.25		0.830647
423.375		0.830647
423.5		0.830647
423.625		0.830647
423.75		0.830647
423.875		0.830647
424		0.830647
424.125		0.830647
424.25		0.830647
424.375		0.830647
424.5		0.830647
424.625		0.830647
424.75		0.830647
424.875		0.830647
425		0.830647
425.125		0.847341
425.25		0.847341
425.375		0.847341
425.5		0.847341
425.625		0.847341
425.75		0.847341
425.875		0.847341
426		0.847341
426.125		0.847341
426.25		0.847341
426.375		0.847341
426.5		0.847341
426.625		0.847341
426.75		0.847341
426.875		0.847341
427		0.847341
427.125		0.847341
427.25		0.847341
427.375		0.847341
427.5		0.847341
427.625		0.847341
427.75		0.847341
427.875		0.847341
428		0.847341
428.125		0.847341
428.25		0.847341
428.375		0.847341
428.5		0.847341
428.625		0.847341
428.75		0.847341
428.875		0.847341
429		0.847341
429.125		0.847341
429.25		0.847341
429.375		0.847341
429.5		0.847341
429.625		0.847341
429.75		0.847341
429.875		0.847341
430		0.847341
430.125		0.854901
430.25		0.854901
430.375		0.854901
430.5		0.854901
430.625		0.854901
430.75		0.854901
430.875		0.854901
431		0.854901
431.125		0.854901
431.25		0.854901
431.375		0.854901
431.5		0.854901
431.625		0.854901
431.75		0.854901
431.875		0.854901
432		0.854901
432.125		0.854901
432.25		0.854901
432.375		0.854901
432.5		0.854901
432.625		0.854901
432.75		0.854901
432.875		0.854901
433		0.854901
433.125		0.854901
433.25		0.854901
433.375		0.854901
433.5		0.854901
433.625		0.854901
433.75		0.854901
433.875		0.854901
434		0.854901
434.125		0.854901
434.25		0.854901
434.375		0.854901
434.5		0.854901
434.625		0.854901
434.75		0.854901
434.875		0.854901
435		0.854901
435.125		0.864245
435.25		0.864245
435.375		0.864245
435.5		0.864245
435.625		0.864245
435.75		0.864245
435.875		0.864245
436		0.864245
436.125		0.864245
436.25		0.864245
436.375		0.864245
436.5		0.864245
436.625		0.864245
436.75		0.864245
436.875		0.864245
437		0.864245
437.125		0.864245
437.25		0.864245
437.375		0.864245
437.5		0.864245
437.625		0.864245
437.75		0.864245
437.875		0.864245
438		0.864245
438.125		0.864245
438.25		0.864245
438.375		0.864245
438.5		0.864245
438.625		0.864245
438.75		0.864245
438.875		0.864245
439		0.864245
439.125		0.864245
439.25		0.864245
439.375		0.864245
439.5		0.864245
439.625		0.864245
439.75		0.864245
439.875		0.864245
440		0.864245
440.125		0.864927
440.25		0.864927
440.375		0.864927
440.5		0.864927
440.625		0.864927
440.75		0.864927
440.875		0.864927
441		0.864927
441.125		0.864927
441.25		0.864927
441.375		0.864927
441.5		0.864927
441.625		0.864927
441.75		0.864927
441.875		0.864927
442		0.864927
442.125		0.864927
442.25		0.864927
442.375		0.864927
442.5		0.864927
442.625		0.864927
442.75		0.864927
442.875		0.864927
443		0.864927
443.125		0.864927
443.25		0.864927
443.375		0.864927
443.5		0.864927
443.625		0.864927
443.75		0.864927
443.875		0.864927
444		0.864927
444.125		0.864927
444.25		0.864927
444.375		0.864927
444.5		0.864927
444.625		0.864927
444.75		0.864927
444.875		0.864927
445		0.864927
445.125		0.892855
445.25		0.892855
445.375		0.892855
445.5		0.892855
445.625		0.892855
445.75		0.892855
445.875		0.892855
446		0.892855
446.125		0.892855
446.25		0.892855
446.375		0.892855
446.5		0.892855
446.625		0.892855
446.75		0.892855
446.875		0.892855
447		0.892855
447.125		0.892855
447.25		0.892855
447.375		0.892855
447.5		0.892855
447.625		0.892855
447.75		0.892855
447.875		0.892855
448		0.892855
448.125		0.892855
448.25		0.892855
448.375		0.892855
448.5		0.892855
448.625		0.892855
448.75		0.892855
448.875		0.892855
449		0.892855
449.125		0.892855
449.25		0.892855
449.375		0.892855
449.5		0.892855
449.625		0.892855
449.75		0.892855
449.875		0.892855
450		0.892855
450.125		0.894168
450.25		0.894168
450.375		0.894168
450.5		0.894168
450.625		0.894168
450.75		0.894168
450.875		0.894168
451		0.894168
451.125		0.894168
451.25		0.894168
451.375		0.894168
451.5		0.894168
451.625		0.894168
451.75		0.894168
451.875		0.894168
452		0.894168
452.125		0.894168
452.25		0.894168
452.375		0.894168
452.5		0.894168
452.625		0.894168
452.75		0.894168
452.875		0.894168
453		0.894168
453.125		0.894168
453.25		0.894168
453.375		0.894168
453.5		0.894168
453.625		0.894168
453.75		0.894168
453.875		0.894168
454		0.894168
454.125		0.894168
454.25		0.894168
454.375		0.894168
454.5		0.894168
454.625		0.894168
454.75		0.894168
454.875		0.894168
455		0.894168
455.125		0.925455
455.25		0.925455
455.375		0.925455
455.5		0.925455
455.625		0.925455
455.75		0.925455
455.875		0.925455
456		0.925455
456.125		0.925455
456.25		0.925455
456.375		0.925455
456.5		0.925455
456.625		0.925455
456.75		0.925455
456.875		0.925455
457		0.925455
457.125		0.925455
457.25		0.925455
457.375		0.925455
457.5		0.925455
457.625		0.925455
457.75		0.925455
457.875		0.925455
458		0.925455
458.125		0.925455
458.25		0.925455
458.375		0.925455
458.5		0.925455
458.625		0.925455
458.75		0.925455
458.875		0.925455
459		0.925455
459.125		0.925455
459.25		0.925455
459.375		0.925455
459.5		0.925455
459.625		0.925455
459.75		0.925455
459.875		0.925455
460		0.925455
460.125		0.926978
460.25		0.926978
460.375		0.926978
460.5		0.926978
460.625		0.926978
460.75		0.926978
460.875		0.926978
461		0.926978
461.125		0.926978
461.25		0.926978
461.375		0.926978
461.5		0.926978
461.625		0.926978
461.75		0.926978
461.875		0.926978
462		0.926978
462.125		0.926978
462.25		0.926978
462.375		0.926978
462.5		0.926978
462.625		0.926978
462.75		0.926978
462.875		0.926978
463		0.926978
463.125		0.926978
463.25		0.926978
463.375		0.926978
463.5		0.926978
463.625		0.926978
463.75		0.926978
463.875		0.926978
464		0.926978
464.125		0.926978
464.25		0.926978
464.375		0.926978
464.5		0.926978
464.625		0.926978
464.75		0.926978
464.875		0.926978
465		0.926978
465.125		0.93543
465.25		0.93543
465.375		0.93543
465.5		0.93543
465.625		0.93543
465.75		0.93543
465.875		0.93543
466		0.93543
466.125		0.93543
466.25		0.93543
466.375		0.93543
466.5		0.93543
466.625		0.93543
466.75		0.93543
466.875		0.93543
467		0.93543
467.125		0.93543
467.25		0.93543
467.375		0.93543
467.5		0.93543
467.625		0.93543
467.75		0.93543
467.875		0.93543
468		0.93543
468.125		0.93543
468.25		0.93543
468.375		0.93543
468.5		0.93543
468.625		0.93543
468.75		0.93543
468.875		0.93543
469		0.93543
469.125		0.93543
469.25		0.93543
469.375		0.93543
469.5		0.93543
469.625		0.93543
469.75		0.93543
469.875		0.93543
470		0.93543
470.125		0.948029
470.25		0.948029
470.375		0.948029
470.5		0.948029
470.625		0.948029
470.75		0.948029
470.875		0.948029
471		0.948029
471.125		0.948029
471.25		0.948029
471.375		0.948029
471.5		0.948029
471.625		0.948029
471.75		0.948029
471.875		0.948029
472		0.948029
472.125		0.948029
472.25		0.948029
472.375		0.948029
472.5		0.948029
472.625		0.948029
472.75		0.948029
472.875		0.948029
473		0.948029
473.125		0.948029
473.25		0.948029
473.375		0.948029
473.5		0.948029
473.625		0.948029
473.75		0.948029
473.875		0.948029
474		0.948029
474.125		0.948029
474.25		0.948029
474.375		0.948029
474.5		0.948029
474.625		0.948029
474.75		0.948029
474.875		0.948029
475		0.948029
475.125		0.959
475.25		0.959
475.375		0.959
475.5		0.959
475.625		0.959
475.75		0.959
475.875		0.959
476		0.959
476.125		0.959
476.25		0.959
476.375		0.959
476.5		0.959
476.625		0.959
476.75		0.959
476.875		0.959
477		0.959
477.125		0.959
477.25		0.959
477.375		0.959
477.5		0.959
477.625		0.959
477.75		0.959
477.875		0.959
478		0.959
478.125		0.959
478.25		0.959
478.375		0.959
478.5		0.959
478.625		0.959
478.75		0.959
478.875		0.959
479		0.959
479.125		0.959
479.25		0.959
479.375		0.959
479.5		0.959
479.625		0.959
479.75		0.959
479.875		0.959
480		0.959
480.125		0.960418
480.25		0.960418
480.375		0.960418
480.5		0.960418
480.625		0.960418
480.75		0.960418
480.875		0.960418
481		0.960418
481.125		0.960418
481.25		0.960418
481.375		0.960418
481.5		0.960418
481.625		0.960418
481.75		0.960418
481.875		0.960418
482		0.960418
482.125		0.960418
482.25		0.960418
482.375		0.960418
482.5		0.960418
482.625		0.960418
482.75		0.960418
482.875		0.960418
483		0.960418
483.125		0.960418
483.25		0.960418
483.375		0.960418
483.5		0.960418
483.625		0.960418
483.75		0.960418
483.875		0.960418
484		0.960418
484.125		0.960418
484.25		0.960418
484.375		0.960418
484.5		0.960418
484.625		0.960418
484.75		0.960418
484.875		0.960418
485		0.960418
485.125		0.990603
485.25		0.990603
485.375		0.990603
485.5		0.990603
485.625		0.990603
485.75		0.990603
485.875		0.990603
486		0.990603
486.125		0.990603
486.25		0.990603
486.375		0.990603
486.5		0.990603
486.625		0.990603
486.75		0.990603
486.875		0.990603
487		0.990603
487.125		0.990603
487.25		0.990603
487.375		0.990603
487.5		0.990603
487.625		0.990603
487.75		0.990603
487.875		0.990603
488		0.990603
488.125		0.990603
488.25		0.990603
488.375		0.990603
488.5		0.990603
488.625		0.990603
488.75		0.990603
488.875		0.990603
489		0.990603
489.125		0.990603
489.25		0.990603
489.375		0.990603
489.5		0.990603
489.625		0.990603
489.75		0.990603
489.875		0.990603
490		0.990603
490.125		0.99832
490.25		0.99832
490.375		0.99832
490.5		0.99832
490.625		0.99832
490.75		0.99832
490.875		0.99832
491		0.99832
491.125		0.99832
491.25		0.99832
491.375		0.99832
491.5		0.99832
491.625		0.99832
491.75		0.99832
491.875		0.99832
492		0.99832
492.125		0.99832
492.25		0.99832
492.375		0.99832
492.5		0.99832
492.625		0.99832
492.75		0.99832
492.875		0.99832
493		0.99832
493.125		0.99832
493.25		0.99832
493.375		0.99832
493.5		0.99832
493.625		0.99832
493.75		0.99832
493.875		0.99832
494		0.99832
494.125		0.99832
494.25		0.99832
494.375		0.99832
494.5		0.99832
494.625		0.99832
494.75		0.99832
494.875		0.99832
495		0.99832
495.125		1
495.25		1
495.375		1
495.5		1
495.625		1
495.75		1
495.875		1
496		1
496.125		1
496.25		1
496.375		1
496.5		1
496.625		1
496.75		1
496.875		1
497		1
497.125		1
497.25		1
497.375		1
497.5		1
497.625		1
497.75		1
497.875		1
498		1
498.125		1
498.25		1
498.375		1
498.5		1
498.625		1
498.75		1
498.875		1
499		1
499.125		1
499.25		1
499.375		1
499.5		1
499.625		1
499.75		1
499.875		1
500		1
