# Calibration file of tamex_id 1 @ channel 18
# fine_T bin		 Calibration value
0.125		0
0.25		0
0.375		0
0.5		0
0.625		0
0.75		0
0.875		0
1		0
1.125		0
1.25		0
1.375		0
1.5		0
1.625		0
1.75		0
1.875		0
2		0
2.125		0
2.25		0
2.375		0
2.5		0
2.625		0
2.75		0
2.875		0
3		0
3.125		0
3.25		0
3.375		0
3.5		0
3.625		0
3.75		0
3.875		0
4		0
4.125		0
4.25		0
4.375		0
4.5		0
4.625		0
4.75		0
4.875		0
5		0
5.125		0
5.25		0
5.375		0
5.5		0
5.625		0
5.75		0
5.875		0
6		0
6.125		0
6.25		0
6.375		0
6.5		0
6.625		0
6.75		0
6.875		0
7		0
7.125		0
7.25		0
7.375		0
7.5		0
7.625		0
7.75		0
7.875		0
8		0
8.125		0
8.25		0
8.375		0
8.5		0
8.625		0
8.75		0
8.875		0
9		0
9.125		0
9.25		0
9.375		0
9.5		0
9.625		0
9.75		0
9.875		0
10		0
10.125		0
10.25		0
10.375		0
10.5		0
10.625		0
10.75		0
10.875		0
11		0
11.125		0
11.25		0
11.375		0
11.5		0
11.625		0
11.75		0
11.875		0
12		0
12.125		0
12.25		0
12.375		0
12.5		0
12.625		0
12.75		0
12.875		0
13		0
13.125		0
13.25		0
13.375		0
13.5		0
13.625		0
13.75		0
13.875		0
14		0
14.125		0
14.25		0
14.375		0
14.5		0
14.625		0
14.75		0
14.875		0
15		0
15.125		0
15.25		0
15.375		0
15.5		0
15.625		0
15.75		0
15.875		0
16		0
16.125		0
16.25		0
16.375		0
16.5		0
16.625		0
16.75		0
16.875		0
17		0
17.125		0
17.25		0
17.375		0
17.5		0
17.625		0
17.75		0
17.875		0
18		0
18.125		0
18.25		0
18.375		0
18.5		0
18.625		0
18.75		0
18.875		0
19		0
19.125		0
19.25		0
19.375		0
19.5		0
19.625		0
19.75		0
19.875		0
20		0
20.125		0
20.25		0
20.375		0
20.5		0
20.625		0
20.75		0
20.875		0
21		0
21.125		0
21.25		0
21.375		0
21.5		0
21.625		0
21.75		0
21.875		0
22		0
22.125		0
22.25		0
22.375		0
22.5		0
22.625		0
22.75		0
22.875		0
23		0
23.125		0
23.25		0
23.375		0
23.5		0
23.625		0
23.75		0
23.875		0
24		0
24.125		0
24.25		0
24.375		0
24.5		0
24.625		0
24.75		0
24.875		0
25		0
25.125		0
25.25		0
25.375		0
25.5		0
25.625		0
25.75		0
25.875		0
26		0
26.125		0
26.25		0
26.375		0
26.5		0
26.625		0
26.75		0
26.875		0
27		0
27.125		0
27.25		0
27.375		0
27.5		0
27.625		0
27.75		0
27.875		0
28		0
28.125		0
28.25		0
28.375		0
28.5		0
28.625		0
28.75		0
28.875		0
29		0
29.125		0
29.25		0
29.375		0
29.5		0
29.625		0
29.75		0
29.875		0
30		0
30.125		0
30.25		0
30.375		0
30.5		0
30.625		0
30.75		0
30.875		0
31		0
31.125		0
31.25		0
31.375		0
31.5		0
31.625		0
31.75		0
31.875		0
32		0
32.125		0
32.25		0
32.375		0
32.5		0
32.625		0
32.75		0
32.875		0
33		0
33.125		0
33.25		0
33.375		0
33.5		0
33.625		0
33.75		0
33.875		0
34		0
34.125		0
34.25		0
34.375		0
34.5		0
34.625		0
34.75		0
34.875		0
35		0
35.125		0
35.25		0
35.375		0
35.5		0
35.625		0
35.75		0
35.875		0
36		0
36.125		0
36.25		0
36.375		0
36.5		0
36.625		0
36.75		0
36.875		0
37		0
37.125		0
37.25		0
37.375		0
37.5		0
37.625		0
37.75		0
37.875		0
38		0
38.125		0
38.25		0
38.375		0
38.5		0
38.625		0
38.75		0
38.875		0
39		0
39.125		0
39.25		0
39.375		0
39.5		0
39.625		0
39.75		0
39.875		0
40		0
40.125		0
40.25		0
40.375		0
40.5		0
40.625		0
40.75		0
40.875		0
41		0
41.125		0
41.25		0
41.375		0
41.5		0
41.625		0
41.75		0
41.875		0
42		0
42.125		0
42.25		0
42.375		0
42.5		0
42.625		0
42.75		0
42.875		0
43		0
43.125		0
43.25		0
43.375		0
43.5		0
43.625		0
43.75		0
43.875		0
44		0
44.125		0
44.25		0
44.375		0
44.5		0
44.625		0
44.75		0
44.875		0
45		0
45.125		0
45.25		0
45.375		0
45.5		0
45.625		0
45.75		0
45.875		0
46		0
46.125		0
46.25		0
46.375		0
46.5		0
46.625		0
46.75		0
46.875		0
47		0
47.125		0
47.25		0
47.375		0
47.5		0
47.625		0
47.75		0
47.875		0
48		0
48.125		0
48.25		0
48.375		0
48.5		0
48.625		0
48.75		0
48.875		0
49		0
49.125		0
49.25		0
49.375		0
49.5		0
49.625		0
49.75		0
49.875		0
50		0
50.125		0
50.25		0
50.375		0
50.5		0
50.625		0
50.75		0
50.875		0
51		0
51.125		0
51.25		0
51.375		0
51.5		0
51.625		0
51.75		0
51.875		0
52		0
52.125		0
52.25		0
52.375		0
52.5		0
52.625		0
52.75		0
52.875		0
53		0
53.125		0
53.25		0
53.375		0
53.5		0
53.625		0
53.75		0
53.875		0
54		0
54.125		0
54.25		0
54.375		0
54.5		0
54.625		0
54.75		0
54.875		0
55		0
55.125		0
55.25		0
55.375		0
55.5		0
55.625		0
55.75		0
55.875		0
56		0
56.125		0
56.25		0
56.375		0
56.5		0
56.625		0
56.75		0
56.875		0
57		0
57.125		0
57.25		0
57.375		0
57.5		0
57.625		0
57.75		0
57.875		0
58		0
58.125		0
58.25		0
58.375		0
58.5		0
58.625		0
58.75		0
58.875		0
59		0
59.125		0
59.25		0
59.375		0
59.5		0
59.625		0
59.75		0
59.875		0
60		0
60.125		0
60.25		0
60.375		0
60.5		0
60.625		0
60.75		0
60.875		0
61		0
61.125		0
61.25		0
61.375		0
61.5		0
61.625		0
61.75		0
61.875		0
62		0
62.125		0
62.25		0
62.375		0
62.5		0
62.625		0
62.75		0
62.875		0
63		0
63.125		0
63.25		0
63.375		0
63.5		0
63.625		0
63.75		0
63.875		0
64		0
64.125		0
64.25		0
64.375		0
64.5		0
64.625		0
64.75		0
64.875		0
65		0
65.125		0
65.25		0
65.375		0
65.5		0
65.625		0
65.75		0
65.875		0
66		0
66.125		0
66.25		0
66.375		0
66.5		0
66.625		0
66.75		0
66.875		0
67		0
67.125		0
67.25		0
67.375		0
67.5		0
67.625		0
67.75		0
67.875		0
68		0
68.125		0
68.25		0
68.375		0
68.5		0
68.625		0
68.75		0
68.875		0
69		0
69.125		0
69.25		0
69.375		0
69.5		0
69.625		0
69.75		0
69.875		0
70		0
70.125		0
70.25		0
70.375		0
70.5		0
70.625		0
70.75		0
70.875		0
71		0
71.125		0
71.25		0
71.375		0
71.5		0
71.625		0
71.75		0
71.875		0
72		0
72.125		0
72.25		0
72.375		0
72.5		0
72.625		0
72.75		0
72.875		0
73		0
73.125		0
73.25		0
73.375		0
73.5		0
73.625		0
73.75		0
73.875		0
74		0
74.125		0
74.25		0
74.375		0
74.5		0
74.625		0
74.75		0
74.875		0
75		0
75.125		0
75.25		0
75.375		0
75.5		0
75.625		0
75.75		0
75.875		0
76		0
76.125		0
76.25		0
76.375		0
76.5		0
76.625		0
76.75		0
76.875		0
77		0
77.125		0
77.25		0
77.375		0
77.5		0
77.625		0
77.75		0
77.875		0
78		0
78.125		0
78.25		0
78.375		0
78.5		0
78.625		0
78.75		0
78.875		0
79		0
79.125		0
79.25		0
79.375		0
79.5		0
79.625		0
79.75		0
79.875		0
80		0
80.125		0.0108739
80.25		0.0108739
80.375		0.0108739
80.5		0.0108739
80.625		0.0108739
80.75		0.0108739
80.875		0.0108739
81		0.0108739
81.125		0.0108739
81.25		0.0108739
81.375		0.0108739
81.5		0.0108739
81.625		0.0108739
81.75		0.0108739
81.875		0.0108739
82		0.0108739
82.125		0.0108739
82.25		0.0108739
82.375		0.0108739
82.5		0.0108739
82.625		0.0108739
82.75		0.0108739
82.875		0.0108739
83		0.0108739
83.125		0.0108739
83.25		0.0108739
83.375		0.0108739
83.5		0.0108739
83.625		0.0108739
83.75		0.0108739
83.875		0.0108739
84		0.0108739
84.125		0.0108739
84.25		0.0108739
84.375		0.0108739
84.5		0.0108739
84.625		0.0108739
84.75		0.0108739
84.875		0.0108739
85		0.0108739
85.125		0.0529601
85.25		0.0529601
85.375		0.0529601
85.5		0.0529601
85.625		0.0529601
85.75		0.0529601
85.875		0.0529601
86		0.0529601
86.125		0.0529601
86.25		0.0529601
86.375		0.0529601
86.5		0.0529601
86.625		0.0529601
86.75		0.0529601
86.875		0.0529601
87		0.0529601
87.125		0.0529601
87.25		0.0529601
87.375		0.0529601
87.5		0.0529601
87.625		0.0529601
87.75		0.0529601
87.875		0.0529601
88		0.0529601
88.125		0.0529601
88.25		0.0529601
88.375		0.0529601
88.5		0.0529601
88.625		0.0529601
88.75		0.0529601
88.875		0.0529601
89		0.0529601
89.125		0.0529601
89.25		0.0529601
89.375		0.0529601
89.5		0.0529601
89.625		0.0529601
89.75		0.0529601
89.875		0.0529601
90		0.0529601
90.125		0.0686669
90.25		0.0686669
90.375		0.0686669
90.5		0.0686669
90.625		0.0686669
90.75		0.0686669
90.875		0.0686669
91		0.0686669
91.125		0.0686669
91.25		0.0686669
91.375		0.0686669
91.5		0.0686669
91.625		0.0686669
91.75		0.0686669
91.875		0.0686669
92		0.0686669
92.125		0.0686669
92.25		0.0686669
92.375		0.0686669
92.5		0.0686669
92.625		0.0686669
92.75		0.0686669
92.875		0.0686669
93		0.0686669
93.125		0.0686669
93.25		0.0686669
93.375		0.0686669
93.5		0.0686669
93.625		0.0686669
93.75		0.0686669
93.875		0.0686669
94		0.0686669
94.125		0.0686669
94.25		0.0686669
94.375		0.0686669
94.5		0.0686669
94.625		0.0686669
94.75		0.0686669
94.875		0.0686669
95		0.0686669
95.125		0.0696738
95.25		0.0696738
95.375		0.0696738
95.5		0.0696738
95.625		0.0696738
95.75		0.0696738
95.875		0.0696738
96		0.0696738
96.125		0.0696738
96.25		0.0696738
96.375		0.0696738
96.5		0.0696738
96.625		0.0696738
96.75		0.0696738
96.875		0.0696738
97		0.0696738
97.125		0.0696738
97.25		0.0696738
97.375		0.0696738
97.5		0.0696738
97.625		0.0696738
97.75		0.0696738
97.875		0.0696738
98		0.0696738
98.125		0.0696738
98.25		0.0696738
98.375		0.0696738
98.5		0.0696738
98.625		0.0696738
98.75		0.0696738
98.875		0.0696738
99		0.0696738
99.125		0.0696738
99.25		0.0696738
99.375		0.0696738
99.5		0.0696738
99.625		0.0696738
99.75		0.0696738
99.875		0.0696738
100		0.0696738
100.125		0.114176
100.25		0.114176
100.375		0.114176
100.5		0.114176
100.625		0.114176
100.75		0.114176
100.875		0.114176
101		0.114176
101.125		0.114176
101.25		0.114176
101.375		0.114176
101.5		0.114176
101.625		0.114176
101.75		0.114176
101.875		0.114176
102		0.114176
102.125		0.114176
102.25		0.114176
102.375		0.114176
102.5		0.114176
102.625		0.114176
102.75		0.114176
102.875		0.114176
103		0.114176
103.125		0.114176
103.25		0.114176
103.375		0.114176
103.5		0.114176
103.625		0.114176
103.75		0.114176
103.875		0.114176
104		0.114176
104.125		0.114176
104.25		0.114176
104.375		0.114176
104.5		0.114176
104.625		0.114176
104.75		0.114176
104.875		0.114176
105		0.114176
105.125		0.114579
105.25		0.114579
105.375		0.114579
105.5		0.114579
105.625		0.114579
105.75		0.114579
105.875		0.114579
106		0.114579
106.125		0.114579
106.25		0.114579
106.375		0.114579
106.5		0.114579
106.625		0.114579
106.75		0.114579
106.875		0.114579
107		0.114579
107.125		0.114579
107.25		0.114579
107.375		0.114579
107.5		0.114579
107.625		0.114579
107.75		0.114579
107.875		0.114579
108		0.114579
108.125		0.114579
108.25		0.114579
108.375		0.114579
108.5		0.114579
108.625		0.114579
108.75		0.114579
108.875		0.114579
109		0.114579
109.125		0.114579
109.25		0.114579
109.375		0.114579
109.5		0.114579
109.625		0.114579
109.75		0.114579
109.875		0.114579
110		0.114579
110.125		0.119009
110.25		0.119009
110.375		0.119009
110.5		0.119009
110.625		0.119009
110.75		0.119009
110.875		0.119009
111		0.119009
111.125		0.119009
111.25		0.119009
111.375		0.119009
111.5		0.119009
111.625		0.119009
111.75		0.119009
111.875		0.119009
112		0.119009
112.125		0.119009
112.25		0.119009
112.375		0.119009
112.5		0.119009
112.625		0.119009
112.75		0.119009
112.875		0.119009
113		0.119009
113.125		0.119009
113.25		0.119009
113.375		0.119009
113.5		0.119009
113.625		0.119009
113.75		0.119009
113.875		0.119009
114		0.119009
114.125		0.119009
114.25		0.119009
114.375		0.119009
114.5		0.119009
114.625		0.119009
114.75		0.119009
114.875		0.119009
115		0.119009
115.125		0.125453
115.25		0.125453
115.375		0.125453
115.5		0.125453
115.625		0.125453
115.75		0.125453
115.875		0.125453
116		0.125453
116.125		0.125453
116.25		0.125453
116.375		0.125453
116.5		0.125453
116.625		0.125453
116.75		0.125453
116.875		0.125453
117		0.125453
117.125		0.125453
117.25		0.125453
117.375		0.125453
117.5		0.125453
117.625		0.125453
117.75		0.125453
117.875		0.125453
118		0.125453
118.125		0.125453
118.25		0.125453
118.375		0.125453
118.5		0.125453
118.625		0.125453
118.75		0.125453
118.875		0.125453
119		0.125453
119.125		0.125453
119.25		0.125453
119.375		0.125453
119.5		0.125453
119.625		0.125453
119.75		0.125453
119.875		0.125453
120		0.125453
120.125		0.138743
120.25		0.138743
120.375		0.138743
120.5		0.138743
120.625		0.138743
120.75		0.138743
120.875		0.138743
121		0.138743
121.125		0.138743
121.25		0.138743
121.375		0.138743
121.5		0.138743
121.625		0.138743
121.75		0.138743
121.875		0.138743
122		0.138743
122.125		0.138743
122.25		0.138743
122.375		0.138743
122.5		0.138743
122.625		0.138743
122.75		0.138743
122.875		0.138743
123		0.138743
123.125		0.138743
123.25		0.138743
123.375		0.138743
123.5		0.138743
123.625		0.138743
123.75		0.138743
123.875		0.138743
124		0.138743
124.125		0.138743
124.25		0.138743
124.375		0.138743
124.5		0.138743
124.625		0.138743
124.75		0.138743
124.875		0.138743
125		0.138743
125.125		0.16613
125.25		0.16613
125.375		0.16613
125.5		0.16613
125.625		0.16613
125.75		0.16613
125.875		0.16613
126		0.16613
126.125		0.16613
126.25		0.16613
126.375		0.16613
126.5		0.16613
126.625		0.16613
126.75		0.16613
126.875		0.16613
127		0.16613
127.125		0.16613
127.25		0.16613
127.375		0.16613
127.5		0.16613
127.625		0.16613
127.75		0.16613
127.875		0.16613
128		0.16613
128.125		0.16613
128.25		0.16613
128.375		0.16613
128.5		0.16613
128.625		0.16613
128.75		0.16613
128.875		0.16613
129		0.16613
129.125		0.16613
129.25		0.16613
129.375		0.16613
129.5		0.16613
129.625		0.16613
129.75		0.16613
129.875		0.16613
130		0.16613
130.125		0.170963
130.25		0.170963
130.375		0.170963
130.5		0.170963
130.625		0.170963
130.75		0.170963
130.875		0.170963
131		0.170963
131.125		0.170963
131.25		0.170963
131.375		0.170963
131.5		0.170963
131.625		0.170963
131.75		0.170963
131.875		0.170963
132		0.170963
132.125		0.170963
132.25		0.170963
132.375		0.170963
132.5		0.170963
132.625		0.170963
132.75		0.170963
132.875		0.170963
133		0.170963
133.125		0.170963
133.25		0.170963
133.375		0.170963
133.5		0.170963
133.625		0.170963
133.75		0.170963
133.875		0.170963
134		0.170963
134.125		0.170963
134.25		0.170963
134.375		0.170963
134.5		0.170963
134.625		0.170963
134.75		0.170963
134.875		0.170963
135		0.170963
135.125		0.181232
135.25		0.181232
135.375		0.181232
135.5		0.181232
135.625		0.181232
135.75		0.181232
135.875		0.181232
136		0.181232
136.125		0.181232
136.25		0.181232
136.375		0.181232
136.5		0.181232
136.625		0.181232
136.75		0.181232
136.875		0.181232
137		0.181232
137.125		0.181232
137.25		0.181232
137.375		0.181232
137.5		0.181232
137.625		0.181232
137.75		0.181232
137.875		0.181232
138		0.181232
138.125		0.181232
138.25		0.181232
138.375		0.181232
138.5		0.181232
138.625		0.181232
138.75		0.181232
138.875		0.181232
139		0.181232
139.125		0.181232
139.25		0.181232
139.375		0.181232
139.5		0.181232
139.625		0.181232
139.75		0.181232
139.875		0.181232
140		0.181232
140.125		0.190294
140.25		0.190294
140.375		0.190294
140.5		0.190294
140.625		0.190294
140.75		0.190294
140.875		0.190294
141		0.190294
141.125		0.190294
141.25		0.190294
141.375		0.190294
141.5		0.190294
141.625		0.190294
141.75		0.190294
141.875		0.190294
142		0.190294
142.125		0.190294
142.25		0.190294
142.375		0.190294
142.5		0.190294
142.625		0.190294
142.75		0.190294
142.875		0.190294
143		0.190294
143.125		0.190294
143.25		0.190294
143.375		0.190294
143.5		0.190294
143.625		0.190294
143.75		0.190294
143.875		0.190294
144		0.190294
144.125		0.190294
144.25		0.190294
144.375		0.190294
144.5		0.190294
144.625		0.190294
144.75		0.190294
144.875		0.190294
145		0.190294
145.125		0.193717
145.25		0.193717
145.375		0.193717
145.5		0.193717
145.625		0.193717
145.75		0.193717
145.875		0.193717
146		0.193717
146.125		0.193717
146.25		0.193717
146.375		0.193717
146.5		0.193717
146.625		0.193717
146.75		0.193717
146.875		0.193717
147		0.193717
147.125		0.193717
147.25		0.193717
147.375		0.193717
147.5		0.193717
147.625		0.193717
147.75		0.193717
147.875		0.193717
148		0.193717
148.125		0.193717
148.25		0.193717
148.375		0.193717
148.5		0.193717
148.625		0.193717
148.75		0.193717
148.875		0.193717
149		0.193717
149.125		0.193717
149.25		0.193717
149.375		0.193717
149.5		0.193717
149.625		0.193717
149.75		0.193717
149.875		0.193717
150		0.193717
150.125		0.215062
150.25		0.215062
150.375		0.215062
150.5		0.215062
150.625		0.215062
150.75		0.215062
150.875		0.215062
151		0.215062
151.125		0.215062
151.25		0.215062
151.375		0.215062
151.5		0.215062
151.625		0.215062
151.75		0.215062
151.875		0.215062
152		0.215062
152.125		0.215062
152.25		0.215062
152.375		0.215062
152.5		0.215062
152.625		0.215062
152.75		0.215062
152.875		0.215062
153		0.215062
153.125		0.215062
153.25		0.215062
153.375		0.215062
153.5		0.215062
153.625		0.215062
153.75		0.215062
153.875		0.215062
154		0.215062
154.125		0.215062
154.25		0.215062
154.375		0.215062
154.5		0.215062
154.625		0.215062
154.75		0.215062
154.875		0.215062
155		0.215062
155.125		0.21768
155.25		0.21768
155.375		0.21768
155.5		0.21768
155.625		0.21768
155.75		0.21768
155.875		0.21768
156		0.21768
156.125		0.21768
156.25		0.21768
156.375		0.21768
156.5		0.21768
156.625		0.21768
156.75		0.21768
156.875		0.21768
157		0.21768
157.125		0.21768
157.25		0.21768
157.375		0.21768
157.5		0.21768
157.625		0.21768
157.75		0.21768
157.875		0.21768
158		0.21768
158.125		0.21768
158.25		0.21768
158.375		0.21768
158.5		0.21768
158.625		0.21768
158.75		0.21768
158.875		0.21768
159		0.21768
159.125		0.21768
159.25		0.21768
159.375		0.21768
159.5		0.21768
159.625		0.21768
159.75		0.21768
159.875		0.21768
160		0.21768
160.125		0.231977
160.25		0.231977
160.375		0.231977
160.5		0.231977
160.625		0.231977
160.75		0.231977
160.875		0.231977
161		0.231977
161.125		0.231977
161.25		0.231977
161.375		0.231977
161.5		0.231977
161.625		0.231977
161.75		0.231977
161.875		0.231977
162		0.231977
162.125		0.231977
162.25		0.231977
162.375		0.231977
162.5		0.231977
162.625		0.231977
162.75		0.231977
162.875		0.231977
163		0.231977
163.125		0.231977
163.25		0.231977
163.375		0.231977
163.5		0.231977
163.625		0.231977
163.75		0.231977
163.875		0.231977
164		0.231977
164.125		0.231977
164.25		0.231977
164.375		0.231977
164.5		0.231977
164.625		0.231977
164.75		0.231977
164.875		0.231977
165		0.231977
165.125		0.247684
165.25		0.247684
165.375		0.247684
165.5		0.247684
165.625		0.247684
165.75		0.247684
165.875		0.247684
166		0.247684
166.125		0.247684
166.25		0.247684
166.375		0.247684
166.5		0.247684
166.625		0.247684
166.75		0.247684
166.875		0.247684
167		0.247684
167.125		0.247684
167.25		0.247684
167.375		0.247684
167.5		0.247684
167.625		0.247684
167.75		0.247684
167.875		0.247684
168		0.247684
168.125		0.247684
168.25		0.247684
168.375		0.247684
168.5		0.247684
168.625		0.247684
168.75		0.247684
168.875		0.247684
169		0.247684
169.125		0.247684
169.25		0.247684
169.375		0.247684
169.5		0.247684
169.625		0.247684
169.75		0.247684
169.875		0.247684
170		0.247684
170.125		0.253524
170.25		0.253524
170.375		0.253524
170.5		0.253524
170.625		0.253524
170.75		0.253524
170.875		0.253524
171		0.253524
171.125		0.253524
171.25		0.253524
171.375		0.253524
171.5		0.253524
171.625		0.253524
171.75		0.253524
171.875		0.253524
172		0.253524
172.125		0.253524
172.25		0.253524
172.375		0.253524
172.5		0.253524
172.625		0.253524
172.75		0.253524
172.875		0.253524
173		0.253524
173.125		0.253524
173.25		0.253524
173.375		0.253524
173.5		0.253524
173.625		0.253524
173.75		0.253524
173.875		0.253524
174		0.253524
174.125		0.253524
174.25		0.253524
174.375		0.253524
174.5		0.253524
174.625		0.253524
174.75		0.253524
174.875		0.253524
175		0.253524
175.125		0.258961
175.25		0.258961
175.375		0.258961
175.5		0.258961
175.625		0.258961
175.75		0.258961
175.875		0.258961
176		0.258961
176.125		0.258961
176.25		0.258961
176.375		0.258961
176.5		0.258961
176.625		0.258961
176.75		0.258961
176.875		0.258961
177		0.258961
177.125		0.258961
177.25		0.258961
177.375		0.258961
177.5		0.258961
177.625		0.258961
177.75		0.258961
177.875		0.258961
178		0.258961
178.125		0.258961
178.25		0.258961
178.375		0.258961
178.5		0.258961
178.625		0.258961
178.75		0.258961
178.875		0.258961
179		0.258961
179.125		0.258961
179.25		0.258961
179.375		0.258961
179.5		0.258961
179.625		0.258961
179.75		0.258961
179.875		0.258961
180		0.258961
180.125		0.270036
180.25		0.270036
180.375		0.270036
180.5		0.270036
180.625		0.270036
180.75		0.270036
180.875		0.270036
181		0.270036
181.125		0.270036
181.25		0.270036
181.375		0.270036
181.5		0.270036
181.625		0.270036
181.75		0.270036
181.875		0.270036
182		0.270036
182.125		0.270036
182.25		0.270036
182.375		0.270036
182.5		0.270036
182.625		0.270036
182.75		0.270036
182.875		0.270036
183		0.270036
183.125		0.270036
183.25		0.270036
183.375		0.270036
183.5		0.270036
183.625		0.270036
183.75		0.270036
183.875		0.270036
184		0.270036
184.125		0.270036
184.25		0.270036
184.375		0.270036
184.5		0.270036
184.625		0.270036
184.75		0.270036
184.875		0.270036
185		0.270036
185.125		0.27789
185.25		0.27789
185.375		0.27789
185.5		0.27789
185.625		0.27789
185.75		0.27789
185.875		0.27789
186		0.27789
186.125		0.27789
186.25		0.27789
186.375		0.27789
186.5		0.27789
186.625		0.27789
186.75		0.27789
186.875		0.27789
187		0.27789
187.125		0.27789
187.25		0.27789
187.375		0.27789
187.5		0.27789
187.625		0.27789
187.75		0.27789
187.875		0.27789
188		0.27789
188.125		0.27789
188.25		0.27789
188.375		0.27789
188.5		0.27789
188.625		0.27789
188.75		0.27789
188.875		0.27789
189		0.27789
189.125		0.27789
189.25		0.27789
189.375		0.27789
189.5		0.27789
189.625		0.27789
189.75		0.27789
189.875		0.27789
190		0.27789
190.125		0.294201
190.25		0.294201
190.375		0.294201
190.5		0.294201
190.625		0.294201
190.75		0.294201
190.875		0.294201
191		0.294201
191.125		0.294201
191.25		0.294201
191.375		0.294201
191.5		0.294201
191.625		0.294201
191.75		0.294201
191.875		0.294201
192		0.294201
192.125		0.294201
192.25		0.294201
192.375		0.294201
192.5		0.294201
192.625		0.294201
192.75		0.294201
192.875		0.294201
193		0.294201
193.125		0.294201
193.25		0.294201
193.375		0.294201
193.5		0.294201
193.625		0.294201
193.75		0.294201
193.875		0.294201
194		0.294201
194.125		0.294201
194.25		0.294201
194.375		0.294201
194.5		0.294201
194.625		0.294201
194.75		0.294201
194.875		0.294201
195		0.294201
195.125		0.295812
195.25		0.295812
195.375		0.295812
195.5		0.295812
195.625		0.295812
195.75		0.295812
195.875		0.295812
196		0.295812
196.125		0.295812
196.25		0.295812
196.375		0.295812
196.5		0.295812
196.625		0.295812
196.75		0.295812
196.875		0.295812
197		0.295812
197.125		0.295812
197.25		0.295812
197.375		0.295812
197.5		0.295812
197.625		0.295812
197.75		0.295812
197.875		0.295812
198		0.295812
198.125		0.295812
198.25		0.295812
198.375		0.295812
198.5		0.295812
198.625		0.295812
198.75		0.295812
198.875		0.295812
199		0.295812
199.125		0.295812
199.25		0.295812
199.375		0.295812
199.5		0.295812
199.625		0.295812
199.75		0.295812
199.875		0.295812
200		0.295812
200.125		0.313129
200.25		0.313129
200.375		0.313129
200.5		0.313129
200.625		0.313129
200.75		0.313129
200.875		0.313129
201		0.313129
201.125		0.313129
201.25		0.313129
201.375		0.313129
201.5		0.313129
201.625		0.313129
201.75		0.313129
201.875		0.313129
202		0.313129
202.125		0.313129
202.25		0.313129
202.375		0.313129
202.5		0.313129
202.625		0.313129
202.75		0.313129
202.875		0.313129
203		0.313129
203.125		0.313129
203.25		0.313129
203.375		0.313129
203.5		0.313129
203.625		0.313129
203.75		0.313129
203.875		0.313129
204		0.313129
204.125		0.313129
204.25		0.313129
204.375		0.313129
204.5		0.313129
204.625		0.313129
204.75		0.313129
204.875		0.313129
205		0.313129
205.125		0.314539
205.25		0.314539
205.375		0.314539
205.5		0.314539
205.625		0.314539
205.75		0.314539
205.875		0.314539
206		0.314539
206.125		0.314539
206.25		0.314539
206.375		0.314539
206.5		0.314539
206.625		0.314539
206.75		0.314539
206.875		0.314539
207		0.314539
207.125		0.314539
207.25		0.314539
207.375		0.314539
207.5		0.314539
207.625		0.314539
207.75		0.314539
207.875		0.314539
208		0.314539
208.125		0.314539
208.25		0.314539
208.375		0.314539
208.5		0.314539
208.625		0.314539
208.75		0.314539
208.875		0.314539
209		0.314539
209.125		0.314539
209.25		0.314539
209.375		0.314539
209.5		0.314539
209.625		0.314539
209.75		0.314539
209.875		0.314539
210		0.314539
210.125		0.342328
210.25		0.342328
210.375		0.342328
210.5		0.342328
210.625		0.342328
210.75		0.342328
210.875		0.342328
211		0.342328
211.125		0.342328
211.25		0.342328
211.375		0.342328
211.5		0.342328
211.625		0.342328
211.75		0.342328
211.875		0.342328
212		0.342328
212.125		0.342328
212.25		0.342328
212.375		0.342328
212.5		0.342328
212.625		0.342328
212.75		0.342328
212.875		0.342328
213		0.342328
213.125		0.342328
213.25		0.342328
213.375		0.342328
213.5		0.342328
213.625		0.342328
213.75		0.342328
213.875		0.342328
214		0.342328
214.125		0.342328
214.25		0.342328
214.375		0.342328
214.5		0.342328
214.625		0.342328
214.75		0.342328
214.875		0.342328
215		0.342328
215.125		0.34414
215.25		0.34414
215.375		0.34414
215.5		0.34414
215.625		0.34414
215.75		0.34414
215.875		0.34414
216		0.34414
216.125		0.34414
216.25		0.34414
216.375		0.34414
216.5		0.34414
216.625		0.34414
216.75		0.34414
216.875		0.34414
217		0.34414
217.125		0.34414
217.25		0.34414
217.375		0.34414
217.5		0.34414
217.625		0.34414
217.75		0.34414
217.875		0.34414
218		0.34414
218.125		0.34414
218.25		0.34414
218.375		0.34414
218.5		0.34414
218.625		0.34414
218.75		0.34414
218.875		0.34414
219		0.34414
219.125		0.34414
219.25		0.34414
219.375		0.34414
219.5		0.34414
219.625		0.34414
219.75		0.34414
219.875		0.34414
220		0.34414
220.125		0.353806
220.25		0.353806
220.375		0.353806
220.5		0.353806
220.625		0.353806
220.75		0.353806
220.875		0.353806
221		0.353806
221.125		0.353806
221.25		0.353806
221.375		0.353806
221.5		0.353806
221.625		0.353806
221.75		0.353806
221.875		0.353806
222		0.353806
222.125		0.353806
222.25		0.353806
222.375		0.353806
222.5		0.353806
222.625		0.353806
222.75		0.353806
222.875		0.353806
223		0.353806
223.125		0.353806
223.25		0.353806
223.375		0.353806
223.5		0.353806
223.625		0.353806
223.75		0.353806
223.875		0.353806
224		0.353806
224.125		0.353806
224.25		0.353806
224.375		0.353806
224.5		0.353806
224.625		0.353806
224.75		0.353806
224.875		0.353806
225		0.353806
225.125		0.357632
225.25		0.357632
225.375		0.357632
225.5		0.357632
225.625		0.357632
225.75		0.357632
225.875		0.357632
226		0.357632
226.125		0.357632
226.25		0.357632
226.375		0.357632
226.5		0.357632
226.625		0.357632
226.75		0.357632
226.875		0.357632
227		0.357632
227.125		0.357632
227.25		0.357632
227.375		0.357632
227.5		0.357632
227.625		0.357632
227.75		0.357632
227.875		0.357632
228		0.357632
228.125		0.357632
228.25		0.357632
228.375		0.357632
228.5		0.357632
228.625		0.357632
228.75		0.357632
228.875		0.357632
229		0.357632
229.125		0.357632
229.25		0.357632
229.375		0.357632
229.5		0.357632
229.625		0.357632
229.75		0.357632
229.875		0.357632
230		0.357632
230.125		0.384213
230.25		0.384213
230.375		0.384213
230.5		0.384213
230.625		0.384213
230.75		0.384213
230.875		0.384213
231		0.384213
231.125		0.384213
231.25		0.384213
231.375		0.384213
231.5		0.384213
231.625		0.384213
231.75		0.384213
231.875		0.384213
232		0.384213
232.125		0.384213
232.25		0.384213
232.375		0.384213
232.5		0.384213
232.625		0.384213
232.75		0.384213
232.875		0.384213
233		0.384213
233.125		0.384213
233.25		0.384213
233.375		0.384213
233.5		0.384213
233.625		0.384213
233.75		0.384213
233.875		0.384213
234		0.384213
234.125		0.384213
234.25		0.384213
234.375		0.384213
234.5		0.384213
234.625		0.384213
234.75		0.384213
234.875		0.384213
235		0.384213
235.125		0.394482
235.25		0.394482
235.375		0.394482
235.5		0.394482
235.625		0.394482
235.75		0.394482
235.875		0.394482
236		0.394482
236.125		0.394482
236.25		0.394482
236.375		0.394482
236.5		0.394482
236.625		0.394482
236.75		0.394482
236.875		0.394482
237		0.394482
237.125		0.394482
237.25		0.394482
237.375		0.394482
237.5		0.394482
237.625		0.394482
237.75		0.394482
237.875		0.394482
238		0.394482
238.125		0.394482
238.25		0.394482
238.375		0.394482
238.5		0.394482
238.625		0.394482
238.75		0.394482
238.875		0.394482
239		0.394482
239.125		0.394482
239.25		0.394482
239.375		0.394482
239.5		0.394482
239.625		0.394482
239.75		0.394482
239.875		0.394482
240		0.394482
240.125		0.403343
240.25		0.403343
240.375		0.403343
240.5		0.403343
240.625		0.403343
240.75		0.403343
240.875		0.403343
241		0.403343
241.125		0.403343
241.25		0.403343
241.375		0.403343
241.5		0.403343
241.625		0.403343
241.75		0.403343
241.875		0.403343
242		0.403343
242.125		0.403343
242.25		0.403343
242.375		0.403343
242.5		0.403343
242.625		0.403343
242.75		0.403343
242.875		0.403343
243		0.403343
243.125		0.403343
243.25		0.403343
243.375		0.403343
243.5		0.403343
243.625		0.403343
243.75		0.403343
243.875		0.403343
244		0.403343
244.125		0.403343
244.25		0.403343
244.375		0.403343
244.5		0.403343
244.625		0.403343
244.75		0.403343
244.875		0.403343
245		0.403343
245.125		0.418043
245.25		0.418043
245.375		0.418043
245.5		0.418043
245.625		0.418043
245.75		0.418043
245.875		0.418043
246		0.418043
246.125		0.418043
246.25		0.418043
246.375		0.418043
246.5		0.418043
246.625		0.418043
246.75		0.418043
246.875		0.418043
247		0.418043
247.125		0.418043
247.25		0.418043
247.375		0.418043
247.5		0.418043
247.625		0.418043
247.75		0.418043
247.875		0.418043
248		0.418043
248.125		0.418043
248.25		0.418043
248.375		0.418043
248.5		0.418043
248.625		0.418043
248.75		0.418043
248.875		0.418043
249		0.418043
249.125		0.418043
249.25		0.418043
249.375		0.418043
249.5		0.418043
249.625		0.418043
249.75		0.418043
249.875		0.418043
250		0.418043
250.125		0.421667
250.25		0.421667
250.375		0.421667
250.5		0.421667
250.625		0.421667
250.75		0.421667
250.875		0.421667
251		0.421667
251.125		0.421667
251.25		0.421667
251.375		0.421667
251.5		0.421667
251.625		0.421667
251.75		0.421667
251.875		0.421667
252		0.421667
252.125		0.421667
252.25		0.421667
252.375		0.421667
252.5		0.421667
252.625		0.421667
252.75		0.421667
252.875		0.421667
253		0.421667
253.125		0.421667
253.25		0.421667
253.375		0.421667
253.5		0.421667
253.625		0.421667
253.75		0.421667
253.875		0.421667
254		0.421667
254.125		0.421667
254.25		0.421667
254.375		0.421667
254.5		0.421667
254.625		0.421667
254.75		0.421667
254.875		0.421667
255		0.421667
255.125		0.433145
255.25		0.433145
255.375		0.433145
255.5		0.433145
255.625		0.433145
255.75		0.433145
255.875		0.433145
256		0.433145
256.125		0.433145
256.25		0.433145
256.375		0.433145
256.5		0.433145
256.625		0.433145
256.75		0.433145
256.875		0.433145
257		0.433145
257.125		0.433145
257.25		0.433145
257.375		0.433145
257.5		0.433145
257.625		0.433145
257.75		0.433145
257.875		0.433145
258		0.433145
258.125		0.433145
258.25		0.433145
258.375		0.433145
258.5		0.433145
258.625		0.433145
258.75		0.433145
258.875		0.433145
259		0.433145
259.125		0.433145
259.25		0.433145
259.375		0.433145
259.5		0.433145
259.625		0.433145
259.75		0.433145
259.875		0.433145
260		0.433145
260.125		0.446033
260.25		0.446033
260.375		0.446033
260.5		0.446033
260.625		0.446033
260.75		0.446033
260.875		0.446033
261		0.446033
261.125		0.446033
261.25		0.446033
261.375		0.446033
261.5		0.446033
261.625		0.446033
261.75		0.446033
261.875		0.446033
262		0.446033
262.125		0.446033
262.25		0.446033
262.375		0.446033
262.5		0.446033
262.625		0.446033
262.75		0.446033
262.875		0.446033
263		0.446033
263.125		0.446033
263.25		0.446033
263.375		0.446033
263.5		0.446033
263.625		0.446033
263.75		0.446033
263.875		0.446033
264		0.446033
264.125		0.446033
264.25		0.446033
264.375		0.446033
264.5		0.446033
264.625		0.446033
264.75		0.446033
264.875		0.446033
265		0.446033
265.125		0.449456
265.25		0.449456
265.375		0.449456
265.5		0.449456
265.625		0.449456
265.75		0.449456
265.875		0.449456
266		0.449456
266.125		0.449456
266.25		0.449456
266.375		0.449456
266.5		0.449456
266.625		0.449456
266.75		0.449456
266.875		0.449456
267		0.449456
267.125		0.449456
267.25		0.449456
267.375		0.449456
267.5		0.449456
267.625		0.449456
267.75		0.449456
267.875		0.449456
268		0.449456
268.125		0.449456
268.25		0.449456
268.375		0.449456
268.5		0.449456
268.625		0.449456
268.75		0.449456
268.875		0.449456
269		0.449456
269.125		0.449456
269.25		0.449456
269.375		0.449456
269.5		0.449456
269.625		0.449456
269.75		0.449456
269.875		0.449456
270		0.449456
270.125		0.46919
270.25		0.46919
270.375		0.46919
270.5		0.46919
270.625		0.46919
270.75		0.46919
270.875		0.46919
271		0.46919
271.125		0.46919
271.25		0.46919
271.375		0.46919
271.5		0.46919
271.625		0.46919
271.75		0.46919
271.875		0.46919
272		0.46919
272.125		0.46919
272.25		0.46919
272.375		0.46919
272.5		0.46919
272.625		0.46919
272.75		0.46919
272.875		0.46919
273		0.46919
273.125		0.46919
273.25		0.46919
273.375		0.46919
273.5		0.46919
273.625		0.46919
273.75		0.46919
273.875		0.46919
274		0.46919
274.125		0.46919
274.25		0.46919
274.375		0.46919
274.5		0.46919
274.625		0.46919
274.75		0.46919
274.875		0.46919
275		0.46919
275.125		0.472211
275.25		0.472211
275.375		0.472211
275.5		0.472211
275.625		0.472211
275.75		0.472211
275.875		0.472211
276		0.472211
276.125		0.472211
276.25		0.472211
276.375		0.472211
276.5		0.472211
276.625		0.472211
276.75		0.472211
276.875		0.472211
277		0.472211
277.125		0.472211
277.25		0.472211
277.375		0.472211
277.5		0.472211
277.625		0.472211
277.75		0.472211
277.875		0.472211
278		0.472211
278.125		0.472211
278.25		0.472211
278.375		0.472211
278.5		0.472211
278.625		0.472211
278.75		0.472211
278.875		0.472211
279		0.472211
279.125		0.472211
279.25		0.472211
279.375		0.472211
279.5		0.472211
279.625		0.472211
279.75		0.472211
279.875		0.472211
280		0.472211
280.125		0.499195
280.25		0.499195
280.375		0.499195
280.5		0.499195
280.625		0.499195
280.75		0.499195
280.875		0.499195
281		0.499195
281.125		0.499195
281.25		0.499195
281.375		0.499195
281.5		0.499195
281.625		0.499195
281.75		0.499195
281.875		0.499195
282		0.499195
282.125		0.499195
282.25		0.499195
282.375		0.499195
282.5		0.499195
282.625		0.499195
282.75		0.499195
282.875		0.499195
283		0.499195
283.125		0.499195
283.25		0.499195
283.375		0.499195
283.5		0.499195
283.625		0.499195
283.75		0.499195
283.875		0.499195
284		0.499195
284.125		0.499195
284.25		0.499195
284.375		0.499195
284.5		0.499195
284.625		0.499195
284.75		0.499195
284.875		0.499195
285		0.499195
285.125		0.512284
285.25		0.512284
285.375		0.512284
285.5		0.512284
285.625		0.512284
285.75		0.512284
285.875		0.512284
286		0.512284
286.125		0.512284
286.25		0.512284
286.375		0.512284
286.5		0.512284
286.625		0.512284
286.75		0.512284
286.875		0.512284
287		0.512284
287.125		0.512284
287.25		0.512284
287.375		0.512284
287.5		0.512284
287.625		0.512284
287.75		0.512284
287.875		0.512284
288		0.512284
288.125		0.512284
288.25		0.512284
288.375		0.512284
288.5		0.512284
288.625		0.512284
288.75		0.512284
288.875		0.512284
289		0.512284
289.125		0.512284
289.25		0.512284
289.375		0.512284
289.5		0.512284
289.625		0.512284
289.75		0.512284
289.875		0.512284
290		0.512284
290.125		0.512686
290.25		0.512686
290.375		0.512686
290.5		0.512686
290.625		0.512686
290.75		0.512686
290.875		0.512686
291		0.512686
291.125		0.512686
291.25		0.512686
291.375		0.512686
291.5		0.512686
291.625		0.512686
291.75		0.512686
291.875		0.512686
292		0.512686
292.125		0.512686
292.25		0.512686
292.375		0.512686
292.5		0.512686
292.625		0.512686
292.75		0.512686
292.875		0.512686
293		0.512686
293.125		0.512686
293.25		0.512686
293.375		0.512686
293.5		0.512686
293.625		0.512686
293.75		0.512686
293.875		0.512686
294		0.512686
294.125		0.512686
294.25		0.512686
294.375		0.512686
294.5		0.512686
294.625		0.512686
294.75		0.512686
294.875		0.512686
295		0.512686
295.125		0.530608
295.25		0.530608
295.375		0.530608
295.5		0.530608
295.625		0.530608
295.75		0.530608
295.875		0.530608
296		0.530608
296.125		0.530608
296.25		0.530608
296.375		0.530608
296.5		0.530608
296.625		0.530608
296.75		0.530608
296.875		0.530608
297		0.530608
297.125		0.530608
297.25		0.530608
297.375		0.530608
297.5		0.530608
297.625		0.530608
297.75		0.530608
297.875		0.530608
298		0.530608
298.125		0.530608
298.25		0.530608
298.375		0.530608
298.5		0.530608
298.625		0.530608
298.75		0.530608
298.875		0.530608
299		0.530608
299.125		0.530608
299.25		0.530608
299.375		0.530608
299.5		0.530608
299.625		0.530608
299.75		0.530608
299.875		0.530608
300		0.530608
300.125		0.536851
300.25		0.536851
300.375		0.536851
300.5		0.536851
300.625		0.536851
300.75		0.536851
300.875		0.536851
301		0.536851
301.125		0.536851
301.25		0.536851
301.375		0.536851
301.5		0.536851
301.625		0.536851
301.75		0.536851
301.875		0.536851
302		0.536851
302.125		0.536851
302.25		0.536851
302.375		0.536851
302.5		0.536851
302.625		0.536851
302.75		0.536851
302.875		0.536851
303		0.536851
303.125		0.536851
303.25		0.536851
303.375		0.536851
303.5		0.536851
303.625		0.536851
303.75		0.536851
303.875		0.536851
304		0.536851
304.125		0.536851
304.25		0.536851
304.375		0.536851
304.5		0.536851
304.625		0.536851
304.75		0.536851
304.875		0.536851
305		0.536851
305.125		0.546516
305.25		0.546516
305.375		0.546516
305.5		0.546516
305.625		0.546516
305.75		0.546516
305.875		0.546516
306		0.546516
306.125		0.546516
306.25		0.546516
306.375		0.546516
306.5		0.546516
306.625		0.546516
306.75		0.546516
306.875		0.546516
307		0.546516
307.125		0.546516
307.25		0.546516
307.375		0.546516
307.5		0.546516
307.625		0.546516
307.75		0.546516
307.875		0.546516
308		0.546516
308.125		0.546516
308.25		0.546516
308.375		0.546516
308.5		0.546516
308.625		0.546516
308.75		0.546516
308.875		0.546516
309		0.546516
309.125		0.546516
309.25		0.546516
309.375		0.546516
309.5		0.546516
309.625		0.546516
309.75		0.546516
309.875		0.546516
310		0.546516
310.125		0.566049
310.25		0.566049
310.375		0.566049
310.5		0.566049
310.625		0.566049
310.75		0.566049
310.875		0.566049
311		0.566049
311.125		0.566049
311.25		0.566049
311.375		0.566049
311.5		0.566049
311.625		0.566049
311.75		0.566049
311.875		0.566049
312		0.566049
312.125		0.566049
312.25		0.566049
312.375		0.566049
312.5		0.566049
312.625		0.566049
312.75		0.566049
312.875		0.566049
313		0.566049
313.125		0.566049
313.25		0.566049
313.375		0.566049
313.5		0.566049
313.625		0.566049
313.75		0.566049
313.875		0.566049
314		0.566049
314.125		0.566049
314.25		0.566049
314.375		0.566049
314.5		0.566049
314.625		0.566049
314.75		0.566049
314.875		0.566049
315		0.566049
315.125		0.5735
315.25		0.5735
315.375		0.5735
315.5		0.5735
315.625		0.5735
315.75		0.5735
315.875		0.5735
316		0.5735
316.125		0.5735
316.25		0.5735
316.375		0.5735
316.5		0.5735
316.625		0.5735
316.75		0.5735
316.875		0.5735
317		0.5735
317.125		0.5735
317.25		0.5735
317.375		0.5735
317.5		0.5735
317.625		0.5735
317.75		0.5735
317.875		0.5735
318		0.5735
318.125		0.5735
318.25		0.5735
318.375		0.5735
318.5		0.5735
318.625		0.5735
318.75		0.5735
318.875		0.5735
319		0.5735
319.125		0.5735
319.25		0.5735
319.375		0.5735
319.5		0.5735
319.625		0.5735
319.75		0.5735
319.875		0.5735
320		0.5735
320.125		0.585985
320.25		0.585985
320.375		0.585985
320.5		0.585985
320.625		0.585985
320.75		0.585985
320.875		0.585985
321		0.585985
321.125		0.585985
321.25		0.585985
321.375		0.585985
321.5		0.585985
321.625		0.585985
321.75		0.585985
321.875		0.585985
322		0.585985
322.125		0.585985
322.25		0.585985
322.375		0.585985
322.5		0.585985
322.625		0.585985
322.75		0.585985
322.875		0.585985
323		0.585985
323.125		0.585985
323.25		0.585985
323.375		0.585985
323.5		0.585985
323.625		0.585985
323.75		0.585985
323.875		0.585985
324		0.585985
324.125		0.585985
324.25		0.585985
324.375		0.585985
324.5		0.585985
324.625		0.585985
324.75		0.585985
324.875		0.585985
325		0.585985
325.125		0.593838
325.25		0.593838
325.375		0.593838
325.5		0.593838
325.625		0.593838
325.75		0.593838
325.875		0.593838
326		0.593838
326.125		0.593838
326.25		0.593838
326.375		0.593838
326.5		0.593838
326.625		0.593838
326.75		0.593838
326.875		0.593838
327		0.593838
327.125		0.593838
327.25		0.593838
327.375		0.593838
327.5		0.593838
327.625		0.593838
327.75		0.593838
327.875		0.593838
328		0.593838
328.125		0.593838
328.25		0.593838
328.375		0.593838
328.5		0.593838
328.625		0.593838
328.75		0.593838
328.875		0.593838
329		0.593838
329.125		0.593838
329.25		0.593838
329.375		0.593838
329.5		0.593838
329.625		0.593838
329.75		0.593838
329.875		0.593838
330		0.593838
330.125		0.598872
330.25		0.598872
330.375		0.598872
330.5		0.598872
330.625		0.598872
330.75		0.598872
330.875		0.598872
331		0.598872
331.125		0.598872
331.25		0.598872
331.375		0.598872
331.5		0.598872
331.625		0.598872
331.75		0.598872
331.875		0.598872
332		0.598872
332.125		0.598872
332.25		0.598872
332.375		0.598872
332.5		0.598872
332.625		0.598872
332.75		0.598872
332.875		0.598872
333		0.598872
333.125		0.598872
333.25		0.598872
333.375		0.598872
333.5		0.598872
333.625		0.598872
333.75		0.598872
333.875		0.598872
334		0.598872
334.125		0.598872
334.25		0.598872
334.375		0.598872
334.5		0.598872
334.625		0.598872
334.75		0.598872
334.875		0.598872
335		0.598872
335.125		0.606726
335.25		0.606726
335.375		0.606726
335.5		0.606726
335.625		0.606726
335.75		0.606726
335.875		0.606726
336		0.606726
336.125		0.606726
336.25		0.606726
336.375		0.606726
336.5		0.606726
336.625		0.606726
336.75		0.606726
336.875		0.606726
337		0.606726
337.125		0.606726
337.25		0.606726
337.375		0.606726
337.5		0.606726
337.625		0.606726
337.75		0.606726
337.875		0.606726
338		0.606726
338.125		0.606726
338.25		0.606726
338.375		0.606726
338.5		0.606726
338.625		0.606726
338.75		0.606726
338.875		0.606726
339		0.606726
339.125		0.606726
339.25		0.606726
339.375		0.606726
339.5		0.606726
339.625		0.606726
339.75		0.606726
339.875		0.606726
340		0.606726
340.125		0.63673
340.25		0.63673
340.375		0.63673
340.5		0.63673
340.625		0.63673
340.75		0.63673
340.875		0.63673
341		0.63673
341.125		0.63673
341.25		0.63673
341.375		0.63673
341.5		0.63673
341.625		0.63673
341.75		0.63673
341.875		0.63673
342		0.63673
342.125		0.63673
342.25		0.63673
342.375		0.63673
342.5		0.63673
342.625		0.63673
342.75		0.63673
342.875		0.63673
343		0.63673
343.125		0.63673
343.25		0.63673
343.375		0.63673
343.5		0.63673
343.625		0.63673
343.75		0.63673
343.875		0.63673
344		0.63673
344.125		0.63673
344.25		0.63673
344.375		0.63673
344.5		0.63673
344.625		0.63673
344.75		0.63673
344.875		0.63673
345		0.63673
345.125		0.641965
345.25		0.641965
345.375		0.641965
345.5		0.641965
345.625		0.641965
345.75		0.641965
345.875		0.641965
346		0.641965
346.125		0.641965
346.25		0.641965
346.375		0.641965
346.5		0.641965
346.625		0.641965
346.75		0.641965
346.875		0.641965
347		0.641965
347.125		0.641965
347.25		0.641965
347.375		0.641965
347.5		0.641965
347.625		0.641965
347.75		0.641965
347.875		0.641965
348		0.641965
348.125		0.641965
348.25		0.641965
348.375		0.641965
348.5		0.641965
348.625		0.641965
348.75		0.641965
348.875		0.641965
349		0.641965
349.125		0.641965
349.25		0.641965
349.375		0.641965
349.5		0.641965
349.625		0.641965
349.75		0.641965
349.875		0.641965
350		0.641965
350.125		0.648611
350.25		0.648611
350.375		0.648611
350.5		0.648611
350.625		0.648611
350.75		0.648611
350.875		0.648611
351		0.648611
351.125		0.648611
351.25		0.648611
351.375		0.648611
351.5		0.648611
351.625		0.648611
351.75		0.648611
351.875		0.648611
352		0.648611
352.125		0.648611
352.25		0.648611
352.375		0.648611
352.5		0.648611
352.625		0.648611
352.75		0.648611
352.875		0.648611
353		0.648611
353.125		0.648611
353.25		0.648611
353.375		0.648611
353.5		0.648611
353.625		0.648611
353.75		0.648611
353.875		0.648611
354		0.648611
354.125		0.648611
354.25		0.648611
354.375		0.648611
354.5		0.648611
354.625		0.648611
354.75		0.648611
354.875		0.648611
355		0.648611
355.125		0.654853
355.25		0.654853
355.375		0.654853
355.5		0.654853
355.625		0.654853
355.75		0.654853
355.875		0.654853
356		0.654853
356.125		0.654853
356.25		0.654853
356.375		0.654853
356.5		0.654853
356.625		0.654853
356.75		0.654853
356.875		0.654853
357		0.654853
357.125		0.654853
357.25		0.654853
357.375		0.654853
357.5		0.654853
357.625		0.654853
357.75		0.654853
357.875		0.654853
358		0.654853
358.125		0.654853
358.25		0.654853
358.375		0.654853
358.5		0.654853
358.625		0.654853
358.75		0.654853
358.875		0.654853
359		0.654853
359.125		0.654853
359.25		0.654853
359.375		0.654853
359.5		0.654853
359.625		0.654853
359.75		0.654853
359.875		0.654853
360		0.654853
360.125		0.671365
360.25		0.671365
360.375		0.671365
360.5		0.671365
360.625		0.671365
360.75		0.671365
360.875		0.671365
361		0.671365
361.125		0.671365
361.25		0.671365
361.375		0.671365
361.5		0.671365
361.625		0.671365
361.75		0.671365
361.875		0.671365
362		0.671365
362.125		0.671365
362.25		0.671365
362.375		0.671365
362.5		0.671365
362.625		0.671365
362.75		0.671365
362.875		0.671365
363		0.671365
363.125		0.671365
363.25		0.671365
363.375		0.671365
363.5		0.671365
363.625		0.671365
363.75		0.671365
363.875		0.671365
364		0.671365
364.125		0.671365
364.25		0.671365
364.375		0.671365
364.5		0.671365
364.625		0.671365
364.75		0.671365
364.875		0.671365
365		0.671365
365.125		0.682642
365.25		0.682642
365.375		0.682642
365.5		0.682642
365.625		0.682642
365.75		0.682642
365.875		0.682642
366		0.682642
366.125		0.682642
366.25		0.682642
366.375		0.682642
366.5		0.682642
366.625		0.682642
366.75		0.682642
366.875		0.682642
367		0.682642
367.125		0.682642
367.25		0.682642
367.375		0.682642
367.5		0.682642
367.625		0.682642
367.75		0.682642
367.875		0.682642
368		0.682642
368.125		0.682642
368.25		0.682642
368.375		0.682642
368.5		0.682642
368.625		0.682642
368.75		0.682642
368.875		0.682642
369		0.682642
369.125		0.682642
369.25		0.682642
369.375		0.682642
369.5		0.682642
369.625		0.682642
369.75		0.682642
369.875		0.682642
370		0.682642
370.125		0.695328
370.25		0.695328
370.375		0.695328
370.5		0.695328
370.625		0.695328
370.75		0.695328
370.875		0.695328
371		0.695328
371.125		0.695328
371.25		0.695328
371.375		0.695328
371.5		0.695328
371.625		0.695328
371.75		0.695328
371.875		0.695328
372		0.695328
372.125		0.695328
372.25		0.695328
372.375		0.695328
372.5		0.695328
372.625		0.695328
372.75		0.695328
372.875		0.695328
373		0.695328
373.125		0.695328
373.25		0.695328
373.375		0.695328
373.5		0.695328
373.625		0.695328
373.75		0.695328
373.875		0.695328
374		0.695328
374.125		0.695328
374.25		0.695328
374.375		0.695328
374.5		0.695328
374.625		0.695328
374.75		0.695328
374.875		0.695328
375		0.695328
375.125		0.698752
375.25		0.698752
375.375		0.698752
375.5		0.698752
375.625		0.698752
375.75		0.698752
375.875		0.698752
376		0.698752
376.125		0.698752
376.25		0.698752
376.375		0.698752
376.5		0.698752
376.625		0.698752
376.75		0.698752
376.875		0.698752
377		0.698752
377.125		0.698752
377.25		0.698752
377.375		0.698752
377.5		0.698752
377.625		0.698752
377.75		0.698752
377.875		0.698752
378		0.698752
378.125		0.698752
378.25		0.698752
378.375		0.698752
378.5		0.698752
378.625		0.698752
378.75		0.698752
378.875		0.698752
379		0.698752
379.125		0.698752
379.25		0.698752
379.375		0.698752
379.5		0.698752
379.625		0.698752
379.75		0.698752
379.875		0.698752
380		0.698752
380.125		0.715062
380.25		0.715062
380.375		0.715062
380.5		0.715062
380.625		0.715062
380.75		0.715062
380.875		0.715062
381		0.715062
381.125		0.715062
381.25		0.715062
381.375		0.715062
381.5		0.715062
381.625		0.715062
381.75		0.715062
381.875		0.715062
382		0.715062
382.125		0.715062
382.25		0.715062
382.375		0.715062
382.5		0.715062
382.625		0.715062
382.75		0.715062
382.875		0.715062
383		0.715062
383.125		0.715062
383.25		0.715062
383.375		0.715062
383.5		0.715062
383.625		0.715062
383.75		0.715062
383.875		0.715062
384		0.715062
384.125		0.715062
384.25		0.715062
384.375		0.715062
384.5		0.715062
384.625		0.715062
384.75		0.715062
384.875		0.715062
385		0.715062
385.125		0.733588
385.25		0.733588
385.375		0.733588
385.5		0.733588
385.625		0.733588
385.75		0.733588
385.875		0.733588
386		0.733588
386.125		0.733588
386.25		0.733588
386.375		0.733588
386.5		0.733588
386.625		0.733588
386.75		0.733588
386.875		0.733588
387		0.733588
387.125		0.733588
387.25		0.733588
387.375		0.733588
387.5		0.733588
387.625		0.733588
387.75		0.733588
387.875		0.733588
388		0.733588
388.125		0.733588
388.25		0.733588
388.375		0.733588
388.5		0.733588
388.625		0.733588
388.75		0.733588
388.875		0.733588
389		0.733588
389.125		0.733588
389.25		0.733588
389.375		0.733588
389.5		0.733588
389.625		0.733588
389.75		0.733588
389.875		0.733588
390		0.733588
390.125		0.736408
390.25		0.736408
390.375		0.736408
390.5		0.736408
390.625		0.736408
390.75		0.736408
390.875		0.736408
391		0.736408
391.125		0.736408
391.25		0.736408
391.375		0.736408
391.5		0.736408
391.625		0.736408
391.75		0.736408
391.875		0.736408
392		0.736408
392.125		0.736408
392.25		0.736408
392.375		0.736408
392.5		0.736408
392.625		0.736408
392.75		0.736408
392.875		0.736408
393		0.736408
393.125		0.736408
393.25		0.736408
393.375		0.736408
393.5		0.736408
393.625		0.736408
393.75		0.736408
393.875		0.736408
394		0.736408
394.125		0.736408
394.25		0.736408
394.375		0.736408
394.5		0.736408
394.625		0.736408
394.75		0.736408
394.875		0.736408
395		0.736408
395.125		0.757753
395.25		0.757753
395.375		0.757753
395.5		0.757753
395.625		0.757753
395.75		0.757753
395.875		0.757753
396		0.757753
396.125		0.757753
396.25		0.757753
396.375		0.757753
396.5		0.757753
396.625		0.757753
396.75		0.757753
396.875		0.757753
397		0.757753
397.125		0.757753
397.25		0.757753
397.375		0.757753
397.5		0.757753
397.625		0.757753
397.75		0.757753
397.875		0.757753
398		0.757753
398.125		0.757753
398.25		0.757753
398.375		0.757753
398.5		0.757753
398.625		0.757753
398.75		0.757753
398.875		0.757753
399		0.757753
399.125		0.757753
399.25		0.757753
399.375		0.757753
399.5		0.757753
399.625		0.757753
399.75		0.757753
399.875		0.757753
400		0.757753
400.125		0.761377
400.25		0.761377
400.375		0.761377
400.5		0.761377
400.625		0.761377
400.75		0.761377
400.875		0.761377
401		0.761377
401.125		0.761377
401.25		0.761377
401.375		0.761377
401.5		0.761377
401.625		0.761377
401.75		0.761377
401.875		0.761377
402		0.761377
402.125		0.761377
402.25		0.761377
402.375		0.761377
402.5		0.761377
402.625		0.761377
402.75		0.761377
402.875		0.761377
403		0.761377
403.125		0.761377
403.25		0.761377
403.375		0.761377
403.5		0.761377
403.625		0.761377
403.75		0.761377
403.875		0.761377
404		0.761377
404.125		0.761377
404.25		0.761377
404.375		0.761377
404.5		0.761377
404.625		0.761377
404.75		0.761377
404.875		0.761377
405		0.761377
405.125		0.78232
405.25		0.78232
405.375		0.78232
405.5		0.78232
405.625		0.78232
405.75		0.78232
405.875		0.78232
406		0.78232
406.125		0.78232
406.25		0.78232
406.375		0.78232
406.5		0.78232
406.625		0.78232
406.75		0.78232
406.875		0.78232
407		0.78232
407.125		0.78232
407.25		0.78232
407.375		0.78232
407.5		0.78232
407.625		0.78232
407.75		0.78232
407.875		0.78232
408		0.78232
408.125		0.78232
408.25		0.78232
408.375		0.78232
408.5		0.78232
408.625		0.78232
408.75		0.78232
408.875		0.78232
409		0.78232
409.125		0.78232
409.25		0.78232
409.375		0.78232
409.5		0.78232
409.625		0.78232
409.75		0.78232
409.875		0.78232
410		0.78232
410.125		0.796818
410.25		0.796818
410.375		0.796818
410.5		0.796818
410.625		0.796818
410.75		0.796818
410.875		0.796818
411		0.796818
411.125		0.796818
411.25		0.796818
411.375		0.796818
411.5		0.796818
411.625		0.796818
411.75		0.796818
411.875		0.796818
412		0.796818
412.125		0.796818
412.25		0.796818
412.375		0.796818
412.5		0.796818
412.625		0.796818
412.75		0.796818
412.875		0.796818
413		0.796818
413.125		0.796818
413.25		0.796818
413.375		0.796818
413.5		0.796818
413.625		0.796818
413.75		0.796818
413.875		0.796818
414		0.796818
414.125		0.796818
414.25		0.796818
414.375		0.796818
414.5		0.796818
414.625		0.796818
414.75		0.796818
414.875		0.796818
415		0.796818
415.125		0.798832
415.25		0.798832
415.375		0.798832
415.5		0.798832
415.625		0.798832
415.75		0.798832
415.875		0.798832
416		0.798832
416.125		0.798832
416.25		0.798832
416.375		0.798832
416.5		0.798832
416.625		0.798832
416.75		0.798832
416.875		0.798832
417		0.798832
417.125		0.798832
417.25		0.798832
417.375		0.798832
417.5		0.798832
417.625		0.798832
417.75		0.798832
417.875		0.798832
418		0.798832
418.125		0.798832
418.25		0.798832
418.375		0.798832
418.5		0.798832
418.625		0.798832
418.75		0.798832
418.875		0.798832
419		0.798832
419.125		0.798832
419.25		0.798832
419.375		0.798832
419.5		0.798832
419.625		0.798832
419.75		0.798832
419.875		0.798832
420		0.798832
420.125		0.801248
420.25		0.801248
420.375		0.801248
420.5		0.801248
420.625		0.801248
420.75		0.801248
420.875		0.801248
421		0.801248
421.125		0.801248
421.25		0.801248
421.375		0.801248
421.5		0.801248
421.625		0.801248
421.75		0.801248
421.875		0.801248
422		0.801248
422.125		0.801248
422.25		0.801248
422.375		0.801248
422.5		0.801248
422.625		0.801248
422.75		0.801248
422.875		0.801248
423		0.801248
423.125		0.801248
423.25		0.801248
423.375		0.801248
423.5		0.801248
423.625		0.801248
423.75		0.801248
423.875		0.801248
424		0.801248
424.125		0.801248
424.25		0.801248
424.375		0.801248
424.5		0.801248
424.625		0.801248
424.75		0.801248
424.875		0.801248
425		0.801248
425.125		0.816754
425.25		0.816754
425.375		0.816754
425.5		0.816754
425.625		0.816754
425.75		0.816754
425.875		0.816754
426		0.816754
426.125		0.816754
426.25		0.816754
426.375		0.816754
426.5		0.816754
426.625		0.816754
426.75		0.816754
426.875		0.816754
427		0.816754
427.125		0.816754
427.25		0.816754
427.375		0.816754
427.5		0.816754
427.625		0.816754
427.75		0.816754
427.875		0.816754
428		0.816754
428.125		0.816754
428.25		0.816754
428.375		0.816754
428.5		0.816754
428.625		0.816754
428.75		0.816754
428.875		0.816754
429		0.816754
429.125		0.816754
429.25		0.816754
429.375		0.816754
429.5		0.816754
429.625		0.816754
429.75		0.816754
429.875		0.816754
430		0.816754
430.125		0.851389
430.25		0.851389
430.375		0.851389
430.5		0.851389
430.625		0.851389
430.75		0.851389
430.875		0.851389
431		0.851389
431.125		0.851389
431.25		0.851389
431.375		0.851389
431.5		0.851389
431.625		0.851389
431.75		0.851389
431.875		0.851389
432		0.851389
432.125		0.851389
432.25		0.851389
432.375		0.851389
432.5		0.851389
432.625		0.851389
432.75		0.851389
432.875		0.851389
433		0.851389
433.125		0.851389
433.25		0.851389
433.375		0.851389
433.5		0.851389
433.625		0.851389
433.75		0.851389
433.875		0.851389
434		0.851389
434.125		0.851389
434.25		0.851389
434.375		0.851389
434.5		0.851389
434.625		0.851389
434.75		0.851389
434.875		0.851389
435		0.851389
435.125		0.851994
435.25		0.851994
435.375		0.851994
435.5		0.851994
435.625		0.851994
435.75		0.851994
435.875		0.851994
436		0.851994
436.125		0.851994
436.25		0.851994
436.375		0.851994
436.5		0.851994
436.625		0.851994
436.75		0.851994
436.875		0.851994
437		0.851994
437.125		0.851994
437.25		0.851994
437.375		0.851994
437.5		0.851994
437.625		0.851994
437.75		0.851994
437.875		0.851994
438		0.851994
438.125		0.851994
438.25		0.851994
438.375		0.851994
438.5		0.851994
438.625		0.851994
438.75		0.851994
438.875		0.851994
439		0.851994
439.125		0.851994
439.25		0.851994
439.375		0.851994
439.5		0.851994
439.625		0.851994
439.75		0.851994
439.875		0.851994
440		0.851994
440.125		0.85884
440.25		0.85884
440.375		0.85884
440.5		0.85884
440.625		0.85884
440.75		0.85884
440.875		0.85884
441		0.85884
441.125		0.85884
441.25		0.85884
441.375		0.85884
441.5		0.85884
441.625		0.85884
441.75		0.85884
441.875		0.85884
442		0.85884
442.125		0.85884
442.25		0.85884
442.375		0.85884
442.5		0.85884
442.625		0.85884
442.75		0.85884
442.875		0.85884
443		0.85884
443.125		0.85884
443.25		0.85884
443.375		0.85884
443.5		0.85884
443.625		0.85884
443.75		0.85884
443.875		0.85884
444		0.85884
444.125		0.85884
444.25		0.85884
444.375		0.85884
444.5		0.85884
444.625		0.85884
444.75		0.85884
444.875		0.85884
445		0.85884
445.125		0.861257
445.25		0.861257
445.375		0.861257
445.5		0.861257
445.625		0.861257
445.75		0.861257
445.875		0.861257
446		0.861257
446.125		0.861257
446.25		0.861257
446.375		0.861257
446.5		0.861257
446.625		0.861257
446.75		0.861257
446.875		0.861257
447		0.861257
447.125		0.861257
447.25		0.861257
447.375		0.861257
447.5		0.861257
447.625		0.861257
447.75		0.861257
447.875		0.861257
448		0.861257
448.125		0.861257
448.25		0.861257
448.375		0.861257
448.5		0.861257
448.625		0.861257
448.75		0.861257
448.875		0.861257
449		0.861257
449.125		0.861257
449.25		0.861257
449.375		0.861257
449.5		0.861257
449.625		0.861257
449.75		0.861257
449.875		0.861257
450		0.861257
450.125		0.881796
450.25		0.881796
450.375		0.881796
450.5		0.881796
450.625		0.881796
450.75		0.881796
450.875		0.881796
451		0.881796
451.125		0.881796
451.25		0.881796
451.375		0.881796
451.5		0.881796
451.625		0.881796
451.75		0.881796
451.875		0.881796
452		0.881796
452.125		0.881796
452.25		0.881796
452.375		0.881796
452.5		0.881796
452.625		0.881796
452.75		0.881796
452.875		0.881796
453		0.881796
453.125		0.881796
453.25		0.881796
453.375		0.881796
453.5		0.881796
453.625		0.881796
453.75		0.881796
453.875		0.881796
454		0.881796
454.125		0.881796
454.25		0.881796
454.375		0.881796
454.5		0.881796
454.625		0.881796
454.75		0.881796
454.875		0.881796
455		0.881796
455.125		0.890858
455.25		0.890858
455.375		0.890858
455.5		0.890858
455.625		0.890858
455.75		0.890858
455.875		0.890858
456		0.890858
456.125		0.890858
456.25		0.890858
456.375		0.890858
456.5		0.890858
456.625		0.890858
456.75		0.890858
456.875		0.890858
457		0.890858
457.125		0.890858
457.25		0.890858
457.375		0.890858
457.5		0.890858
457.625		0.890858
457.75		0.890858
457.875		0.890858
458		0.890858
458.125		0.890858
458.25		0.890858
458.375		0.890858
458.5		0.890858
458.625		0.890858
458.75		0.890858
458.875		0.890858
459		0.890858
459.125		0.890858
459.25		0.890858
459.375		0.890858
459.5		0.890858
459.625		0.890858
459.75		0.890858
459.875		0.890858
460		0.890858
460.125		0.909585
460.25		0.909585
460.375		0.909585
460.5		0.909585
460.625		0.909585
460.75		0.909585
460.875		0.909585
461		0.909585
461.125		0.909585
461.25		0.909585
461.375		0.909585
461.5		0.909585
461.625		0.909585
461.75		0.909585
461.875		0.909585
462		0.909585
462.125		0.909585
462.25		0.909585
462.375		0.909585
462.5		0.909585
462.625		0.909585
462.75		0.909585
462.875		0.909585
463		0.909585
463.125		0.909585
463.25		0.909585
463.375		0.909585
463.5		0.909585
463.625		0.909585
463.75		0.909585
463.875		0.909585
464		0.909585
464.125		0.909585
464.25		0.909585
464.375		0.909585
464.5		0.909585
464.625		0.909585
464.75		0.909585
464.875		0.909585
465		0.909585
465.125		0.916834
465.25		0.916834
465.375		0.916834
465.5		0.916834
465.625		0.916834
465.75		0.916834
465.875		0.916834
466		0.916834
466.125		0.916834
466.25		0.916834
466.375		0.916834
466.5		0.916834
466.625		0.916834
466.75		0.916834
466.875		0.916834
467		0.916834
467.125		0.916834
467.25		0.916834
467.375		0.916834
467.5		0.916834
467.625		0.916834
467.75		0.916834
467.875		0.916834
468		0.916834
468.125		0.916834
468.25		0.916834
468.375		0.916834
468.5		0.916834
468.625		0.916834
468.75		0.916834
468.875		0.916834
469		0.916834
469.125		0.916834
469.25		0.916834
469.375		0.916834
469.5		0.916834
469.625		0.916834
469.75		0.916834
469.875		0.916834
470		0.916834
470.125		0.935763
470.25		0.935763
470.375		0.935763
470.5		0.935763
470.625		0.935763
470.75		0.935763
470.875		0.935763
471		0.935763
471.125		0.935763
471.25		0.935763
471.375		0.935763
471.5		0.935763
471.625		0.935763
471.75		0.935763
471.875		0.935763
472		0.935763
472.125		0.935763
472.25		0.935763
472.375		0.935763
472.5		0.935763
472.625		0.935763
472.75		0.935763
472.875		0.935763
473		0.935763
473.125		0.935763
473.25		0.935763
473.375		0.935763
473.5		0.935763
473.625		0.935763
473.75		0.935763
473.875		0.935763
474		0.935763
474.125		0.935763
474.25		0.935763
474.375		0.935763
474.5		0.935763
474.625		0.935763
474.75		0.935763
474.875		0.935763
475		0.935763
475.125		0.947845
475.25		0.947845
475.375		0.947845
475.5		0.947845
475.625		0.947845
475.75		0.947845
475.875		0.947845
476		0.947845
476.125		0.947845
476.25		0.947845
476.375		0.947845
476.5		0.947845
476.625		0.947845
476.75		0.947845
476.875		0.947845
477		0.947845
477.125		0.947845
477.25		0.947845
477.375		0.947845
477.5		0.947845
477.625		0.947845
477.75		0.947845
477.875		0.947845
478		0.947845
478.125		0.947845
478.25		0.947845
478.375		0.947845
478.5		0.947845
478.625		0.947845
478.75		0.947845
478.875		0.947845
479		0.947845
479.125		0.947845
479.25		0.947845
479.375		0.947845
479.5		0.947845
479.625		0.947845
479.75		0.947845
479.875		0.947845
480		0.947845
480.125		0.954692
480.25		0.954692
480.375		0.954692
480.5		0.954692
480.625		0.954692
480.75		0.954692
480.875		0.954692
481		0.954692
481.125		0.954692
481.25		0.954692
481.375		0.954692
481.5		0.954692
481.625		0.954692
481.75		0.954692
481.875		0.954692
482		0.954692
482.125		0.954692
482.25		0.954692
482.375		0.954692
482.5		0.954692
482.625		0.954692
482.75		0.954692
482.875		0.954692
483		0.954692
483.125		0.954692
483.25		0.954692
483.375		0.954692
483.5		0.954692
483.625		0.954692
483.75		0.954692
483.875		0.954692
484		0.954692
484.125		0.954692
484.25		0.954692
484.375		0.954692
484.5		0.954692
484.625		0.954692
484.75		0.954692
484.875		0.954692
485		0.954692
485.125		0.955497
485.25		0.955497
485.375		0.955497
485.5		0.955497
485.625		0.955497
485.75		0.955497
485.875		0.955497
486		0.955497
486.125		0.955497
486.25		0.955497
486.375		0.955497
486.5		0.955497
486.625		0.955497
486.75		0.955497
486.875		0.955497
487		0.955497
487.125		0.955497
487.25		0.955497
487.375		0.955497
487.5		0.955497
487.625		0.955497
487.75		0.955497
487.875		0.955497
488		0.955497
488.125		0.955497
488.25		0.955497
488.375		0.955497
488.5		0.955497
488.625		0.955497
488.75		0.955497
488.875		0.955497
489		0.955497
489.125		0.955497
489.25		0.955497
489.375		0.955497
489.5		0.955497
489.625		0.955497
489.75		0.955497
489.875		0.955497
490		0.955497
490.125		0.995973
490.25		0.995973
490.375		0.995973
490.5		0.995973
490.625		0.995973
490.75		0.995973
490.875		0.995973
491		0.995973
491.125		0.995973
491.25		0.995973
491.375		0.995973
491.5		0.995973
491.625		0.995973
491.75		0.995973
491.875		0.995973
492		0.995973
492.125		0.995973
492.25		0.995973
492.375		0.995973
492.5		0.995973
492.625		0.995973
492.75		0.995973
492.875		0.995973
493		0.995973
493.125		0.995973
493.25		0.995973
493.375		0.995973
493.5		0.995973
493.625		0.995973
493.75		0.995973
493.875		0.995973
494		0.995973
494.125		0.995973
494.25		0.995973
494.375		0.995973
494.5		0.995973
494.625		0.995973
494.75		0.995973
494.875		0.995973
495		0.995973
495.125		1
495.25		1
495.375		1
495.5		1
495.625		1
495.75		1
495.875		1
496		1
496.125		1
496.25		1
496.375		1
496.5		1
496.625		1
496.75		1
496.875		1
497		1
497.125		1
497.25		1
497.375		1
497.5		1
497.625		1
497.75		1
497.875		1
498		1
498.125		1
498.25		1
498.375		1
498.5		1
498.625		1
498.75		1
498.875		1
499		1
499.125		1
499.25		1
499.375		1
499.5		1
499.625		1
499.75		1
499.875		1
500		1
