# Calibration file of tamex_id 2 @ channel 7
# fine_T bin		 Calibration value
0.125		0
0.25		0
0.375		0
0.5		0
0.625		0
0.75		0
0.875		0
1		0
1.125		0
1.25		0
1.375		0
1.5		0
1.625		0
1.75		0
1.875		0
2		0
2.125		0
2.25		0
2.375		0
2.5		0
2.625		0
2.75		0
2.875		0
3		0
3.125		0
3.25		0
3.375		0
3.5		0
3.625		0
3.75		0
3.875		0
4		0
4.125		0
4.25		0
4.375		0
4.5		0
4.625		0
4.75		0
4.875		0
5		0
5.125		0
5.25		0
5.375		0
5.5		0
5.625		0
5.75		0
5.875		0
6		0
6.125		0
6.25		0
6.375		0
6.5		0
6.625		0
6.75		0
6.875		0
7		0
7.125		0
7.25		0
7.375		0
7.5		0
7.625		0
7.75		0
7.875		0
8		0
8.125		0
8.25		0
8.375		0
8.5		0
8.625		0
8.75		0
8.875		0
9		0
9.125		0
9.25		0
9.375		0
9.5		0
9.625		0
9.75		0
9.875		0
10		0
10.125		0
10.25		0
10.375		0
10.5		0
10.625		0
10.75		0
10.875		0
11		0
11.125		0
11.25		0
11.375		0
11.5		0
11.625		0
11.75		0
11.875		0
12		0
12.125		0
12.25		0
12.375		0
12.5		0
12.625		0
12.75		0
12.875		0
13		0
13.125		0
13.25		0
13.375		0
13.5		0
13.625		0
13.75		0
13.875		0
14		0
14.125		0
14.25		0
14.375		0
14.5		0
14.625		0
14.75		0
14.875		0
15		0
15.125		0
15.25		0
15.375		0
15.5		0
15.625		0
15.75		0
15.875		0
16		0
16.125		0
16.25		0
16.375		0
16.5		0
16.625		0
16.75		0
16.875		0
17		0
17.125		0
17.25		0
17.375		0
17.5		0
17.625		0
17.75		0
17.875		0
18		0
18.125		0
18.25		0
18.375		0
18.5		0
18.625		0
18.75		0
18.875		0
19		0
19.125		0
19.25		0
19.375		0
19.5		0
19.625		0
19.75		0
19.875		0
20		0
20.125		0
20.25		0
20.375		0
20.5		0
20.625		0
20.75		0
20.875		0
21		0
21.125		0
21.25		0
21.375		0
21.5		0
21.625		0
21.75		0
21.875		0
22		0
22.125		0
22.25		0
22.375		0
22.5		0
22.625		0
22.75		0
22.875		0
23		0
23.125		0
23.25		0
23.375		0
23.5		0
23.625		0
23.75		0
23.875		0
24		0
24.125		0
24.25		0
24.375		0
24.5		0
24.625		0
24.75		0
24.875		0
25		0
25.125		0
25.25		0
25.375		0
25.5		0
25.625		0
25.75		0
25.875		0
26		0
26.125		0
26.25		0
26.375		0
26.5		0
26.625		0
26.75		0
26.875		0
27		0
27.125		0
27.25		0
27.375		0
27.5		0
27.625		0
27.75		0
27.875		0
28		0
28.125		0
28.25		0
28.375		0
28.5		0
28.625		0
28.75		0
28.875		0
29		0
29.125		0
29.25		0
29.375		0
29.5		0
29.625		0
29.75		0
29.875		0
30		0
30.125		0
30.25		0
30.375		0
30.5		0
30.625		0
30.75		0
30.875		0
31		0
31.125		0
31.25		0
31.375		0
31.5		0
31.625		0
31.75		0
31.875		0
32		0
32.125		0
32.25		0
32.375		0
32.5		0
32.625		0
32.75		0
32.875		0
33		0
33.125		0
33.25		0
33.375		0
33.5		0
33.625		0
33.75		0
33.875		0
34		0
34.125		0
34.25		0
34.375		0
34.5		0
34.625		0
34.75		0
34.875		0
35		0
35.125		0
35.25		0
35.375		0
35.5		0
35.625		0
35.75		0
35.875		0
36		0
36.125		0
36.25		0
36.375		0
36.5		0
36.625		0
36.75		0
36.875		0
37		0
37.125		0
37.25		0
37.375		0
37.5		0
37.625		0
37.75		0
37.875		0
38		0
38.125		0
38.25		0
38.375		0
38.5		0
38.625		0
38.75		0
38.875		0
39		0
39.125		0
39.25		0
39.375		0
39.5		0
39.625		0
39.75		0
39.875		0
40		0
40.125		0
40.25		0
40.375		0
40.5		0
40.625		0
40.75		0
40.875		0
41		0
41.125		0
41.25		0
41.375		0
41.5		0
41.625		0
41.75		0
41.875		0
42		0
42.125		0
42.25		0
42.375		0
42.5		0
42.625		0
42.75		0
42.875		0
43		0
43.125		0
43.25		0
43.375		0
43.5		0
43.625		0
43.75		0
43.875		0
44		0
44.125		0
44.25		0
44.375		0
44.5		0
44.625		0
44.75		0
44.875		0
45		0
45.125		0
45.25		0
45.375		0
45.5		0
45.625		0
45.75		0
45.875		0
46		0
46.125		0
46.25		0
46.375		0
46.5		0
46.625		0
46.75		0
46.875		0
47		0
47.125		0
47.25		0
47.375		0
47.5		0
47.625		0
47.75		0
47.875		0
48		0
48.125		0
48.25		0
48.375		0
48.5		0
48.625		0
48.75		0
48.875		0
49		0
49.125		0
49.25		0
49.375		0
49.5		0
49.625		0
49.75		0
49.875		0
50		0
50.125		0
50.25		0
50.375		0
50.5		0
50.625		0
50.75		0
50.875		0
51		0
51.125		0
51.25		0
51.375		0
51.5		0
51.625		0
51.75		0
51.875		0
52		0
52.125		0
52.25		0
52.375		0
52.5		0
52.625		0
52.75		0
52.875		0
53		0
53.125		0
53.25		0
53.375		0
53.5		0
53.625		0
53.75		0
53.875		0
54		0
54.125		0
54.25		0
54.375		0
54.5		0
54.625		0
54.75		0
54.875		0
55		0
55.125		0
55.25		0
55.375		0
55.5		0
55.625		0
55.75		0
55.875		0
56		0
56.125		0
56.25		0
56.375		0
56.5		0
56.625		0
56.75		0
56.875		0
57		0
57.125		0
57.25		0
57.375		0
57.5		0
57.625		0
57.75		0
57.875		0
58		0
58.125		0
58.25		0
58.375		0
58.5		0
58.625		0
58.75		0
58.875		0
59		0
59.125		0
59.25		0
59.375		0
59.5		0
59.625		0
59.75		0
59.875		0
60		0
60.125		0
60.25		0
60.375		0
60.5		0
60.625		0
60.75		0
60.875		0
61		0
61.125		0
61.25		0
61.375		0
61.5		0
61.625		0
61.75		0
61.875		0
62		0
62.125		0
62.25		0
62.375		0
62.5		0
62.625		0
62.75		0
62.875		0
63		0
63.125		0
63.25		0
63.375		0
63.5		0
63.625		0
63.75		0
63.875		0
64		0
64.125		0
64.25		0
64.375		0
64.5		0
64.625		0
64.75		0
64.875		0
65		0
65.125		0
65.25		0
65.375		0
65.5		0
65.625		0
65.75		0
65.875		0
66		0
66.125		0
66.25		0
66.375		0
66.5		0
66.625		0
66.75		0
66.875		0
67		0
67.125		0
67.25		0
67.375		0
67.5		0
67.625		0
67.75		0
67.875		0
68		0
68.125		0
68.25		0
68.375		0
68.5		0
68.625		0
68.75		0
68.875		0
69		0
69.125		0
69.25		0
69.375		0
69.5		0
69.625		0
69.75		0
69.875		0
70		0
70.125		0
70.25		0
70.375		0
70.5		0
70.625		0
70.75		0
70.875		0
71		0
71.125		0
71.25		0
71.375		0
71.5		0
71.625		0
71.75		0
71.875		0
72		0
72.125		0
72.25		0
72.375		0
72.5		0
72.625		0
72.75		0
72.875		0
73		0
73.125		0
73.25		0
73.375		0
73.5		0
73.625		0
73.75		0
73.875		0
74		0
74.125		0
74.25		0
74.375		0
74.5		0
74.625		0
74.75		0
74.875		0
75		0
75.125		0
75.25		0
75.375		0
75.5		0
75.625		0
75.75		0
75.875		0
76		0
76.125		0
76.25		0
76.375		0
76.5		0
76.625		0
76.75		0
76.875		0
77		0
77.125		0
77.25		0
77.375		0
77.5		0
77.625		0
77.75		0
77.875		0
78		0
78.125		0
78.25		0
78.375		0
78.5		0
78.625		0
78.75		0
78.875		0
79		0
79.125		0
79.25		0
79.375		0
79.5		0
79.625		0
79.75		0
79.875		0
80		0
80.125		0
80.25		0
80.375		0
80.5		0
80.625		0
80.75		0
80.875		0
81		0
81.125		0
81.25		0
81.375		0
81.5		0
81.625		0
81.75		0
81.875		0
82		0
82.125		0
82.25		0
82.375		0
82.5		0
82.625		0
82.75		0
82.875		0
83		0
83.125		0
83.25		0
83.375		0
83.5		0
83.625		0
83.75		0
83.875		0
84		0
84.125		0
84.25		0
84.375		0
84.5		0
84.625		0
84.75		0
84.875		0
85		0
85.125		0.0677966
85.25		0.0677966
85.375		0.0677966
85.5		0.0677966
85.625		0.0677966
85.75		0.0677966
85.875		0.0677966
86		0.0677966
86.125		0.0677966
86.25		0.0677966
86.375		0.0677966
86.5		0.0677966
86.625		0.0677966
86.75		0.0677966
86.875		0.0677966
87		0.0677966
87.125		0.0677966
87.25		0.0677966
87.375		0.0677966
87.5		0.0677966
87.625		0.0677966
87.75		0.0677966
87.875		0.0677966
88		0.0677966
88.125		0.0677966
88.25		0.0677966
88.375		0.0677966
88.5		0.0677966
88.625		0.0677966
88.75		0.0677966
88.875		0.0677966
89		0.0677966
89.125		0.0677966
89.25		0.0677966
89.375		0.0677966
89.5		0.0677966
89.625		0.0677966
89.75		0.0677966
89.875		0.0677966
90		0.0677966
90.125		0.0677966
90.25		0.0677966
90.375		0.0677966
90.5		0.0677966
90.625		0.0677966
90.75		0.0677966
90.875		0.0677966
91		0.0677966
91.125		0.0677966
91.25		0.0677966
91.375		0.0677966
91.5		0.0677966
91.625		0.0677966
91.75		0.0677966
91.875		0.0677966
92		0.0677966
92.125		0.0677966
92.25		0.0677966
92.375		0.0677966
92.5		0.0677966
92.625		0.0677966
92.75		0.0677966
92.875		0.0677966
93		0.0677966
93.125		0.0677966
93.25		0.0677966
93.375		0.0677966
93.5		0.0677966
93.625		0.0677966
93.75		0.0677966
93.875		0.0677966
94		0.0677966
94.125		0.0677966
94.25		0.0677966
94.375		0.0677966
94.5		0.0677966
94.625		0.0677966
94.75		0.0677966
94.875		0.0677966
95		0.0677966
95.125		0.0847458
95.25		0.0847458
95.375		0.0847458
95.5		0.0847458
95.625		0.0847458
95.75		0.0847458
95.875		0.0847458
96		0.0847458
96.125		0.0847458
96.25		0.0847458
96.375		0.0847458
96.5		0.0847458
96.625		0.0847458
96.75		0.0847458
96.875		0.0847458
97		0.0847458
97.125		0.0847458
97.25		0.0847458
97.375		0.0847458
97.5		0.0847458
97.625		0.0847458
97.75		0.0847458
97.875		0.0847458
98		0.0847458
98.125		0.0847458
98.25		0.0847458
98.375		0.0847458
98.5		0.0847458
98.625		0.0847458
98.75		0.0847458
98.875		0.0847458
99		0.0847458
99.125		0.0847458
99.25		0.0847458
99.375		0.0847458
99.5		0.0847458
99.625		0.0847458
99.75		0.0847458
99.875		0.0847458
100		0.0847458
100.125		0.135593
100.25		0.135593
100.375		0.135593
100.5		0.135593
100.625		0.135593
100.75		0.135593
100.875		0.135593
101		0.135593
101.125		0.135593
101.25		0.135593
101.375		0.135593
101.5		0.135593
101.625		0.135593
101.75		0.135593
101.875		0.135593
102		0.135593
102.125		0.135593
102.25		0.135593
102.375		0.135593
102.5		0.135593
102.625		0.135593
102.75		0.135593
102.875		0.135593
103		0.135593
103.125		0.135593
103.25		0.135593
103.375		0.135593
103.5		0.135593
103.625		0.135593
103.75		0.135593
103.875		0.135593
104		0.135593
104.125		0.135593
104.25		0.135593
104.375		0.135593
104.5		0.135593
104.625		0.135593
104.75		0.135593
104.875		0.135593
105		0.135593
105.125		0.135593
105.25		0.135593
105.375		0.135593
105.5		0.135593
105.625		0.135593
105.75		0.135593
105.875		0.135593
106		0.135593
106.125		0.135593
106.25		0.135593
106.375		0.135593
106.5		0.135593
106.625		0.135593
106.75		0.135593
106.875		0.135593
107		0.135593
107.125		0.135593
107.25		0.135593
107.375		0.135593
107.5		0.135593
107.625		0.135593
107.75		0.135593
107.875		0.135593
108		0.135593
108.125		0.135593
108.25		0.135593
108.375		0.135593
108.5		0.135593
108.625		0.135593
108.75		0.135593
108.875		0.135593
109		0.135593
109.125		0.135593
109.25		0.135593
109.375		0.135593
109.5		0.135593
109.625		0.135593
109.75		0.135593
109.875		0.135593
110		0.135593
110.125		0.152542
110.25		0.152542
110.375		0.152542
110.5		0.152542
110.625		0.152542
110.75		0.152542
110.875		0.152542
111		0.152542
111.125		0.152542
111.25		0.152542
111.375		0.152542
111.5		0.152542
111.625		0.152542
111.75		0.152542
111.875		0.152542
112		0.152542
112.125		0.152542
112.25		0.152542
112.375		0.152542
112.5		0.152542
112.625		0.152542
112.75		0.152542
112.875		0.152542
113		0.152542
113.125		0.152542
113.25		0.152542
113.375		0.152542
113.5		0.152542
113.625		0.152542
113.75		0.152542
113.875		0.152542
114		0.152542
114.125		0.152542
114.25		0.152542
114.375		0.152542
114.5		0.152542
114.625		0.152542
114.75		0.152542
114.875		0.152542
115		0.152542
115.125		0.152542
115.25		0.152542
115.375		0.152542
115.5		0.152542
115.625		0.152542
115.75		0.152542
115.875		0.152542
116		0.152542
116.125		0.152542
116.25		0.152542
116.375		0.152542
116.5		0.152542
116.625		0.152542
116.75		0.152542
116.875		0.152542
117		0.152542
117.125		0.152542
117.25		0.152542
117.375		0.152542
117.5		0.152542
117.625		0.152542
117.75		0.152542
117.875		0.152542
118		0.152542
118.125		0.152542
118.25		0.152542
118.375		0.152542
118.5		0.152542
118.625		0.152542
118.75		0.152542
118.875		0.152542
119		0.152542
119.125		0.152542
119.25		0.152542
119.375		0.152542
119.5		0.152542
119.625		0.152542
119.75		0.152542
119.875		0.152542
120		0.152542
120.125		0.152542
120.25		0.152542
120.375		0.152542
120.5		0.152542
120.625		0.152542
120.75		0.152542
120.875		0.152542
121		0.152542
121.125		0.152542
121.25		0.152542
121.375		0.152542
121.5		0.152542
121.625		0.152542
121.75		0.152542
121.875		0.152542
122		0.152542
122.125		0.152542
122.25		0.152542
122.375		0.152542
122.5		0.152542
122.625		0.152542
122.75		0.152542
122.875		0.152542
123		0.152542
123.125		0.152542
123.25		0.152542
123.375		0.152542
123.5		0.152542
123.625		0.152542
123.75		0.152542
123.875		0.152542
124		0.152542
124.125		0.152542
124.25		0.152542
124.375		0.152542
124.5		0.152542
124.625		0.152542
124.75		0.152542
124.875		0.152542
125		0.152542
125.125		0.186441
125.25		0.186441
125.375		0.186441
125.5		0.186441
125.625		0.186441
125.75		0.186441
125.875		0.186441
126		0.186441
126.125		0.186441
126.25		0.186441
126.375		0.186441
126.5		0.186441
126.625		0.186441
126.75		0.186441
126.875		0.186441
127		0.186441
127.125		0.186441
127.25		0.186441
127.375		0.186441
127.5		0.186441
127.625		0.186441
127.75		0.186441
127.875		0.186441
128		0.186441
128.125		0.186441
128.25		0.186441
128.375		0.186441
128.5		0.186441
128.625		0.186441
128.75		0.186441
128.875		0.186441
129		0.186441
129.125		0.186441
129.25		0.186441
129.375		0.186441
129.5		0.186441
129.625		0.186441
129.75		0.186441
129.875		0.186441
130		0.186441
130.125		0.186441
130.25		0.186441
130.375		0.186441
130.5		0.186441
130.625		0.186441
130.75		0.186441
130.875		0.186441
131		0.186441
131.125		0.186441
131.25		0.186441
131.375		0.186441
131.5		0.186441
131.625		0.186441
131.75		0.186441
131.875		0.186441
132		0.186441
132.125		0.186441
132.25		0.186441
132.375		0.186441
132.5		0.186441
132.625		0.186441
132.75		0.186441
132.875		0.186441
133		0.186441
133.125		0.186441
133.25		0.186441
133.375		0.186441
133.5		0.186441
133.625		0.186441
133.75		0.186441
133.875		0.186441
134		0.186441
134.125		0.186441
134.25		0.186441
134.375		0.186441
134.5		0.186441
134.625		0.186441
134.75		0.186441
134.875		0.186441
135		0.186441
135.125		0.20339
135.25		0.20339
135.375		0.20339
135.5		0.20339
135.625		0.20339
135.75		0.20339
135.875		0.20339
136		0.20339
136.125		0.20339
136.25		0.20339
136.375		0.20339
136.5		0.20339
136.625		0.20339
136.75		0.20339
136.875		0.20339
137		0.20339
137.125		0.20339
137.25		0.20339
137.375		0.20339
137.5		0.20339
137.625		0.20339
137.75		0.20339
137.875		0.20339
138		0.20339
138.125		0.20339
138.25		0.20339
138.375		0.20339
138.5		0.20339
138.625		0.20339
138.75		0.20339
138.875		0.20339
139		0.20339
139.125		0.20339
139.25		0.20339
139.375		0.20339
139.5		0.20339
139.625		0.20339
139.75		0.20339
139.875		0.20339
140		0.20339
140.125		0.220339
140.25		0.220339
140.375		0.220339
140.5		0.220339
140.625		0.220339
140.75		0.220339
140.875		0.220339
141		0.220339
141.125		0.220339
141.25		0.220339
141.375		0.220339
141.5		0.220339
141.625		0.220339
141.75		0.220339
141.875		0.220339
142		0.220339
142.125		0.220339
142.25		0.220339
142.375		0.220339
142.5		0.220339
142.625		0.220339
142.75		0.220339
142.875		0.220339
143		0.220339
143.125		0.220339
143.25		0.220339
143.375		0.220339
143.5		0.220339
143.625		0.220339
143.75		0.220339
143.875		0.220339
144		0.220339
144.125		0.220339
144.25		0.220339
144.375		0.220339
144.5		0.220339
144.625		0.220339
144.75		0.220339
144.875		0.220339
145		0.220339
145.125		0.254237
145.25		0.254237
145.375		0.254237
145.5		0.254237
145.625		0.254237
145.75		0.254237
145.875		0.254237
146		0.254237
146.125		0.254237
146.25		0.254237
146.375		0.254237
146.5		0.254237
146.625		0.254237
146.75		0.254237
146.875		0.254237
147		0.254237
147.125		0.254237
147.25		0.254237
147.375		0.254237
147.5		0.254237
147.625		0.254237
147.75		0.254237
147.875		0.254237
148		0.254237
148.125		0.254237
148.25		0.254237
148.375		0.254237
148.5		0.254237
148.625		0.254237
148.75		0.254237
148.875		0.254237
149		0.254237
149.125		0.254237
149.25		0.254237
149.375		0.254237
149.5		0.254237
149.625		0.254237
149.75		0.254237
149.875		0.254237
150		0.254237
150.125		0.254237
150.25		0.254237
150.375		0.254237
150.5		0.254237
150.625		0.254237
150.75		0.254237
150.875		0.254237
151		0.254237
151.125		0.254237
151.25		0.254237
151.375		0.254237
151.5		0.254237
151.625		0.254237
151.75		0.254237
151.875		0.254237
152		0.254237
152.125		0.254237
152.25		0.254237
152.375		0.254237
152.5		0.254237
152.625		0.254237
152.75		0.254237
152.875		0.254237
153		0.254237
153.125		0.254237
153.25		0.254237
153.375		0.254237
153.5		0.254237
153.625		0.254237
153.75		0.254237
153.875		0.254237
154		0.254237
154.125		0.254237
154.25		0.254237
154.375		0.254237
154.5		0.254237
154.625		0.254237
154.75		0.254237
154.875		0.254237
155		0.254237
155.125		0.254237
155.25		0.254237
155.375		0.254237
155.5		0.254237
155.625		0.254237
155.75		0.254237
155.875		0.254237
156		0.254237
156.125		0.254237
156.25		0.254237
156.375		0.254237
156.5		0.254237
156.625		0.254237
156.75		0.254237
156.875		0.254237
157		0.254237
157.125		0.254237
157.25		0.254237
157.375		0.254237
157.5		0.254237
157.625		0.254237
157.75		0.254237
157.875		0.254237
158		0.254237
158.125		0.254237
158.25		0.254237
158.375		0.254237
158.5		0.254237
158.625		0.254237
158.75		0.254237
158.875		0.254237
159		0.254237
159.125		0.254237
159.25		0.254237
159.375		0.254237
159.5		0.254237
159.625		0.254237
159.75		0.254237
159.875		0.254237
160		0.254237
160.125		0.254237
160.25		0.254237
160.375		0.254237
160.5		0.254237
160.625		0.254237
160.75		0.254237
160.875		0.254237
161		0.254237
161.125		0.254237
161.25		0.254237
161.375		0.254237
161.5		0.254237
161.625		0.254237
161.75		0.254237
161.875		0.254237
162		0.254237
162.125		0.254237
162.25		0.254237
162.375		0.254237
162.5		0.254237
162.625		0.254237
162.75		0.254237
162.875		0.254237
163		0.254237
163.125		0.254237
163.25		0.254237
163.375		0.254237
163.5		0.254237
163.625		0.254237
163.75		0.254237
163.875		0.254237
164		0.254237
164.125		0.254237
164.25		0.254237
164.375		0.254237
164.5		0.254237
164.625		0.254237
164.75		0.254237
164.875		0.254237
165		0.254237
165.125		0.254237
165.25		0.254237
165.375		0.254237
165.5		0.254237
165.625		0.254237
165.75		0.254237
165.875		0.254237
166		0.254237
166.125		0.254237
166.25		0.254237
166.375		0.254237
166.5		0.254237
166.625		0.254237
166.75		0.254237
166.875		0.254237
167		0.254237
167.125		0.254237
167.25		0.254237
167.375		0.254237
167.5		0.254237
167.625		0.254237
167.75		0.254237
167.875		0.254237
168		0.254237
168.125		0.254237
168.25		0.254237
168.375		0.254237
168.5		0.254237
168.625		0.254237
168.75		0.254237
168.875		0.254237
169		0.254237
169.125		0.254237
169.25		0.254237
169.375		0.254237
169.5		0.254237
169.625		0.254237
169.75		0.254237
169.875		0.254237
170		0.254237
170.125		0.254237
170.25		0.254237
170.375		0.254237
170.5		0.254237
170.625		0.254237
170.75		0.254237
170.875		0.254237
171		0.254237
171.125		0.254237
171.25		0.254237
171.375		0.254237
171.5		0.254237
171.625		0.254237
171.75		0.254237
171.875		0.254237
172		0.254237
172.125		0.254237
172.25		0.254237
172.375		0.254237
172.5		0.254237
172.625		0.254237
172.75		0.254237
172.875		0.254237
173		0.254237
173.125		0.254237
173.25		0.254237
173.375		0.254237
173.5		0.254237
173.625		0.254237
173.75		0.254237
173.875		0.254237
174		0.254237
174.125		0.254237
174.25		0.254237
174.375		0.254237
174.5		0.254237
174.625		0.254237
174.75		0.254237
174.875		0.254237
175		0.254237
175.125		0.254237
175.25		0.254237
175.375		0.254237
175.5		0.254237
175.625		0.254237
175.75		0.254237
175.875		0.254237
176		0.254237
176.125		0.254237
176.25		0.254237
176.375		0.254237
176.5		0.254237
176.625		0.254237
176.75		0.254237
176.875		0.254237
177		0.254237
177.125		0.254237
177.25		0.254237
177.375		0.254237
177.5		0.254237
177.625		0.254237
177.75		0.254237
177.875		0.254237
178		0.254237
178.125		0.254237
178.25		0.254237
178.375		0.254237
178.5		0.254237
178.625		0.254237
178.75		0.254237
178.875		0.254237
179		0.254237
179.125		0.254237
179.25		0.254237
179.375		0.254237
179.5		0.254237
179.625		0.254237
179.75		0.254237
179.875		0.254237
180		0.254237
180.125		0.254237
180.25		0.254237
180.375		0.254237
180.5		0.254237
180.625		0.254237
180.75		0.254237
180.875		0.254237
181		0.254237
181.125		0.254237
181.25		0.254237
181.375		0.254237
181.5		0.254237
181.625		0.254237
181.75		0.254237
181.875		0.254237
182		0.254237
182.125		0.254237
182.25		0.254237
182.375		0.254237
182.5		0.254237
182.625		0.254237
182.75		0.254237
182.875		0.254237
183		0.254237
183.125		0.254237
183.25		0.254237
183.375		0.254237
183.5		0.254237
183.625		0.254237
183.75		0.254237
183.875		0.254237
184		0.254237
184.125		0.254237
184.25		0.254237
184.375		0.254237
184.5		0.254237
184.625		0.254237
184.75		0.254237
184.875		0.254237
185		0.254237
185.125		0.271186
185.25		0.271186
185.375		0.271186
185.5		0.271186
185.625		0.271186
185.75		0.271186
185.875		0.271186
186		0.271186
186.125		0.271186
186.25		0.271186
186.375		0.271186
186.5		0.271186
186.625		0.271186
186.75		0.271186
186.875		0.271186
187		0.271186
187.125		0.271186
187.25		0.271186
187.375		0.271186
187.5		0.271186
187.625		0.271186
187.75		0.271186
187.875		0.271186
188		0.271186
188.125		0.271186
188.25		0.271186
188.375		0.271186
188.5		0.271186
188.625		0.271186
188.75		0.271186
188.875		0.271186
189		0.271186
189.125		0.271186
189.25		0.271186
189.375		0.271186
189.5		0.271186
189.625		0.271186
189.75		0.271186
189.875		0.271186
190		0.271186
190.125		0.305085
190.25		0.305085
190.375		0.305085
190.5		0.305085
190.625		0.305085
190.75		0.305085
190.875		0.305085
191		0.305085
191.125		0.305085
191.25		0.305085
191.375		0.305085
191.5		0.305085
191.625		0.305085
191.75		0.305085
191.875		0.305085
192		0.305085
192.125		0.305085
192.25		0.305085
192.375		0.305085
192.5		0.305085
192.625		0.305085
192.75		0.305085
192.875		0.305085
193		0.305085
193.125		0.305085
193.25		0.305085
193.375		0.305085
193.5		0.305085
193.625		0.305085
193.75		0.305085
193.875		0.305085
194		0.305085
194.125		0.305085
194.25		0.305085
194.375		0.305085
194.5		0.305085
194.625		0.305085
194.75		0.305085
194.875		0.305085
195		0.305085
195.125		0.305085
195.25		0.305085
195.375		0.305085
195.5		0.305085
195.625		0.305085
195.75		0.305085
195.875		0.305085
196		0.305085
196.125		0.305085
196.25		0.305085
196.375		0.305085
196.5		0.305085
196.625		0.305085
196.75		0.305085
196.875		0.305085
197		0.305085
197.125		0.305085
197.25		0.305085
197.375		0.305085
197.5		0.305085
197.625		0.305085
197.75		0.305085
197.875		0.305085
198		0.305085
198.125		0.305085
198.25		0.305085
198.375		0.305085
198.5		0.305085
198.625		0.305085
198.75		0.305085
198.875		0.305085
199		0.305085
199.125		0.305085
199.25		0.305085
199.375		0.305085
199.5		0.305085
199.625		0.305085
199.75		0.305085
199.875		0.305085
200		0.305085
200.125		0.322034
200.25		0.322034
200.375		0.322034
200.5		0.322034
200.625		0.322034
200.75		0.322034
200.875		0.322034
201		0.322034
201.125		0.322034
201.25		0.322034
201.375		0.322034
201.5		0.322034
201.625		0.322034
201.75		0.322034
201.875		0.322034
202		0.322034
202.125		0.322034
202.25		0.322034
202.375		0.322034
202.5		0.322034
202.625		0.322034
202.75		0.322034
202.875		0.322034
203		0.322034
203.125		0.322034
203.25		0.322034
203.375		0.322034
203.5		0.322034
203.625		0.322034
203.75		0.322034
203.875		0.322034
204		0.322034
204.125		0.322034
204.25		0.322034
204.375		0.322034
204.5		0.322034
204.625		0.322034
204.75		0.322034
204.875		0.322034
205		0.322034
205.125		0.355932
205.25		0.355932
205.375		0.355932
205.5		0.355932
205.625		0.355932
205.75		0.355932
205.875		0.355932
206		0.355932
206.125		0.355932
206.25		0.355932
206.375		0.355932
206.5		0.355932
206.625		0.355932
206.75		0.355932
206.875		0.355932
207		0.355932
207.125		0.355932
207.25		0.355932
207.375		0.355932
207.5		0.355932
207.625		0.355932
207.75		0.355932
207.875		0.355932
208		0.355932
208.125		0.355932
208.25		0.355932
208.375		0.355932
208.5		0.355932
208.625		0.355932
208.75		0.355932
208.875		0.355932
209		0.355932
209.125		0.355932
209.25		0.355932
209.375		0.355932
209.5		0.355932
209.625		0.355932
209.75		0.355932
209.875		0.355932
210		0.355932
210.125		0.355932
210.25		0.355932
210.375		0.355932
210.5		0.355932
210.625		0.355932
210.75		0.355932
210.875		0.355932
211		0.355932
211.125		0.355932
211.25		0.355932
211.375		0.355932
211.5		0.355932
211.625		0.355932
211.75		0.355932
211.875		0.355932
212		0.355932
212.125		0.355932
212.25		0.355932
212.375		0.355932
212.5		0.355932
212.625		0.355932
212.75		0.355932
212.875		0.355932
213		0.355932
213.125		0.355932
213.25		0.355932
213.375		0.355932
213.5		0.355932
213.625		0.355932
213.75		0.355932
213.875		0.355932
214		0.355932
214.125		0.355932
214.25		0.355932
214.375		0.355932
214.5		0.355932
214.625		0.355932
214.75		0.355932
214.875		0.355932
215		0.355932
215.125		0.372881
215.25		0.372881
215.375		0.372881
215.5		0.372881
215.625		0.372881
215.75		0.372881
215.875		0.372881
216		0.372881
216.125		0.372881
216.25		0.372881
216.375		0.372881
216.5		0.372881
216.625		0.372881
216.75		0.372881
216.875		0.372881
217		0.372881
217.125		0.372881
217.25		0.372881
217.375		0.372881
217.5		0.372881
217.625		0.372881
217.75		0.372881
217.875		0.372881
218		0.372881
218.125		0.372881
218.25		0.372881
218.375		0.372881
218.5		0.372881
218.625		0.372881
218.75		0.372881
218.875		0.372881
219		0.372881
219.125		0.372881
219.25		0.372881
219.375		0.372881
219.5		0.372881
219.625		0.372881
219.75		0.372881
219.875		0.372881
220		0.372881
220.125		0.372881
220.25		0.372881
220.375		0.372881
220.5		0.372881
220.625		0.372881
220.75		0.372881
220.875		0.372881
221		0.372881
221.125		0.372881
221.25		0.372881
221.375		0.372881
221.5		0.372881
221.625		0.372881
221.75		0.372881
221.875		0.372881
222		0.372881
222.125		0.372881
222.25		0.372881
222.375		0.372881
222.5		0.372881
222.625		0.372881
222.75		0.372881
222.875		0.372881
223		0.372881
223.125		0.372881
223.25		0.372881
223.375		0.372881
223.5		0.372881
223.625		0.372881
223.75		0.372881
223.875		0.372881
224		0.372881
224.125		0.372881
224.25		0.372881
224.375		0.372881
224.5		0.372881
224.625		0.372881
224.75		0.372881
224.875		0.372881
225		0.372881
225.125		0.372881
225.25		0.372881
225.375		0.372881
225.5		0.372881
225.625		0.372881
225.75		0.372881
225.875		0.372881
226		0.372881
226.125		0.372881
226.25		0.372881
226.375		0.372881
226.5		0.372881
226.625		0.372881
226.75		0.372881
226.875		0.372881
227		0.372881
227.125		0.372881
227.25		0.372881
227.375		0.372881
227.5		0.372881
227.625		0.372881
227.75		0.372881
227.875		0.372881
228		0.372881
228.125		0.372881
228.25		0.372881
228.375		0.372881
228.5		0.372881
228.625		0.372881
228.75		0.372881
228.875		0.372881
229		0.372881
229.125		0.372881
229.25		0.372881
229.375		0.372881
229.5		0.372881
229.625		0.372881
229.75		0.372881
229.875		0.372881
230		0.372881
230.125		0.389831
230.25		0.389831
230.375		0.389831
230.5		0.389831
230.625		0.389831
230.75		0.389831
230.875		0.389831
231		0.389831
231.125		0.389831
231.25		0.389831
231.375		0.389831
231.5		0.389831
231.625		0.389831
231.75		0.389831
231.875		0.389831
232		0.389831
232.125		0.389831
232.25		0.389831
232.375		0.389831
232.5		0.389831
232.625		0.389831
232.75		0.389831
232.875		0.389831
233		0.389831
233.125		0.389831
233.25		0.389831
233.375		0.389831
233.5		0.389831
233.625		0.389831
233.75		0.389831
233.875		0.389831
234		0.389831
234.125		0.389831
234.25		0.389831
234.375		0.389831
234.5		0.389831
234.625		0.389831
234.75		0.389831
234.875		0.389831
235		0.389831
235.125		0.389831
235.25		0.389831
235.375		0.389831
235.5		0.389831
235.625		0.389831
235.75		0.389831
235.875		0.389831
236		0.389831
236.125		0.389831
236.25		0.389831
236.375		0.389831
236.5		0.389831
236.625		0.389831
236.75		0.389831
236.875		0.389831
237		0.389831
237.125		0.389831
237.25		0.389831
237.375		0.389831
237.5		0.389831
237.625		0.389831
237.75		0.389831
237.875		0.389831
238		0.389831
238.125		0.389831
238.25		0.389831
238.375		0.389831
238.5		0.389831
238.625		0.389831
238.75		0.389831
238.875		0.389831
239		0.389831
239.125		0.389831
239.25		0.389831
239.375		0.389831
239.5		0.389831
239.625		0.389831
239.75		0.389831
239.875		0.389831
240		0.389831
240.125		0.389831
240.25		0.389831
240.375		0.389831
240.5		0.389831
240.625		0.389831
240.75		0.389831
240.875		0.389831
241		0.389831
241.125		0.389831
241.25		0.389831
241.375		0.389831
241.5		0.389831
241.625		0.389831
241.75		0.389831
241.875		0.389831
242		0.389831
242.125		0.389831
242.25		0.389831
242.375		0.389831
242.5		0.389831
242.625		0.389831
242.75		0.389831
242.875		0.389831
243		0.389831
243.125		0.389831
243.25		0.389831
243.375		0.389831
243.5		0.389831
243.625		0.389831
243.75		0.389831
243.875		0.389831
244		0.389831
244.125		0.389831
244.25		0.389831
244.375		0.389831
244.5		0.389831
244.625		0.389831
244.75		0.389831
244.875		0.389831
245		0.389831
245.125		0.40678
245.25		0.40678
245.375		0.40678
245.5		0.40678
245.625		0.40678
245.75		0.40678
245.875		0.40678
246		0.40678
246.125		0.40678
246.25		0.40678
246.375		0.40678
246.5		0.40678
246.625		0.40678
246.75		0.40678
246.875		0.40678
247		0.40678
247.125		0.40678
247.25		0.40678
247.375		0.40678
247.5		0.40678
247.625		0.40678
247.75		0.40678
247.875		0.40678
248		0.40678
248.125		0.40678
248.25		0.40678
248.375		0.40678
248.5		0.40678
248.625		0.40678
248.75		0.40678
248.875		0.40678
249		0.40678
249.125		0.40678
249.25		0.40678
249.375		0.40678
249.5		0.40678
249.625		0.40678
249.75		0.40678
249.875		0.40678
250		0.40678
250.125		0.423729
250.25		0.423729
250.375		0.423729
250.5		0.423729
250.625		0.423729
250.75		0.423729
250.875		0.423729
251		0.423729
251.125		0.423729
251.25		0.423729
251.375		0.423729
251.5		0.423729
251.625		0.423729
251.75		0.423729
251.875		0.423729
252		0.423729
252.125		0.423729
252.25		0.423729
252.375		0.423729
252.5		0.423729
252.625		0.423729
252.75		0.423729
252.875		0.423729
253		0.423729
253.125		0.423729
253.25		0.423729
253.375		0.423729
253.5		0.423729
253.625		0.423729
253.75		0.423729
253.875		0.423729
254		0.423729
254.125		0.423729
254.25		0.423729
254.375		0.423729
254.5		0.423729
254.625		0.423729
254.75		0.423729
254.875		0.423729
255		0.423729
255.125		0.423729
255.25		0.423729
255.375		0.423729
255.5		0.423729
255.625		0.423729
255.75		0.423729
255.875		0.423729
256		0.423729
256.125		0.423729
256.25		0.423729
256.375		0.423729
256.5		0.423729
256.625		0.423729
256.75		0.423729
256.875		0.423729
257		0.423729
257.125		0.423729
257.25		0.423729
257.375		0.423729
257.5		0.423729
257.625		0.423729
257.75		0.423729
257.875		0.423729
258		0.423729
258.125		0.423729
258.25		0.423729
258.375		0.423729
258.5		0.423729
258.625		0.423729
258.75		0.423729
258.875		0.423729
259		0.423729
259.125		0.423729
259.25		0.423729
259.375		0.423729
259.5		0.423729
259.625		0.423729
259.75		0.423729
259.875		0.423729
260		0.423729
260.125		0.423729
260.25		0.423729
260.375		0.423729
260.5		0.423729
260.625		0.423729
260.75		0.423729
260.875		0.423729
261		0.423729
261.125		0.423729
261.25		0.423729
261.375		0.423729
261.5		0.423729
261.625		0.423729
261.75		0.423729
261.875		0.423729
262		0.423729
262.125		0.423729
262.25		0.423729
262.375		0.423729
262.5		0.423729
262.625		0.423729
262.75		0.423729
262.875		0.423729
263		0.423729
263.125		0.423729
263.25		0.423729
263.375		0.423729
263.5		0.423729
263.625		0.423729
263.75		0.423729
263.875		0.423729
264		0.423729
264.125		0.423729
264.25		0.423729
264.375		0.423729
264.5		0.423729
264.625		0.423729
264.75		0.423729
264.875		0.423729
265		0.423729
265.125		0.440678
265.25		0.440678
265.375		0.440678
265.5		0.440678
265.625		0.440678
265.75		0.440678
265.875		0.440678
266		0.440678
266.125		0.440678
266.25		0.440678
266.375		0.440678
266.5		0.440678
266.625		0.440678
266.75		0.440678
266.875		0.440678
267		0.440678
267.125		0.440678
267.25		0.440678
267.375		0.440678
267.5		0.440678
267.625		0.440678
267.75		0.440678
267.875		0.440678
268		0.440678
268.125		0.440678
268.25		0.440678
268.375		0.440678
268.5		0.440678
268.625		0.440678
268.75		0.440678
268.875		0.440678
269		0.440678
269.125		0.440678
269.25		0.440678
269.375		0.440678
269.5		0.440678
269.625		0.440678
269.75		0.440678
269.875		0.440678
270		0.440678
270.125		0.440678
270.25		0.440678
270.375		0.440678
270.5		0.440678
270.625		0.440678
270.75		0.440678
270.875		0.440678
271		0.440678
271.125		0.440678
271.25		0.440678
271.375		0.440678
271.5		0.440678
271.625		0.440678
271.75		0.440678
271.875		0.440678
272		0.440678
272.125		0.440678
272.25		0.440678
272.375		0.440678
272.5		0.440678
272.625		0.440678
272.75		0.440678
272.875		0.440678
273		0.440678
273.125		0.440678
273.25		0.440678
273.375		0.440678
273.5		0.440678
273.625		0.440678
273.75		0.440678
273.875		0.440678
274		0.440678
274.125		0.440678
274.25		0.440678
274.375		0.440678
274.5		0.440678
274.625		0.440678
274.75		0.440678
274.875		0.440678
275		0.440678
275.125		0.440678
275.25		0.440678
275.375		0.440678
275.5		0.440678
275.625		0.440678
275.75		0.440678
275.875		0.440678
276		0.440678
276.125		0.440678
276.25		0.440678
276.375		0.440678
276.5		0.440678
276.625		0.440678
276.75		0.440678
276.875		0.440678
277		0.440678
277.125		0.440678
277.25		0.440678
277.375		0.440678
277.5		0.440678
277.625		0.440678
277.75		0.440678
277.875		0.440678
278		0.440678
278.125		0.440678
278.25		0.440678
278.375		0.440678
278.5		0.440678
278.625		0.440678
278.75		0.440678
278.875		0.440678
279		0.440678
279.125		0.440678
279.25		0.440678
279.375		0.440678
279.5		0.440678
279.625		0.440678
279.75		0.440678
279.875		0.440678
280		0.440678
280.125		0.440678
280.25		0.440678
280.375		0.440678
280.5		0.440678
280.625		0.440678
280.75		0.440678
280.875		0.440678
281		0.440678
281.125		0.440678
281.25		0.440678
281.375		0.440678
281.5		0.440678
281.625		0.440678
281.75		0.440678
281.875		0.440678
282		0.440678
282.125		0.440678
282.25		0.440678
282.375		0.440678
282.5		0.440678
282.625		0.440678
282.75		0.440678
282.875		0.440678
283		0.440678
283.125		0.440678
283.25		0.440678
283.375		0.440678
283.5		0.440678
283.625		0.440678
283.75		0.440678
283.875		0.440678
284		0.440678
284.125		0.440678
284.25		0.440678
284.375		0.440678
284.5		0.440678
284.625		0.440678
284.75		0.440678
284.875		0.440678
285		0.440678
285.125		0.457627
285.25		0.457627
285.375		0.457627
285.5		0.457627
285.625		0.457627
285.75		0.457627
285.875		0.457627
286		0.457627
286.125		0.457627
286.25		0.457627
286.375		0.457627
286.5		0.457627
286.625		0.457627
286.75		0.457627
286.875		0.457627
287		0.457627
287.125		0.457627
287.25		0.457627
287.375		0.457627
287.5		0.457627
287.625		0.457627
287.75		0.457627
287.875		0.457627
288		0.457627
288.125		0.457627
288.25		0.457627
288.375		0.457627
288.5		0.457627
288.625		0.457627
288.75		0.457627
288.875		0.457627
289		0.457627
289.125		0.457627
289.25		0.457627
289.375		0.457627
289.5		0.457627
289.625		0.457627
289.75		0.457627
289.875		0.457627
290		0.457627
290.125		0.474576
290.25		0.474576
290.375		0.474576
290.5		0.474576
290.625		0.474576
290.75		0.474576
290.875		0.474576
291		0.474576
291.125		0.474576
291.25		0.474576
291.375		0.474576
291.5		0.474576
291.625		0.474576
291.75		0.474576
291.875		0.474576
292		0.474576
292.125		0.474576
292.25		0.474576
292.375		0.474576
292.5		0.474576
292.625		0.474576
292.75		0.474576
292.875		0.474576
293		0.474576
293.125		0.474576
293.25		0.474576
293.375		0.474576
293.5		0.474576
293.625		0.474576
293.75		0.474576
293.875		0.474576
294		0.474576
294.125		0.474576
294.25		0.474576
294.375		0.474576
294.5		0.474576
294.625		0.474576
294.75		0.474576
294.875		0.474576
295		0.474576
295.125		0.474576
295.25		0.474576
295.375		0.474576
295.5		0.474576
295.625		0.474576
295.75		0.474576
295.875		0.474576
296		0.474576
296.125		0.474576
296.25		0.474576
296.375		0.474576
296.5		0.474576
296.625		0.474576
296.75		0.474576
296.875		0.474576
297		0.474576
297.125		0.474576
297.25		0.474576
297.375		0.474576
297.5		0.474576
297.625		0.474576
297.75		0.474576
297.875		0.474576
298		0.474576
298.125		0.474576
298.25		0.474576
298.375		0.474576
298.5		0.474576
298.625		0.474576
298.75		0.474576
298.875		0.474576
299		0.474576
299.125		0.474576
299.25		0.474576
299.375		0.474576
299.5		0.474576
299.625		0.474576
299.75		0.474576
299.875		0.474576
300		0.474576
300.125		0.508475
300.25		0.508475
300.375		0.508475
300.5		0.508475
300.625		0.508475
300.75		0.508475
300.875		0.508475
301		0.508475
301.125		0.508475
301.25		0.508475
301.375		0.508475
301.5		0.508475
301.625		0.508475
301.75		0.508475
301.875		0.508475
302		0.508475
302.125		0.508475
302.25		0.508475
302.375		0.508475
302.5		0.508475
302.625		0.508475
302.75		0.508475
302.875		0.508475
303		0.508475
303.125		0.508475
303.25		0.508475
303.375		0.508475
303.5		0.508475
303.625		0.508475
303.75		0.508475
303.875		0.508475
304		0.508475
304.125		0.508475
304.25		0.508475
304.375		0.508475
304.5		0.508475
304.625		0.508475
304.75		0.508475
304.875		0.508475
305		0.508475
305.125		0.508475
305.25		0.508475
305.375		0.508475
305.5		0.508475
305.625		0.508475
305.75		0.508475
305.875		0.508475
306		0.508475
306.125		0.508475
306.25		0.508475
306.375		0.508475
306.5		0.508475
306.625		0.508475
306.75		0.508475
306.875		0.508475
307		0.508475
307.125		0.508475
307.25		0.508475
307.375		0.508475
307.5		0.508475
307.625		0.508475
307.75		0.508475
307.875		0.508475
308		0.508475
308.125		0.508475
308.25		0.508475
308.375		0.508475
308.5		0.508475
308.625		0.508475
308.75		0.508475
308.875		0.508475
309		0.508475
309.125		0.508475
309.25		0.508475
309.375		0.508475
309.5		0.508475
309.625		0.508475
309.75		0.508475
309.875		0.508475
310		0.508475
310.125		0.542373
310.25		0.542373
310.375		0.542373
310.5		0.542373
310.625		0.542373
310.75		0.542373
310.875		0.542373
311		0.542373
311.125		0.542373
311.25		0.542373
311.375		0.542373
311.5		0.542373
311.625		0.542373
311.75		0.542373
311.875		0.542373
312		0.542373
312.125		0.542373
312.25		0.542373
312.375		0.542373
312.5		0.542373
312.625		0.542373
312.75		0.542373
312.875		0.542373
313		0.542373
313.125		0.542373
313.25		0.542373
313.375		0.542373
313.5		0.542373
313.625		0.542373
313.75		0.542373
313.875		0.542373
314		0.542373
314.125		0.542373
314.25		0.542373
314.375		0.542373
314.5		0.542373
314.625		0.542373
314.75		0.542373
314.875		0.542373
315		0.542373
315.125		0.542373
315.25		0.542373
315.375		0.542373
315.5		0.542373
315.625		0.542373
315.75		0.542373
315.875		0.542373
316		0.542373
316.125		0.542373
316.25		0.542373
316.375		0.542373
316.5		0.542373
316.625		0.542373
316.75		0.542373
316.875		0.542373
317		0.542373
317.125		0.542373
317.25		0.542373
317.375		0.542373
317.5		0.542373
317.625		0.542373
317.75		0.542373
317.875		0.542373
318		0.542373
318.125		0.542373
318.25		0.542373
318.375		0.542373
318.5		0.542373
318.625		0.542373
318.75		0.542373
318.875		0.542373
319		0.542373
319.125		0.542373
319.25		0.542373
319.375		0.542373
319.5		0.542373
319.625		0.542373
319.75		0.542373
319.875		0.542373
320		0.542373
320.125		0.542373
320.25		0.542373
320.375		0.542373
320.5		0.542373
320.625		0.542373
320.75		0.542373
320.875		0.542373
321		0.542373
321.125		0.542373
321.25		0.542373
321.375		0.542373
321.5		0.542373
321.625		0.542373
321.75		0.542373
321.875		0.542373
322		0.542373
322.125		0.542373
322.25		0.542373
322.375		0.542373
322.5		0.542373
322.625		0.542373
322.75		0.542373
322.875		0.542373
323		0.542373
323.125		0.542373
323.25		0.542373
323.375		0.542373
323.5		0.542373
323.625		0.542373
323.75		0.542373
323.875		0.542373
324		0.542373
324.125		0.542373
324.25		0.542373
324.375		0.542373
324.5		0.542373
324.625		0.542373
324.75		0.542373
324.875		0.542373
325		0.542373
325.125		0.576271
325.25		0.576271
325.375		0.576271
325.5		0.576271
325.625		0.576271
325.75		0.576271
325.875		0.576271
326		0.576271
326.125		0.576271
326.25		0.576271
326.375		0.576271
326.5		0.576271
326.625		0.576271
326.75		0.576271
326.875		0.576271
327		0.576271
327.125		0.576271
327.25		0.576271
327.375		0.576271
327.5		0.576271
327.625		0.576271
327.75		0.576271
327.875		0.576271
328		0.576271
328.125		0.576271
328.25		0.576271
328.375		0.576271
328.5		0.576271
328.625		0.576271
328.75		0.576271
328.875		0.576271
329		0.576271
329.125		0.576271
329.25		0.576271
329.375		0.576271
329.5		0.576271
329.625		0.576271
329.75		0.576271
329.875		0.576271
330		0.576271
330.125		0.610169
330.25		0.610169
330.375		0.610169
330.5		0.610169
330.625		0.610169
330.75		0.610169
330.875		0.610169
331		0.610169
331.125		0.610169
331.25		0.610169
331.375		0.610169
331.5		0.610169
331.625		0.610169
331.75		0.610169
331.875		0.610169
332		0.610169
332.125		0.610169
332.25		0.610169
332.375		0.610169
332.5		0.610169
332.625		0.610169
332.75		0.610169
332.875		0.610169
333		0.610169
333.125		0.610169
333.25		0.610169
333.375		0.610169
333.5		0.610169
333.625		0.610169
333.75		0.610169
333.875		0.610169
334		0.610169
334.125		0.610169
334.25		0.610169
334.375		0.610169
334.5		0.610169
334.625		0.610169
334.75		0.610169
334.875		0.610169
335		0.610169
335.125		0.610169
335.25		0.610169
335.375		0.610169
335.5		0.610169
335.625		0.610169
335.75		0.610169
335.875		0.610169
336		0.610169
336.125		0.610169
336.25		0.610169
336.375		0.610169
336.5		0.610169
336.625		0.610169
336.75		0.610169
336.875		0.610169
337		0.610169
337.125		0.610169
337.25		0.610169
337.375		0.610169
337.5		0.610169
337.625		0.610169
337.75		0.610169
337.875		0.610169
338		0.610169
338.125		0.610169
338.25		0.610169
338.375		0.610169
338.5		0.610169
338.625		0.610169
338.75		0.610169
338.875		0.610169
339		0.610169
339.125		0.610169
339.25		0.610169
339.375		0.610169
339.5		0.610169
339.625		0.610169
339.75		0.610169
339.875		0.610169
340		0.610169
340.125		0.644068
340.25		0.644068
340.375		0.644068
340.5		0.644068
340.625		0.644068
340.75		0.644068
340.875		0.644068
341		0.644068
341.125		0.644068
341.25		0.644068
341.375		0.644068
341.5		0.644068
341.625		0.644068
341.75		0.644068
341.875		0.644068
342		0.644068
342.125		0.644068
342.25		0.644068
342.375		0.644068
342.5		0.644068
342.625		0.644068
342.75		0.644068
342.875		0.644068
343		0.644068
343.125		0.644068
343.25		0.644068
343.375		0.644068
343.5		0.644068
343.625		0.644068
343.75		0.644068
343.875		0.644068
344		0.644068
344.125		0.644068
344.25		0.644068
344.375		0.644068
344.5		0.644068
344.625		0.644068
344.75		0.644068
344.875		0.644068
345		0.644068
345.125		0.644068
345.25		0.644068
345.375		0.644068
345.5		0.644068
345.625		0.644068
345.75		0.644068
345.875		0.644068
346		0.644068
346.125		0.644068
346.25		0.644068
346.375		0.644068
346.5		0.644068
346.625		0.644068
346.75		0.644068
346.875		0.644068
347		0.644068
347.125		0.644068
347.25		0.644068
347.375		0.644068
347.5		0.644068
347.625		0.644068
347.75		0.644068
347.875		0.644068
348		0.644068
348.125		0.644068
348.25		0.644068
348.375		0.644068
348.5		0.644068
348.625		0.644068
348.75		0.644068
348.875		0.644068
349		0.644068
349.125		0.644068
349.25		0.644068
349.375		0.644068
349.5		0.644068
349.625		0.644068
349.75		0.644068
349.875		0.644068
350		0.644068
350.125		0.644068
350.25		0.644068
350.375		0.644068
350.5		0.644068
350.625		0.644068
350.75		0.644068
350.875		0.644068
351		0.644068
351.125		0.644068
351.25		0.644068
351.375		0.644068
351.5		0.644068
351.625		0.644068
351.75		0.644068
351.875		0.644068
352		0.644068
352.125		0.644068
352.25		0.644068
352.375		0.644068
352.5		0.644068
352.625		0.644068
352.75		0.644068
352.875		0.644068
353		0.644068
353.125		0.644068
353.25		0.644068
353.375		0.644068
353.5		0.644068
353.625		0.644068
353.75		0.644068
353.875		0.644068
354		0.644068
354.125		0.644068
354.25		0.644068
354.375		0.644068
354.5		0.644068
354.625		0.644068
354.75		0.644068
354.875		0.644068
355		0.644068
355.125		0.661017
355.25		0.661017
355.375		0.661017
355.5		0.661017
355.625		0.661017
355.75		0.661017
355.875		0.661017
356		0.661017
356.125		0.661017
356.25		0.661017
356.375		0.661017
356.5		0.661017
356.625		0.661017
356.75		0.661017
356.875		0.661017
357		0.661017
357.125		0.661017
357.25		0.661017
357.375		0.661017
357.5		0.661017
357.625		0.661017
357.75		0.661017
357.875		0.661017
358		0.661017
358.125		0.661017
358.25		0.661017
358.375		0.661017
358.5		0.661017
358.625		0.661017
358.75		0.661017
358.875		0.661017
359		0.661017
359.125		0.661017
359.25		0.661017
359.375		0.661017
359.5		0.661017
359.625		0.661017
359.75		0.661017
359.875		0.661017
360		0.661017
360.125		0.661017
360.25		0.661017
360.375		0.661017
360.5		0.661017
360.625		0.661017
360.75		0.661017
360.875		0.661017
361		0.661017
361.125		0.661017
361.25		0.661017
361.375		0.661017
361.5		0.661017
361.625		0.661017
361.75		0.661017
361.875		0.661017
362		0.661017
362.125		0.661017
362.25		0.661017
362.375		0.661017
362.5		0.661017
362.625		0.661017
362.75		0.661017
362.875		0.661017
363		0.661017
363.125		0.661017
363.25		0.661017
363.375		0.661017
363.5		0.661017
363.625		0.661017
363.75		0.661017
363.875		0.661017
364		0.661017
364.125		0.661017
364.25		0.661017
364.375		0.661017
364.5		0.661017
364.625		0.661017
364.75		0.661017
364.875		0.661017
365		0.661017
365.125		0.661017
365.25		0.661017
365.375		0.661017
365.5		0.661017
365.625		0.661017
365.75		0.661017
365.875		0.661017
366		0.661017
366.125		0.661017
366.25		0.661017
366.375		0.661017
366.5		0.661017
366.625		0.661017
366.75		0.661017
366.875		0.661017
367		0.661017
367.125		0.661017
367.25		0.661017
367.375		0.661017
367.5		0.661017
367.625		0.661017
367.75		0.661017
367.875		0.661017
368		0.661017
368.125		0.661017
368.25		0.661017
368.375		0.661017
368.5		0.661017
368.625		0.661017
368.75		0.661017
368.875		0.661017
369		0.661017
369.125		0.661017
369.25		0.661017
369.375		0.661017
369.5		0.661017
369.625		0.661017
369.75		0.661017
369.875		0.661017
370		0.661017
370.125		0.677966
370.25		0.677966
370.375		0.677966
370.5		0.677966
370.625		0.677966
370.75		0.677966
370.875		0.677966
371		0.677966
371.125		0.677966
371.25		0.677966
371.375		0.677966
371.5		0.677966
371.625		0.677966
371.75		0.677966
371.875		0.677966
372		0.677966
372.125		0.677966
372.25		0.677966
372.375		0.677966
372.5		0.677966
372.625		0.677966
372.75		0.677966
372.875		0.677966
373		0.677966
373.125		0.677966
373.25		0.677966
373.375		0.677966
373.5		0.677966
373.625		0.677966
373.75		0.677966
373.875		0.677966
374		0.677966
374.125		0.677966
374.25		0.677966
374.375		0.677966
374.5		0.677966
374.625		0.677966
374.75		0.677966
374.875		0.677966
375		0.677966
375.125		0.694915
375.25		0.694915
375.375		0.694915
375.5		0.694915
375.625		0.694915
375.75		0.694915
375.875		0.694915
376		0.694915
376.125		0.694915
376.25		0.694915
376.375		0.694915
376.5		0.694915
376.625		0.694915
376.75		0.694915
376.875		0.694915
377		0.694915
377.125		0.694915
377.25		0.694915
377.375		0.694915
377.5		0.694915
377.625		0.694915
377.75		0.694915
377.875		0.694915
378		0.694915
378.125		0.694915
378.25		0.694915
378.375		0.694915
378.5		0.694915
378.625		0.694915
378.75		0.694915
378.875		0.694915
379		0.694915
379.125		0.694915
379.25		0.694915
379.375		0.694915
379.5		0.694915
379.625		0.694915
379.75		0.694915
379.875		0.694915
380		0.694915
380.125		0.745763
380.25		0.745763
380.375		0.745763
380.5		0.745763
380.625		0.745763
380.75		0.745763
380.875		0.745763
381		0.745763
381.125		0.745763
381.25		0.745763
381.375		0.745763
381.5		0.745763
381.625		0.745763
381.75		0.745763
381.875		0.745763
382		0.745763
382.125		0.745763
382.25		0.745763
382.375		0.745763
382.5		0.745763
382.625		0.745763
382.75		0.745763
382.875		0.745763
383		0.745763
383.125		0.745763
383.25		0.745763
383.375		0.745763
383.5		0.745763
383.625		0.745763
383.75		0.745763
383.875		0.745763
384		0.745763
384.125		0.745763
384.25		0.745763
384.375		0.745763
384.5		0.745763
384.625		0.745763
384.75		0.745763
384.875		0.745763
385		0.745763
385.125		0.745763
385.25		0.745763
385.375		0.745763
385.5		0.745763
385.625		0.745763
385.75		0.745763
385.875		0.745763
386		0.745763
386.125		0.745763
386.25		0.745763
386.375		0.745763
386.5		0.745763
386.625		0.745763
386.75		0.745763
386.875		0.745763
387		0.745763
387.125		0.745763
387.25		0.745763
387.375		0.745763
387.5		0.745763
387.625		0.745763
387.75		0.745763
387.875		0.745763
388		0.745763
388.125		0.745763
388.25		0.745763
388.375		0.745763
388.5		0.745763
388.625		0.745763
388.75		0.745763
388.875		0.745763
389		0.745763
389.125		0.745763
389.25		0.745763
389.375		0.745763
389.5		0.745763
389.625		0.745763
389.75		0.745763
389.875		0.745763
390		0.745763
390.125		0.745763
390.25		0.745763
390.375		0.745763
390.5		0.745763
390.625		0.745763
390.75		0.745763
390.875		0.745763
391		0.745763
391.125		0.745763
391.25		0.745763
391.375		0.745763
391.5		0.745763
391.625		0.745763
391.75		0.745763
391.875		0.745763
392		0.745763
392.125		0.745763
392.25		0.745763
392.375		0.745763
392.5		0.745763
392.625		0.745763
392.75		0.745763
392.875		0.745763
393		0.745763
393.125		0.745763
393.25		0.745763
393.375		0.745763
393.5		0.745763
393.625		0.745763
393.75		0.745763
393.875		0.745763
394		0.745763
394.125		0.745763
394.25		0.745763
394.375		0.745763
394.5		0.745763
394.625		0.745763
394.75		0.745763
394.875		0.745763
395		0.745763
395.125		0.745763
395.25		0.745763
395.375		0.745763
395.5		0.745763
395.625		0.745763
395.75		0.745763
395.875		0.745763
396		0.745763
396.125		0.745763
396.25		0.745763
396.375		0.745763
396.5		0.745763
396.625		0.745763
396.75		0.745763
396.875		0.745763
397		0.745763
397.125		0.745763
397.25		0.745763
397.375		0.745763
397.5		0.745763
397.625		0.745763
397.75		0.745763
397.875		0.745763
398		0.745763
398.125		0.745763
398.25		0.745763
398.375		0.745763
398.5		0.745763
398.625		0.745763
398.75		0.745763
398.875		0.745763
399		0.745763
399.125		0.745763
399.25		0.745763
399.375		0.745763
399.5		0.745763
399.625		0.745763
399.75		0.745763
399.875		0.745763
400		0.745763
400.125		0.762712
400.25		0.762712
400.375		0.762712
400.5		0.762712
400.625		0.762712
400.75		0.762712
400.875		0.762712
401		0.762712
401.125		0.762712
401.25		0.762712
401.375		0.762712
401.5		0.762712
401.625		0.762712
401.75		0.762712
401.875		0.762712
402		0.762712
402.125		0.762712
402.25		0.762712
402.375		0.762712
402.5		0.762712
402.625		0.762712
402.75		0.762712
402.875		0.762712
403		0.762712
403.125		0.762712
403.25		0.762712
403.375		0.762712
403.5		0.762712
403.625		0.762712
403.75		0.762712
403.875		0.762712
404		0.762712
404.125		0.762712
404.25		0.762712
404.375		0.762712
404.5		0.762712
404.625		0.762712
404.75		0.762712
404.875		0.762712
405		0.762712
405.125		0.79661
405.25		0.79661
405.375		0.79661
405.5		0.79661
405.625		0.79661
405.75		0.79661
405.875		0.79661
406		0.79661
406.125		0.79661
406.25		0.79661
406.375		0.79661
406.5		0.79661
406.625		0.79661
406.75		0.79661
406.875		0.79661
407		0.79661
407.125		0.79661
407.25		0.79661
407.375		0.79661
407.5		0.79661
407.625		0.79661
407.75		0.79661
407.875		0.79661
408		0.79661
408.125		0.79661
408.25		0.79661
408.375		0.79661
408.5		0.79661
408.625		0.79661
408.75		0.79661
408.875		0.79661
409		0.79661
409.125		0.79661
409.25		0.79661
409.375		0.79661
409.5		0.79661
409.625		0.79661
409.75		0.79661
409.875		0.79661
410		0.79661
410.125		0.79661
410.25		0.79661
410.375		0.79661
410.5		0.79661
410.625		0.79661
410.75		0.79661
410.875		0.79661
411		0.79661
411.125		0.79661
411.25		0.79661
411.375		0.79661
411.5		0.79661
411.625		0.79661
411.75		0.79661
411.875		0.79661
412		0.79661
412.125		0.79661
412.25		0.79661
412.375		0.79661
412.5		0.79661
412.625		0.79661
412.75		0.79661
412.875		0.79661
413		0.79661
413.125		0.79661
413.25		0.79661
413.375		0.79661
413.5		0.79661
413.625		0.79661
413.75		0.79661
413.875		0.79661
414		0.79661
414.125		0.79661
414.25		0.79661
414.375		0.79661
414.5		0.79661
414.625		0.79661
414.75		0.79661
414.875		0.79661
415		0.79661
415.125		0.79661
415.25		0.79661
415.375		0.79661
415.5		0.79661
415.625		0.79661
415.75		0.79661
415.875		0.79661
416		0.79661
416.125		0.79661
416.25		0.79661
416.375		0.79661
416.5		0.79661
416.625		0.79661
416.75		0.79661
416.875		0.79661
417		0.79661
417.125		0.79661
417.25		0.79661
417.375		0.79661
417.5		0.79661
417.625		0.79661
417.75		0.79661
417.875		0.79661
418		0.79661
418.125		0.79661
418.25		0.79661
418.375		0.79661
418.5		0.79661
418.625		0.79661
418.75		0.79661
418.875		0.79661
419		0.79661
419.125		0.79661
419.25		0.79661
419.375		0.79661
419.5		0.79661
419.625		0.79661
419.75		0.79661
419.875		0.79661
420		0.79661
420.125		0.79661
420.25		0.79661
420.375		0.79661
420.5		0.79661
420.625		0.79661
420.75		0.79661
420.875		0.79661
421		0.79661
421.125		0.79661
421.25		0.79661
421.375		0.79661
421.5		0.79661
421.625		0.79661
421.75		0.79661
421.875		0.79661
422		0.79661
422.125		0.79661
422.25		0.79661
422.375		0.79661
422.5		0.79661
422.625		0.79661
422.75		0.79661
422.875		0.79661
423		0.79661
423.125		0.79661
423.25		0.79661
423.375		0.79661
423.5		0.79661
423.625		0.79661
423.75		0.79661
423.875		0.79661
424		0.79661
424.125		0.79661
424.25		0.79661
424.375		0.79661
424.5		0.79661
424.625		0.79661
424.75		0.79661
424.875		0.79661
425		0.79661
425.125		0.79661
425.25		0.79661
425.375		0.79661
425.5		0.79661
425.625		0.79661
425.75		0.79661
425.875		0.79661
426		0.79661
426.125		0.79661
426.25		0.79661
426.375		0.79661
426.5		0.79661
426.625		0.79661
426.75		0.79661
426.875		0.79661
427		0.79661
427.125		0.79661
427.25		0.79661
427.375		0.79661
427.5		0.79661
427.625		0.79661
427.75		0.79661
427.875		0.79661
428		0.79661
428.125		0.79661
428.25		0.79661
428.375		0.79661
428.5		0.79661
428.625		0.79661
428.75		0.79661
428.875		0.79661
429		0.79661
429.125		0.79661
429.25		0.79661
429.375		0.79661
429.5		0.79661
429.625		0.79661
429.75		0.79661
429.875		0.79661
430		0.79661
430.125		0.830508
430.25		0.830508
430.375		0.830508
430.5		0.830508
430.625		0.830508
430.75		0.830508
430.875		0.830508
431		0.830508
431.125		0.830508
431.25		0.830508
431.375		0.830508
431.5		0.830508
431.625		0.830508
431.75		0.830508
431.875		0.830508
432		0.830508
432.125		0.830508
432.25		0.830508
432.375		0.830508
432.5		0.830508
432.625		0.830508
432.75		0.830508
432.875		0.830508
433		0.830508
433.125		0.830508
433.25		0.830508
433.375		0.830508
433.5		0.830508
433.625		0.830508
433.75		0.830508
433.875		0.830508
434		0.830508
434.125		0.830508
434.25		0.830508
434.375		0.830508
434.5		0.830508
434.625		0.830508
434.75		0.830508
434.875		0.830508
435		0.830508
435.125		0.864407
435.25		0.864407
435.375		0.864407
435.5		0.864407
435.625		0.864407
435.75		0.864407
435.875		0.864407
436		0.864407
436.125		0.864407
436.25		0.864407
436.375		0.864407
436.5		0.864407
436.625		0.864407
436.75		0.864407
436.875		0.864407
437		0.864407
437.125		0.864407
437.25		0.864407
437.375		0.864407
437.5		0.864407
437.625		0.864407
437.75		0.864407
437.875		0.864407
438		0.864407
438.125		0.864407
438.25		0.864407
438.375		0.864407
438.5		0.864407
438.625		0.864407
438.75		0.864407
438.875		0.864407
439		0.864407
439.125		0.864407
439.25		0.864407
439.375		0.864407
439.5		0.864407
439.625		0.864407
439.75		0.864407
439.875		0.864407
440		0.864407
440.125		0.881356
440.25		0.881356
440.375		0.881356
440.5		0.881356
440.625		0.881356
440.75		0.881356
440.875		0.881356
441		0.881356
441.125		0.881356
441.25		0.881356
441.375		0.881356
441.5		0.881356
441.625		0.881356
441.75		0.881356
441.875		0.881356
442		0.881356
442.125		0.881356
442.25		0.881356
442.375		0.881356
442.5		0.881356
442.625		0.881356
442.75		0.881356
442.875		0.881356
443		0.881356
443.125		0.881356
443.25		0.881356
443.375		0.881356
443.5		0.881356
443.625		0.881356
443.75		0.881356
443.875		0.881356
444		0.881356
444.125		0.881356
444.25		0.881356
444.375		0.881356
444.5		0.881356
444.625		0.881356
444.75		0.881356
444.875		0.881356
445		0.881356
445.125		0.881356
445.25		0.881356
445.375		0.881356
445.5		0.881356
445.625		0.881356
445.75		0.881356
445.875		0.881356
446		0.881356
446.125		0.881356
446.25		0.881356
446.375		0.881356
446.5		0.881356
446.625		0.881356
446.75		0.881356
446.875		0.881356
447		0.881356
447.125		0.881356
447.25		0.881356
447.375		0.881356
447.5		0.881356
447.625		0.881356
447.75		0.881356
447.875		0.881356
448		0.881356
448.125		0.881356
448.25		0.881356
448.375		0.881356
448.5		0.881356
448.625		0.881356
448.75		0.881356
448.875		0.881356
449		0.881356
449.125		0.881356
449.25		0.881356
449.375		0.881356
449.5		0.881356
449.625		0.881356
449.75		0.881356
449.875		0.881356
450		0.881356
450.125		0.881356
450.25		0.881356
450.375		0.881356
450.5		0.881356
450.625		0.881356
450.75		0.881356
450.875		0.881356
451		0.881356
451.125		0.881356
451.25		0.881356
451.375		0.881356
451.5		0.881356
451.625		0.881356
451.75		0.881356
451.875		0.881356
452		0.881356
452.125		0.881356
452.25		0.881356
452.375		0.881356
452.5		0.881356
452.625		0.881356
452.75		0.881356
452.875		0.881356
453		0.881356
453.125		0.881356
453.25		0.881356
453.375		0.881356
453.5		0.881356
453.625		0.881356
453.75		0.881356
453.875		0.881356
454		0.881356
454.125		0.881356
454.25		0.881356
454.375		0.881356
454.5		0.881356
454.625		0.881356
454.75		0.881356
454.875		0.881356
455		0.881356
455.125		0.881356
455.25		0.881356
455.375		0.881356
455.5		0.881356
455.625		0.881356
455.75		0.881356
455.875		0.881356
456		0.881356
456.125		0.881356
456.25		0.881356
456.375		0.881356
456.5		0.881356
456.625		0.881356
456.75		0.881356
456.875		0.881356
457		0.881356
457.125		0.881356
457.25		0.881356
457.375		0.881356
457.5		0.881356
457.625		0.881356
457.75		0.881356
457.875		0.881356
458		0.881356
458.125		0.881356
458.25		0.881356
458.375		0.881356
458.5		0.881356
458.625		0.881356
458.75		0.881356
458.875		0.881356
459		0.881356
459.125		0.881356
459.25		0.881356
459.375		0.881356
459.5		0.881356
459.625		0.881356
459.75		0.881356
459.875		0.881356
460		0.881356
460.125		0.898305
460.25		0.898305
460.375		0.898305
460.5		0.898305
460.625		0.898305
460.75		0.898305
460.875		0.898305
461		0.898305
461.125		0.898305
461.25		0.898305
461.375		0.898305
461.5		0.898305
461.625		0.898305
461.75		0.898305
461.875		0.898305
462		0.898305
462.125		0.898305
462.25		0.898305
462.375		0.898305
462.5		0.898305
462.625		0.898305
462.75		0.898305
462.875		0.898305
463		0.898305
463.125		0.898305
463.25		0.898305
463.375		0.898305
463.5		0.898305
463.625		0.898305
463.75		0.898305
463.875		0.898305
464		0.898305
464.125		0.898305
464.25		0.898305
464.375		0.898305
464.5		0.898305
464.625		0.898305
464.75		0.898305
464.875		0.898305
465		0.898305
465.125		0.915254
465.25		0.915254
465.375		0.915254
465.5		0.915254
465.625		0.915254
465.75		0.915254
465.875		0.915254
466		0.915254
466.125		0.915254
466.25		0.915254
466.375		0.915254
466.5		0.915254
466.625		0.915254
466.75		0.915254
466.875		0.915254
467		0.915254
467.125		0.915254
467.25		0.915254
467.375		0.915254
467.5		0.915254
467.625		0.915254
467.75		0.915254
467.875		0.915254
468		0.915254
468.125		0.915254
468.25		0.915254
468.375		0.915254
468.5		0.915254
468.625		0.915254
468.75		0.915254
468.875		0.915254
469		0.915254
469.125		0.915254
469.25		0.915254
469.375		0.915254
469.5		0.915254
469.625		0.915254
469.75		0.915254
469.875		0.915254
470		0.915254
470.125		0.932203
470.25		0.932203
470.375		0.932203
470.5		0.932203
470.625		0.932203
470.75		0.932203
470.875		0.932203
471		0.932203
471.125		0.932203
471.25		0.932203
471.375		0.932203
471.5		0.932203
471.625		0.932203
471.75		0.932203
471.875		0.932203
472		0.932203
472.125		0.932203
472.25		0.932203
472.375		0.932203
472.5		0.932203
472.625		0.932203
472.75		0.932203
472.875		0.932203
473		0.932203
473.125		0.932203
473.25		0.932203
473.375		0.932203
473.5		0.932203
473.625		0.932203
473.75		0.932203
473.875		0.932203
474		0.932203
474.125		0.932203
474.25		0.932203
474.375		0.932203
474.5		0.932203
474.625		0.932203
474.75		0.932203
474.875		0.932203
475		0.932203
475.125		0.949153
475.25		0.949153
475.375		0.949153
475.5		0.949153
475.625		0.949153
475.75		0.949153
475.875		0.949153
476		0.949153
476.125		0.949153
476.25		0.949153
476.375		0.949153
476.5		0.949153
476.625		0.949153
476.75		0.949153
476.875		0.949153
477		0.949153
477.125		0.949153
477.25		0.949153
477.375		0.949153
477.5		0.949153
477.625		0.949153
477.75		0.949153
477.875		0.949153
478		0.949153
478.125		0.949153
478.25		0.949153
478.375		0.949153
478.5		0.949153
478.625		0.949153
478.75		0.949153
478.875		0.949153
479		0.949153
479.125		0.949153
479.25		0.949153
479.375		0.949153
479.5		0.949153
479.625		0.949153
479.75		0.949153
479.875		0.949153
480		0.949153
480.125		0.949153
480.25		0.949153
480.375		0.949153
480.5		0.949153
480.625		0.949153
480.75		0.949153
480.875		0.949153
481		0.949153
481.125		0.949153
481.25		0.949153
481.375		0.949153
481.5		0.949153
481.625		0.949153
481.75		0.949153
481.875		0.949153
482		0.949153
482.125		0.949153
482.25		0.949153
482.375		0.949153
482.5		0.949153
482.625		0.949153
482.75		0.949153
482.875		0.949153
483		0.949153
483.125		0.949153
483.25		0.949153
483.375		0.949153
483.5		0.949153
483.625		0.949153
483.75		0.949153
483.875		0.949153
484		0.949153
484.125		0.949153
484.25		0.949153
484.375		0.949153
484.5		0.949153
484.625		0.949153
484.75		0.949153
484.875		0.949153
485		0.949153
485.125		1
485.25		1
485.375		1
485.5		1
485.625		1
485.75		1
485.875		1
486		1
486.125		1
486.25		1
486.375		1
486.5		1
486.625		1
486.75		1
486.875		1
487		1
487.125		1
487.25		1
487.375		1
487.5		1
487.625		1
487.75		1
487.875		1
488		1
488.125		1
488.25		1
488.375		1
488.5		1
488.625		1
488.75		1
488.875		1
489		1
489.125		1
489.25		1
489.375		1
489.5		1
489.625		1
489.75		1
489.875		1
490		1
490.125		1
490.25		1
490.375		1
490.5		1
490.625		1
490.75		1
490.875		1
491		1
491.125		1
491.25		1
491.375		1
491.5		1
491.625		1
491.75		1
491.875		1
492		1
492.125		1
492.25		1
492.375		1
492.5		1
492.625		1
492.75		1
492.875		1
493		1
493.125		1
493.25		1
493.375		1
493.5		1
493.625		1
493.75		1
493.875		1
494		1
494.125		1
494.25		1
494.375		1
494.5		1
494.625		1
494.75		1
494.875		1
495		1
495.125		1
495.25		1
495.375		1
495.5		1
495.625		1
495.75		1
495.875		1
496		1
496.125		1
496.25		1
496.375		1
496.5		1
496.625		1
496.75		1
496.875		1
497		1
497.125		1
497.25		1
497.375		1
497.5		1
497.625		1
497.75		1
497.875		1
498		1
498.125		1
498.25		1
498.375		1
498.5		1
498.625		1
498.75		1
498.875		1
499		1
499.125		1
499.25		1
499.375		1
499.5		1
499.625		1
499.75		1
499.875		1
500		1
