# Calibration file of tamex_id 0 @ channel 7
# fine_T bin		 Calibration value
0.125		0
0.25		0
0.375		0
0.5		0
0.625		0
0.75		0
0.875		0
1		0
1.125		0
1.25		0
1.375		0
1.5		0
1.625		0
1.75		0
1.875		0
2		0
2.125		0
2.25		0
2.375		0
2.5		0
2.625		0
2.75		0
2.875		0
3		0
3.125		0
3.25		0
3.375		0
3.5		0
3.625		0
3.75		0
3.875		0
4		0
4.125		0
4.25		0
4.375		0
4.5		0
4.625		0
4.75		0
4.875		0
5		0
5.125		0
5.25		0
5.375		0
5.5		0
5.625		0
5.75		0
5.875		0
6		0
6.125		0
6.25		0
6.375		0
6.5		0
6.625		0
6.75		0
6.875		0
7		0
7.125		0
7.25		0
7.375		0
7.5		0
7.625		0
7.75		0
7.875		0
8		0
8.125		0
8.25		0
8.375		0
8.5		0
8.625		0
8.75		0
8.875		0
9		0
9.125		0
9.25		0
9.375		0
9.5		0
9.625		0
9.75		0
9.875		0
10		0
10.125		0
10.25		0
10.375		0
10.5		0
10.625		0
10.75		0
10.875		0
11		0
11.125		0
11.25		0
11.375		0
11.5		0
11.625		0
11.75		0
11.875		0
12		0
12.125		0
12.25		0
12.375		0
12.5		0
12.625		0
12.75		0
12.875		0
13		0
13.125		0
13.25		0
13.375		0
13.5		0
13.625		0
13.75		0
13.875		0
14		0
14.125		0
14.25		0
14.375		0
14.5		0
14.625		0
14.75		0
14.875		0
15		0
15.125		0
15.25		0
15.375		0
15.5		0
15.625		0
15.75		0
15.875		0
16		0
16.125		0
16.25		0
16.375		0
16.5		0
16.625		0
16.75		0
16.875		0
17		0
17.125		0
17.25		0
17.375		0
17.5		0
17.625		0
17.75		0
17.875		0
18		0
18.125		0
18.25		0
18.375		0
18.5		0
18.625		0
18.75		0
18.875		0
19		0
19.125		0
19.25		0
19.375		0
19.5		0
19.625		0
19.75		0
19.875		0
20		0
20.125		0
20.25		0
20.375		0
20.5		0
20.625		0
20.75		0
20.875		0
21		0
21.125		0
21.25		0
21.375		0
21.5		0
21.625		0
21.75		0
21.875		0
22		0
22.125		0
22.25		0
22.375		0
22.5		0
22.625		0
22.75		0
22.875		0
23		0
23.125		0
23.25		0
23.375		0
23.5		0
23.625		0
23.75		0
23.875		0
24		0
24.125		0
24.25		0
24.375		0
24.5		0
24.625		0
24.75		0
24.875		0
25		0
25.125		0
25.25		0
25.375		0
25.5		0
25.625		0
25.75		0
25.875		0
26		0
26.125		0
26.25		0
26.375		0
26.5		0
26.625		0
26.75		0
26.875		0
27		0
27.125		0
27.25		0
27.375		0
27.5		0
27.625		0
27.75		0
27.875		0
28		0
28.125		0
28.25		0
28.375		0
28.5		0
28.625		0
28.75		0
28.875		0
29		0
29.125		0
29.25		0
29.375		0
29.5		0
29.625		0
29.75		0
29.875		0
30		0
30.125		0
30.25		0
30.375		0
30.5		0
30.625		0
30.75		0
30.875		0
31		0
31.125		0
31.25		0
31.375		0
31.5		0
31.625		0
31.75		0
31.875		0
32		0
32.125		0
32.25		0
32.375		0
32.5		0
32.625		0
32.75		0
32.875		0
33		0
33.125		0
33.25		0
33.375		0
33.5		0
33.625		0
33.75		0
33.875		0
34		0
34.125		0
34.25		0
34.375		0
34.5		0
34.625		0
34.75		0
34.875		0
35		0
35.125		0
35.25		0
35.375		0
35.5		0
35.625		0
35.75		0
35.875		0
36		0
36.125		0
36.25		0
36.375		0
36.5		0
36.625		0
36.75		0
36.875		0
37		0
37.125		0
37.25		0
37.375		0
37.5		0
37.625		0
37.75		0
37.875		0
38		0
38.125		0
38.25		0
38.375		0
38.5		0
38.625		0
38.75		0
38.875		0
39		0
39.125		0
39.25		0
39.375		0
39.5		0
39.625		0
39.75		0
39.875		0
40		0
40.125		0
40.25		0
40.375		0
40.5		0
40.625		0
40.75		0
40.875		0
41		0
41.125		0
41.25		0
41.375		0
41.5		0
41.625		0
41.75		0
41.875		0
42		0
42.125		0
42.25		0
42.375		0
42.5		0
42.625		0
42.75		0
42.875		0
43		0
43.125		0
43.25		0
43.375		0
43.5		0
43.625		0
43.75		0
43.875		0
44		0
44.125		0
44.25		0
44.375		0
44.5		0
44.625		0
44.75		0
44.875		0
45		0
45.125		0
45.25		0
45.375		0
45.5		0
45.625		0
45.75		0
45.875		0
46		0
46.125		0
46.25		0
46.375		0
46.5		0
46.625		0
46.75		0
46.875		0
47		0
47.125		0
47.25		0
47.375		0
47.5		0
47.625		0
47.75		0
47.875		0
48		0
48.125		0
48.25		0
48.375		0
48.5		0
48.625		0
48.75		0
48.875		0
49		0
49.125		0
49.25		0
49.375		0
49.5		0
49.625		0
49.75		0
49.875		0
50		0
50.125		0
50.25		0
50.375		0
50.5		0
50.625		0
50.75		0
50.875		0
51		0
51.125		0
51.25		0
51.375		0
51.5		0
51.625		0
51.75		0
51.875		0
52		0
52.125		0
52.25		0
52.375		0
52.5		0
52.625		0
52.75		0
52.875		0
53		0
53.125		0
53.25		0
53.375		0
53.5		0
53.625		0
53.75		0
53.875		0
54		0
54.125		0
54.25		0
54.375		0
54.5		0
54.625		0
54.75		0
54.875		0
55		0
55.125		0
55.25		0
55.375		0
55.5		0
55.625		0
55.75		0
55.875		0
56		0
56.125		0
56.25		0
56.375		0
56.5		0
56.625		0
56.75		0
56.875		0
57		0
57.125		0
57.25		0
57.375		0
57.5		0
57.625		0
57.75		0
57.875		0
58		0
58.125		0
58.25		0
58.375		0
58.5		0
58.625		0
58.75		0
58.875		0
59		0
59.125		0
59.25		0
59.375		0
59.5		0
59.625		0
59.75		0
59.875		0
60		0
60.125		0
60.25		0
60.375		0
60.5		0
60.625		0
60.75		0
60.875		0
61		0
61.125		0
61.25		0
61.375		0
61.5		0
61.625		0
61.75		0
61.875		0
62		0
62.125		0
62.25		0
62.375		0
62.5		0
62.625		0
62.75		0
62.875		0
63		0
63.125		0
63.25		0
63.375		0
63.5		0
63.625		0
63.75		0
63.875		0
64		0
64.125		0
64.25		0
64.375		0
64.5		0
64.625		0
64.75		0
64.875		0
65		0
65.125		0
65.25		0
65.375		0
65.5		0
65.625		0
65.75		0
65.875		0
66		0
66.125		0
66.25		0
66.375		0
66.5		0
66.625		0
66.75		0
66.875		0
67		0
67.125		0
67.25		0
67.375		0
67.5		0
67.625		0
67.75		0
67.875		0
68		0
68.125		0
68.25		0
68.375		0
68.5		0
68.625		0
68.75		0
68.875		0
69		0
69.125		0
69.25		0
69.375		0
69.5		0
69.625		0
69.75		0
69.875		0
70		0
70.125		0
70.25		0
70.375		0
70.5		0
70.625		0
70.75		0
70.875		0
71		0
71.125		0
71.25		0
71.375		0
71.5		0
71.625		0
71.75		0
71.875		0
72		0
72.125		0
72.25		0
72.375		0
72.5		0
72.625		0
72.75		0
72.875		0
73		0
73.125		0
73.25		0
73.375		0
73.5		0
73.625		0
73.75		0
73.875		0
74		0
74.125		0
74.25		0
74.375		0
74.5		0
74.625		0
74.75		0
74.875		0
75		0
75.125		0
75.25		0
75.375		0
75.5		0
75.625		0
75.75		0
75.875		0
76		0
76.125		0
76.25		0
76.375		0
76.5		0
76.625		0
76.75		0
76.875		0
77		0
77.125		0
77.25		0
77.375		0
77.5		0
77.625		0
77.75		0
77.875		0
78		0
78.125		0
78.25		0
78.375		0
78.5		0
78.625		0
78.75		0
78.875		0
79		0
79.125		0
79.25		0
79.375		0
79.5		0
79.625		0
79.75		0
79.875		0
80		0
80.125		0.0347616
80.25		0.0347616
80.375		0.0347616
80.5		0.0347616
80.625		0.0347616
80.75		0.0347616
80.875		0.0347616
81		0.0347616
81.125		0.0347616
81.25		0.0347616
81.375		0.0347616
81.5		0.0347616
81.625		0.0347616
81.75		0.0347616
81.875		0.0347616
82		0.0347616
82.125		0.0347616
82.25		0.0347616
82.375		0.0347616
82.5		0.0347616
82.625		0.0347616
82.75		0.0347616
82.875		0.0347616
83		0.0347616
83.125		0.0347616
83.25		0.0347616
83.375		0.0347616
83.5		0.0347616
83.625		0.0347616
83.75		0.0347616
83.875		0.0347616
84		0.0347616
84.125		0.0347616
84.25		0.0347616
84.375		0.0347616
84.5		0.0347616
84.625		0.0347616
84.75		0.0347616
84.875		0.0347616
85		0.0347616
85.125		0.0487949
85.25		0.0487949
85.375		0.0487949
85.5		0.0487949
85.625		0.0487949
85.75		0.0487949
85.875		0.0487949
86		0.0487949
86.125		0.0487949
86.25		0.0487949
86.375		0.0487949
86.5		0.0487949
86.625		0.0487949
86.75		0.0487949
86.875		0.0487949
87		0.0487949
87.125		0.0487949
87.25		0.0487949
87.375		0.0487949
87.5		0.0487949
87.625		0.0487949
87.75		0.0487949
87.875		0.0487949
88		0.0487949
88.125		0.0487949
88.25		0.0487949
88.375		0.0487949
88.5		0.0487949
88.625		0.0487949
88.75		0.0487949
88.875		0.0487949
89		0.0487949
89.125		0.0487949
89.25		0.0487949
89.375		0.0487949
89.5		0.0487949
89.625		0.0487949
89.75		0.0487949
89.875		0.0487949
90		0.0487949
90.125		0.0644349
90.25		0.0644349
90.375		0.0644349
90.5		0.0644349
90.625		0.0644349
90.75		0.0644349
90.875		0.0644349
91		0.0644349
91.125		0.0644349
91.25		0.0644349
91.375		0.0644349
91.5		0.0644349
91.625		0.0644349
91.75		0.0644349
91.875		0.0644349
92		0.0644349
92.125		0.0644349
92.25		0.0644349
92.375		0.0644349
92.5		0.0644349
92.625		0.0644349
92.75		0.0644349
92.875		0.0644349
93		0.0644349
93.125		0.0644349
93.25		0.0644349
93.375		0.0644349
93.5		0.0644349
93.625		0.0644349
93.75		0.0644349
93.875		0.0644349
94		0.0644349
94.125		0.0644349
94.25		0.0644349
94.375		0.0644349
94.5		0.0644349
94.625		0.0644349
94.75		0.0644349
94.875		0.0644349
95		0.0644349
95.125		0.0734869
95.25		0.0734869
95.375		0.0734869
95.5		0.0734869
95.625		0.0734869
95.75		0.0734869
95.875		0.0734869
96		0.0734869
96.125		0.0734869
96.25		0.0734869
96.375		0.0734869
96.5		0.0734869
96.625		0.0734869
96.75		0.0734869
96.875		0.0734869
97		0.0734869
97.125		0.0734869
97.25		0.0734869
97.375		0.0734869
97.5		0.0734869
97.625		0.0734869
97.75		0.0734869
97.875		0.0734869
98		0.0734869
98.125		0.0734869
98.25		0.0734869
98.375		0.0734869
98.5		0.0734869
98.625		0.0734869
98.75		0.0734869
98.875		0.0734869
99		0.0734869
99.125		0.0734869
99.25		0.0734869
99.375		0.0734869
99.5		0.0734869
99.625		0.0734869
99.75		0.0734869
99.875		0.0734869
100		0.0734869
100.125		0.101714
100.25		0.101714
100.375		0.101714
100.5		0.101714
100.625		0.101714
100.75		0.101714
100.875		0.101714
101		0.101714
101.125		0.101714
101.25		0.101714
101.375		0.101714
101.5		0.101714
101.625		0.101714
101.75		0.101714
101.875		0.101714
102		0.101714
102.125		0.101714
102.25		0.101714
102.375		0.101714
102.5		0.101714
102.625		0.101714
102.75		0.101714
102.875		0.101714
103		0.101714
103.125		0.101714
103.25		0.101714
103.375		0.101714
103.5		0.101714
103.625		0.101714
103.75		0.101714
103.875		0.101714
104		0.101714
104.125		0.101714
104.25		0.101714
104.375		0.101714
104.5		0.101714
104.625		0.101714
104.75		0.101714
104.875		0.101714
105		0.101714
105.125		0.108945
105.25		0.108945
105.375		0.108945
105.5		0.108945
105.625		0.108945
105.75		0.108945
105.875		0.108945
106		0.108945
106.125		0.108945
106.25		0.108945
106.375		0.108945
106.5		0.108945
106.625		0.108945
106.75		0.108945
106.875		0.108945
107		0.108945
107.125		0.108945
107.25		0.108945
107.375		0.108945
107.5		0.108945
107.625		0.108945
107.75		0.108945
107.875		0.108945
108		0.108945
108.125		0.108945
108.25		0.108945
108.375		0.108945
108.5		0.108945
108.625		0.108945
108.75		0.108945
108.875		0.108945
109		0.108945
109.125		0.108945
109.25		0.108945
109.375		0.108945
109.5		0.108945
109.625		0.108945
109.75		0.108945
109.875		0.108945
110		0.108945
110.125		0.119871
110.25		0.119871
110.375		0.119871
110.5		0.119871
110.625		0.119871
110.75		0.119871
110.875		0.119871
111		0.119871
111.125		0.119871
111.25		0.119871
111.375		0.119871
111.5		0.119871
111.625		0.119871
111.75		0.119871
111.875		0.119871
112		0.119871
112.125		0.119871
112.25		0.119871
112.375		0.119871
112.5		0.119871
112.625		0.119871
112.75		0.119871
112.875		0.119871
113		0.119871
113.125		0.119871
113.25		0.119871
113.375		0.119871
113.5		0.119871
113.625		0.119871
113.75		0.119871
113.875		0.119871
114		0.119871
114.125		0.119871
114.25		0.119871
114.375		0.119871
114.5		0.119871
114.625		0.119871
114.75		0.119871
114.875		0.119871
115		0.119871
115.125		0.127477
115.25		0.127477
115.375		0.127477
115.5		0.127477
115.625		0.127477
115.75		0.127477
115.875		0.127477
116		0.127477
116.125		0.127477
116.25		0.127477
116.375		0.127477
116.5		0.127477
116.625		0.127477
116.75		0.127477
116.875		0.127477
117		0.127477
117.125		0.127477
117.25		0.127477
117.375		0.127477
117.5		0.127477
117.625		0.127477
117.75		0.127477
117.875		0.127477
118		0.127477
118.125		0.127477
118.25		0.127477
118.375		0.127477
118.5		0.127477
118.625		0.127477
118.75		0.127477
118.875		0.127477
119		0.127477
119.125		0.127477
119.25		0.127477
119.375		0.127477
119.5		0.127477
119.625		0.127477
119.75		0.127477
119.875		0.127477
120		0.127477
120.125		0.146224
120.25		0.146224
120.375		0.146224
120.5		0.146224
120.625		0.146224
120.75		0.146224
120.875		0.146224
121		0.146224
121.125		0.146224
121.25		0.146224
121.375		0.146224
121.5		0.146224
121.625		0.146224
121.75		0.146224
121.875		0.146224
122		0.146224
122.125		0.146224
122.25		0.146224
122.375		0.146224
122.5		0.146224
122.625		0.146224
122.75		0.146224
122.875		0.146224
123		0.146224
123.125		0.146224
123.25		0.146224
123.375		0.146224
123.5		0.146224
123.625		0.146224
123.75		0.146224
123.875		0.146224
124		0.146224
124.125		0.146224
124.25		0.146224
124.375		0.146224
124.5		0.146224
124.625		0.146224
124.75		0.146224
124.875		0.146224
125		0.146224
125.125		0.163149
125.25		0.163149
125.375		0.163149
125.5		0.163149
125.625		0.163149
125.75		0.163149
125.875		0.163149
126		0.163149
126.125		0.163149
126.25		0.163149
126.375		0.163149
126.5		0.163149
126.625		0.163149
126.75		0.163149
126.875		0.163149
127		0.163149
127.125		0.163149
127.25		0.163149
127.375		0.163149
127.5		0.163149
127.625		0.163149
127.75		0.163149
127.875		0.163149
128		0.163149
128.125		0.163149
128.25		0.163149
128.375		0.163149
128.5		0.163149
128.625		0.163149
128.75		0.163149
128.875		0.163149
129		0.163149
129.125		0.163149
129.25		0.163149
129.375		0.163149
129.5		0.163149
129.625		0.163149
129.75		0.163149
129.875		0.163149
130		0.163149
130.125		0.167488
130.25		0.167488
130.375		0.167488
130.5		0.167488
130.625		0.167488
130.75		0.167488
130.875		0.167488
131		0.167488
131.125		0.167488
131.25		0.167488
131.375		0.167488
131.5		0.167488
131.625		0.167488
131.75		0.167488
131.875		0.167488
132		0.167488
132.125		0.167488
132.25		0.167488
132.375		0.167488
132.5		0.167488
132.625		0.167488
132.75		0.167488
132.875		0.167488
133		0.167488
133.125		0.167488
133.25		0.167488
133.375		0.167488
133.5		0.167488
133.625		0.167488
133.75		0.167488
133.875		0.167488
134		0.167488
134.125		0.167488
134.25		0.167488
134.375		0.167488
134.5		0.167488
134.625		0.167488
134.75		0.167488
134.875		0.167488
135		0.167488
135.125		0.16947
135.25		0.16947
135.375		0.16947
135.5		0.16947
135.625		0.16947
135.75		0.16947
135.875		0.16947
136		0.16947
136.125		0.16947
136.25		0.16947
136.375		0.16947
136.5		0.16947
136.625		0.16947
136.75		0.16947
136.875		0.16947
137		0.16947
137.125		0.16947
137.25		0.16947
137.375		0.16947
137.5		0.16947
137.625		0.16947
137.75		0.16947
137.875		0.16947
138		0.16947
138.125		0.16947
138.25		0.16947
138.375		0.16947
138.5		0.16947
138.625		0.16947
138.75		0.16947
138.875		0.16947
139		0.16947
139.125		0.16947
139.25		0.16947
139.375		0.16947
139.5		0.16947
139.625		0.16947
139.75		0.16947
139.875		0.16947
140		0.16947
140.125		0.194055
140.25		0.194055
140.375		0.194055
140.5		0.194055
140.625		0.194055
140.75		0.194055
140.875		0.194055
141		0.194055
141.125		0.194055
141.25		0.194055
141.375		0.194055
141.5		0.194055
141.625		0.194055
141.75		0.194055
141.875		0.194055
142		0.194055
142.125		0.194055
142.25		0.194055
142.375		0.194055
142.5		0.194055
142.625		0.194055
142.75		0.194055
142.875		0.194055
143		0.194055
143.125		0.194055
143.25		0.194055
143.375		0.194055
143.5		0.194055
143.625		0.194055
143.75		0.194055
143.875		0.194055
144		0.194055
144.125		0.194055
144.25		0.194055
144.375		0.194055
144.5		0.194055
144.625		0.194055
144.75		0.194055
144.875		0.194055
145		0.194055
145.125		0.19759
145.25		0.19759
145.375		0.19759
145.5		0.19759
145.625		0.19759
145.75		0.19759
145.875		0.19759
146		0.19759
146.125		0.19759
146.25		0.19759
146.375		0.19759
146.5		0.19759
146.625		0.19759
146.75		0.19759
146.875		0.19759
147		0.19759
147.125		0.19759
147.25		0.19759
147.375		0.19759
147.5		0.19759
147.625		0.19759
147.75		0.19759
147.875		0.19759
148		0.19759
148.125		0.19759
148.25		0.19759
148.375		0.19759
148.5		0.19759
148.625		0.19759
148.75		0.19759
148.875		0.19759
149		0.19759
149.125		0.19759
149.25		0.19759
149.375		0.19759
149.5		0.19759
149.625		0.19759
149.75		0.19759
149.875		0.19759
150		0.19759
150.125		0.198929
150.25		0.198929
150.375		0.198929
150.5		0.198929
150.625		0.198929
150.75		0.198929
150.875		0.198929
151		0.198929
151.125		0.198929
151.25		0.198929
151.375		0.198929
151.5		0.198929
151.625		0.198929
151.75		0.198929
151.875		0.198929
152		0.198929
152.125		0.198929
152.25		0.198929
152.375		0.198929
152.5		0.198929
152.625		0.198929
152.75		0.198929
152.875		0.198929
153		0.198929
153.125		0.198929
153.25		0.198929
153.375		0.198929
153.5		0.198929
153.625		0.198929
153.75		0.198929
153.875		0.198929
154		0.198929
154.125		0.198929
154.25		0.198929
154.375		0.198929
154.5		0.198929
154.625		0.198929
154.75		0.198929
154.875		0.198929
155		0.198929
155.125		0.227263
155.25		0.227263
155.375		0.227263
155.5		0.227263
155.625		0.227263
155.75		0.227263
155.875		0.227263
156		0.227263
156.125		0.227263
156.25		0.227263
156.375		0.227263
156.5		0.227263
156.625		0.227263
156.75		0.227263
156.875		0.227263
157		0.227263
157.125		0.227263
157.25		0.227263
157.375		0.227263
157.5		0.227263
157.625		0.227263
157.75		0.227263
157.875		0.227263
158		0.227263
158.125		0.227263
158.25		0.227263
158.375		0.227263
158.5		0.227263
158.625		0.227263
158.75		0.227263
158.875		0.227263
159		0.227263
159.125		0.227263
159.25		0.227263
159.375		0.227263
159.5		0.227263
159.625		0.227263
159.75		0.227263
159.875		0.227263
160		0.227263
160.125		0.239636
160.25		0.239636
160.375		0.239636
160.5		0.239636
160.625		0.239636
160.75		0.239636
160.875		0.239636
161		0.239636
161.125		0.239636
161.25		0.239636
161.375		0.239636
161.5		0.239636
161.625		0.239636
161.75		0.239636
161.875		0.239636
162		0.239636
162.125		0.239636
162.25		0.239636
162.375		0.239636
162.5		0.239636
162.625		0.239636
162.75		0.239636
162.875		0.239636
163		0.239636
163.125		0.239636
163.25		0.239636
163.375		0.239636
163.5		0.239636
163.625		0.239636
163.75		0.239636
163.875		0.239636
164		0.239636
164.125		0.239636
164.25		0.239636
164.375		0.239636
164.5		0.239636
164.625		0.239636
164.75		0.239636
164.875		0.239636
165		0.239636
165.125		0.256561
165.25		0.256561
165.375		0.256561
165.5		0.256561
165.625		0.256561
165.75		0.256561
165.875		0.256561
166		0.256561
166.125		0.256561
166.25		0.256561
166.375		0.256561
166.5		0.256561
166.625		0.256561
166.75		0.256561
166.875		0.256561
167		0.256561
167.125		0.256561
167.25		0.256561
167.375		0.256561
167.5		0.256561
167.625		0.256561
167.75		0.256561
167.875		0.256561
168		0.256561
168.125		0.256561
168.25		0.256561
168.375		0.256561
168.5		0.256561
168.625		0.256561
168.75		0.256561
168.875		0.256561
169		0.256561
169.125		0.256561
169.25		0.256561
169.375		0.256561
169.5		0.256561
169.625		0.256561
169.75		0.256561
169.875		0.256561
170		0.256561
170.125		0.257204
170.25		0.257204
170.375		0.257204
170.5		0.257204
170.625		0.257204
170.75		0.257204
170.875		0.257204
171		0.257204
171.125		0.257204
171.25		0.257204
171.375		0.257204
171.5		0.257204
171.625		0.257204
171.75		0.257204
171.875		0.257204
172		0.257204
172.125		0.257204
172.25		0.257204
172.375		0.257204
172.5		0.257204
172.625		0.257204
172.75		0.257204
172.875		0.257204
173		0.257204
173.125		0.257204
173.25		0.257204
173.375		0.257204
173.5		0.257204
173.625		0.257204
173.75		0.257204
173.875		0.257204
174		0.257204
174.125		0.257204
174.25		0.257204
174.375		0.257204
174.5		0.257204
174.625		0.257204
174.75		0.257204
174.875		0.257204
175		0.257204
175.125		0.268827
175.25		0.268827
175.375		0.268827
175.5		0.268827
175.625		0.268827
175.75		0.268827
175.875		0.268827
176		0.268827
176.125		0.268827
176.25		0.268827
176.375		0.268827
176.5		0.268827
176.625		0.268827
176.75		0.268827
176.875		0.268827
177		0.268827
177.125		0.268827
177.25		0.268827
177.375		0.268827
177.5		0.268827
177.625		0.268827
177.75		0.268827
177.875		0.268827
178		0.268827
178.125		0.268827
178.25		0.268827
178.375		0.268827
178.5		0.268827
178.625		0.268827
178.75		0.268827
178.875		0.268827
179		0.268827
179.125		0.268827
179.25		0.268827
179.375		0.268827
179.5		0.268827
179.625		0.268827
179.75		0.268827
179.875		0.268827
180		0.268827
180.125		0.282003
180.25		0.282003
180.375		0.282003
180.5		0.282003
180.625		0.282003
180.75		0.282003
180.875		0.282003
181		0.282003
181.125		0.282003
181.25		0.282003
181.375		0.282003
181.5		0.282003
181.625		0.282003
181.75		0.282003
181.875		0.282003
182		0.282003
182.125		0.282003
182.25		0.282003
182.375		0.282003
182.5		0.282003
182.625		0.282003
182.75		0.282003
182.875		0.282003
183		0.282003
183.125		0.282003
183.25		0.282003
183.375		0.282003
183.5		0.282003
183.625		0.282003
183.75		0.282003
183.875		0.282003
184		0.282003
184.125		0.282003
184.25		0.282003
184.375		0.282003
184.5		0.282003
184.625		0.282003
184.75		0.282003
184.875		0.282003
185		0.282003
185.125		0.284253
185.25		0.284253
185.375		0.284253
185.5		0.284253
185.625		0.284253
185.75		0.284253
185.875		0.284253
186		0.284253
186.125		0.284253
186.25		0.284253
186.375		0.284253
186.5		0.284253
186.625		0.284253
186.75		0.284253
186.875		0.284253
187		0.284253
187.125		0.284253
187.25		0.284253
187.375		0.284253
187.5		0.284253
187.625		0.284253
187.75		0.284253
187.875		0.284253
188		0.284253
188.125		0.284253
188.25		0.284253
188.375		0.284253
188.5		0.284253
188.625		0.284253
188.75		0.284253
188.875		0.284253
189		0.284253
189.125		0.284253
189.25		0.284253
189.375		0.284253
189.5		0.284253
189.625		0.284253
189.75		0.284253
189.875		0.284253
190		0.284253
190.125		0.304981
190.25		0.304981
190.375		0.304981
190.5		0.304981
190.625		0.304981
190.75		0.304981
190.875		0.304981
191		0.304981
191.125		0.304981
191.25		0.304981
191.375		0.304981
191.5		0.304981
191.625		0.304981
191.75		0.304981
191.875		0.304981
192		0.304981
192.125		0.304981
192.25		0.304981
192.375		0.304981
192.5		0.304981
192.625		0.304981
192.75		0.304981
192.875		0.304981
193		0.304981
193.125		0.304981
193.25		0.304981
193.375		0.304981
193.5		0.304981
193.625		0.304981
193.75		0.304981
193.875		0.304981
194		0.304981
194.125		0.304981
194.25		0.304981
194.375		0.304981
194.5		0.304981
194.625		0.304981
194.75		0.304981
194.875		0.304981
195		0.304981
195.125		0.308677
195.25		0.308677
195.375		0.308677
195.5		0.308677
195.625		0.308677
195.75		0.308677
195.875		0.308677
196		0.308677
196.125		0.308677
196.25		0.308677
196.375		0.308677
196.5		0.308677
196.625		0.308677
196.75		0.308677
196.875		0.308677
197		0.308677
197.125		0.308677
197.25		0.308677
197.375		0.308677
197.5		0.308677
197.625		0.308677
197.75		0.308677
197.875		0.308677
198		0.308677
198.125		0.308677
198.25		0.308677
198.375		0.308677
198.5		0.308677
198.625		0.308677
198.75		0.308677
198.875		0.308677
199		0.308677
199.125		0.308677
199.25		0.308677
199.375		0.308677
199.5		0.308677
199.625		0.308677
199.75		0.308677
199.875		0.308677
200		0.308677
200.125		0.322924
200.25		0.322924
200.375		0.322924
200.5		0.322924
200.625		0.322924
200.75		0.322924
200.875		0.322924
201		0.322924
201.125		0.322924
201.25		0.322924
201.375		0.322924
201.5		0.322924
201.625		0.322924
201.75		0.322924
201.875		0.322924
202		0.322924
202.125		0.322924
202.25		0.322924
202.375		0.322924
202.5		0.322924
202.625		0.322924
202.75		0.322924
202.875		0.322924
203		0.322924
203.125		0.322924
203.25		0.322924
203.375		0.322924
203.5		0.322924
203.625		0.322924
203.75		0.322924
203.875		0.322924
204		0.322924
204.125		0.322924
204.25		0.322924
204.375		0.322924
204.5		0.322924
204.625		0.322924
204.75		0.322924
204.875		0.322924
205		0.322924
205.125		0.338136
205.25		0.338136
205.375		0.338136
205.5		0.338136
205.625		0.338136
205.75		0.338136
205.875		0.338136
206		0.338136
206.125		0.338136
206.25		0.338136
206.375		0.338136
206.5		0.338136
206.625		0.338136
206.75		0.338136
206.875		0.338136
207		0.338136
207.125		0.338136
207.25		0.338136
207.375		0.338136
207.5		0.338136
207.625		0.338136
207.75		0.338136
207.875		0.338136
208		0.338136
208.125		0.338136
208.25		0.338136
208.375		0.338136
208.5		0.338136
208.625		0.338136
208.75		0.338136
208.875		0.338136
209		0.338136
209.125		0.338136
209.25		0.338136
209.375		0.338136
209.5		0.338136
209.625		0.338136
209.75		0.338136
209.875		0.338136
210		0.338136
210.125		0.343224
210.25		0.343224
210.375		0.343224
210.5		0.343224
210.625		0.343224
210.75		0.343224
210.875		0.343224
211		0.343224
211.125		0.343224
211.25		0.343224
211.375		0.343224
211.5		0.343224
211.625		0.343224
211.75		0.343224
211.875		0.343224
212		0.343224
212.125		0.343224
212.25		0.343224
212.375		0.343224
212.5		0.343224
212.625		0.343224
212.75		0.343224
212.875		0.343224
213		0.343224
213.125		0.343224
213.25		0.343224
213.375		0.343224
213.5		0.343224
213.625		0.343224
213.75		0.343224
213.875		0.343224
214		0.343224
214.125		0.343224
214.25		0.343224
214.375		0.343224
214.5		0.343224
214.625		0.343224
214.75		0.343224
214.875		0.343224
215		0.343224
215.125		0.345206
215.25		0.345206
215.375		0.345206
215.5		0.345206
215.625		0.345206
215.75		0.345206
215.875		0.345206
216		0.345206
216.125		0.345206
216.25		0.345206
216.375		0.345206
216.5		0.345206
216.625		0.345206
216.75		0.345206
216.875		0.345206
217		0.345206
217.125		0.345206
217.25		0.345206
217.375		0.345206
217.5		0.345206
217.625		0.345206
217.75		0.345206
217.875		0.345206
218		0.345206
218.125		0.345206
218.25		0.345206
218.375		0.345206
218.5		0.345206
218.625		0.345206
218.75		0.345206
218.875		0.345206
219		0.345206
219.125		0.345206
219.25		0.345206
219.375		0.345206
219.5		0.345206
219.625		0.345206
219.75		0.345206
219.875		0.345206
220		0.345206
220.125		0.364756
220.25		0.364756
220.375		0.364756
220.5		0.364756
220.625		0.364756
220.75		0.364756
220.875		0.364756
221		0.364756
221.125		0.364756
221.25		0.364756
221.375		0.364756
221.5		0.364756
221.625		0.364756
221.75		0.364756
221.875		0.364756
222		0.364756
222.125		0.364756
222.25		0.364756
222.375		0.364756
222.5		0.364756
222.625		0.364756
222.75		0.364756
222.875		0.364756
223		0.364756
223.125		0.364756
223.25		0.364756
223.375		0.364756
223.5		0.364756
223.625		0.364756
223.75		0.364756
223.875		0.364756
224		0.364756
224.125		0.364756
224.25		0.364756
224.375		0.364756
224.5		0.364756
224.625		0.364756
224.75		0.364756
224.875		0.364756
225		0.364756
225.125		0.379004
225.25		0.379004
225.375		0.379004
225.5		0.379004
225.625		0.379004
225.75		0.379004
225.875		0.379004
226		0.379004
226.125		0.379004
226.25		0.379004
226.375		0.379004
226.5		0.379004
226.625		0.379004
226.75		0.379004
226.875		0.379004
227		0.379004
227.125		0.379004
227.25		0.379004
227.375		0.379004
227.5		0.379004
227.625		0.379004
227.75		0.379004
227.875		0.379004
228		0.379004
228.125		0.379004
228.25		0.379004
228.375		0.379004
228.5		0.379004
228.625		0.379004
228.75		0.379004
228.875		0.379004
229		0.379004
229.125		0.379004
229.25		0.379004
229.375		0.379004
229.5		0.379004
229.625		0.379004
229.75		0.379004
229.875		0.379004
230		0.379004
230.125		0.392983
230.25		0.392983
230.375		0.392983
230.5		0.392983
230.625		0.392983
230.75		0.392983
230.875		0.392983
231		0.392983
231.125		0.392983
231.25		0.392983
231.375		0.392983
231.5		0.392983
231.625		0.392983
231.75		0.392983
231.875		0.392983
232		0.392983
232.125		0.392983
232.25		0.392983
232.375		0.392983
232.5		0.392983
232.625		0.392983
232.75		0.392983
232.875		0.392983
233		0.392983
233.125		0.392983
233.25		0.392983
233.375		0.392983
233.5		0.392983
233.625		0.392983
233.75		0.392983
233.875		0.392983
234		0.392983
234.125		0.392983
234.25		0.392983
234.375		0.392983
234.5		0.392983
234.625		0.392983
234.75		0.392983
234.875		0.392983
235		0.392983
235.125		0.401553
235.25		0.401553
235.375		0.401553
235.5		0.401553
235.625		0.401553
235.75		0.401553
235.875		0.401553
236		0.401553
236.125		0.401553
236.25		0.401553
236.375		0.401553
236.5		0.401553
236.625		0.401553
236.75		0.401553
236.875		0.401553
237		0.401553
237.125		0.401553
237.25		0.401553
237.375		0.401553
237.5		0.401553
237.625		0.401553
237.75		0.401553
237.875		0.401553
238		0.401553
238.125		0.401553
238.25		0.401553
238.375		0.401553
238.5		0.401553
238.625		0.401553
238.75		0.401553
238.875		0.401553
239		0.401553
239.125		0.401553
239.25		0.401553
239.375		0.401553
239.5		0.401553
239.625		0.401553
239.75		0.401553
239.875		0.401553
240		0.401553
240.125		0.408034
240.25		0.408034
240.375		0.408034
240.5		0.408034
240.625		0.408034
240.75		0.408034
240.875		0.408034
241		0.408034
241.125		0.408034
241.25		0.408034
241.375		0.408034
241.5		0.408034
241.625		0.408034
241.75		0.408034
241.875		0.408034
242		0.408034
242.125		0.408034
242.25		0.408034
242.375		0.408034
242.5		0.408034
242.625		0.408034
242.75		0.408034
242.875		0.408034
243		0.408034
243.125		0.408034
243.25		0.408034
243.375		0.408034
243.5		0.408034
243.625		0.408034
243.75		0.408034
243.875		0.408034
244		0.408034
244.125		0.408034
244.25		0.408034
244.375		0.408034
244.5		0.408034
244.625		0.408034
244.75		0.408034
244.875		0.408034
245		0.408034
245.125		0.423139
245.25		0.423139
245.375		0.423139
245.5		0.423139
245.625		0.423139
245.75		0.423139
245.875		0.423139
246		0.423139
246.125		0.423139
246.25		0.423139
246.375		0.423139
246.5		0.423139
246.625		0.423139
246.75		0.423139
246.875		0.423139
247		0.423139
247.125		0.423139
247.25		0.423139
247.375		0.423139
247.5		0.423139
247.625		0.423139
247.75		0.423139
247.875		0.423139
248		0.423139
248.125		0.423139
248.25		0.423139
248.375		0.423139
248.5		0.423139
248.625		0.423139
248.75		0.423139
248.875		0.423139
249		0.423139
249.125		0.423139
249.25		0.423139
249.375		0.423139
249.5		0.423139
249.625		0.423139
249.75		0.423139
249.875		0.423139
250		0.423139
250.125		0.425817
250.25		0.425817
250.375		0.425817
250.5		0.425817
250.625		0.425817
250.75		0.425817
250.875		0.425817
251		0.425817
251.125		0.425817
251.25		0.425817
251.375		0.425817
251.5		0.425817
251.625		0.425817
251.75		0.425817
251.875		0.425817
252		0.425817
252.125		0.425817
252.25		0.425817
252.375		0.425817
252.5		0.425817
252.625		0.425817
252.75		0.425817
252.875		0.425817
253		0.425817
253.125		0.425817
253.25		0.425817
253.375		0.425817
253.5		0.425817
253.625		0.425817
253.75		0.425817
253.875		0.425817
254		0.425817
254.125		0.425817
254.25		0.425817
254.375		0.425817
254.5		0.425817
254.625		0.425817
254.75		0.425817
254.875		0.425817
255		0.425817
255.125		0.455865
255.25		0.455865
255.375		0.455865
255.5		0.455865
255.625		0.455865
255.75		0.455865
255.875		0.455865
256		0.455865
256.125		0.455865
256.25		0.455865
256.375		0.455865
256.5		0.455865
256.625		0.455865
256.75		0.455865
256.875		0.455865
257		0.455865
257.125		0.455865
257.25		0.455865
257.375		0.455865
257.5		0.455865
257.625		0.455865
257.75		0.455865
257.875		0.455865
258		0.455865
258.125		0.455865
258.25		0.455865
258.375		0.455865
258.5		0.455865
258.625		0.455865
258.75		0.455865
258.875		0.455865
259		0.455865
259.125		0.455865
259.25		0.455865
259.375		0.455865
259.5		0.455865
259.625		0.455865
259.75		0.455865
259.875		0.455865
260		0.455865
260.125		0.457204
260.25		0.457204
260.375		0.457204
260.5		0.457204
260.625		0.457204
260.75		0.457204
260.875		0.457204
261		0.457204
261.125		0.457204
261.25		0.457204
261.375		0.457204
261.5		0.457204
261.625		0.457204
261.75		0.457204
261.875		0.457204
262		0.457204
262.125		0.457204
262.25		0.457204
262.375		0.457204
262.5		0.457204
262.625		0.457204
262.75		0.457204
262.875		0.457204
263		0.457204
263.125		0.457204
263.25		0.457204
263.375		0.457204
263.5		0.457204
263.625		0.457204
263.75		0.457204
263.875		0.457204
264		0.457204
264.125		0.457204
264.25		0.457204
264.375		0.457204
264.5		0.457204
264.625		0.457204
264.75		0.457204
264.875		0.457204
265		0.457204
265.125		0.46872
265.25		0.46872
265.375		0.46872
265.5		0.46872
265.625		0.46872
265.75		0.46872
265.875		0.46872
266		0.46872
266.125		0.46872
266.25		0.46872
266.375		0.46872
266.5		0.46872
266.625		0.46872
266.75		0.46872
266.875		0.46872
267		0.46872
267.125		0.46872
267.25		0.46872
267.375		0.46872
267.5		0.46872
267.625		0.46872
267.75		0.46872
267.875		0.46872
268		0.46872
268.125		0.46872
268.25		0.46872
268.375		0.46872
268.5		0.46872
268.625		0.46872
268.75		0.46872
268.875		0.46872
269		0.46872
269.125		0.46872
269.25		0.46872
269.375		0.46872
269.5		0.46872
269.625		0.46872
269.75		0.46872
269.875		0.46872
270		0.46872
270.125		0.491055
270.25		0.491055
270.375		0.491055
270.5		0.491055
270.625		0.491055
270.75		0.491055
270.875		0.491055
271		0.491055
271.125		0.491055
271.25		0.491055
271.375		0.491055
271.5		0.491055
271.625		0.491055
271.75		0.491055
271.875		0.491055
272		0.491055
272.125		0.491055
272.25		0.491055
272.375		0.491055
272.5		0.491055
272.625		0.491055
272.75		0.491055
272.875		0.491055
273		0.491055
273.125		0.491055
273.25		0.491055
273.375		0.491055
273.5		0.491055
273.625		0.491055
273.75		0.491055
273.875		0.491055
274		0.491055
274.125		0.491055
274.25		0.491055
274.375		0.491055
274.5		0.491055
274.625		0.491055
274.75		0.491055
274.875		0.491055
275		0.491055
275.125		0.492019
275.25		0.492019
275.375		0.492019
275.5		0.492019
275.625		0.492019
275.75		0.492019
275.875		0.492019
276		0.492019
276.125		0.492019
276.25		0.492019
276.375		0.492019
276.5		0.492019
276.625		0.492019
276.75		0.492019
276.875		0.492019
277		0.492019
277.125		0.492019
277.25		0.492019
277.375		0.492019
277.5		0.492019
277.625		0.492019
277.75		0.492019
277.875		0.492019
278		0.492019
278.125		0.492019
278.25		0.492019
278.375		0.492019
278.5		0.492019
278.625		0.492019
278.75		0.492019
278.875		0.492019
279		0.492019
279.125		0.492019
279.25		0.492019
279.375		0.492019
279.5		0.492019
279.625		0.492019
279.75		0.492019
279.875		0.492019
280		0.492019
280.125		0.493091
280.25		0.493091
280.375		0.493091
280.5		0.493091
280.625		0.493091
280.75		0.493091
280.875		0.493091
281		0.493091
281.125		0.493091
281.25		0.493091
281.375		0.493091
281.5		0.493091
281.625		0.493091
281.75		0.493091
281.875		0.493091
282		0.493091
282.125		0.493091
282.25		0.493091
282.375		0.493091
282.5		0.493091
282.625		0.493091
282.75		0.493091
282.875		0.493091
283		0.493091
283.125		0.493091
283.25		0.493091
283.375		0.493091
283.5		0.493091
283.625		0.493091
283.75		0.493091
283.875		0.493091
284		0.493091
284.125		0.493091
284.25		0.493091
284.375		0.493091
284.5		0.493091
284.625		0.493091
284.75		0.493091
284.875		0.493091
285		0.493091
285.125		0.502142
285.25		0.502142
285.375		0.502142
285.5		0.502142
285.625		0.502142
285.75		0.502142
285.875		0.502142
286		0.502142
286.125		0.502142
286.25		0.502142
286.375		0.502142
286.5		0.502142
286.625		0.502142
286.75		0.502142
286.875		0.502142
287		0.502142
287.125		0.502142
287.25		0.502142
287.375		0.502142
287.5		0.502142
287.625		0.502142
287.75		0.502142
287.875		0.502142
288		0.502142
288.125		0.502142
288.25		0.502142
288.375		0.502142
288.5		0.502142
288.625		0.502142
288.75		0.502142
288.875		0.502142
289		0.502142
289.125		0.502142
289.25		0.502142
289.375		0.502142
289.5		0.502142
289.625		0.502142
289.75		0.502142
289.875		0.502142
290		0.502142
290.125		0.537225
290.25		0.537225
290.375		0.537225
290.5		0.537225
290.625		0.537225
290.75		0.537225
290.875		0.537225
291		0.537225
291.125		0.537225
291.25		0.537225
291.375		0.537225
291.5		0.537225
291.625		0.537225
291.75		0.537225
291.875		0.537225
292		0.537225
292.125		0.537225
292.25		0.537225
292.375		0.537225
292.5		0.537225
292.625		0.537225
292.75		0.537225
292.875		0.537225
293		0.537225
293.125		0.537225
293.25		0.537225
293.375		0.537225
293.5		0.537225
293.625		0.537225
293.75		0.537225
293.875		0.537225
294		0.537225
294.125		0.537225
294.25		0.537225
294.375		0.537225
294.5		0.537225
294.625		0.537225
294.75		0.537225
294.875		0.537225
295		0.537225
295.125		0.543814
295.25		0.543814
295.375		0.543814
295.5		0.543814
295.625		0.543814
295.75		0.543814
295.875		0.543814
296		0.543814
296.125		0.543814
296.25		0.543814
296.375		0.543814
296.5		0.543814
296.625		0.543814
296.75		0.543814
296.875		0.543814
297		0.543814
297.125		0.543814
297.25		0.543814
297.375		0.543814
297.5		0.543814
297.625		0.543814
297.75		0.543814
297.875		0.543814
298		0.543814
298.125		0.543814
298.25		0.543814
298.375		0.543814
298.5		0.543814
298.625		0.543814
298.75		0.543814
298.875		0.543814
299		0.543814
299.125		0.543814
299.25		0.543814
299.375		0.543814
299.5		0.543814
299.625		0.543814
299.75		0.543814
299.875		0.543814
300		0.543814
300.125		0.553508
300.25		0.553508
300.375		0.553508
300.5		0.553508
300.625		0.553508
300.75		0.553508
300.875		0.553508
301		0.553508
301.125		0.553508
301.25		0.553508
301.375		0.553508
301.5		0.553508
301.625		0.553508
301.75		0.553508
301.875		0.553508
302		0.553508
302.125		0.553508
302.25		0.553508
302.375		0.553508
302.5		0.553508
302.625		0.553508
302.75		0.553508
302.875		0.553508
303		0.553508
303.125		0.553508
303.25		0.553508
303.375		0.553508
303.5		0.553508
303.625		0.553508
303.75		0.553508
303.875		0.553508
304		0.553508
304.125		0.553508
304.25		0.553508
304.375		0.553508
304.5		0.553508
304.625		0.553508
304.75		0.553508
304.875		0.553508
305		0.553508
305.125		0.562882
305.25		0.562882
305.375		0.562882
305.5		0.562882
305.625		0.562882
305.75		0.562882
305.875		0.562882
306		0.562882
306.125		0.562882
306.25		0.562882
306.375		0.562882
306.5		0.562882
306.625		0.562882
306.75		0.562882
306.875		0.562882
307		0.562882
307.125		0.562882
307.25		0.562882
307.375		0.562882
307.5		0.562882
307.625		0.562882
307.75		0.562882
307.875		0.562882
308		0.562882
308.125		0.562882
308.25		0.562882
308.375		0.562882
308.5		0.562882
308.625		0.562882
308.75		0.562882
308.875		0.562882
309		0.562882
309.125		0.562882
309.25		0.562882
309.375		0.562882
309.5		0.562882
309.625		0.562882
309.75		0.562882
309.875		0.562882
310		0.562882
310.125		0.580182
310.25		0.580182
310.375		0.580182
310.5		0.580182
310.625		0.580182
310.75		0.580182
310.875		0.580182
311		0.580182
311.125		0.580182
311.25		0.580182
311.375		0.580182
311.5		0.580182
311.625		0.580182
311.75		0.580182
311.875		0.580182
312		0.580182
312.125		0.580182
312.25		0.580182
312.375		0.580182
312.5		0.580182
312.625		0.580182
312.75		0.580182
312.875		0.580182
313		0.580182
313.125		0.580182
313.25		0.580182
313.375		0.580182
313.5		0.580182
313.625		0.580182
313.75		0.580182
313.875		0.580182
314		0.580182
314.125		0.580182
314.25		0.580182
314.375		0.580182
314.5		0.580182
314.625		0.580182
314.75		0.580182
314.875		0.580182
315		0.580182
315.125		0.583449
315.25		0.583449
315.375		0.583449
315.5		0.583449
315.625		0.583449
315.75		0.583449
315.875		0.583449
316		0.583449
316.125		0.583449
316.25		0.583449
316.375		0.583449
316.5		0.583449
316.625		0.583449
316.75		0.583449
316.875		0.583449
317		0.583449
317.125		0.583449
317.25		0.583449
317.375		0.583449
317.5		0.583449
317.625		0.583449
317.75		0.583449
317.875		0.583449
318		0.583449
318.125		0.583449
318.25		0.583449
318.375		0.583449
318.5		0.583449
318.625		0.583449
318.75		0.583449
318.875		0.583449
319		0.583449
319.125		0.583449
319.25		0.583449
319.375		0.583449
319.5		0.583449
319.625		0.583449
319.75		0.583449
319.875		0.583449
320		0.583449
320.125		0.597215
320.25		0.597215
320.375		0.597215
320.5		0.597215
320.625		0.597215
320.75		0.597215
320.875		0.597215
321		0.597215
321.125		0.597215
321.25		0.597215
321.375		0.597215
321.5		0.597215
321.625		0.597215
321.75		0.597215
321.875		0.597215
322		0.597215
322.125		0.597215
322.25		0.597215
322.375		0.597215
322.5		0.597215
322.625		0.597215
322.75		0.597215
322.875		0.597215
323		0.597215
323.125		0.597215
323.25		0.597215
323.375		0.597215
323.5		0.597215
323.625		0.597215
323.75		0.597215
323.875		0.597215
324		0.597215
324.125		0.597215
324.25		0.597215
324.375		0.597215
324.5		0.597215
324.625		0.597215
324.75		0.597215
324.875		0.597215
325		0.597215
325.125		0.600696
325.25		0.600696
325.375		0.600696
325.5		0.600696
325.625		0.600696
325.75		0.600696
325.875		0.600696
326		0.600696
326.125		0.600696
326.25		0.600696
326.375		0.600696
326.5		0.600696
326.625		0.600696
326.75		0.600696
326.875		0.600696
327		0.600696
327.125		0.600696
327.25		0.600696
327.375		0.600696
327.5		0.600696
327.625		0.600696
327.75		0.600696
327.875		0.600696
328		0.600696
328.125		0.600696
328.25		0.600696
328.375		0.600696
328.5		0.600696
328.625		0.600696
328.75		0.600696
328.875		0.600696
329		0.600696
329.125		0.600696
329.25		0.600696
329.375		0.600696
329.5		0.600696
329.625		0.600696
329.75		0.600696
329.875		0.600696
330		0.600696
330.125		0.631494
330.25		0.631494
330.375		0.631494
330.5		0.631494
330.625		0.631494
330.75		0.631494
330.875		0.631494
331		0.631494
331.125		0.631494
331.25		0.631494
331.375		0.631494
331.5		0.631494
331.625		0.631494
331.75		0.631494
331.875		0.631494
332		0.631494
332.125		0.631494
332.25		0.631494
332.375		0.631494
332.5		0.631494
332.625		0.631494
332.75		0.631494
332.875		0.631494
333		0.631494
333.125		0.631494
333.25		0.631494
333.375		0.631494
333.5		0.631494
333.625		0.631494
333.75		0.631494
333.875		0.631494
334		0.631494
334.125		0.631494
334.25		0.631494
334.375		0.631494
334.5		0.631494
334.625		0.631494
334.75		0.631494
334.875		0.631494
335		0.631494
335.125		0.632566
335.25		0.632566
335.375		0.632566
335.5		0.632566
335.625		0.632566
335.75		0.632566
335.875		0.632566
336		0.632566
336.125		0.632566
336.25		0.632566
336.375		0.632566
336.5		0.632566
336.625		0.632566
336.75		0.632566
336.875		0.632566
337		0.632566
337.125		0.632566
337.25		0.632566
337.375		0.632566
337.5		0.632566
337.625		0.632566
337.75		0.632566
337.875		0.632566
338		0.632566
338.125		0.632566
338.25		0.632566
338.375		0.632566
338.5		0.632566
338.625		0.632566
338.75		0.632566
338.875		0.632566
339		0.632566
339.125		0.632566
339.25		0.632566
339.375		0.632566
339.5		0.632566
339.625		0.632566
339.75		0.632566
339.875		0.632566
340		0.632566
340.125		0.634012
340.25		0.634012
340.375		0.634012
340.5		0.634012
340.625		0.634012
340.75		0.634012
340.875		0.634012
341		0.634012
341.125		0.634012
341.25		0.634012
341.375		0.634012
341.5		0.634012
341.625		0.634012
341.75		0.634012
341.875		0.634012
342		0.634012
342.125		0.634012
342.25		0.634012
342.375		0.634012
342.5		0.634012
342.625		0.634012
342.75		0.634012
342.875		0.634012
343		0.634012
343.125		0.634012
343.25		0.634012
343.375		0.634012
343.5		0.634012
343.625		0.634012
343.75		0.634012
343.875		0.634012
344		0.634012
344.125		0.634012
344.25		0.634012
344.375		0.634012
344.5		0.634012
344.625		0.634012
344.75		0.634012
344.875		0.634012
345		0.634012
345.125		0.648099
345.25		0.648099
345.375		0.648099
345.5		0.648099
345.625		0.648099
345.75		0.648099
345.875		0.648099
346		0.648099
346.125		0.648099
346.25		0.648099
346.375		0.648099
346.5		0.648099
346.625		0.648099
346.75		0.648099
346.875		0.648099
347		0.648099
347.125		0.648099
347.25		0.648099
347.375		0.648099
347.5		0.648099
347.625		0.648099
347.75		0.648099
347.875		0.648099
348		0.648099
348.125		0.648099
348.25		0.648099
348.375		0.648099
348.5		0.648099
348.625		0.648099
348.75		0.648099
348.875		0.648099
349		0.648099
349.125		0.648099
349.25		0.648099
349.375		0.648099
349.5		0.648099
349.625		0.648099
349.75		0.648099
349.875		0.648099
350		0.648099
350.125		0.663846
350.25		0.663846
350.375		0.663846
350.5		0.663846
350.625		0.663846
350.75		0.663846
350.875		0.663846
351		0.663846
351.125		0.663846
351.25		0.663846
351.375		0.663846
351.5		0.663846
351.625		0.663846
351.75		0.663846
351.875		0.663846
352		0.663846
352.125		0.663846
352.25		0.663846
352.375		0.663846
352.5		0.663846
352.625		0.663846
352.75		0.663846
352.875		0.663846
353		0.663846
353.125		0.663846
353.25		0.663846
353.375		0.663846
353.5		0.663846
353.625		0.663846
353.75		0.663846
353.875		0.663846
354		0.663846
354.125		0.663846
354.25		0.663846
354.375		0.663846
354.5		0.663846
354.625		0.663846
354.75		0.663846
354.875		0.663846
355		0.663846
355.125		0.68527
355.25		0.68527
355.375		0.68527
355.5		0.68527
355.625		0.68527
355.75		0.68527
355.875		0.68527
356		0.68527
356.125		0.68527
356.25		0.68527
356.375		0.68527
356.5		0.68527
356.625		0.68527
356.75		0.68527
356.875		0.68527
357		0.68527
357.125		0.68527
357.25		0.68527
357.375		0.68527
357.5		0.68527
357.625		0.68527
357.75		0.68527
357.875		0.68527
358		0.68527
358.125		0.68527
358.25		0.68527
358.375		0.68527
358.5		0.68527
358.625		0.68527
358.75		0.68527
358.875		0.68527
359		0.68527
359.125		0.68527
359.25		0.68527
359.375		0.68527
359.5		0.68527
359.625		0.68527
359.75		0.68527
359.875		0.68527
360		0.68527
360.125		0.686877
360.25		0.686877
360.375		0.686877
360.5		0.686877
360.625		0.686877
360.75		0.686877
360.875		0.686877
361		0.686877
361.125		0.686877
361.25		0.686877
361.375		0.686877
361.5		0.686877
361.625		0.686877
361.75		0.686877
361.875		0.686877
362		0.686877
362.125		0.686877
362.25		0.686877
362.375		0.686877
362.5		0.686877
362.625		0.686877
362.75		0.686877
362.875		0.686877
363		0.686877
363.125		0.686877
363.25		0.686877
363.375		0.686877
363.5		0.686877
363.625		0.686877
363.75		0.686877
363.875		0.686877
364		0.686877
364.125		0.686877
364.25		0.686877
364.375		0.686877
364.5		0.686877
364.625		0.686877
364.75		0.686877
364.875		0.686877
365		0.686877
365.125		0.687467
365.25		0.687467
365.375		0.687467
365.5		0.687467
365.625		0.687467
365.75		0.687467
365.875		0.687467
366		0.687467
366.125		0.687467
366.25		0.687467
366.375		0.687467
366.5		0.687467
366.625		0.687467
366.75		0.687467
366.875		0.687467
367		0.687467
367.125		0.687467
367.25		0.687467
367.375		0.687467
367.5		0.687467
367.625		0.687467
367.75		0.687467
367.875		0.687467
368		0.687467
368.125		0.687467
368.25		0.687467
368.375		0.687467
368.5		0.687467
368.625		0.687467
368.75		0.687467
368.875		0.687467
369		0.687467
369.125		0.687467
369.25		0.687467
369.375		0.687467
369.5		0.687467
369.625		0.687467
369.75		0.687467
369.875		0.687467
370		0.687467
370.125		0.708034
370.25		0.708034
370.375		0.708034
370.5		0.708034
370.625		0.708034
370.75		0.708034
370.875		0.708034
371		0.708034
371.125		0.708034
371.25		0.708034
371.375		0.708034
371.5		0.708034
371.625		0.708034
371.75		0.708034
371.875		0.708034
372		0.708034
372.125		0.708034
372.25		0.708034
372.375		0.708034
372.5		0.708034
372.625		0.708034
372.75		0.708034
372.875		0.708034
373		0.708034
373.125		0.708034
373.25		0.708034
373.375		0.708034
373.5		0.708034
373.625		0.708034
373.75		0.708034
373.875		0.708034
374		0.708034
374.125		0.708034
374.25		0.708034
374.375		0.708034
374.5		0.708034
374.625		0.708034
374.75		0.708034
374.875		0.708034
375		0.708034
375.125		0.715372
375.25		0.715372
375.375		0.715372
375.5		0.715372
375.625		0.715372
375.75		0.715372
375.875		0.715372
376		0.715372
376.125		0.715372
376.25		0.715372
376.375		0.715372
376.5		0.715372
376.625		0.715372
376.75		0.715372
376.875		0.715372
377		0.715372
377.125		0.715372
377.25		0.715372
377.375		0.715372
377.5		0.715372
377.625		0.715372
377.75		0.715372
377.875		0.715372
378		0.715372
378.125		0.715372
378.25		0.715372
378.375		0.715372
378.5		0.715372
378.625		0.715372
378.75		0.715372
378.875		0.715372
379		0.715372
379.125		0.715372
379.25		0.715372
379.375		0.715372
379.5		0.715372
379.625		0.715372
379.75		0.715372
379.875		0.715372
380		0.715372
380.125		0.736369
380.25		0.736369
380.375		0.736369
380.5		0.736369
380.625		0.736369
380.75		0.736369
380.875		0.736369
381		0.736369
381.125		0.736369
381.25		0.736369
381.375		0.736369
381.5		0.736369
381.625		0.736369
381.75		0.736369
381.875		0.736369
382		0.736369
382.125		0.736369
382.25		0.736369
382.375		0.736369
382.5		0.736369
382.625		0.736369
382.75		0.736369
382.875		0.736369
383		0.736369
383.125		0.736369
383.25		0.736369
383.375		0.736369
383.5		0.736369
383.625		0.736369
383.75		0.736369
383.875		0.736369
384		0.736369
384.125		0.736369
384.25		0.736369
384.375		0.736369
384.5		0.736369
384.625		0.736369
384.75		0.736369
384.875		0.736369
385		0.736369
385.125		0.749759
385.25		0.749759
385.375		0.749759
385.5		0.749759
385.625		0.749759
385.75		0.749759
385.875		0.749759
386		0.749759
386.125		0.749759
386.25		0.749759
386.375		0.749759
386.5		0.749759
386.625		0.749759
386.75		0.749759
386.875		0.749759
387		0.749759
387.125		0.749759
387.25		0.749759
387.375		0.749759
387.5		0.749759
387.625		0.749759
387.75		0.749759
387.875		0.749759
388		0.749759
388.125		0.749759
388.25		0.749759
388.375		0.749759
388.5		0.749759
388.625		0.749759
388.75		0.749759
388.875		0.749759
389		0.749759
389.125		0.749759
389.25		0.749759
389.375		0.749759
389.5		0.749759
389.625		0.749759
389.75		0.749759
389.875		0.749759
390		0.749759
390.125		0.751259
390.25		0.751259
390.375		0.751259
390.5		0.751259
390.625		0.751259
390.75		0.751259
390.875		0.751259
391		0.751259
391.125		0.751259
391.25		0.751259
391.375		0.751259
391.5		0.751259
391.625		0.751259
391.75		0.751259
391.875		0.751259
392		0.751259
392.125		0.751259
392.25		0.751259
392.375		0.751259
392.5		0.751259
392.625		0.751259
392.75		0.751259
392.875		0.751259
393		0.751259
393.125		0.751259
393.25		0.751259
393.375		0.751259
393.5		0.751259
393.625		0.751259
393.75		0.751259
393.875		0.751259
394		0.751259
394.125		0.751259
394.25		0.751259
394.375		0.751259
394.5		0.751259
394.625		0.751259
394.75		0.751259
394.875		0.751259
395		0.751259
395.125		0.759936
395.25		0.759936
395.375		0.759936
395.5		0.759936
395.625		0.759936
395.75		0.759936
395.875		0.759936
396		0.759936
396.125		0.759936
396.25		0.759936
396.375		0.759936
396.5		0.759936
396.625		0.759936
396.75		0.759936
396.875		0.759936
397		0.759936
397.125		0.759936
397.25		0.759936
397.375		0.759936
397.5		0.759936
397.625		0.759936
397.75		0.759936
397.875		0.759936
398		0.759936
398.125		0.759936
398.25		0.759936
398.375		0.759936
398.5		0.759936
398.625		0.759936
398.75		0.759936
398.875		0.759936
399		0.759936
399.125		0.759936
399.25		0.759936
399.375		0.759936
399.5		0.759936
399.625		0.759936
399.75		0.759936
399.875		0.759936
400		0.759936
400.125		0.780236
400.25		0.780236
400.375		0.780236
400.5		0.780236
400.625		0.780236
400.75		0.780236
400.875		0.780236
401		0.780236
401.125		0.780236
401.25		0.780236
401.375		0.780236
401.5		0.780236
401.625		0.780236
401.75		0.780236
401.875		0.780236
402		0.780236
402.125		0.780236
402.25		0.780236
402.375		0.780236
402.5		0.780236
402.625		0.780236
402.75		0.780236
402.875		0.780236
403		0.780236
403.125		0.780236
403.25		0.780236
403.375		0.780236
403.5		0.780236
403.625		0.780236
403.75		0.780236
403.875		0.780236
404		0.780236
404.125		0.780236
404.25		0.780236
404.375		0.780236
404.5		0.780236
404.625		0.780236
404.75		0.780236
404.875		0.780236
405		0.780236
405.125		0.786824
405.25		0.786824
405.375		0.786824
405.5		0.786824
405.625		0.786824
405.75		0.786824
405.875		0.786824
406		0.786824
406.125		0.786824
406.25		0.786824
406.375		0.786824
406.5		0.786824
406.625		0.786824
406.75		0.786824
406.875		0.786824
407		0.786824
407.125		0.786824
407.25		0.786824
407.375		0.786824
407.5		0.786824
407.625		0.786824
407.75		0.786824
407.875		0.786824
408		0.786824
408.125		0.786824
408.25		0.786824
408.375		0.786824
408.5		0.786824
408.625		0.786824
408.75		0.786824
408.875		0.786824
409		0.786824
409.125		0.786824
409.25		0.786824
409.375		0.786824
409.5		0.786824
409.625		0.786824
409.75		0.786824
409.875		0.786824
410		0.786824
410.125		0.788752
410.25		0.788752
410.375		0.788752
410.5		0.788752
410.625		0.788752
410.75		0.788752
410.875		0.788752
411		0.788752
411.125		0.788752
411.25		0.788752
411.375		0.788752
411.5		0.788752
411.625		0.788752
411.75		0.788752
411.875		0.788752
412		0.788752
412.125		0.788752
412.25		0.788752
412.375		0.788752
412.5		0.788752
412.625		0.788752
412.75		0.788752
412.875		0.788752
413		0.788752
413.125		0.788752
413.25		0.788752
413.375		0.788752
413.5		0.788752
413.625		0.788752
413.75		0.788752
413.875		0.788752
414		0.788752
414.125		0.788752
414.25		0.788752
414.375		0.788752
414.5		0.788752
414.625		0.788752
414.75		0.788752
414.875		0.788752
415		0.788752
415.125		0.80707
415.25		0.80707
415.375		0.80707
415.5		0.80707
415.625		0.80707
415.75		0.80707
415.875		0.80707
416		0.80707
416.125		0.80707
416.25		0.80707
416.375		0.80707
416.5		0.80707
416.625		0.80707
416.75		0.80707
416.875		0.80707
417		0.80707
417.125		0.80707
417.25		0.80707
417.375		0.80707
417.5		0.80707
417.625		0.80707
417.75		0.80707
417.875		0.80707
418		0.80707
418.125		0.80707
418.25		0.80707
418.375		0.80707
418.5		0.80707
418.625		0.80707
418.75		0.80707
418.875		0.80707
419		0.80707
419.125		0.80707
419.25		0.80707
419.375		0.80707
419.5		0.80707
419.625		0.80707
419.75		0.80707
419.875		0.80707
420		0.80707
420.125		0.835619
420.25		0.835619
420.375		0.835619
420.5		0.835619
420.625		0.835619
420.75		0.835619
420.875		0.835619
421		0.835619
421.125		0.835619
421.25		0.835619
421.375		0.835619
421.5		0.835619
421.625		0.835619
421.75		0.835619
421.875		0.835619
422		0.835619
422.125		0.835619
422.25		0.835619
422.375		0.835619
422.5		0.835619
422.625		0.835619
422.75		0.835619
422.875		0.835619
423		0.835619
423.125		0.835619
423.25		0.835619
423.375		0.835619
423.5		0.835619
423.625		0.835619
423.75		0.835619
423.875		0.835619
424		0.835619
424.125		0.835619
424.25		0.835619
424.375		0.835619
424.5		0.835619
424.625		0.835619
424.75		0.835619
424.875		0.835619
425		0.835619
425.125		0.836851
425.25		0.836851
425.375		0.836851
425.5		0.836851
425.625		0.836851
425.75		0.836851
425.875		0.836851
426		0.836851
426.125		0.836851
426.25		0.836851
426.375		0.836851
426.5		0.836851
426.625		0.836851
426.75		0.836851
426.875		0.836851
427		0.836851
427.125		0.836851
427.25		0.836851
427.375		0.836851
427.5		0.836851
427.625		0.836851
427.75		0.836851
427.875		0.836851
428		0.836851
428.125		0.836851
428.25		0.836851
428.375		0.836851
428.5		0.836851
428.625		0.836851
428.75		0.836851
428.875		0.836851
429		0.836851
429.125		0.836851
429.25		0.836851
429.375		0.836851
429.5		0.836851
429.625		0.836851
429.75		0.836851
429.875		0.836851
430		0.836851
430.125		0.844403
430.25		0.844403
430.375		0.844403
430.5		0.844403
430.625		0.844403
430.75		0.844403
430.875		0.844403
431		0.844403
431.125		0.844403
431.25		0.844403
431.375		0.844403
431.5		0.844403
431.625		0.844403
431.75		0.844403
431.875		0.844403
432		0.844403
432.125		0.844403
432.25		0.844403
432.375		0.844403
432.5		0.844403
432.625		0.844403
432.75		0.844403
432.875		0.844403
433		0.844403
433.125		0.844403
433.25		0.844403
433.375		0.844403
433.5		0.844403
433.625		0.844403
433.75		0.844403
433.875		0.844403
434		0.844403
434.125		0.844403
434.25		0.844403
434.375		0.844403
434.5		0.844403
434.625		0.844403
434.75		0.844403
434.875		0.844403
435		0.844403
435.125		0.852169
435.25		0.852169
435.375		0.852169
435.5		0.852169
435.625		0.852169
435.75		0.852169
435.875		0.852169
436		0.852169
436.125		0.852169
436.25		0.852169
436.375		0.852169
436.5		0.852169
436.625		0.852169
436.75		0.852169
436.875		0.852169
437		0.852169
437.125		0.852169
437.25		0.852169
437.375		0.852169
437.5		0.852169
437.625		0.852169
437.75		0.852169
437.875		0.852169
438		0.852169
438.125		0.852169
438.25		0.852169
438.375		0.852169
438.5		0.852169
438.625		0.852169
438.75		0.852169
438.875		0.852169
439		0.852169
439.125		0.852169
439.25		0.852169
439.375		0.852169
439.5		0.852169
439.625		0.852169
439.75		0.852169
439.875		0.852169
440		0.852169
440.125		0.871344
440.25		0.871344
440.375		0.871344
440.5		0.871344
440.625		0.871344
440.75		0.871344
440.875		0.871344
441		0.871344
441.125		0.871344
441.25		0.871344
441.375		0.871344
441.5		0.871344
441.625		0.871344
441.75		0.871344
441.875		0.871344
442		0.871344
442.125		0.871344
442.25		0.871344
442.375		0.871344
442.5		0.871344
442.625		0.871344
442.75		0.871344
442.875		0.871344
443		0.871344
443.125		0.871344
443.25		0.871344
443.375		0.871344
443.5		0.871344
443.625		0.871344
443.75		0.871344
443.875		0.871344
444		0.871344
444.125		0.871344
444.25		0.871344
444.375		0.871344
444.5		0.871344
444.625		0.871344
444.75		0.871344
444.875		0.871344
445		0.871344
445.125		0.874183
445.25		0.874183
445.375		0.874183
445.5		0.874183
445.625		0.874183
445.75		0.874183
445.875		0.874183
446		0.874183
446.125		0.874183
446.25		0.874183
446.375		0.874183
446.5		0.874183
446.625		0.874183
446.75		0.874183
446.875		0.874183
447		0.874183
447.125		0.874183
447.25		0.874183
447.375		0.874183
447.5		0.874183
447.625		0.874183
447.75		0.874183
447.875		0.874183
448		0.874183
448.125		0.874183
448.25		0.874183
448.375		0.874183
448.5		0.874183
448.625		0.874183
448.75		0.874183
448.875		0.874183
449		0.874183
449.125		0.874183
449.25		0.874183
449.375		0.874183
449.5		0.874183
449.625		0.874183
449.75		0.874183
449.875		0.874183
450		0.874183
450.125		0.890037
450.25		0.890037
450.375		0.890037
450.5		0.890037
450.625		0.890037
450.75		0.890037
450.875		0.890037
451		0.890037
451.125		0.890037
451.25		0.890037
451.375		0.890037
451.5		0.890037
451.625		0.890037
451.75		0.890037
451.875		0.890037
452		0.890037
452.125		0.890037
452.25		0.890037
452.375		0.890037
452.5		0.890037
452.625		0.890037
452.75		0.890037
452.875		0.890037
453		0.890037
453.125		0.890037
453.25		0.890037
453.375		0.890037
453.5		0.890037
453.625		0.890037
453.75		0.890037
453.875		0.890037
454		0.890037
454.125		0.890037
454.25		0.890037
454.375		0.890037
454.5		0.890037
454.625		0.890037
454.75		0.890037
454.875		0.890037
455		0.890037
455.125		0.897268
455.25		0.897268
455.375		0.897268
455.5		0.897268
455.625		0.897268
455.75		0.897268
455.875		0.897268
456		0.897268
456.125		0.897268
456.25		0.897268
456.375		0.897268
456.5		0.897268
456.625		0.897268
456.75		0.897268
456.875		0.897268
457		0.897268
457.125		0.897268
457.25		0.897268
457.375		0.897268
457.5		0.897268
457.625		0.897268
457.75		0.897268
457.875		0.897268
458		0.897268
458.125		0.897268
458.25		0.897268
458.375		0.897268
458.5		0.897268
458.625		0.897268
458.75		0.897268
458.875		0.897268
459		0.897268
459.125		0.897268
459.25		0.897268
459.375		0.897268
459.5		0.897268
459.625		0.897268
459.75		0.897268
459.875		0.897268
460		0.897268
460.125		0.920246
460.25		0.920246
460.375		0.920246
460.5		0.920246
460.625		0.920246
460.75		0.920246
460.875		0.920246
461		0.920246
461.125		0.920246
461.25		0.920246
461.375		0.920246
461.5		0.920246
461.625		0.920246
461.75		0.920246
461.875		0.920246
462		0.920246
462.125		0.920246
462.25		0.920246
462.375		0.920246
462.5		0.920246
462.625		0.920246
462.75		0.920246
462.875		0.920246
463		0.920246
463.125		0.920246
463.25		0.920246
463.375		0.920246
463.5		0.920246
463.625		0.920246
463.75		0.920246
463.875		0.920246
464		0.920246
464.125		0.920246
464.25		0.920246
464.375		0.920246
464.5		0.920246
464.625		0.920246
464.75		0.920246
464.875		0.920246
465		0.920246
465.125		0.924638
465.25		0.924638
465.375		0.924638
465.5		0.924638
465.625		0.924638
465.75		0.924638
465.875		0.924638
466		0.924638
466.125		0.924638
466.25		0.924638
466.375		0.924638
466.5		0.924638
466.625		0.924638
466.75		0.924638
466.875		0.924638
467		0.924638
467.125		0.924638
467.25		0.924638
467.375		0.924638
467.5		0.924638
467.625		0.924638
467.75		0.924638
467.875		0.924638
468		0.924638
468.125		0.924638
468.25		0.924638
468.375		0.924638
468.5		0.924638
468.625		0.924638
468.75		0.924638
468.875		0.924638
469		0.924638
469.125		0.924638
469.25		0.924638
469.375		0.924638
469.5		0.924638
469.625		0.924638
469.75		0.924638
469.875		0.924638
470		0.924638
470.125		0.933155
470.25		0.933155
470.375		0.933155
470.5		0.933155
470.625		0.933155
470.75		0.933155
470.875		0.933155
471		0.933155
471.125		0.933155
471.25		0.933155
471.375		0.933155
471.5		0.933155
471.625		0.933155
471.75		0.933155
471.875		0.933155
472		0.933155
472.125		0.933155
472.25		0.933155
472.375		0.933155
472.5		0.933155
472.625		0.933155
472.75		0.933155
472.875		0.933155
473		0.933155
473.125		0.933155
473.25		0.933155
473.375		0.933155
473.5		0.933155
473.625		0.933155
473.75		0.933155
473.875		0.933155
474		0.933155
474.125		0.933155
474.25		0.933155
474.375		0.933155
474.5		0.933155
474.625		0.933155
474.75		0.933155
474.875		0.933155
475		0.933155
475.125		0.936369
475.25		0.936369
475.375		0.936369
475.5		0.936369
475.625		0.936369
475.75		0.936369
475.875		0.936369
476		0.936369
476.125		0.936369
476.25		0.936369
476.375		0.936369
476.5		0.936369
476.625		0.936369
476.75		0.936369
476.875		0.936369
477		0.936369
477.125		0.936369
477.25		0.936369
477.375		0.936369
477.5		0.936369
477.625		0.936369
477.75		0.936369
477.875		0.936369
478		0.936369
478.125		0.936369
478.25		0.936369
478.375		0.936369
478.5		0.936369
478.625		0.936369
478.75		0.936369
478.875		0.936369
479		0.936369
479.125		0.936369
479.25		0.936369
479.375		0.936369
479.5		0.936369
479.625		0.936369
479.75		0.936369
479.875		0.936369
480		0.936369
480.125		0.973862
480.25		0.973862
480.375		0.973862
480.5		0.973862
480.625		0.973862
480.75		0.973862
480.875		0.973862
481		0.973862
481.125		0.973862
481.25		0.973862
481.375		0.973862
481.5		0.973862
481.625		0.973862
481.75		0.973862
481.875		0.973862
482		0.973862
482.125		0.973862
482.25		0.973862
482.375		0.973862
482.5		0.973862
482.625		0.973862
482.75		0.973862
482.875		0.973862
483		0.973862
483.125		0.973862
483.25		0.973862
483.375		0.973862
483.5		0.973862
483.625		0.973862
483.75		0.973862
483.875		0.973862
484		0.973862
484.125		0.973862
484.25		0.973862
484.375		0.973862
484.5		0.973862
484.625		0.973862
484.75		0.973862
484.875		0.973862
485		0.973862
485.125		0.975201
485.25		0.975201
485.375		0.975201
485.5		0.975201
485.625		0.975201
485.75		0.975201
485.875		0.975201
486		0.975201
486.125		0.975201
486.25		0.975201
486.375		0.975201
486.5		0.975201
486.625		0.975201
486.75		0.975201
486.875		0.975201
487		0.975201
487.125		0.975201
487.25		0.975201
487.375		0.975201
487.5		0.975201
487.625		0.975201
487.75		0.975201
487.875		0.975201
488		0.975201
488.125		0.975201
488.25		0.975201
488.375		0.975201
488.5		0.975201
488.625		0.975201
488.75		0.975201
488.875		0.975201
489		0.975201
489.125		0.975201
489.25		0.975201
489.375		0.975201
489.5		0.975201
489.625		0.975201
489.75		0.975201
489.875		0.975201
490		0.975201
490.125		0.977397
490.25		0.977397
490.375		0.977397
490.5		0.977397
490.625		0.977397
490.75		0.977397
490.875		0.977397
491		0.977397
491.125		0.977397
491.25		0.977397
491.375		0.977397
491.5		0.977397
491.625		0.977397
491.75		0.977397
491.875		0.977397
492		0.977397
492.125		0.977397
492.25		0.977397
492.375		0.977397
492.5		0.977397
492.625		0.977397
492.75		0.977397
492.875		0.977397
493		0.977397
493.125		0.977397
493.25		0.977397
493.375		0.977397
493.5		0.977397
493.625		0.977397
493.75		0.977397
493.875		0.977397
494		0.977397
494.125		0.977397
494.25		0.977397
494.375		0.977397
494.5		0.977397
494.625		0.977397
494.75		0.977397
494.875		0.977397
495		0.977397
495.125		1
495.25		1
495.375		1
495.5		1
495.625		1
495.75		1
495.875		1
496		1
496.125		1
496.25		1
496.375		1
496.5		1
496.625		1
496.75		1
496.875		1
497		1
497.125		1
497.25		1
497.375		1
497.5		1
497.625		1
497.75		1
497.875		1
498		1
498.125		1
498.25		1
498.375		1
498.5		1
498.625		1
498.75		1
498.875		1
499		1
499.125		1
499.25		1
499.375		1
499.5		1
499.625		1
499.75		1
499.875		1
500		1
