# Calibration file of tamex_id 1 @ channel 17
# fine_T bin		 Calibration value
0.125		0
0.25		0
0.375		0
0.5		0
0.625		0
0.75		0
0.875		0
1		0
1.125		0
1.25		0
1.375		0
1.5		0
1.625		0
1.75		0
1.875		0
2		0
2.125		0
2.25		0
2.375		0
2.5		0
2.625		0
2.75		0
2.875		0
3		0
3.125		0
3.25		0
3.375		0
3.5		0
3.625		0
3.75		0
3.875		0
4		0
4.125		0
4.25		0
4.375		0
4.5		0
4.625		0
4.75		0
4.875		0
5		0
5.125		0
5.25		0
5.375		0
5.5		0
5.625		0
5.75		0
5.875		0
6		0
6.125		0
6.25		0
6.375		0
6.5		0
6.625		0
6.75		0
6.875		0
7		0
7.125		0
7.25		0
7.375		0
7.5		0
7.625		0
7.75		0
7.875		0
8		0
8.125		0
8.25		0
8.375		0
8.5		0
8.625		0
8.75		0
8.875		0
9		0
9.125		0
9.25		0
9.375		0
9.5		0
9.625		0
9.75		0
9.875		0
10		0
10.125		0
10.25		0
10.375		0
10.5		0
10.625		0
10.75		0
10.875		0
11		0
11.125		0
11.25		0
11.375		0
11.5		0
11.625		0
11.75		0
11.875		0
12		0
12.125		0
12.25		0
12.375		0
12.5		0
12.625		0
12.75		0
12.875		0
13		0
13.125		0
13.25		0
13.375		0
13.5		0
13.625		0
13.75		0
13.875		0
14		0
14.125		0
14.25		0
14.375		0
14.5		0
14.625		0
14.75		0
14.875		0
15		0
15.125		0
15.25		0
15.375		0
15.5		0
15.625		0
15.75		0
15.875		0
16		0
16.125		0
16.25		0
16.375		0
16.5		0
16.625		0
16.75		0
16.875		0
17		0
17.125		0
17.25		0
17.375		0
17.5		0
17.625		0
17.75		0
17.875		0
18		0
18.125		0
18.25		0
18.375		0
18.5		0
18.625		0
18.75		0
18.875		0
19		0
19.125		0
19.25		0
19.375		0
19.5		0
19.625		0
19.75		0
19.875		0
20		0
20.125		0
20.25		0
20.375		0
20.5		0
20.625		0
20.75		0
20.875		0
21		0
21.125		0
21.25		0
21.375		0
21.5		0
21.625		0
21.75		0
21.875		0
22		0
22.125		0
22.25		0
22.375		0
22.5		0
22.625		0
22.75		0
22.875		0
23		0
23.125		0
23.25		0
23.375		0
23.5		0
23.625		0
23.75		0
23.875		0
24		0
24.125		0
24.25		0
24.375		0
24.5		0
24.625		0
24.75		0
24.875		0
25		0
25.125		0
25.25		0
25.375		0
25.5		0
25.625		0
25.75		0
25.875		0
26		0
26.125		0
26.25		0
26.375		0
26.5		0
26.625		0
26.75		0
26.875		0
27		0
27.125		0
27.25		0
27.375		0
27.5		0
27.625		0
27.75		0
27.875		0
28		0
28.125		0
28.25		0
28.375		0
28.5		0
28.625		0
28.75		0
28.875		0
29		0
29.125		0
29.25		0
29.375		0
29.5		0
29.625		0
29.75		0
29.875		0
30		0
30.125		0
30.25		0
30.375		0
30.5		0
30.625		0
30.75		0
30.875		0
31		0
31.125		0
31.25		0
31.375		0
31.5		0
31.625		0
31.75		0
31.875		0
32		0
32.125		0
32.25		0
32.375		0
32.5		0
32.625		0
32.75		0
32.875		0
33		0
33.125		0
33.25		0
33.375		0
33.5		0
33.625		0
33.75		0
33.875		0
34		0
34.125		0
34.25		0
34.375		0
34.5		0
34.625		0
34.75		0
34.875		0
35		0
35.125		0
35.25		0
35.375		0
35.5		0
35.625		0
35.75		0
35.875		0
36		0
36.125		0
36.25		0
36.375		0
36.5		0
36.625		0
36.75		0
36.875		0
37		0
37.125		0
37.25		0
37.375		0
37.5		0
37.625		0
37.75		0
37.875		0
38		0
38.125		0
38.25		0
38.375		0
38.5		0
38.625		0
38.75		0
38.875		0
39		0
39.125		0
39.25		0
39.375		0
39.5		0
39.625		0
39.75		0
39.875		0
40		0
40.125		0
40.25		0
40.375		0
40.5		0
40.625		0
40.75		0
40.875		0
41		0
41.125		0
41.25		0
41.375		0
41.5		0
41.625		0
41.75		0
41.875		0
42		0
42.125		0
42.25		0
42.375		0
42.5		0
42.625		0
42.75		0
42.875		0
43		0
43.125		0
43.25		0
43.375		0
43.5		0
43.625		0
43.75		0
43.875		0
44		0
44.125		0
44.25		0
44.375		0
44.5		0
44.625		0
44.75		0
44.875		0
45		0
45.125		0
45.25		0
45.375		0
45.5		0
45.625		0
45.75		0
45.875		0
46		0
46.125		0
46.25		0
46.375		0
46.5		0
46.625		0
46.75		0
46.875		0
47		0
47.125		0
47.25		0
47.375		0
47.5		0
47.625		0
47.75		0
47.875		0
48		0
48.125		0
48.25		0
48.375		0
48.5		0
48.625		0
48.75		0
48.875		0
49		0
49.125		0
49.25		0
49.375		0
49.5		0
49.625		0
49.75		0
49.875		0
50		0
50.125		0
50.25		0
50.375		0
50.5		0
50.625		0
50.75		0
50.875		0
51		0
51.125		0
51.25		0
51.375		0
51.5		0
51.625		0
51.75		0
51.875		0
52		0
52.125		0
52.25		0
52.375		0
52.5		0
52.625		0
52.75		0
52.875		0
53		0
53.125		0
53.25		0
53.375		0
53.5		0
53.625		0
53.75		0
53.875		0
54		0
54.125		0
54.25		0
54.375		0
54.5		0
54.625		0
54.75		0
54.875		0
55		0
55.125		0
55.25		0
55.375		0
55.5		0
55.625		0
55.75		0
55.875		0
56		0
56.125		0
56.25		0
56.375		0
56.5		0
56.625		0
56.75		0
56.875		0
57		0
57.125		0
57.25		0
57.375		0
57.5		0
57.625		0
57.75		0
57.875		0
58		0
58.125		0
58.25		0
58.375		0
58.5		0
58.625		0
58.75		0
58.875		0
59		0
59.125		0
59.25		0
59.375		0
59.5		0
59.625		0
59.75		0
59.875		0
60		0
60.125		0
60.25		0
60.375		0
60.5		0
60.625		0
60.75		0
60.875		0
61		0
61.125		0
61.25		0
61.375		0
61.5		0
61.625		0
61.75		0
61.875		0
62		0
62.125		0
62.25		0
62.375		0
62.5		0
62.625		0
62.75		0
62.875		0
63		0
63.125		0
63.25		0
63.375		0
63.5		0
63.625		0
63.75		0
63.875		0
64		0
64.125		0
64.25		0
64.375		0
64.5		0
64.625		0
64.75		0
64.875		0
65		0
65.125		0
65.25		0
65.375		0
65.5		0
65.625		0
65.75		0
65.875		0
66		0
66.125		0
66.25		0
66.375		0
66.5		0
66.625		0
66.75		0
66.875		0
67		0
67.125		0
67.25		0
67.375		0
67.5		0
67.625		0
67.75		0
67.875		0
68		0
68.125		0
68.25		0
68.375		0
68.5		0
68.625		0
68.75		0
68.875		0
69		0
69.125		0
69.25		0
69.375		0
69.5		0
69.625		0
69.75		0
69.875		0
70		0
70.125		0
70.25		0
70.375		0
70.5		0
70.625		0
70.75		0
70.875		0
71		0
71.125		0
71.25		0
71.375		0
71.5		0
71.625		0
71.75		0
71.875		0
72		0
72.125		0
72.25		0
72.375		0
72.5		0
72.625		0
72.75		0
72.875		0
73		0
73.125		0
73.25		0
73.375		0
73.5		0
73.625		0
73.75		0
73.875		0
74		0
74.125		0
74.25		0
74.375		0
74.5		0
74.625		0
74.75		0
74.875		0
75		0
75.125		0
75.25		0
75.375		0
75.5		0
75.625		0
75.75		0
75.875		0
76		0
76.125		0
76.25		0
76.375		0
76.5		0
76.625		0
76.75		0
76.875		0
77		0
77.125		0
77.25		0
77.375		0
77.5		0
77.625		0
77.75		0
77.875		0
78		0
78.125		0
78.25		0
78.375		0
78.5		0
78.625		0
78.75		0
78.875		0
79		0
79.125		0
79.25		0
79.375		0
79.5		0
79.625		0
79.75		0
79.875		0
80		0
80.125		0
80.25		0
80.375		0
80.5		0
80.625		0
80.75		0
80.875		0
81		0
81.125		0
81.25		0
81.375		0
81.5		0
81.625		0
81.75		0
81.875		0
82		0
82.125		0
82.25		0
82.375		0
82.5		0
82.625		0
82.75		0
82.875		0
83		0
83.125		0
83.25		0
83.375		0
83.5		0
83.625		0
83.75		0
83.875		0
84		0
84.125		0
84.25		0
84.375		0
84.5		0
84.625		0
84.75		0
84.875		0
85		0
85.125		0.0414904
85.25		0.0414904
85.375		0.0414904
85.5		0.0414904
85.625		0.0414904
85.75		0.0414904
85.875		0.0414904
86		0.0414904
86.125		0.0414904
86.25		0.0414904
86.375		0.0414904
86.5		0.0414904
86.625		0.0414904
86.75		0.0414904
86.875		0.0414904
87		0.0414904
87.125		0.0414904
87.25		0.0414904
87.375		0.0414904
87.5		0.0414904
87.625		0.0414904
87.75		0.0414904
87.875		0.0414904
88		0.0414904
88.125		0.0414904
88.25		0.0414904
88.375		0.0414904
88.5		0.0414904
88.625		0.0414904
88.75		0.0414904
88.875		0.0414904
89		0.0414904
89.125		0.0414904
89.25		0.0414904
89.375		0.0414904
89.5		0.0414904
89.625		0.0414904
89.75		0.0414904
89.875		0.0414904
90		0.0414904
90.125		0.0519637
90.25		0.0519637
90.375		0.0519637
90.5		0.0519637
90.625		0.0519637
90.75		0.0519637
90.875		0.0519637
91		0.0519637
91.125		0.0519637
91.25		0.0519637
91.375		0.0519637
91.5		0.0519637
91.625		0.0519637
91.75		0.0519637
91.875		0.0519637
92		0.0519637
92.125		0.0519637
92.25		0.0519637
92.375		0.0519637
92.5		0.0519637
92.625		0.0519637
92.75		0.0519637
92.875		0.0519637
93		0.0519637
93.125		0.0519637
93.25		0.0519637
93.375		0.0519637
93.5		0.0519637
93.625		0.0519637
93.75		0.0519637
93.875		0.0519637
94		0.0519637
94.125		0.0519637
94.25		0.0519637
94.375		0.0519637
94.5		0.0519637
94.625		0.0519637
94.75		0.0519637
94.875		0.0519637
95		0.0519637
95.125		0.0555891
95.25		0.0555891
95.375		0.0555891
95.5		0.0555891
95.625		0.0555891
95.75		0.0555891
95.875		0.0555891
96		0.0555891
96.125		0.0555891
96.25		0.0555891
96.375		0.0555891
96.5		0.0555891
96.625		0.0555891
96.75		0.0555891
96.875		0.0555891
97		0.0555891
97.125		0.0555891
97.25		0.0555891
97.375		0.0555891
97.5		0.0555891
97.625		0.0555891
97.75		0.0555891
97.875		0.0555891
98		0.0555891
98.125		0.0555891
98.25		0.0555891
98.375		0.0555891
98.5		0.0555891
98.625		0.0555891
98.75		0.0555891
98.875		0.0555891
99		0.0555891
99.125		0.0555891
99.25		0.0555891
99.375		0.0555891
99.5		0.0555891
99.625		0.0555891
99.75		0.0555891
99.875		0.0555891
100		0.0555891
100.125		0.0872105
100.25		0.0872105
100.375		0.0872105
100.5		0.0872105
100.625		0.0872105
100.75		0.0872105
100.875		0.0872105
101		0.0872105
101.125		0.0872105
101.25		0.0872105
101.375		0.0872105
101.5		0.0872105
101.625		0.0872105
101.75		0.0872105
101.875		0.0872105
102		0.0872105
102.125		0.0872105
102.25		0.0872105
102.375		0.0872105
102.5		0.0872105
102.625		0.0872105
102.75		0.0872105
102.875		0.0872105
103		0.0872105
103.125		0.0872105
103.25		0.0872105
103.375		0.0872105
103.5		0.0872105
103.625		0.0872105
103.75		0.0872105
103.875		0.0872105
104		0.0872105
104.125		0.0872105
104.25		0.0872105
104.375		0.0872105
104.5		0.0872105
104.625		0.0872105
104.75		0.0872105
104.875		0.0872105
105		0.0872105
105.125		0.106949
105.25		0.106949
105.375		0.106949
105.5		0.106949
105.625		0.106949
105.75		0.106949
105.875		0.106949
106		0.106949
106.125		0.106949
106.25		0.106949
106.375		0.106949
106.5		0.106949
106.625		0.106949
106.75		0.106949
106.875		0.106949
107		0.106949
107.125		0.106949
107.25		0.106949
107.375		0.106949
107.5		0.106949
107.625		0.106949
107.75		0.106949
107.875		0.106949
108		0.106949
108.125		0.106949
108.25		0.106949
108.375		0.106949
108.5		0.106949
108.625		0.106949
108.75		0.106949
108.875		0.106949
109		0.106949
109.125		0.106949
109.25		0.106949
109.375		0.106949
109.5		0.106949
109.625		0.106949
109.75		0.106949
109.875		0.106949
110		0.106949
110.125		0.108761
110.25		0.108761
110.375		0.108761
110.5		0.108761
110.625		0.108761
110.75		0.108761
110.875		0.108761
111		0.108761
111.125		0.108761
111.25		0.108761
111.375		0.108761
111.5		0.108761
111.625		0.108761
111.75		0.108761
111.875		0.108761
112		0.108761
112.125		0.108761
112.25		0.108761
112.375		0.108761
112.5		0.108761
112.625		0.108761
112.75		0.108761
112.875		0.108761
113		0.108761
113.125		0.108761
113.25		0.108761
113.375		0.108761
113.5		0.108761
113.625		0.108761
113.75		0.108761
113.875		0.108761
114		0.108761
114.125		0.108761
114.25		0.108761
114.375		0.108761
114.5		0.108761
114.625		0.108761
114.75		0.108761
114.875		0.108761
115		0.108761
115.125		0.111178
115.25		0.111178
115.375		0.111178
115.5		0.111178
115.625		0.111178
115.75		0.111178
115.875		0.111178
116		0.111178
116.125		0.111178
116.25		0.111178
116.375		0.111178
116.5		0.111178
116.625		0.111178
116.75		0.111178
116.875		0.111178
117		0.111178
117.125		0.111178
117.25		0.111178
117.375		0.111178
117.5		0.111178
117.625		0.111178
117.75		0.111178
117.875		0.111178
118		0.111178
118.125		0.111178
118.25		0.111178
118.375		0.111178
118.5		0.111178
118.625		0.111178
118.75		0.111178
118.875		0.111178
119		0.111178
119.125		0.111178
119.25		0.111178
119.375		0.111178
119.5		0.111178
119.625		0.111178
119.75		0.111178
119.875		0.111178
120		0.111178
120.125		0.132931
120.25		0.132931
120.375		0.132931
120.5		0.132931
120.625		0.132931
120.75		0.132931
120.875		0.132931
121		0.132931
121.125		0.132931
121.25		0.132931
121.375		0.132931
121.5		0.132931
121.625		0.132931
121.75		0.132931
121.875		0.132931
122		0.132931
122.125		0.132931
122.25		0.132931
122.375		0.132931
122.5		0.132931
122.625		0.132931
122.75		0.132931
122.875		0.132931
123		0.132931
123.125		0.132931
123.25		0.132931
123.375		0.132931
123.5		0.132931
123.625		0.132931
123.75		0.132931
123.875		0.132931
124		0.132931
124.125		0.132931
124.25		0.132931
124.375		0.132931
124.5		0.132931
124.625		0.132931
124.75		0.132931
124.875		0.132931
125		0.132931
125.125		0.146425
125.25		0.146425
125.375		0.146425
125.5		0.146425
125.625		0.146425
125.75		0.146425
125.875		0.146425
126		0.146425
126.125		0.146425
126.25		0.146425
126.375		0.146425
126.5		0.146425
126.625		0.146425
126.75		0.146425
126.875		0.146425
127		0.146425
127.125		0.146425
127.25		0.146425
127.375		0.146425
127.5		0.146425
127.625		0.146425
127.75		0.146425
127.875		0.146425
128		0.146425
128.125		0.146425
128.25		0.146425
128.375		0.146425
128.5		0.146425
128.625		0.146425
128.75		0.146425
128.875		0.146425
129		0.146425
129.125		0.146425
129.25		0.146425
129.375		0.146425
129.5		0.146425
129.625		0.146425
129.75		0.146425
129.875		0.146425
130		0.146425
130.125		0.151863
130.25		0.151863
130.375		0.151863
130.5		0.151863
130.625		0.151863
130.75		0.151863
130.875		0.151863
131		0.151863
131.125		0.151863
131.25		0.151863
131.375		0.151863
131.5		0.151863
131.625		0.151863
131.75		0.151863
131.875		0.151863
132		0.151863
132.125		0.151863
132.25		0.151863
132.375		0.151863
132.5		0.151863
132.625		0.151863
132.75		0.151863
132.875		0.151863
133		0.151863
133.125		0.151863
133.25		0.151863
133.375		0.151863
133.5		0.151863
133.625		0.151863
133.75		0.151863
133.875		0.151863
134		0.151863
134.125		0.151863
134.25		0.151863
134.375		0.151863
134.5		0.151863
134.625		0.151863
134.75		0.151863
134.875		0.151863
135		0.151863
135.125		0.181873
135.25		0.181873
135.375		0.181873
135.5		0.181873
135.625		0.181873
135.75		0.181873
135.875		0.181873
136		0.181873
136.125		0.181873
136.25		0.181873
136.375		0.181873
136.5		0.181873
136.625		0.181873
136.75		0.181873
136.875		0.181873
137		0.181873
137.125		0.181873
137.25		0.181873
137.375		0.181873
137.5		0.181873
137.625		0.181873
137.75		0.181873
137.875		0.181873
138		0.181873
138.125		0.181873
138.25		0.181873
138.375		0.181873
138.5		0.181873
138.625		0.181873
138.75		0.181873
138.875		0.181873
139		0.181873
139.125		0.181873
139.25		0.181873
139.375		0.181873
139.5		0.181873
139.625		0.181873
139.75		0.181873
139.875		0.181873
140		0.181873
140.125		0.183484
140.25		0.183484
140.375		0.183484
140.5		0.183484
140.625		0.183484
140.75		0.183484
140.875		0.183484
141		0.183484
141.125		0.183484
141.25		0.183484
141.375		0.183484
141.5		0.183484
141.625		0.183484
141.75		0.183484
141.875		0.183484
142		0.183484
142.125		0.183484
142.25		0.183484
142.375		0.183484
142.5		0.183484
142.625		0.183484
142.75		0.183484
142.875		0.183484
143		0.183484
143.125		0.183484
143.25		0.183484
143.375		0.183484
143.5		0.183484
143.625		0.183484
143.75		0.183484
143.875		0.183484
144		0.183484
144.125		0.183484
144.25		0.183484
144.375		0.183484
144.5		0.183484
144.625		0.183484
144.75		0.183484
144.875		0.183484
145		0.183484
145.125		0.189325
145.25		0.189325
145.375		0.189325
145.5		0.189325
145.625		0.189325
145.75		0.189325
145.875		0.189325
146		0.189325
146.125		0.189325
146.25		0.189325
146.375		0.189325
146.5		0.189325
146.625		0.189325
146.75		0.189325
146.875		0.189325
147		0.189325
147.125		0.189325
147.25		0.189325
147.375		0.189325
147.5		0.189325
147.625		0.189325
147.75		0.189325
147.875		0.189325
148		0.189325
148.125		0.189325
148.25		0.189325
148.375		0.189325
148.5		0.189325
148.625		0.189325
148.75		0.189325
148.875		0.189325
149		0.189325
149.125		0.189325
149.25		0.189325
149.375		0.189325
149.5		0.189325
149.625		0.189325
149.75		0.189325
149.875		0.189325
150		0.189325
150.125		0.194965
150.25		0.194965
150.375		0.194965
150.5		0.194965
150.625		0.194965
150.75		0.194965
150.875		0.194965
151		0.194965
151.125		0.194965
151.25		0.194965
151.375		0.194965
151.5		0.194965
151.625		0.194965
151.75		0.194965
151.875		0.194965
152		0.194965
152.125		0.194965
152.25		0.194965
152.375		0.194965
152.5		0.194965
152.625		0.194965
152.75		0.194965
152.875		0.194965
153		0.194965
153.125		0.194965
153.25		0.194965
153.375		0.194965
153.5		0.194965
153.625		0.194965
153.75		0.194965
153.875		0.194965
154		0.194965
154.125		0.194965
154.25		0.194965
154.375		0.194965
154.5		0.194965
154.625		0.194965
154.75		0.194965
154.875		0.194965
155		0.194965
155.125		0.213092
155.25		0.213092
155.375		0.213092
155.5		0.213092
155.625		0.213092
155.75		0.213092
155.875		0.213092
156		0.213092
156.125		0.213092
156.25		0.213092
156.375		0.213092
156.5		0.213092
156.625		0.213092
156.75		0.213092
156.875		0.213092
157		0.213092
157.125		0.213092
157.25		0.213092
157.375		0.213092
157.5		0.213092
157.625		0.213092
157.75		0.213092
157.875		0.213092
158		0.213092
158.125		0.213092
158.25		0.213092
158.375		0.213092
158.5		0.213092
158.625		0.213092
158.75		0.213092
158.875		0.213092
159		0.213092
159.125		0.213092
159.25		0.213092
159.375		0.213092
159.5		0.213092
159.625		0.213092
159.75		0.213092
159.875		0.213092
160		0.213092
160.125		0.2286
160.25		0.2286
160.375		0.2286
160.5		0.2286
160.625		0.2286
160.75		0.2286
160.875		0.2286
161		0.2286
161.125		0.2286
161.25		0.2286
161.375		0.2286
161.5		0.2286
161.625		0.2286
161.75		0.2286
161.875		0.2286
162		0.2286
162.125		0.2286
162.25		0.2286
162.375		0.2286
162.5		0.2286
162.625		0.2286
162.75		0.2286
162.875		0.2286
163		0.2286
163.125		0.2286
163.25		0.2286
163.375		0.2286
163.5		0.2286
163.625		0.2286
163.75		0.2286
163.875		0.2286
164		0.2286
164.125		0.2286
164.25		0.2286
164.375		0.2286
164.5		0.2286
164.625		0.2286
164.75		0.2286
164.875		0.2286
165		0.2286
165.125		0.248943
165.25		0.248943
165.375		0.248943
165.5		0.248943
165.625		0.248943
165.75		0.248943
165.875		0.248943
166		0.248943
166.125		0.248943
166.25		0.248943
166.375		0.248943
166.5		0.248943
166.625		0.248943
166.75		0.248943
166.875		0.248943
167		0.248943
167.125		0.248943
167.25		0.248943
167.375		0.248943
167.5		0.248943
167.625		0.248943
167.75		0.248943
167.875		0.248943
168		0.248943
168.125		0.248943
168.25		0.248943
168.375		0.248943
168.5		0.248943
168.625		0.248943
168.75		0.248943
168.875		0.248943
169		0.248943
169.125		0.248943
169.25		0.248943
169.375		0.248943
169.5		0.248943
169.625		0.248943
169.75		0.248943
169.875		0.248943
170		0.248943
170.125		0.254985
170.25		0.254985
170.375		0.254985
170.5		0.254985
170.625		0.254985
170.75		0.254985
170.875		0.254985
171		0.254985
171.125		0.254985
171.25		0.254985
171.375		0.254985
171.5		0.254985
171.625		0.254985
171.75		0.254985
171.875		0.254985
172		0.254985
172.125		0.254985
172.25		0.254985
172.375		0.254985
172.5		0.254985
172.625		0.254985
172.75		0.254985
172.875		0.254985
173		0.254985
173.125		0.254985
173.25		0.254985
173.375		0.254985
173.5		0.254985
173.625		0.254985
173.75		0.254985
173.875		0.254985
174		0.254985
174.125		0.254985
174.25		0.254985
174.375		0.254985
174.5		0.254985
174.625		0.254985
174.75		0.254985
174.875		0.254985
175		0.254985
175.125		0.257603
175.25		0.257603
175.375		0.257603
175.5		0.257603
175.625		0.257603
175.75		0.257603
175.875		0.257603
176		0.257603
176.125		0.257603
176.25		0.257603
176.375		0.257603
176.5		0.257603
176.625		0.257603
176.75		0.257603
176.875		0.257603
177		0.257603
177.125		0.257603
177.25		0.257603
177.375		0.257603
177.5		0.257603
177.625		0.257603
177.75		0.257603
177.875		0.257603
178		0.257603
178.125		0.257603
178.25		0.257603
178.375		0.257603
178.5		0.257603
178.625		0.257603
178.75		0.257603
178.875		0.257603
179		0.257603
179.125		0.257603
179.25		0.257603
179.375		0.257603
179.5		0.257603
179.625		0.257603
179.75		0.257603
179.875		0.257603
180		0.257603
180.125		0.260826
180.25		0.260826
180.375		0.260826
180.5		0.260826
180.625		0.260826
180.75		0.260826
180.875		0.260826
181		0.260826
181.125		0.260826
181.25		0.260826
181.375		0.260826
181.5		0.260826
181.625		0.260826
181.75		0.260826
181.875		0.260826
182		0.260826
182.125		0.260826
182.25		0.260826
182.375		0.260826
182.5		0.260826
182.625		0.260826
182.75		0.260826
182.875		0.260826
183		0.260826
183.125		0.260826
183.25		0.260826
183.375		0.260826
183.5		0.260826
183.625		0.260826
183.75		0.260826
183.875		0.260826
184		0.260826
184.125		0.260826
184.25		0.260826
184.375		0.260826
184.5		0.260826
184.625		0.260826
184.75		0.260826
184.875		0.260826
185		0.260826
185.125		0.284794
185.25		0.284794
185.375		0.284794
185.5		0.284794
185.625		0.284794
185.75		0.284794
185.875		0.284794
186		0.284794
186.125		0.284794
186.25		0.284794
186.375		0.284794
186.5		0.284794
186.625		0.284794
186.75		0.284794
186.875		0.284794
187		0.284794
187.125		0.284794
187.25		0.284794
187.375		0.284794
187.5		0.284794
187.625		0.284794
187.75		0.284794
187.875		0.284794
188		0.284794
188.125		0.284794
188.25		0.284794
188.375		0.284794
188.5		0.284794
188.625		0.284794
188.75		0.284794
188.875		0.284794
189		0.284794
189.125		0.284794
189.25		0.284794
189.375		0.284794
189.5		0.284794
189.625		0.284794
189.75		0.284794
189.875		0.284794
190		0.284794
190.125		0.303122
190.25		0.303122
190.375		0.303122
190.5		0.303122
190.625		0.303122
190.75		0.303122
190.875		0.303122
191		0.303122
191.125		0.303122
191.25		0.303122
191.375		0.303122
191.5		0.303122
191.625		0.303122
191.75		0.303122
191.875		0.303122
192		0.303122
192.125		0.303122
192.25		0.303122
192.375		0.303122
192.5		0.303122
192.625		0.303122
192.75		0.303122
192.875		0.303122
193		0.303122
193.125		0.303122
193.25		0.303122
193.375		0.303122
193.5		0.303122
193.625		0.303122
193.75		0.303122
193.875		0.303122
194		0.303122
194.125		0.303122
194.25		0.303122
194.375		0.303122
194.5		0.303122
194.625		0.303122
194.75		0.303122
194.875		0.303122
195		0.303122
195.125		0.306747
195.25		0.306747
195.375		0.306747
195.5		0.306747
195.625		0.306747
195.75		0.306747
195.875		0.306747
196		0.306747
196.125		0.306747
196.25		0.306747
196.375		0.306747
196.5		0.306747
196.625		0.306747
196.75		0.306747
196.875		0.306747
197		0.306747
197.125		0.306747
197.25		0.306747
197.375		0.306747
197.5		0.306747
197.625		0.306747
197.75		0.306747
197.875		0.306747
198		0.306747
198.125		0.306747
198.25		0.306747
198.375		0.306747
198.5		0.306747
198.625		0.306747
198.75		0.306747
198.875		0.306747
199		0.306747
199.125		0.306747
199.25		0.306747
199.375		0.306747
199.5		0.306747
199.625		0.306747
199.75		0.306747
199.875		0.306747
200		0.306747
200.125		0.313998
200.25		0.313998
200.375		0.313998
200.5		0.313998
200.625		0.313998
200.75		0.313998
200.875		0.313998
201		0.313998
201.125		0.313998
201.25		0.313998
201.375		0.313998
201.5		0.313998
201.625		0.313998
201.75		0.313998
201.875		0.313998
202		0.313998
202.125		0.313998
202.25		0.313998
202.375		0.313998
202.5		0.313998
202.625		0.313998
202.75		0.313998
202.875		0.313998
203		0.313998
203.125		0.313998
203.25		0.313998
203.375		0.313998
203.5		0.313998
203.625		0.313998
203.75		0.313998
203.875		0.313998
204		0.313998
204.125		0.313998
204.25		0.313998
204.375		0.313998
204.5		0.313998
204.625		0.313998
204.75		0.313998
204.875		0.313998
205		0.313998
205.125		0.319436
205.25		0.319436
205.375		0.319436
205.5		0.319436
205.625		0.319436
205.75		0.319436
205.875		0.319436
206		0.319436
206.125		0.319436
206.25		0.319436
206.375		0.319436
206.5		0.319436
206.625		0.319436
206.75		0.319436
206.875		0.319436
207		0.319436
207.125		0.319436
207.25		0.319436
207.375		0.319436
207.5		0.319436
207.625		0.319436
207.75		0.319436
207.875		0.319436
208		0.319436
208.125		0.319436
208.25		0.319436
208.375		0.319436
208.5		0.319436
208.625		0.319436
208.75		0.319436
208.875		0.319436
209		0.319436
209.125		0.319436
209.25		0.319436
209.375		0.319436
209.5		0.319436
209.625		0.319436
209.75		0.319436
209.875		0.319436
210		0.319436
210.125		0.353474
210.25		0.353474
210.375		0.353474
210.5		0.353474
210.625		0.353474
210.75		0.353474
210.875		0.353474
211		0.353474
211.125		0.353474
211.25		0.353474
211.375		0.353474
211.5		0.353474
211.625		0.353474
211.75		0.353474
211.875		0.353474
212		0.353474
212.125		0.353474
212.25		0.353474
212.375		0.353474
212.5		0.353474
212.625		0.353474
212.75		0.353474
212.875		0.353474
213		0.353474
213.125		0.353474
213.25		0.353474
213.375		0.353474
213.5		0.353474
213.625		0.353474
213.75		0.353474
213.875		0.353474
214		0.353474
214.125		0.353474
214.25		0.353474
214.375		0.353474
214.5		0.353474
214.625		0.353474
214.75		0.353474
214.875		0.353474
215		0.353474
215.125		0.356898
215.25		0.356898
215.375		0.356898
215.5		0.356898
215.625		0.356898
215.75		0.356898
215.875		0.356898
216		0.356898
216.125		0.356898
216.25		0.356898
216.375		0.356898
216.5		0.356898
216.625		0.356898
216.75		0.356898
216.875		0.356898
217		0.356898
217.125		0.356898
217.25		0.356898
217.375		0.356898
217.5		0.356898
217.625		0.356898
217.75		0.356898
217.875		0.356898
218		0.356898
218.125		0.356898
218.25		0.356898
218.375		0.356898
218.5		0.356898
218.625		0.356898
218.75		0.356898
218.875		0.356898
219		0.356898
219.125		0.356898
219.25		0.356898
219.375		0.356898
219.5		0.356898
219.625		0.356898
219.75		0.356898
219.875		0.356898
220		0.356898
220.125		0.36576
220.25		0.36576
220.375		0.36576
220.5		0.36576
220.625		0.36576
220.75		0.36576
220.875		0.36576
221		0.36576
221.125		0.36576
221.25		0.36576
221.375		0.36576
221.5		0.36576
221.625		0.36576
221.75		0.36576
221.875		0.36576
222		0.36576
222.125		0.36576
222.25		0.36576
222.375		0.36576
222.5		0.36576
222.625		0.36576
222.75		0.36576
222.875		0.36576
223		0.36576
223.125		0.36576
223.25		0.36576
223.375		0.36576
223.5		0.36576
223.625		0.36576
223.75		0.36576
223.875		0.36576
224		0.36576
224.125		0.36576
224.25		0.36576
224.375		0.36576
224.5		0.36576
224.625		0.36576
224.75		0.36576
224.875		0.36576
225		0.36576
225.125		0.36999
225.25		0.36999
225.375		0.36999
225.5		0.36999
225.625		0.36999
225.75		0.36999
225.875		0.36999
226		0.36999
226.125		0.36999
226.25		0.36999
226.375		0.36999
226.5		0.36999
226.625		0.36999
226.75		0.36999
226.875		0.36999
227		0.36999
227.125		0.36999
227.25		0.36999
227.375		0.36999
227.5		0.36999
227.625		0.36999
227.75		0.36999
227.875		0.36999
228		0.36999
228.125		0.36999
228.25		0.36999
228.375		0.36999
228.5		0.36999
228.625		0.36999
228.75		0.36999
228.875		0.36999
229		0.36999
229.125		0.36999
229.25		0.36999
229.375		0.36999
229.5		0.36999
229.625		0.36999
229.75		0.36999
229.875		0.36999
230		0.36999
230.125		0.402216
230.25		0.402216
230.375		0.402216
230.5		0.402216
230.625		0.402216
230.75		0.402216
230.875		0.402216
231		0.402216
231.125		0.402216
231.25		0.402216
231.375		0.402216
231.5		0.402216
231.625		0.402216
231.75		0.402216
231.875		0.402216
232		0.402216
232.125		0.402216
232.25		0.402216
232.375		0.402216
232.5		0.402216
232.625		0.402216
232.75		0.402216
232.875		0.402216
233		0.402216
233.125		0.402216
233.25		0.402216
233.375		0.402216
233.5		0.402216
233.625		0.402216
233.75		0.402216
233.875		0.402216
234		0.402216
234.125		0.402216
234.25		0.402216
234.375		0.402216
234.5		0.402216
234.625		0.402216
234.75		0.402216
234.875		0.402216
235		0.402216
235.125		0.405237
235.25		0.405237
235.375		0.405237
235.5		0.405237
235.625		0.405237
235.75		0.405237
235.875		0.405237
236		0.405237
236.125		0.405237
236.25		0.405237
236.375		0.405237
236.5		0.405237
236.625		0.405237
236.75		0.405237
236.875		0.405237
237		0.405237
237.125		0.405237
237.25		0.405237
237.375		0.405237
237.5		0.405237
237.625		0.405237
237.75		0.405237
237.875		0.405237
238		0.405237
238.125		0.405237
238.25		0.405237
238.375		0.405237
238.5		0.405237
238.625		0.405237
238.75		0.405237
238.875		0.405237
239		0.405237
239.125		0.405237
239.25		0.405237
239.375		0.405237
239.5		0.405237
239.625		0.405237
239.75		0.405237
239.875		0.405237
240		0.405237
240.125		0.421954
240.25		0.421954
240.375		0.421954
240.5		0.421954
240.625		0.421954
240.75		0.421954
240.875		0.421954
241		0.421954
241.125		0.421954
241.25		0.421954
241.375		0.421954
241.5		0.421954
241.625		0.421954
241.75		0.421954
241.875		0.421954
242		0.421954
242.125		0.421954
242.25		0.421954
242.375		0.421954
242.5		0.421954
242.625		0.421954
242.75		0.421954
242.875		0.421954
243		0.421954
243.125		0.421954
243.25		0.421954
243.375		0.421954
243.5		0.421954
243.625		0.421954
243.75		0.421954
243.875		0.421954
244		0.421954
244.125		0.421954
244.25		0.421954
244.375		0.421954
244.5		0.421954
244.625		0.421954
244.75		0.421954
244.875		0.421954
245		0.421954
245.125		0.422759
245.25		0.422759
245.375		0.422759
245.5		0.422759
245.625		0.422759
245.75		0.422759
245.875		0.422759
246		0.422759
246.125		0.422759
246.25		0.422759
246.375		0.422759
246.5		0.422759
246.625		0.422759
246.75		0.422759
246.875		0.422759
247		0.422759
247.125		0.422759
247.25		0.422759
247.375		0.422759
247.5		0.422759
247.625		0.422759
247.75		0.422759
247.875		0.422759
248		0.422759
248.125		0.422759
248.25		0.422759
248.375		0.422759
248.5		0.422759
248.625		0.422759
248.75		0.422759
248.875		0.422759
249		0.422759
249.125		0.422759
249.25		0.422759
249.375		0.422759
249.5		0.422759
249.625		0.422759
249.75		0.422759
249.875		0.422759
250		0.422759
250.125		0.435247
250.25		0.435247
250.375		0.435247
250.5		0.435247
250.625		0.435247
250.75		0.435247
250.875		0.435247
251		0.435247
251.125		0.435247
251.25		0.435247
251.375		0.435247
251.5		0.435247
251.625		0.435247
251.75		0.435247
251.875		0.435247
252		0.435247
252.125		0.435247
252.25		0.435247
252.375		0.435247
252.5		0.435247
252.625		0.435247
252.75		0.435247
252.875		0.435247
253		0.435247
253.125		0.435247
253.25		0.435247
253.375		0.435247
253.5		0.435247
253.625		0.435247
253.75		0.435247
253.875		0.435247
254		0.435247
254.125		0.435247
254.25		0.435247
254.375		0.435247
254.5		0.435247
254.625		0.435247
254.75		0.435247
254.875		0.435247
255		0.435247
255.125		0.457603
255.25		0.457603
255.375		0.457603
255.5		0.457603
255.625		0.457603
255.75		0.457603
255.875		0.457603
256		0.457603
256.125		0.457603
256.25		0.457603
256.375		0.457603
256.5		0.457603
256.625		0.457603
256.75		0.457603
256.875		0.457603
257		0.457603
257.125		0.457603
257.25		0.457603
257.375		0.457603
257.5		0.457603
257.625		0.457603
257.75		0.457603
257.875		0.457603
258		0.457603
258.125		0.457603
258.25		0.457603
258.375		0.457603
258.5		0.457603
258.625		0.457603
258.75		0.457603
258.875		0.457603
259		0.457603
259.125		0.457603
259.25		0.457603
259.375		0.457603
259.5		0.457603
259.625		0.457603
259.75		0.457603
259.875		0.457603
260		0.457603
260.125		0.464451
260.25		0.464451
260.375		0.464451
260.5		0.464451
260.625		0.464451
260.75		0.464451
260.875		0.464451
261		0.464451
261.125		0.464451
261.25		0.464451
261.375		0.464451
261.5		0.464451
261.625		0.464451
261.75		0.464451
261.875		0.464451
262		0.464451
262.125		0.464451
262.25		0.464451
262.375		0.464451
262.5		0.464451
262.625		0.464451
262.75		0.464451
262.875		0.464451
263		0.464451
263.125		0.464451
263.25		0.464451
263.375		0.464451
263.5		0.464451
263.625		0.464451
263.75		0.464451
263.875		0.464451
264		0.464451
264.125		0.464451
264.25		0.464451
264.375		0.464451
264.5		0.464451
264.625		0.464451
264.75		0.464451
264.875		0.464451
265		0.464451
265.125		0.475126
265.25		0.475126
265.375		0.475126
265.5		0.475126
265.625		0.475126
265.75		0.475126
265.875		0.475126
266		0.475126
266.125		0.475126
266.25		0.475126
266.375		0.475126
266.5		0.475126
266.625		0.475126
266.75		0.475126
266.875		0.475126
267		0.475126
267.125		0.475126
267.25		0.475126
267.375		0.475126
267.5		0.475126
267.625		0.475126
267.75		0.475126
267.875		0.475126
268		0.475126
268.125		0.475126
268.25		0.475126
268.375		0.475126
268.5		0.475126
268.625		0.475126
268.75		0.475126
268.875		0.475126
269		0.475126
269.125		0.475126
269.25		0.475126
269.375		0.475126
269.5		0.475126
269.625		0.475126
269.75		0.475126
269.875		0.475126
270		0.475126
270.125		0.49003
270.25		0.49003
270.375		0.49003
270.5		0.49003
270.625		0.49003
270.75		0.49003
270.875		0.49003
271		0.49003
271.125		0.49003
271.25		0.49003
271.375		0.49003
271.5		0.49003
271.625		0.49003
271.75		0.49003
271.875		0.49003
272		0.49003
272.125		0.49003
272.25		0.49003
272.375		0.49003
272.5		0.49003
272.625		0.49003
272.75		0.49003
272.875		0.49003
273		0.49003
273.125		0.49003
273.25		0.49003
273.375		0.49003
273.5		0.49003
273.625		0.49003
273.75		0.49003
273.875		0.49003
274		0.49003
274.125		0.49003
274.25		0.49003
274.375		0.49003
274.5		0.49003
274.625		0.49003
274.75		0.49003
274.875		0.49003
275		0.49003
275.125		0.493656
275.25		0.493656
275.375		0.493656
275.5		0.493656
275.625		0.493656
275.75		0.493656
275.875		0.493656
276		0.493656
276.125		0.493656
276.25		0.493656
276.375		0.493656
276.5		0.493656
276.625		0.493656
276.75		0.493656
276.875		0.493656
277		0.493656
277.125		0.493656
277.25		0.493656
277.375		0.493656
277.5		0.493656
277.625		0.493656
277.75		0.493656
277.875		0.493656
278		0.493656
278.125		0.493656
278.25		0.493656
278.375		0.493656
278.5		0.493656
278.625		0.493656
278.75		0.493656
278.875		0.493656
279		0.493656
279.125		0.493656
279.25		0.493656
279.375		0.493656
279.5		0.493656
279.625		0.493656
279.75		0.493656
279.875		0.493656
280		0.493656
280.125		0.505942
280.25		0.505942
280.375		0.505942
280.5		0.505942
280.625		0.505942
280.75		0.505942
280.875		0.505942
281		0.505942
281.125		0.505942
281.25		0.505942
281.375		0.505942
281.5		0.505942
281.625		0.505942
281.75		0.505942
281.875		0.505942
282		0.505942
282.125		0.505942
282.25		0.505942
282.375		0.505942
282.5		0.505942
282.625		0.505942
282.75		0.505942
282.875		0.505942
283		0.505942
283.125		0.505942
283.25		0.505942
283.375		0.505942
283.5		0.505942
283.625		0.505942
283.75		0.505942
283.875		0.505942
284		0.505942
284.125		0.505942
284.25		0.505942
284.375		0.505942
284.5		0.505942
284.625		0.505942
284.75		0.505942
284.875		0.505942
285		0.505942
285.125		0.516415
285.25		0.516415
285.375		0.516415
285.5		0.516415
285.625		0.516415
285.75		0.516415
285.875		0.516415
286		0.516415
286.125		0.516415
286.25		0.516415
286.375		0.516415
286.5		0.516415
286.625		0.516415
286.75		0.516415
286.875		0.516415
287		0.516415
287.125		0.516415
287.25		0.516415
287.375		0.516415
287.5		0.516415
287.625		0.516415
287.75		0.516415
287.875		0.516415
288		0.516415
288.125		0.516415
288.25		0.516415
288.375		0.516415
288.5		0.516415
288.625		0.516415
288.75		0.516415
288.875		0.516415
289		0.516415
289.125		0.516415
289.25		0.516415
289.375		0.516415
289.5		0.516415
289.625		0.516415
289.75		0.516415
289.875		0.516415
290		0.516415
290.125		0.529507
290.25		0.529507
290.375		0.529507
290.5		0.529507
290.625		0.529507
290.75		0.529507
290.875		0.529507
291		0.529507
291.125		0.529507
291.25		0.529507
291.375		0.529507
291.5		0.529507
291.625		0.529507
291.75		0.529507
291.875		0.529507
292		0.529507
292.125		0.529507
292.25		0.529507
292.375		0.529507
292.5		0.529507
292.625		0.529507
292.75		0.529507
292.875		0.529507
293		0.529507
293.125		0.529507
293.25		0.529507
293.375		0.529507
293.5		0.529507
293.625		0.529507
293.75		0.529507
293.875		0.529507
294		0.529507
294.125		0.529507
294.25		0.529507
294.375		0.529507
294.5		0.529507
294.625		0.529507
294.75		0.529507
294.875		0.529507
295		0.529507
295.125		0.545418
295.25		0.545418
295.375		0.545418
295.5		0.545418
295.625		0.545418
295.75		0.545418
295.875		0.545418
296		0.545418
296.125		0.545418
296.25		0.545418
296.375		0.545418
296.5		0.545418
296.625		0.545418
296.75		0.545418
296.875		0.545418
297		0.545418
297.125		0.545418
297.25		0.545418
297.375		0.545418
297.5		0.545418
297.625		0.545418
297.75		0.545418
297.875		0.545418
298		0.545418
298.125		0.545418
298.25		0.545418
298.375		0.545418
298.5		0.545418
298.625		0.545418
298.75		0.545418
298.875		0.545418
299		0.545418
299.125		0.545418
299.25		0.545418
299.375		0.545418
299.5		0.545418
299.625		0.545418
299.75		0.545418
299.875		0.545418
300		0.545418
300.125		0.546626
300.25		0.546626
300.375		0.546626
300.5		0.546626
300.625		0.546626
300.75		0.546626
300.875		0.546626
301		0.546626
301.125		0.546626
301.25		0.546626
301.375		0.546626
301.5		0.546626
301.625		0.546626
301.75		0.546626
301.875		0.546626
302		0.546626
302.125		0.546626
302.25		0.546626
302.375		0.546626
302.5		0.546626
302.625		0.546626
302.75		0.546626
302.875		0.546626
303		0.546626
303.125		0.546626
303.25		0.546626
303.375		0.546626
303.5		0.546626
303.625		0.546626
303.75		0.546626
303.875		0.546626
304		0.546626
304.125		0.546626
304.25		0.546626
304.375		0.546626
304.5		0.546626
304.625		0.546626
304.75		0.546626
304.875		0.546626
305		0.546626
305.125		0.555086
305.25		0.555086
305.375		0.555086
305.5		0.555086
305.625		0.555086
305.75		0.555086
305.875		0.555086
306		0.555086
306.125		0.555086
306.25		0.555086
306.375		0.555086
306.5		0.555086
306.625		0.555086
306.75		0.555086
306.875		0.555086
307		0.555086
307.125		0.555086
307.25		0.555086
307.375		0.555086
307.5		0.555086
307.625		0.555086
307.75		0.555086
307.875		0.555086
308		0.555086
308.125		0.555086
308.25		0.555086
308.375		0.555086
308.5		0.555086
308.625		0.555086
308.75		0.555086
308.875		0.555086
309		0.555086
309.125		0.555086
309.25		0.555086
309.375		0.555086
309.5		0.555086
309.625		0.555086
309.75		0.555086
309.875		0.555086
310		0.555086
310.125		0.566767
310.25		0.566767
310.375		0.566767
310.5		0.566767
310.625		0.566767
310.75		0.566767
310.875		0.566767
311		0.566767
311.125		0.566767
311.25		0.566767
311.375		0.566767
311.5		0.566767
311.625		0.566767
311.75		0.566767
311.875		0.566767
312		0.566767
312.125		0.566767
312.25		0.566767
312.375		0.566767
312.5		0.566767
312.625		0.566767
312.75		0.566767
312.875		0.566767
313		0.566767
313.125		0.566767
313.25		0.566767
313.375		0.566767
313.5		0.566767
313.625		0.566767
313.75		0.566767
313.875		0.566767
314		0.566767
314.125		0.566767
314.25		0.566767
314.375		0.566767
314.5		0.566767
314.625		0.566767
314.75		0.566767
314.875		0.566767
315		0.566767
315.125		0.580866
315.25		0.580866
315.375		0.580866
315.5		0.580866
315.625		0.580866
315.75		0.580866
315.875		0.580866
316		0.580866
316.125		0.580866
316.25		0.580866
316.375		0.580866
316.5		0.580866
316.625		0.580866
316.75		0.580866
316.875		0.580866
317		0.580866
317.125		0.580866
317.25		0.580866
317.375		0.580866
317.5		0.580866
317.625		0.580866
317.75		0.580866
317.875		0.580866
318		0.580866
318.125		0.580866
318.25		0.580866
318.375		0.580866
318.5		0.580866
318.625		0.580866
318.75		0.580866
318.875		0.580866
319		0.580866
319.125		0.580866
319.25		0.580866
319.375		0.580866
319.5		0.580866
319.625		0.580866
319.75		0.580866
319.875		0.580866
320		0.580866
320.125		0.586506
320.25		0.586506
320.375		0.586506
320.5		0.586506
320.625		0.586506
320.75		0.586506
320.875		0.586506
321		0.586506
321.125		0.586506
321.25		0.586506
321.375		0.586506
321.5		0.586506
321.625		0.586506
321.75		0.586506
321.875		0.586506
322		0.586506
322.125		0.586506
322.25		0.586506
322.375		0.586506
322.5		0.586506
322.625		0.586506
322.75		0.586506
322.875		0.586506
323		0.586506
323.125		0.586506
323.25		0.586506
323.375		0.586506
323.5		0.586506
323.625		0.586506
323.75		0.586506
323.875		0.586506
324		0.586506
324.125		0.586506
324.25		0.586506
324.375		0.586506
324.5		0.586506
324.625		0.586506
324.75		0.586506
324.875		0.586506
325		0.586506
325.125		0.614099
325.25		0.614099
325.375		0.614099
325.5		0.614099
325.625		0.614099
325.75		0.614099
325.875		0.614099
326		0.614099
326.125		0.614099
326.25		0.614099
326.375		0.614099
326.5		0.614099
326.625		0.614099
326.75		0.614099
326.875		0.614099
327		0.614099
327.125		0.614099
327.25		0.614099
327.375		0.614099
327.5		0.614099
327.625		0.614099
327.75		0.614099
327.875		0.614099
328		0.614099
328.125		0.614099
328.25		0.614099
328.375		0.614099
328.5		0.614099
328.625		0.614099
328.75		0.614099
328.875		0.614099
329		0.614099
329.125		0.614099
329.25		0.614099
329.375		0.614099
329.5		0.614099
329.625		0.614099
329.75		0.614099
329.875		0.614099
330		0.614099
330.125		0.616717
330.25		0.616717
330.375		0.616717
330.5		0.616717
330.625		0.616717
330.75		0.616717
330.875		0.616717
331		0.616717
331.125		0.616717
331.25		0.616717
331.375		0.616717
331.5		0.616717
331.625		0.616717
331.75		0.616717
331.875		0.616717
332		0.616717
332.125		0.616717
332.25		0.616717
332.375		0.616717
332.5		0.616717
332.625		0.616717
332.75		0.616717
332.875		0.616717
333		0.616717
333.125		0.616717
333.25		0.616717
333.375		0.616717
333.5		0.616717
333.625		0.616717
333.75		0.616717
333.875		0.616717
334		0.616717
334.125		0.616717
334.25		0.616717
334.375		0.616717
334.5		0.616717
334.625		0.616717
334.75		0.616717
334.875		0.616717
335		0.616717
335.125		0.620544
335.25		0.620544
335.375		0.620544
335.5		0.620544
335.625		0.620544
335.75		0.620544
335.875		0.620544
336		0.620544
336.125		0.620544
336.25		0.620544
336.375		0.620544
336.5		0.620544
336.625		0.620544
336.75		0.620544
336.875		0.620544
337		0.620544
337.125		0.620544
337.25		0.620544
337.375		0.620544
337.5		0.620544
337.625		0.620544
337.75		0.620544
337.875		0.620544
338		0.620544
338.125		0.620544
338.25		0.620544
338.375		0.620544
338.5		0.620544
338.625		0.620544
338.75		0.620544
338.875		0.620544
339		0.620544
339.125		0.620544
339.25		0.620544
339.375		0.620544
339.5		0.620544
339.625		0.620544
339.75		0.620544
339.875		0.620544
340		0.620544
340.125		0.645116
340.25		0.645116
340.375		0.645116
340.5		0.645116
340.625		0.645116
340.75		0.645116
340.875		0.645116
341		0.645116
341.125		0.645116
341.25		0.645116
341.375		0.645116
341.5		0.645116
341.625		0.645116
341.75		0.645116
341.875		0.645116
342		0.645116
342.125		0.645116
342.25		0.645116
342.375		0.645116
342.5		0.645116
342.625		0.645116
342.75		0.645116
342.875		0.645116
343		0.645116
343.125		0.645116
343.25		0.645116
343.375		0.645116
343.5		0.645116
343.625		0.645116
343.75		0.645116
343.875		0.645116
344		0.645116
344.125		0.645116
344.25		0.645116
344.375		0.645116
344.5		0.645116
344.625		0.645116
344.75		0.645116
344.875		0.645116
345		0.645116
345.125		0.649345
345.25		0.649345
345.375		0.649345
345.5		0.649345
345.625		0.649345
345.75		0.649345
345.875		0.649345
346		0.649345
346.125		0.649345
346.25		0.649345
346.375		0.649345
346.5		0.649345
346.625		0.649345
346.75		0.649345
346.875		0.649345
347		0.649345
347.125		0.649345
347.25		0.649345
347.375		0.649345
347.5		0.649345
347.625		0.649345
347.75		0.649345
347.875		0.649345
348		0.649345
348.125		0.649345
348.25		0.649345
348.375		0.649345
348.5		0.649345
348.625		0.649345
348.75		0.649345
348.875		0.649345
349		0.649345
349.125		0.649345
349.25		0.649345
349.375		0.649345
349.5		0.649345
349.625		0.649345
349.75		0.649345
349.875		0.649345
350		0.649345
350.125		0.654783
350.25		0.654783
350.375		0.654783
350.5		0.654783
350.625		0.654783
350.75		0.654783
350.875		0.654783
351		0.654783
351.125		0.654783
351.25		0.654783
351.375		0.654783
351.5		0.654783
351.625		0.654783
351.75		0.654783
351.875		0.654783
352		0.654783
352.125		0.654783
352.25		0.654783
352.375		0.654783
352.5		0.654783
352.625		0.654783
352.75		0.654783
352.875		0.654783
353		0.654783
353.125		0.654783
353.25		0.654783
353.375		0.654783
353.5		0.654783
353.625		0.654783
353.75		0.654783
353.875		0.654783
354		0.654783
354.125		0.654783
354.25		0.654783
354.375		0.654783
354.5		0.654783
354.625		0.654783
354.75		0.654783
354.875		0.654783
355		0.654783
355.125		0.663041
355.25		0.663041
355.375		0.663041
355.5		0.663041
355.625		0.663041
355.75		0.663041
355.875		0.663041
356		0.663041
356.125		0.663041
356.25		0.663041
356.375		0.663041
356.5		0.663041
356.625		0.663041
356.75		0.663041
356.875		0.663041
357		0.663041
357.125		0.663041
357.25		0.663041
357.375		0.663041
357.5		0.663041
357.625		0.663041
357.75		0.663041
357.875		0.663041
358		0.663041
358.125		0.663041
358.25		0.663041
358.375		0.663041
358.5		0.663041
358.625		0.663041
358.75		0.663041
358.875		0.663041
359		0.663041
359.125		0.663041
359.25		0.663041
359.375		0.663041
359.5		0.663041
359.625		0.663041
359.75		0.663041
359.875		0.663041
360		0.663041
360.125		0.680564
360.25		0.680564
360.375		0.680564
360.5		0.680564
360.625		0.680564
360.75		0.680564
360.875		0.680564
361		0.680564
361.125		0.680564
361.25		0.680564
361.375		0.680564
361.5		0.680564
361.625		0.680564
361.75		0.680564
361.875		0.680564
362		0.680564
362.125		0.680564
362.25		0.680564
362.375		0.680564
362.5		0.680564
362.625		0.680564
362.75		0.680564
362.875		0.680564
363		0.680564
363.125		0.680564
363.25		0.680564
363.375		0.680564
363.5		0.680564
363.625		0.680564
363.75		0.680564
363.875		0.680564
364		0.680564
364.125		0.680564
364.25		0.680564
364.375		0.680564
364.5		0.680564
364.625		0.680564
364.75		0.680564
364.875		0.680564
365		0.680564
365.125		0.699899
365.25		0.699899
365.375		0.699899
365.5		0.699899
365.625		0.699899
365.75		0.699899
365.875		0.699899
366		0.699899
366.125		0.699899
366.25		0.699899
366.375		0.699899
366.5		0.699899
366.625		0.699899
366.75		0.699899
366.875		0.699899
367		0.699899
367.125		0.699899
367.25		0.699899
367.375		0.699899
367.5		0.699899
367.625		0.699899
367.75		0.699899
367.875		0.699899
368		0.699899
368.125		0.699899
368.25		0.699899
368.375		0.699899
368.5		0.699899
368.625		0.699899
368.75		0.699899
368.875		0.699899
369		0.699899
369.125		0.699899
369.25		0.699899
369.375		0.699899
369.5		0.699899
369.625		0.699899
369.75		0.699899
369.875		0.699899
370		0.699899
370.125		0.706546
370.25		0.706546
370.375		0.706546
370.5		0.706546
370.625		0.706546
370.75		0.706546
370.875		0.706546
371		0.706546
371.125		0.706546
371.25		0.706546
371.375		0.706546
371.5		0.706546
371.625		0.706546
371.75		0.706546
371.875		0.706546
372		0.706546
372.125		0.706546
372.25		0.706546
372.375		0.706546
372.5		0.706546
372.625		0.706546
372.75		0.706546
372.875		0.706546
373		0.706546
373.125		0.706546
373.25		0.706546
373.375		0.706546
373.5		0.706546
373.625		0.706546
373.75		0.706546
373.875		0.706546
374		0.706546
374.125		0.706546
374.25		0.706546
374.375		0.706546
374.5		0.706546
374.625		0.706546
374.75		0.706546
374.875		0.706546
375		0.706546
375.125		0.715005
375.25		0.715005
375.375		0.715005
375.5		0.715005
375.625		0.715005
375.75		0.715005
375.875		0.715005
376		0.715005
376.125		0.715005
376.25		0.715005
376.375		0.715005
376.5		0.715005
376.625		0.715005
376.75		0.715005
376.875		0.715005
377		0.715005
377.125		0.715005
377.25		0.715005
377.375		0.715005
377.5		0.715005
377.625		0.715005
377.75		0.715005
377.875		0.715005
378		0.715005
378.125		0.715005
378.25		0.715005
378.375		0.715005
378.5		0.715005
378.625		0.715005
378.75		0.715005
378.875		0.715005
379		0.715005
379.125		0.715005
379.25		0.715005
379.375		0.715005
379.5		0.715005
379.625		0.715005
379.75		0.715005
379.875		0.715005
380		0.715005
380.125		0.734743
380.25		0.734743
380.375		0.734743
380.5		0.734743
380.625		0.734743
380.75		0.734743
380.875		0.734743
381		0.734743
381.125		0.734743
381.25		0.734743
381.375		0.734743
381.5		0.734743
381.625		0.734743
381.75		0.734743
381.875		0.734743
382		0.734743
382.125		0.734743
382.25		0.734743
382.375		0.734743
382.5		0.734743
382.625		0.734743
382.75		0.734743
382.875		0.734743
383		0.734743
383.125		0.734743
383.25		0.734743
383.375		0.734743
383.5		0.734743
383.625		0.734743
383.75		0.734743
383.875		0.734743
384		0.734743
384.125		0.734743
384.25		0.734743
384.375		0.734743
384.5		0.734743
384.625		0.734743
384.75		0.734743
384.875		0.734743
385		0.734743
385.125		0.739778
385.25		0.739778
385.375		0.739778
385.5		0.739778
385.625		0.739778
385.75		0.739778
385.875		0.739778
386		0.739778
386.125		0.739778
386.25		0.739778
386.375		0.739778
386.5		0.739778
386.625		0.739778
386.75		0.739778
386.875		0.739778
387		0.739778
387.125		0.739778
387.25		0.739778
387.375		0.739778
387.5		0.739778
387.625		0.739778
387.75		0.739778
387.875		0.739778
388		0.739778
388.125		0.739778
388.25		0.739778
388.375		0.739778
388.5		0.739778
388.625		0.739778
388.75		0.739778
388.875		0.739778
389		0.739778
389.125		0.739778
389.25		0.739778
389.375		0.739778
389.5		0.739778
389.625		0.739778
389.75		0.739778
389.875		0.739778
390		0.739778
390.125		0.740987
390.25		0.740987
390.375		0.740987
390.5		0.740987
390.625		0.740987
390.75		0.740987
390.875		0.740987
391		0.740987
391.125		0.740987
391.25		0.740987
391.375		0.740987
391.5		0.740987
391.625		0.740987
391.75		0.740987
391.875		0.740987
392		0.740987
392.125		0.740987
392.25		0.740987
392.375		0.740987
392.5		0.740987
392.625		0.740987
392.75		0.740987
392.875		0.740987
393		0.740987
393.125		0.740987
393.25		0.740987
393.375		0.740987
393.5		0.740987
393.625		0.740987
393.75		0.740987
393.875		0.740987
394		0.740987
394.125		0.740987
394.25		0.740987
394.375		0.740987
394.5		0.740987
394.625		0.740987
394.75		0.740987
394.875		0.740987
395		0.740987
395.125		0.760121
395.25		0.760121
395.375		0.760121
395.5		0.760121
395.625		0.760121
395.75		0.760121
395.875		0.760121
396		0.760121
396.125		0.760121
396.25		0.760121
396.375		0.760121
396.5		0.760121
396.625		0.760121
396.75		0.760121
396.875		0.760121
397		0.760121
397.125		0.760121
397.25		0.760121
397.375		0.760121
397.5		0.760121
397.625		0.760121
397.75		0.760121
397.875		0.760121
398		0.760121
398.125		0.760121
398.25		0.760121
398.375		0.760121
398.5		0.760121
398.625		0.760121
398.75		0.760121
398.875		0.760121
399		0.760121
399.125		0.760121
399.25		0.760121
399.375		0.760121
399.5		0.760121
399.625		0.760121
399.75		0.760121
399.875		0.760121
400		0.760121
400.125		0.776435
400.25		0.776435
400.375		0.776435
400.5		0.776435
400.625		0.776435
400.75		0.776435
400.875		0.776435
401		0.776435
401.125		0.776435
401.25		0.776435
401.375		0.776435
401.5		0.776435
401.625		0.776435
401.75		0.776435
401.875		0.776435
402		0.776435
402.125		0.776435
402.25		0.776435
402.375		0.776435
402.5		0.776435
402.625		0.776435
402.75		0.776435
402.875		0.776435
403		0.776435
403.125		0.776435
403.25		0.776435
403.375		0.776435
403.5		0.776435
403.625		0.776435
403.75		0.776435
403.875		0.776435
404		0.776435
404.125		0.776435
404.25		0.776435
404.375		0.776435
404.5		0.776435
404.625		0.776435
404.75		0.776435
404.875		0.776435
405		0.776435
405.125		0.800201
405.25		0.800201
405.375		0.800201
405.5		0.800201
405.625		0.800201
405.75		0.800201
405.875		0.800201
406		0.800201
406.125		0.800201
406.25		0.800201
406.375		0.800201
406.5		0.800201
406.625		0.800201
406.75		0.800201
406.875		0.800201
407		0.800201
407.125		0.800201
407.25		0.800201
407.375		0.800201
407.5		0.800201
407.625		0.800201
407.75		0.800201
407.875		0.800201
408		0.800201
408.125		0.800201
408.25		0.800201
408.375		0.800201
408.5		0.800201
408.625		0.800201
408.75		0.800201
408.875		0.800201
409		0.800201
409.125		0.800201
409.25		0.800201
409.375		0.800201
409.5		0.800201
409.625		0.800201
409.75		0.800201
409.875		0.800201
410		0.800201
410.125		0.801208
410.25		0.801208
410.375		0.801208
410.5		0.801208
410.625		0.801208
410.75		0.801208
410.875		0.801208
411		0.801208
411.125		0.801208
411.25		0.801208
411.375		0.801208
411.5		0.801208
411.625		0.801208
411.75		0.801208
411.875		0.801208
412		0.801208
412.125		0.801208
412.25		0.801208
412.375		0.801208
412.5		0.801208
412.625		0.801208
412.75		0.801208
412.875		0.801208
413		0.801208
413.125		0.801208
413.25		0.801208
413.375		0.801208
413.5		0.801208
413.625		0.801208
413.75		0.801208
413.875		0.801208
414		0.801208
414.125		0.801208
414.25		0.801208
414.375		0.801208
414.5		0.801208
414.625		0.801208
414.75		0.801208
414.875		0.801208
415		0.801208
415.125		0.814099
415.25		0.814099
415.375		0.814099
415.5		0.814099
415.625		0.814099
415.75		0.814099
415.875		0.814099
416		0.814099
416.125		0.814099
416.25		0.814099
416.375		0.814099
416.5		0.814099
416.625		0.814099
416.75		0.814099
416.875		0.814099
417		0.814099
417.125		0.814099
417.25		0.814099
417.375		0.814099
417.5		0.814099
417.625		0.814099
417.75		0.814099
417.875		0.814099
418		0.814099
418.125		0.814099
418.25		0.814099
418.375		0.814099
418.5		0.814099
418.625		0.814099
418.75		0.814099
418.875		0.814099
419		0.814099
419.125		0.814099
419.25		0.814099
419.375		0.814099
419.5		0.814099
419.625		0.814099
419.75		0.814099
419.875		0.814099
420		0.814099
420.125		0.819738
420.25		0.819738
420.375		0.819738
420.5		0.819738
420.625		0.819738
420.75		0.819738
420.875		0.819738
421		0.819738
421.125		0.819738
421.25		0.819738
421.375		0.819738
421.5		0.819738
421.625		0.819738
421.75		0.819738
421.875		0.819738
422		0.819738
422.125		0.819738
422.25		0.819738
422.375		0.819738
422.5		0.819738
422.625		0.819738
422.75		0.819738
422.875		0.819738
423		0.819738
423.125		0.819738
423.25		0.819738
423.375		0.819738
423.5		0.819738
423.625		0.819738
423.75		0.819738
423.875		0.819738
424		0.819738
424.125		0.819738
424.25		0.819738
424.375		0.819738
424.5		0.819738
424.625		0.819738
424.75		0.819738
424.875		0.819738
425		0.819738
425.125		0.835851
425.25		0.835851
425.375		0.835851
425.5		0.835851
425.625		0.835851
425.75		0.835851
425.875		0.835851
426		0.835851
426.125		0.835851
426.25		0.835851
426.375		0.835851
426.5		0.835851
426.625		0.835851
426.75		0.835851
426.875		0.835851
427		0.835851
427.125		0.835851
427.25		0.835851
427.375		0.835851
427.5		0.835851
427.625		0.835851
427.75		0.835851
427.875		0.835851
428		0.835851
428.125		0.835851
428.25		0.835851
428.375		0.835851
428.5		0.835851
428.625		0.835851
428.75		0.835851
428.875		0.835851
429		0.835851
429.125		0.835851
429.25		0.835851
429.375		0.835851
429.5		0.835851
429.625		0.835851
429.75		0.835851
429.875		0.835851
430		0.835851
430.125		0.84854
430.25		0.84854
430.375		0.84854
430.5		0.84854
430.625		0.84854
430.75		0.84854
430.875		0.84854
431		0.84854
431.125		0.84854
431.25		0.84854
431.375		0.84854
431.5		0.84854
431.625		0.84854
431.75		0.84854
431.875		0.84854
432		0.84854
432.125		0.84854
432.25		0.84854
432.375		0.84854
432.5		0.84854
432.625		0.84854
432.75		0.84854
432.875		0.84854
433		0.84854
433.125		0.84854
433.25		0.84854
433.375		0.84854
433.5		0.84854
433.625		0.84854
433.75		0.84854
433.875		0.84854
434		0.84854
434.125		0.84854
434.25		0.84854
434.375		0.84854
434.5		0.84854
434.625		0.84854
434.75		0.84854
434.875		0.84854
435		0.84854
435.125		0.854783
435.25		0.854783
435.375		0.854783
435.5		0.854783
435.625		0.854783
435.75		0.854783
435.875		0.854783
436		0.854783
436.125		0.854783
436.25		0.854783
436.375		0.854783
436.5		0.854783
436.625		0.854783
436.75		0.854783
436.875		0.854783
437		0.854783
437.125		0.854783
437.25		0.854783
437.375		0.854783
437.5		0.854783
437.625		0.854783
437.75		0.854783
437.875		0.854783
438		0.854783
438.125		0.854783
438.25		0.854783
438.375		0.854783
438.5		0.854783
438.625		0.854783
438.75		0.854783
438.875		0.854783
439		0.854783
439.125		0.854783
439.25		0.854783
439.375		0.854783
439.5		0.854783
439.625		0.854783
439.75		0.854783
439.875		0.854783
440		0.854783
440.125		0.859819
440.25		0.859819
440.375		0.859819
440.5		0.859819
440.625		0.859819
440.75		0.859819
440.875		0.859819
441		0.859819
441.125		0.859819
441.25		0.859819
441.375		0.859819
441.5		0.859819
441.625		0.859819
441.75		0.859819
441.875		0.859819
442		0.859819
442.125		0.859819
442.25		0.859819
442.375		0.859819
442.5		0.859819
442.625		0.859819
442.75		0.859819
442.875		0.859819
443		0.859819
443.125		0.859819
443.25		0.859819
443.375		0.859819
443.5		0.859819
443.625		0.859819
443.75		0.859819
443.875		0.859819
444		0.859819
444.125		0.859819
444.25		0.859819
444.375		0.859819
444.5		0.859819
444.625		0.859819
444.75		0.859819
444.875		0.859819
445		0.859819
445.125		0.862034
445.25		0.862034
445.375		0.862034
445.5		0.862034
445.625		0.862034
445.75		0.862034
445.875		0.862034
446		0.862034
446.125		0.862034
446.25		0.862034
446.375		0.862034
446.5		0.862034
446.625		0.862034
446.75		0.862034
446.875		0.862034
447		0.862034
447.125		0.862034
447.25		0.862034
447.375		0.862034
447.5		0.862034
447.625		0.862034
447.75		0.862034
447.875		0.862034
448		0.862034
448.125		0.862034
448.25		0.862034
448.375		0.862034
448.5		0.862034
448.625		0.862034
448.75		0.862034
448.875		0.862034
449		0.862034
449.125		0.862034
449.25		0.862034
449.375		0.862034
449.5		0.862034
449.625		0.862034
449.75		0.862034
449.875		0.862034
450		0.862034
450.125		0.891239
450.25		0.891239
450.375		0.891239
450.5		0.891239
450.625		0.891239
450.75		0.891239
450.875		0.891239
451		0.891239
451.125		0.891239
451.25		0.891239
451.375		0.891239
451.5		0.891239
451.625		0.891239
451.75		0.891239
451.875		0.891239
452		0.891239
452.125		0.891239
452.25		0.891239
452.375		0.891239
452.5		0.891239
452.625		0.891239
452.75		0.891239
452.875		0.891239
453		0.891239
453.125		0.891239
453.25		0.891239
453.375		0.891239
453.5		0.891239
453.625		0.891239
453.75		0.891239
453.875		0.891239
454		0.891239
454.125		0.891239
454.25		0.891239
454.375		0.891239
454.5		0.891239
454.625		0.891239
454.75		0.891239
454.875		0.891239
455		0.891239
455.125		0.903525
455.25		0.903525
455.375		0.903525
455.5		0.903525
455.625		0.903525
455.75		0.903525
455.875		0.903525
456		0.903525
456.125		0.903525
456.25		0.903525
456.375		0.903525
456.5		0.903525
456.625		0.903525
456.75		0.903525
456.875		0.903525
457		0.903525
457.125		0.903525
457.25		0.903525
457.375		0.903525
457.5		0.903525
457.625		0.903525
457.75		0.903525
457.875		0.903525
458		0.903525
458.125		0.903525
458.25		0.903525
458.375		0.903525
458.5		0.903525
458.625		0.903525
458.75		0.903525
458.875		0.903525
459		0.903525
459.125		0.903525
459.25		0.903525
459.375		0.903525
459.5		0.903525
459.625		0.903525
459.75		0.903525
459.875		0.903525
460		0.903525
460.125		0.908359
460.25		0.908359
460.375		0.908359
460.5		0.908359
460.625		0.908359
460.75		0.908359
460.875		0.908359
461		0.908359
461.125		0.908359
461.25		0.908359
461.375		0.908359
461.5		0.908359
461.625		0.908359
461.75		0.908359
461.875		0.908359
462		0.908359
462.125		0.908359
462.25		0.908359
462.375		0.908359
462.5		0.908359
462.625		0.908359
462.75		0.908359
462.875		0.908359
463		0.908359
463.125		0.908359
463.25		0.908359
463.375		0.908359
463.5		0.908359
463.625		0.908359
463.75		0.908359
463.875		0.908359
464		0.908359
464.125		0.908359
464.25		0.908359
464.375		0.908359
464.5		0.908359
464.625		0.908359
464.75		0.908359
464.875		0.908359
465		0.908359
465.125		0.913394
465.25		0.913394
465.375		0.913394
465.5		0.913394
465.625		0.913394
465.75		0.913394
465.875		0.913394
466		0.913394
466.125		0.913394
466.25		0.913394
466.375		0.913394
466.5		0.913394
466.625		0.913394
466.75		0.913394
466.875		0.913394
467		0.913394
467.125		0.913394
467.25		0.913394
467.375		0.913394
467.5		0.913394
467.625		0.913394
467.75		0.913394
467.875		0.913394
468		0.913394
468.125		0.913394
468.25		0.913394
468.375		0.913394
468.5		0.913394
468.625		0.913394
468.75		0.913394
468.875		0.913394
469		0.913394
469.125		0.913394
469.25		0.913394
469.375		0.913394
469.5		0.913394
469.625		0.913394
469.75		0.913394
469.875		0.913394
470		0.913394
470.125		0.939778
470.25		0.939778
470.375		0.939778
470.5		0.939778
470.625		0.939778
470.75		0.939778
470.875		0.939778
471		0.939778
471.125		0.939778
471.25		0.939778
471.375		0.939778
471.5		0.939778
471.625		0.939778
471.75		0.939778
471.875		0.939778
472		0.939778
472.125		0.939778
472.25		0.939778
472.375		0.939778
472.5		0.939778
472.625		0.939778
472.75		0.939778
472.875		0.939778
473		0.939778
473.125		0.939778
473.25		0.939778
473.375		0.939778
473.5		0.939778
473.625		0.939778
473.75		0.939778
473.875		0.939778
474		0.939778
474.125		0.939778
474.25		0.939778
474.375		0.939778
474.5		0.939778
474.625		0.939778
474.75		0.939778
474.875		0.939778
475		0.939778
475.125		0.946425
475.25		0.946425
475.375		0.946425
475.5		0.946425
475.625		0.946425
475.75		0.946425
475.875		0.946425
476		0.946425
476.125		0.946425
476.25		0.946425
476.375		0.946425
476.5		0.946425
476.625		0.946425
476.75		0.946425
476.875		0.946425
477		0.946425
477.125		0.946425
477.25		0.946425
477.375		0.946425
477.5		0.946425
477.625		0.946425
477.75		0.946425
477.875		0.946425
478		0.946425
478.125		0.946425
478.25		0.946425
478.375		0.946425
478.5		0.946425
478.625		0.946425
478.75		0.946425
478.875		0.946425
479		0.946425
479.125		0.946425
479.25		0.946425
479.375		0.946425
479.5		0.946425
479.625		0.946425
479.75		0.946425
479.875		0.946425
480		0.946425
480.125		0.954884
480.25		0.954884
480.375		0.954884
480.5		0.954884
480.625		0.954884
480.75		0.954884
480.875		0.954884
481		0.954884
481.125		0.954884
481.25		0.954884
481.375		0.954884
481.5		0.954884
481.625		0.954884
481.75		0.954884
481.875		0.954884
482		0.954884
482.125		0.954884
482.25		0.954884
482.375		0.954884
482.5		0.954884
482.625		0.954884
482.75		0.954884
482.875		0.954884
483		0.954884
483.125		0.954884
483.25		0.954884
483.375		0.954884
483.5		0.954884
483.625		0.954884
483.75		0.954884
483.875		0.954884
484		0.954884
484.125		0.954884
484.25		0.954884
484.375		0.954884
484.5		0.954884
484.625		0.954884
484.75		0.954884
484.875		0.954884
485		0.954884
485.125		0.959919
485.25		0.959919
485.375		0.959919
485.5		0.959919
485.625		0.959919
485.75		0.959919
485.875		0.959919
486		0.959919
486.125		0.959919
486.25		0.959919
486.375		0.959919
486.5		0.959919
486.625		0.959919
486.75		0.959919
486.875		0.959919
487		0.959919
487.125		0.959919
487.25		0.959919
487.375		0.959919
487.5		0.959919
487.625		0.959919
487.75		0.959919
487.875		0.959919
488		0.959919
488.125		0.959919
488.25		0.959919
488.375		0.959919
488.5		0.959919
488.625		0.959919
488.75		0.959919
488.875		0.959919
489		0.959919
489.125		0.959919
489.25		0.959919
489.375		0.959919
489.5		0.959919
489.625		0.959919
489.75		0.959919
489.875		0.959919
490		0.959919
490.125		0.984089
490.25		0.984089
490.375		0.984089
490.5		0.984089
490.625		0.984089
490.75		0.984089
490.875		0.984089
491		0.984089
491.125		0.984089
491.25		0.984089
491.375		0.984089
491.5		0.984089
491.625		0.984089
491.75		0.984089
491.875		0.984089
492		0.984089
492.125		0.984089
492.25		0.984089
492.375		0.984089
492.5		0.984089
492.625		0.984089
492.75		0.984089
492.875		0.984089
493		0.984089
493.125		0.984089
493.25		0.984089
493.375		0.984089
493.5		0.984089
493.625		0.984089
493.75		0.984089
493.875		0.984089
494		0.984089
494.125		0.984089
494.25		0.984089
494.375		0.984089
494.5		0.984089
494.625		0.984089
494.75		0.984089
494.875		0.984089
495		0.984089
495.125		1
495.25		1
495.375		1
495.5		1
495.625		1
495.75		1
495.875		1
496		1
496.125		1
496.25		1
496.375		1
496.5		1
496.625		1
496.75		1
496.875		1
497		1
497.125		1
497.25		1
497.375		1
497.5		1
497.625		1
497.75		1
497.875		1
498		1
498.125		1
498.25		1
498.375		1
498.5		1
498.625		1
498.75		1
498.875		1
499		1
499.125		1
499.25		1
499.375		1
499.5		1
499.625		1
499.75		1
499.875		1
500		1
