# Calibration file of tamex_id 1 @ channel 20
# fine_T bin		 Calibration value
0.125		0
0.25		0
0.375		0
0.5		0
0.625		0
0.75		0
0.875		0
1		0
1.125		0
1.25		0
1.375		0
1.5		0
1.625		0
1.75		0
1.875		0
2		0
2.125		0
2.25		0
2.375		0
2.5		0
2.625		0
2.75		0
2.875		0
3		0
3.125		0
3.25		0
3.375		0
3.5		0
3.625		0
3.75		0
3.875		0
4		0
4.125		0
4.25		0
4.375		0
4.5		0
4.625		0
4.75		0
4.875		0
5		0
5.125		0
5.25		0
5.375		0
5.5		0
5.625		0
5.75		0
5.875		0
6		0
6.125		0
6.25		0
6.375		0
6.5		0
6.625		0
6.75		0
6.875		0
7		0
7.125		0
7.25		0
7.375		0
7.5		0
7.625		0
7.75		0
7.875		0
8		0
8.125		0
8.25		0
8.375		0
8.5		0
8.625		0
8.75		0
8.875		0
9		0
9.125		0
9.25		0
9.375		0
9.5		0
9.625		0
9.75		0
9.875		0
10		0
10.125		0
10.25		0
10.375		0
10.5		0
10.625		0
10.75		0
10.875		0
11		0
11.125		0
11.25		0
11.375		0
11.5		0
11.625		0
11.75		0
11.875		0
12		0
12.125		0
12.25		0
12.375		0
12.5		0
12.625		0
12.75		0
12.875		0
13		0
13.125		0
13.25		0
13.375		0
13.5		0
13.625		0
13.75		0
13.875		0
14		0
14.125		0
14.25		0
14.375		0
14.5		0
14.625		0
14.75		0
14.875		0
15		0
15.125		0
15.25		0
15.375		0
15.5		0
15.625		0
15.75		0
15.875		0
16		0
16.125		0
16.25		0
16.375		0
16.5		0
16.625		0
16.75		0
16.875		0
17		0
17.125		0
17.25		0
17.375		0
17.5		0
17.625		0
17.75		0
17.875		0
18		0
18.125		0
18.25		0
18.375		0
18.5		0
18.625		0
18.75		0
18.875		0
19		0
19.125		0
19.25		0
19.375		0
19.5		0
19.625		0
19.75		0
19.875		0
20		0
20.125		0
20.25		0
20.375		0
20.5		0
20.625		0
20.75		0
20.875		0
21		0
21.125		0
21.25		0
21.375		0
21.5		0
21.625		0
21.75		0
21.875		0
22		0
22.125		0
22.25		0
22.375		0
22.5		0
22.625		0
22.75		0
22.875		0
23		0
23.125		0
23.25		0
23.375		0
23.5		0
23.625		0
23.75		0
23.875		0
24		0
24.125		0
24.25		0
24.375		0
24.5		0
24.625		0
24.75		0
24.875		0
25		0
25.125		0
25.25		0
25.375		0
25.5		0
25.625		0
25.75		0
25.875		0
26		0
26.125		0
26.25		0
26.375		0
26.5		0
26.625		0
26.75		0
26.875		0
27		0
27.125		0
27.25		0
27.375		0
27.5		0
27.625		0
27.75		0
27.875		0
28		0
28.125		0
28.25		0
28.375		0
28.5		0
28.625		0
28.75		0
28.875		0
29		0
29.125		0
29.25		0
29.375		0
29.5		0
29.625		0
29.75		0
29.875		0
30		0
30.125		0
30.25		0
30.375		0
30.5		0
30.625		0
30.75		0
30.875		0
31		0
31.125		0
31.25		0
31.375		0
31.5		0
31.625		0
31.75		0
31.875		0
32		0
32.125		0
32.25		0
32.375		0
32.5		0
32.625		0
32.75		0
32.875		0
33		0
33.125		0
33.25		0
33.375		0
33.5		0
33.625		0
33.75		0
33.875		0
34		0
34.125		0
34.25		0
34.375		0
34.5		0
34.625		0
34.75		0
34.875		0
35		0
35.125		0
35.25		0
35.375		0
35.5		0
35.625		0
35.75		0
35.875		0
36		0
36.125		0
36.25		0
36.375		0
36.5		0
36.625		0
36.75		0
36.875		0
37		0
37.125		0
37.25		0
37.375		0
37.5		0
37.625		0
37.75		0
37.875		0
38		0
38.125		0
38.25		0
38.375		0
38.5		0
38.625		0
38.75		0
38.875		0
39		0
39.125		0
39.25		0
39.375		0
39.5		0
39.625		0
39.75		0
39.875		0
40		0
40.125		0
40.25		0
40.375		0
40.5		0
40.625		0
40.75		0
40.875		0
41		0
41.125		0
41.25		0
41.375		0
41.5		0
41.625		0
41.75		0
41.875		0
42		0
42.125		0
42.25		0
42.375		0
42.5		0
42.625		0
42.75		0
42.875		0
43		0
43.125		0
43.25		0
43.375		0
43.5		0
43.625		0
43.75		0
43.875		0
44		0
44.125		0
44.25		0
44.375		0
44.5		0
44.625		0
44.75		0
44.875		0
45		0
45.125		0
45.25		0
45.375		0
45.5		0
45.625		0
45.75		0
45.875		0
46		0
46.125		0
46.25		0
46.375		0
46.5		0
46.625		0
46.75		0
46.875		0
47		0
47.125		0
47.25		0
47.375		0
47.5		0
47.625		0
47.75		0
47.875		0
48		0
48.125		0
48.25		0
48.375		0
48.5		0
48.625		0
48.75		0
48.875		0
49		0
49.125		0
49.25		0
49.375		0
49.5		0
49.625		0
49.75		0
49.875		0
50		0
50.125		0
50.25		0
50.375		0
50.5		0
50.625		0
50.75		0
50.875		0
51		0
51.125		0
51.25		0
51.375		0
51.5		0
51.625		0
51.75		0
51.875		0
52		0
52.125		0
52.25		0
52.375		0
52.5		0
52.625		0
52.75		0
52.875		0
53		0
53.125		0
53.25		0
53.375		0
53.5		0
53.625		0
53.75		0
53.875		0
54		0
54.125		0
54.25		0
54.375		0
54.5		0
54.625		0
54.75		0
54.875		0
55		0
55.125		0
55.25		0
55.375		0
55.5		0
55.625		0
55.75		0
55.875		0
56		0
56.125		0
56.25		0
56.375		0
56.5		0
56.625		0
56.75		0
56.875		0
57		0
57.125		0
57.25		0
57.375		0
57.5		0
57.625		0
57.75		0
57.875		0
58		0
58.125		0
58.25		0
58.375		0
58.5		0
58.625		0
58.75		0
58.875		0
59		0
59.125		0
59.25		0
59.375		0
59.5		0
59.625		0
59.75		0
59.875		0
60		0
60.125		0
60.25		0
60.375		0
60.5		0
60.625		0
60.75		0
60.875		0
61		0
61.125		0
61.25		0
61.375		0
61.5		0
61.625		0
61.75		0
61.875		0
62		0
62.125		0
62.25		0
62.375		0
62.5		0
62.625		0
62.75		0
62.875		0
63		0
63.125		0
63.25		0
63.375		0
63.5		0
63.625		0
63.75		0
63.875		0
64		0
64.125		0
64.25		0
64.375		0
64.5		0
64.625		0
64.75		0
64.875		0
65		0
65.125		0
65.25		0
65.375		0
65.5		0
65.625		0
65.75		0
65.875		0
66		0
66.125		0
66.25		0
66.375		0
66.5		0
66.625		0
66.75		0
66.875		0
67		0
67.125		0
67.25		0
67.375		0
67.5		0
67.625		0
67.75		0
67.875		0
68		0
68.125		0
68.25		0
68.375		0
68.5		0
68.625		0
68.75		0
68.875		0
69		0
69.125		0
69.25		0
69.375		0
69.5		0
69.625		0
69.75		0
69.875		0
70		0
70.125		0
70.25		0
70.375		0
70.5		0
70.625		0
70.75		0
70.875		0
71		0
71.125		0
71.25		0
71.375		0
71.5		0
71.625		0
71.75		0
71.875		0
72		0
72.125		0
72.25		0
72.375		0
72.5		0
72.625		0
72.75		0
72.875		0
73		0
73.125		0
73.25		0
73.375		0
73.5		0
73.625		0
73.75		0
73.875		0
74		0
74.125		0
74.25		0
74.375		0
74.5		0
74.625		0
74.75		0
74.875		0
75		0
75.125		0
75.25		0
75.375		0
75.5		0
75.625		0
75.75		0
75.875		0
76		0
76.125		0
76.25		0
76.375		0
76.5		0
76.625		0
76.75		0
76.875		0
77		0
77.125		0
77.25		0
77.375		0
77.5		0
77.625		0
77.75		0
77.875		0
78		0
78.125		0
78.25		0
78.375		0
78.5		0
78.625		0
78.75		0
78.875		0
79		0
79.125		0
79.25		0
79.375		0
79.5		0
79.625		0
79.75		0
79.875		0
80		0
80.125		0.0313259
80.25		0.0313259
80.375		0.0313259
80.5		0.0313259
80.625		0.0313259
80.75		0.0313259
80.875		0.0313259
81		0.0313259
81.125		0.0313259
81.25		0.0313259
81.375		0.0313259
81.5		0.0313259
81.625		0.0313259
81.75		0.0313259
81.875		0.0313259
82		0.0313259
82.125		0.0313259
82.25		0.0313259
82.375		0.0313259
82.5		0.0313259
82.625		0.0313259
82.75		0.0313259
82.875		0.0313259
83		0.0313259
83.125		0.0313259
83.25		0.0313259
83.375		0.0313259
83.5		0.0313259
83.625		0.0313259
83.75		0.0313259
83.875		0.0313259
84		0.0313259
84.125		0.0313259
84.25		0.0313259
84.375		0.0313259
84.5		0.0313259
84.625		0.0313259
84.75		0.0313259
84.875		0.0313259
85		0.0313259
85.125		0.041525
85.25		0.041525
85.375		0.041525
85.5		0.041525
85.625		0.041525
85.75		0.041525
85.875		0.041525
86		0.041525
86.125		0.041525
86.25		0.041525
86.375		0.041525
86.5		0.041525
86.625		0.041525
86.75		0.041525
86.875		0.041525
87		0.041525
87.125		0.041525
87.25		0.041525
87.375		0.041525
87.5		0.041525
87.625		0.041525
87.75		0.041525
87.875		0.041525
88		0.041525
88.125		0.041525
88.25		0.041525
88.375		0.041525
88.5		0.041525
88.625		0.041525
88.75		0.041525
88.875		0.041525
89		0.041525
89.125		0.041525
89.25		0.041525
89.375		0.041525
89.5		0.041525
89.625		0.041525
89.75		0.041525
89.875		0.041525
90		0.041525
90.125		0.0490529
90.25		0.0490529
90.375		0.0490529
90.5		0.0490529
90.625		0.0490529
90.75		0.0490529
90.875		0.0490529
91		0.0490529
91.125		0.0490529
91.25		0.0490529
91.375		0.0490529
91.5		0.0490529
91.625		0.0490529
91.75		0.0490529
91.875		0.0490529
92		0.0490529
92.125		0.0490529
92.25		0.0490529
92.375		0.0490529
92.5		0.0490529
92.625		0.0490529
92.75		0.0490529
92.875		0.0490529
93		0.0490529
93.125		0.0490529
93.25		0.0490529
93.375		0.0490529
93.5		0.0490529
93.625		0.0490529
93.75		0.0490529
93.875		0.0490529
94		0.0490529
94.125		0.0490529
94.25		0.0490529
94.375		0.0490529
94.5		0.0490529
94.625		0.0490529
94.75		0.0490529
94.875		0.0490529
95		0.0490529
95.125		0.0733366
95.25		0.0733366
95.375		0.0733366
95.5		0.0733366
95.625		0.0733366
95.75		0.0733366
95.875		0.0733366
96		0.0733366
96.125		0.0733366
96.25		0.0733366
96.375		0.0733366
96.5		0.0733366
96.625		0.0733366
96.75		0.0733366
96.875		0.0733366
97		0.0733366
97.125		0.0733366
97.25		0.0733366
97.375		0.0733366
97.5		0.0733366
97.625		0.0733366
97.75		0.0733366
97.875		0.0733366
98		0.0733366
98.125		0.0733366
98.25		0.0733366
98.375		0.0733366
98.5		0.0733366
98.625		0.0733366
98.75		0.0733366
98.875		0.0733366
99		0.0733366
99.125		0.0733366
99.25		0.0733366
99.375		0.0733366
99.5		0.0733366
99.625		0.0733366
99.75		0.0733366
99.875		0.0733366
100		0.0733366
100.125		0.0823215
100.25		0.0823215
100.375		0.0823215
100.5		0.0823215
100.625		0.0823215
100.75		0.0823215
100.875		0.0823215
101		0.0823215
101.125		0.0823215
101.25		0.0823215
101.375		0.0823215
101.5		0.0823215
101.625		0.0823215
101.75		0.0823215
101.875		0.0823215
102		0.0823215
102.125		0.0823215
102.25		0.0823215
102.375		0.0823215
102.5		0.0823215
102.625		0.0823215
102.75		0.0823215
102.875		0.0823215
103		0.0823215
103.125		0.0823215
103.25		0.0823215
103.375		0.0823215
103.5		0.0823215
103.625		0.0823215
103.75		0.0823215
103.875		0.0823215
104		0.0823215
104.125		0.0823215
104.25		0.0823215
104.375		0.0823215
104.5		0.0823215
104.625		0.0823215
104.75		0.0823215
104.875		0.0823215
105		0.0823215
105.125		0.0837785
105.25		0.0837785
105.375		0.0837785
105.5		0.0837785
105.625		0.0837785
105.75		0.0837785
105.875		0.0837785
106		0.0837785
106.125		0.0837785
106.25		0.0837785
106.375		0.0837785
106.5		0.0837785
106.625		0.0837785
106.75		0.0837785
106.875		0.0837785
107		0.0837785
107.125		0.0837785
107.25		0.0837785
107.375		0.0837785
107.5		0.0837785
107.625		0.0837785
107.75		0.0837785
107.875		0.0837785
108		0.0837785
108.125		0.0837785
108.25		0.0837785
108.375		0.0837785
108.5		0.0837785
108.625		0.0837785
108.75		0.0837785
108.875		0.0837785
109		0.0837785
109.125		0.0837785
109.25		0.0837785
109.375		0.0837785
109.5		0.0837785
109.625		0.0837785
109.75		0.0837785
109.875		0.0837785
110		0.0837785
110.125		0.12239
110.25		0.12239
110.375		0.12239
110.5		0.12239
110.625		0.12239
110.75		0.12239
110.875		0.12239
111		0.12239
111.125		0.12239
111.25		0.12239
111.375		0.12239
111.5		0.12239
111.625		0.12239
111.75		0.12239
111.875		0.12239
112		0.12239
112.125		0.12239
112.25		0.12239
112.375		0.12239
112.5		0.12239
112.625		0.12239
112.75		0.12239
112.875		0.12239
113		0.12239
113.125		0.12239
113.25		0.12239
113.375		0.12239
113.5		0.12239
113.625		0.12239
113.75		0.12239
113.875		0.12239
114		0.12239
114.125		0.12239
114.25		0.12239
114.375		0.12239
114.5		0.12239
114.625		0.12239
114.75		0.12239
114.875		0.12239
115		0.12239
115.125		0.129189
115.25		0.129189
115.375		0.129189
115.5		0.129189
115.625		0.129189
115.75		0.129189
115.875		0.129189
116		0.129189
116.125		0.129189
116.25		0.129189
116.375		0.129189
116.5		0.129189
116.625		0.129189
116.75		0.129189
116.875		0.129189
117		0.129189
117.125		0.129189
117.25		0.129189
117.375		0.129189
117.5		0.129189
117.625		0.129189
117.75		0.129189
117.875		0.129189
118		0.129189
118.125		0.129189
118.25		0.129189
118.375		0.129189
118.5		0.129189
118.625		0.129189
118.75		0.129189
118.875		0.129189
119		0.129189
119.125		0.129189
119.25		0.129189
119.375		0.129189
119.5		0.129189
119.625		0.129189
119.75		0.129189
119.875		0.129189
120		0.129189
120.125		0.145459
120.25		0.145459
120.375		0.145459
120.5		0.145459
120.625		0.145459
120.75		0.145459
120.875		0.145459
121		0.145459
121.125		0.145459
121.25		0.145459
121.375		0.145459
121.5		0.145459
121.625		0.145459
121.75		0.145459
121.875		0.145459
122		0.145459
122.125		0.145459
122.25		0.145459
122.375		0.145459
122.5		0.145459
122.625		0.145459
122.75		0.145459
122.875		0.145459
123		0.145459
123.125		0.145459
123.25		0.145459
123.375		0.145459
123.5		0.145459
123.625		0.145459
123.75		0.145459
123.875		0.145459
124		0.145459
124.125		0.145459
124.25		0.145459
124.375		0.145459
124.5		0.145459
124.625		0.145459
124.75		0.145459
124.875		0.145459
125		0.145459
125.125		0.156629
125.25		0.156629
125.375		0.156629
125.5		0.156629
125.625		0.156629
125.75		0.156629
125.875		0.156629
126		0.156629
126.125		0.156629
126.25		0.156629
126.375		0.156629
126.5		0.156629
126.625		0.156629
126.75		0.156629
126.875		0.156629
127		0.156629
127.125		0.156629
127.25		0.156629
127.375		0.156629
127.5		0.156629
127.625		0.156629
127.75		0.156629
127.875		0.156629
128		0.156629
128.125		0.156629
128.25		0.156629
128.375		0.156629
128.5		0.156629
128.625		0.156629
128.75		0.156629
128.875		0.156629
129		0.156629
129.125		0.156629
129.25		0.156629
129.375		0.156629
129.5		0.156629
129.625		0.156629
129.75		0.156629
129.875		0.156629
130		0.156629
130.125		0.161729
130.25		0.161729
130.375		0.161729
130.5		0.161729
130.625		0.161729
130.75		0.161729
130.875		0.161729
131		0.161729
131.125		0.161729
131.25		0.161729
131.375		0.161729
131.5		0.161729
131.625		0.161729
131.75		0.161729
131.875		0.161729
132		0.161729
132.125		0.161729
132.25		0.161729
132.375		0.161729
132.5		0.161729
132.625		0.161729
132.75		0.161729
132.875		0.161729
133		0.161729
133.125		0.161729
133.25		0.161729
133.375		0.161729
133.5		0.161729
133.625		0.161729
133.75		0.161729
133.875		0.161729
134		0.161729
134.125		0.161729
134.25		0.161729
134.375		0.161729
134.5		0.161729
134.625		0.161729
134.75		0.161729
134.875		0.161729
135		0.161729
135.125		0.173871
135.25		0.173871
135.375		0.173871
135.5		0.173871
135.625		0.173871
135.75		0.173871
135.875		0.173871
136		0.173871
136.125		0.173871
136.25		0.173871
136.375		0.173871
136.5		0.173871
136.625		0.173871
136.75		0.173871
136.875		0.173871
137		0.173871
137.125		0.173871
137.25		0.173871
137.375		0.173871
137.5		0.173871
137.625		0.173871
137.75		0.173871
137.875		0.173871
138		0.173871
138.125		0.173871
138.25		0.173871
138.375		0.173871
138.5		0.173871
138.625		0.173871
138.75		0.173871
138.875		0.173871
139		0.173871
139.125		0.173871
139.25		0.173871
139.375		0.173871
139.5		0.173871
139.625		0.173871
139.75		0.173871
139.875		0.173871
140		0.173871
140.125		0.187227
140.25		0.187227
140.375		0.187227
140.5		0.187227
140.625		0.187227
140.75		0.187227
140.875		0.187227
141		0.187227
141.125		0.187227
141.25		0.187227
141.375		0.187227
141.5		0.187227
141.625		0.187227
141.75		0.187227
141.875		0.187227
142		0.187227
142.125		0.187227
142.25		0.187227
142.375		0.187227
142.5		0.187227
142.625		0.187227
142.75		0.187227
142.875		0.187227
143		0.187227
143.125		0.187227
143.25		0.187227
143.375		0.187227
143.5		0.187227
143.625		0.187227
143.75		0.187227
143.875		0.187227
144		0.187227
144.125		0.187227
144.25		0.187227
144.375		0.187227
144.5		0.187227
144.625		0.187227
144.75		0.187227
144.875		0.187227
145		0.187227
145.125		0.201554
145.25		0.201554
145.375		0.201554
145.5		0.201554
145.625		0.201554
145.75		0.201554
145.875		0.201554
146		0.201554
146.125		0.201554
146.25		0.201554
146.375		0.201554
146.5		0.201554
146.625		0.201554
146.75		0.201554
146.875		0.201554
147		0.201554
147.125		0.201554
147.25		0.201554
147.375		0.201554
147.5		0.201554
147.625		0.201554
147.75		0.201554
147.875		0.201554
148		0.201554
148.125		0.201554
148.25		0.201554
148.375		0.201554
148.5		0.201554
148.625		0.201554
148.75		0.201554
148.875		0.201554
149		0.201554
149.125		0.201554
149.25		0.201554
149.375		0.201554
149.5		0.201554
149.625		0.201554
149.75		0.201554
149.875		0.201554
150		0.201554
150.125		0.211753
150.25		0.211753
150.375		0.211753
150.5		0.211753
150.625		0.211753
150.75		0.211753
150.875		0.211753
151		0.211753
151.125		0.211753
151.25		0.211753
151.375		0.211753
151.5		0.211753
151.625		0.211753
151.75		0.211753
151.875		0.211753
152		0.211753
152.125		0.211753
152.25		0.211753
152.375		0.211753
152.5		0.211753
152.625		0.211753
152.75		0.211753
152.875		0.211753
153		0.211753
153.125		0.211753
153.25		0.211753
153.375		0.211753
153.5		0.211753
153.625		0.211753
153.75		0.211753
153.875		0.211753
154		0.211753
154.125		0.211753
154.25		0.211753
154.375		0.211753
154.5		0.211753
154.625		0.211753
154.75		0.211753
154.875		0.211753
155		0.211753
155.125		0.220253
155.25		0.220253
155.375		0.220253
155.5		0.220253
155.625		0.220253
155.75		0.220253
155.875		0.220253
156		0.220253
156.125		0.220253
156.25		0.220253
156.375		0.220253
156.5		0.220253
156.625		0.220253
156.75		0.220253
156.875		0.220253
157		0.220253
157.125		0.220253
157.25		0.220253
157.375		0.220253
157.5		0.220253
157.625		0.220253
157.75		0.220253
157.875		0.220253
158		0.220253
158.125		0.220253
158.25		0.220253
158.375		0.220253
158.5		0.220253
158.625		0.220253
158.75		0.220253
158.875		0.220253
159		0.220253
159.125		0.220253
159.25		0.220253
159.375		0.220253
159.5		0.220253
159.625		0.220253
159.75		0.220253
159.875		0.220253
160		0.220253
160.125		0.238222
160.25		0.238222
160.375		0.238222
160.5		0.238222
160.625		0.238222
160.75		0.238222
160.875		0.238222
161		0.238222
161.125		0.238222
161.25		0.238222
161.375		0.238222
161.5		0.238222
161.625		0.238222
161.75		0.238222
161.875		0.238222
162		0.238222
162.125		0.238222
162.25		0.238222
162.375		0.238222
162.5		0.238222
162.625		0.238222
162.75		0.238222
162.875		0.238222
163		0.238222
163.125		0.238222
163.25		0.238222
163.375		0.238222
163.5		0.238222
163.625		0.238222
163.75		0.238222
163.875		0.238222
164		0.238222
164.125		0.238222
164.25		0.238222
164.375		0.238222
164.5		0.238222
164.625		0.238222
164.75		0.238222
164.875		0.238222
165		0.238222
165.125		0.25425
165.25		0.25425
165.375		0.25425
165.5		0.25425
165.625		0.25425
165.75		0.25425
165.875		0.25425
166		0.25425
166.125		0.25425
166.25		0.25425
166.375		0.25425
166.5		0.25425
166.625		0.25425
166.75		0.25425
166.875		0.25425
167		0.25425
167.125		0.25425
167.25		0.25425
167.375		0.25425
167.5		0.25425
167.625		0.25425
167.75		0.25425
167.875		0.25425
168		0.25425
168.125		0.25425
168.25		0.25425
168.375		0.25425
168.5		0.25425
168.625		0.25425
168.75		0.25425
168.875		0.25425
169		0.25425
169.125		0.25425
169.25		0.25425
169.375		0.25425
169.5		0.25425
169.625		0.25425
169.75		0.25425
169.875		0.25425
170		0.25425
170.125		0.259592
170.25		0.259592
170.375		0.259592
170.5		0.259592
170.625		0.259592
170.75		0.259592
170.875		0.259592
171		0.259592
171.125		0.259592
171.25		0.259592
171.375		0.259592
171.5		0.259592
171.625		0.259592
171.75		0.259592
171.875		0.259592
172		0.259592
172.125		0.259592
172.25		0.259592
172.375		0.259592
172.5		0.259592
172.625		0.259592
172.75		0.259592
172.875		0.259592
173		0.259592
173.125		0.259592
173.25		0.259592
173.375		0.259592
173.5		0.259592
173.625		0.259592
173.75		0.259592
173.875		0.259592
174		0.259592
174.125		0.259592
174.25		0.259592
174.375		0.259592
174.5		0.259592
174.625		0.259592
174.75		0.259592
174.875		0.259592
175		0.259592
175.125		0.271005
175.25		0.271005
175.375		0.271005
175.5		0.271005
175.625		0.271005
175.75		0.271005
175.875		0.271005
176		0.271005
176.125		0.271005
176.25		0.271005
176.375		0.271005
176.5		0.271005
176.625		0.271005
176.75		0.271005
176.875		0.271005
177		0.271005
177.125		0.271005
177.25		0.271005
177.375		0.271005
177.5		0.271005
177.625		0.271005
177.75		0.271005
177.875		0.271005
178		0.271005
178.125		0.271005
178.25		0.271005
178.375		0.271005
178.5		0.271005
178.625		0.271005
178.75		0.271005
178.875		0.271005
179		0.271005
179.125		0.271005
179.25		0.271005
179.375		0.271005
179.5		0.271005
179.625		0.271005
179.75		0.271005
179.875		0.271005
180		0.271005
180.125		0.292375
180.25		0.292375
180.375		0.292375
180.5		0.292375
180.625		0.292375
180.75		0.292375
180.875		0.292375
181		0.292375
181.125		0.292375
181.25		0.292375
181.375		0.292375
181.5		0.292375
181.625		0.292375
181.75		0.292375
181.875		0.292375
182		0.292375
182.125		0.292375
182.25		0.292375
182.375		0.292375
182.5		0.292375
182.625		0.292375
182.75		0.292375
182.875		0.292375
183		0.292375
183.125		0.292375
183.25		0.292375
183.375		0.292375
183.5		0.292375
183.625		0.292375
183.75		0.292375
183.875		0.292375
184		0.292375
184.125		0.292375
184.25		0.292375
184.375		0.292375
184.5		0.292375
184.625		0.292375
184.75		0.292375
184.875		0.292375
185		0.292375
185.125		0.294318
185.25		0.294318
185.375		0.294318
185.5		0.294318
185.625		0.294318
185.75		0.294318
185.875		0.294318
186		0.294318
186.125		0.294318
186.25		0.294318
186.375		0.294318
186.5		0.294318
186.625		0.294318
186.75		0.294318
186.875		0.294318
187		0.294318
187.125		0.294318
187.25		0.294318
187.375		0.294318
187.5		0.294318
187.625		0.294318
187.75		0.294318
187.875		0.294318
188		0.294318
188.125		0.294318
188.25		0.294318
188.375		0.294318
188.5		0.294318
188.625		0.294318
188.75		0.294318
188.875		0.294318
189		0.294318
189.125		0.294318
189.25		0.294318
189.375		0.294318
189.5		0.294318
189.625		0.294318
189.75		0.294318
189.875		0.294318
190		0.294318
190.125		0.305974
190.25		0.305974
190.375		0.305974
190.5		0.305974
190.625		0.305974
190.75		0.305974
190.875		0.305974
191		0.305974
191.125		0.305974
191.25		0.305974
191.375		0.305974
191.5		0.305974
191.625		0.305974
191.75		0.305974
191.875		0.305974
192		0.305974
192.125		0.305974
192.25		0.305974
192.375		0.305974
192.5		0.305974
192.625		0.305974
192.75		0.305974
192.875		0.305974
193		0.305974
193.125		0.305974
193.25		0.305974
193.375		0.305974
193.5		0.305974
193.625		0.305974
193.75		0.305974
193.875		0.305974
194		0.305974
194.125		0.305974
194.25		0.305974
194.375		0.305974
194.5		0.305974
194.625		0.305974
194.75		0.305974
194.875		0.305974
195		0.305974
195.125		0.306945
195.25		0.306945
195.375		0.306945
195.5		0.306945
195.625		0.306945
195.75		0.306945
195.875		0.306945
196		0.306945
196.125		0.306945
196.25		0.306945
196.375		0.306945
196.5		0.306945
196.625		0.306945
196.75		0.306945
196.875		0.306945
197		0.306945
197.125		0.306945
197.25		0.306945
197.375		0.306945
197.5		0.306945
197.625		0.306945
197.75		0.306945
197.875		0.306945
198		0.306945
198.125		0.306945
198.25		0.306945
198.375		0.306945
198.5		0.306945
198.625		0.306945
198.75		0.306945
198.875		0.306945
199		0.306945
199.125		0.306945
199.25		0.306945
199.375		0.306945
199.5		0.306945
199.625		0.306945
199.75		0.306945
199.875		0.306945
200		0.306945
200.125		0.317387
200.25		0.317387
200.375		0.317387
200.5		0.317387
200.625		0.317387
200.75		0.317387
200.875		0.317387
201		0.317387
201.125		0.317387
201.25		0.317387
201.375		0.317387
201.5		0.317387
201.625		0.317387
201.75		0.317387
201.875		0.317387
202		0.317387
202.125		0.317387
202.25		0.317387
202.375		0.317387
202.5		0.317387
202.625		0.317387
202.75		0.317387
202.875		0.317387
203		0.317387
203.125		0.317387
203.25		0.317387
203.375		0.317387
203.5		0.317387
203.625		0.317387
203.75		0.317387
203.875		0.317387
204		0.317387
204.125		0.317387
204.25		0.317387
204.375		0.317387
204.5		0.317387
204.625		0.317387
204.75		0.317387
204.875		0.317387
205		0.317387
205.125		0.352113
205.25		0.352113
205.375		0.352113
205.5		0.352113
205.625		0.352113
205.75		0.352113
205.875		0.352113
206		0.352113
206.125		0.352113
206.25		0.352113
206.375		0.352113
206.5		0.352113
206.625		0.352113
206.75		0.352113
206.875		0.352113
207		0.352113
207.125		0.352113
207.25		0.352113
207.375		0.352113
207.5		0.352113
207.625		0.352113
207.75		0.352113
207.875		0.352113
208		0.352113
208.125		0.352113
208.25		0.352113
208.375		0.352113
208.5		0.352113
208.625		0.352113
208.75		0.352113
208.875		0.352113
209		0.352113
209.125		0.352113
209.25		0.352113
209.375		0.352113
209.5		0.352113
209.625		0.352113
209.75		0.352113
209.875		0.352113
210		0.352113
210.125		0.356969
210.25		0.356969
210.375		0.356969
210.5		0.356969
210.625		0.356969
210.75		0.356969
210.875		0.356969
211		0.356969
211.125		0.356969
211.25		0.356969
211.375		0.356969
211.5		0.356969
211.625		0.356969
211.75		0.356969
211.875		0.356969
212		0.356969
212.125		0.356969
212.25		0.356969
212.375		0.356969
212.5		0.356969
212.625		0.356969
212.75		0.356969
212.875		0.356969
213		0.356969
213.125		0.356969
213.25		0.356969
213.375		0.356969
213.5		0.356969
213.625		0.356969
213.75		0.356969
213.875		0.356969
214		0.356969
214.125		0.356969
214.25		0.356969
214.375		0.356969
214.5		0.356969
214.625		0.356969
214.75		0.356969
214.875		0.356969
215		0.356969
215.125		0.359398
215.25		0.359398
215.375		0.359398
215.5		0.359398
215.625		0.359398
215.75		0.359398
215.875		0.359398
216		0.359398
216.125		0.359398
216.25		0.359398
216.375		0.359398
216.5		0.359398
216.625		0.359398
216.75		0.359398
216.875		0.359398
217		0.359398
217.125		0.359398
217.25		0.359398
217.375		0.359398
217.5		0.359398
217.625		0.359398
217.75		0.359398
217.875		0.359398
218		0.359398
218.125		0.359398
218.25		0.359398
218.375		0.359398
218.5		0.359398
218.625		0.359398
218.75		0.359398
218.875		0.359398
219		0.359398
219.125		0.359398
219.25		0.359398
219.375		0.359398
219.5		0.359398
219.625		0.359398
219.75		0.359398
219.875		0.359398
220		0.359398
220.125		0.378339
220.25		0.378339
220.375		0.378339
220.5		0.378339
220.625		0.378339
220.75		0.378339
220.875		0.378339
221		0.378339
221.125		0.378339
221.25		0.378339
221.375		0.378339
221.5		0.378339
221.625		0.378339
221.75		0.378339
221.875		0.378339
222		0.378339
222.125		0.378339
222.25		0.378339
222.375		0.378339
222.5		0.378339
222.625		0.378339
222.75		0.378339
222.875		0.378339
223		0.378339
223.125		0.378339
223.25		0.378339
223.375		0.378339
223.5		0.378339
223.625		0.378339
223.75		0.378339
223.875		0.378339
224		0.378339
224.125		0.378339
224.25		0.378339
224.375		0.378339
224.5		0.378339
224.625		0.378339
224.75		0.378339
224.875		0.378339
225		0.378339
225.125		0.379553
225.25		0.379553
225.375		0.379553
225.5		0.379553
225.625		0.379553
225.75		0.379553
225.875		0.379553
226		0.379553
226.125		0.379553
226.25		0.379553
226.375		0.379553
226.5		0.379553
226.625		0.379553
226.75		0.379553
226.875		0.379553
227		0.379553
227.125		0.379553
227.25		0.379553
227.375		0.379553
227.5		0.379553
227.625		0.379553
227.75		0.379553
227.875		0.379553
228		0.379553
228.125		0.379553
228.25		0.379553
228.375		0.379553
228.5		0.379553
228.625		0.379553
228.75		0.379553
228.875		0.379553
229		0.379553
229.125		0.379553
229.25		0.379553
229.375		0.379553
229.5		0.379553
229.625		0.379553
229.75		0.379553
229.875		0.379553
230		0.379553
230.125		0.397766
230.25		0.397766
230.375		0.397766
230.5		0.397766
230.625		0.397766
230.75		0.397766
230.875		0.397766
231		0.397766
231.125		0.397766
231.25		0.397766
231.375		0.397766
231.5		0.397766
231.625		0.397766
231.75		0.397766
231.875		0.397766
232		0.397766
232.125		0.397766
232.25		0.397766
232.375		0.397766
232.5		0.397766
232.625		0.397766
232.75		0.397766
232.875		0.397766
233		0.397766
233.125		0.397766
233.25		0.397766
233.375		0.397766
233.5		0.397766
233.625		0.397766
233.75		0.397766
233.875		0.397766
234		0.397766
234.125		0.397766
234.25		0.397766
234.375		0.397766
234.5		0.397766
234.625		0.397766
234.75		0.397766
234.875		0.397766
235		0.397766
235.125		0.397766
235.25		0.397766
235.375		0.397766
235.5		0.397766
235.625		0.397766
235.75		0.397766
235.875		0.397766
236		0.397766
236.125		0.397766
236.25		0.397766
236.375		0.397766
236.5		0.397766
236.625		0.397766
236.75		0.397766
236.875		0.397766
237		0.397766
237.125		0.397766
237.25		0.397766
237.375		0.397766
237.5		0.397766
237.625		0.397766
237.75		0.397766
237.875		0.397766
238		0.397766
238.125		0.397766
238.25		0.397766
238.375		0.397766
238.5		0.397766
238.625		0.397766
238.75		0.397766
238.875		0.397766
239		0.397766
239.125		0.397766
239.25		0.397766
239.375		0.397766
239.5		0.397766
239.625		0.397766
239.75		0.397766
239.875		0.397766
240		0.397766
240.125		0.408451
240.25		0.408451
240.375		0.408451
240.5		0.408451
240.625		0.408451
240.75		0.408451
240.875		0.408451
241		0.408451
241.125		0.408451
241.25		0.408451
241.375		0.408451
241.5		0.408451
241.625		0.408451
241.75		0.408451
241.875		0.408451
242		0.408451
242.125		0.408451
242.25		0.408451
242.375		0.408451
242.5		0.408451
242.625		0.408451
242.75		0.408451
242.875		0.408451
243		0.408451
243.125		0.408451
243.25		0.408451
243.375		0.408451
243.5		0.408451
243.625		0.408451
243.75		0.408451
243.875		0.408451
244		0.408451
244.125		0.408451
244.25		0.408451
244.375		0.408451
244.5		0.408451
244.625		0.408451
244.75		0.408451
244.875		0.408451
245		0.408451
245.125		0.425449
245.25		0.425449
245.375		0.425449
245.5		0.425449
245.625		0.425449
245.75		0.425449
245.875		0.425449
246		0.425449
246.125		0.425449
246.25		0.425449
246.375		0.425449
246.5		0.425449
246.625		0.425449
246.75		0.425449
246.875		0.425449
247		0.425449
247.125		0.425449
247.25		0.425449
247.375		0.425449
247.5		0.425449
247.625		0.425449
247.75		0.425449
247.875		0.425449
248		0.425449
248.125		0.425449
248.25		0.425449
248.375		0.425449
248.5		0.425449
248.625		0.425449
248.75		0.425449
248.875		0.425449
249		0.425449
249.125		0.425449
249.25		0.425449
249.375		0.425449
249.5		0.425449
249.625		0.425449
249.75		0.425449
249.875		0.425449
250		0.425449
250.125		0.441234
250.25		0.441234
250.375		0.441234
250.5		0.441234
250.625		0.441234
250.75		0.441234
250.875		0.441234
251		0.441234
251.125		0.441234
251.25		0.441234
251.375		0.441234
251.5		0.441234
251.625		0.441234
251.75		0.441234
251.875		0.441234
252		0.441234
252.125		0.441234
252.25		0.441234
252.375		0.441234
252.5		0.441234
252.625		0.441234
252.75		0.441234
252.875		0.441234
253		0.441234
253.125		0.441234
253.25		0.441234
253.375		0.441234
253.5		0.441234
253.625		0.441234
253.75		0.441234
253.875		0.441234
254		0.441234
254.125		0.441234
254.25		0.441234
254.375		0.441234
254.5		0.441234
254.625		0.441234
254.75		0.441234
254.875		0.441234
255		0.441234
255.125		0.455561
255.25		0.455561
255.375		0.455561
255.5		0.455561
255.625		0.455561
255.75		0.455561
255.875		0.455561
256		0.455561
256.125		0.455561
256.25		0.455561
256.375		0.455561
256.5		0.455561
256.625		0.455561
256.75		0.455561
256.875		0.455561
257		0.455561
257.125		0.455561
257.25		0.455561
257.375		0.455561
257.5		0.455561
257.625		0.455561
257.75		0.455561
257.875		0.455561
258		0.455561
258.125		0.455561
258.25		0.455561
258.375		0.455561
258.5		0.455561
258.625		0.455561
258.75		0.455561
258.875		0.455561
259		0.455561
259.125		0.455561
259.25		0.455561
259.375		0.455561
259.5		0.455561
259.625		0.455561
259.75		0.455561
259.875		0.455561
260		0.455561
260.125		0.457746
260.25		0.457746
260.375		0.457746
260.5		0.457746
260.625		0.457746
260.75		0.457746
260.875		0.457746
261		0.457746
261.125		0.457746
261.25		0.457746
261.375		0.457746
261.5		0.457746
261.625		0.457746
261.75		0.457746
261.875		0.457746
262		0.457746
262.125		0.457746
262.25		0.457746
262.375		0.457746
262.5		0.457746
262.625		0.457746
262.75		0.457746
262.875		0.457746
263		0.457746
263.125		0.457746
263.25		0.457746
263.375		0.457746
263.5		0.457746
263.625		0.457746
263.75		0.457746
263.875		0.457746
264		0.457746
264.125		0.457746
264.25		0.457746
264.375		0.457746
264.5		0.457746
264.625		0.457746
264.75		0.457746
264.875		0.457746
265		0.457746
265.125		0.472074
265.25		0.472074
265.375		0.472074
265.5		0.472074
265.625		0.472074
265.75		0.472074
265.875		0.472074
266		0.472074
266.125		0.472074
266.25		0.472074
266.375		0.472074
266.5		0.472074
266.625		0.472074
266.75		0.472074
266.875		0.472074
267		0.472074
267.125		0.472074
267.25		0.472074
267.375		0.472074
267.5		0.472074
267.625		0.472074
267.75		0.472074
267.875		0.472074
268		0.472074
268.125		0.472074
268.25		0.472074
268.375		0.472074
268.5		0.472074
268.625		0.472074
268.75		0.472074
268.875		0.472074
269		0.472074
269.125		0.472074
269.25		0.472074
269.375		0.472074
269.5		0.472074
269.625		0.472074
269.75		0.472074
269.875		0.472074
270		0.472074
270.125		0.490772
270.25		0.490772
270.375		0.490772
270.5		0.490772
270.625		0.490772
270.75		0.490772
270.875		0.490772
271		0.490772
271.125		0.490772
271.25		0.490772
271.375		0.490772
271.5		0.490772
271.625		0.490772
271.75		0.490772
271.875		0.490772
272		0.490772
272.125		0.490772
272.25		0.490772
272.375		0.490772
272.5		0.490772
272.625		0.490772
272.75		0.490772
272.875		0.490772
273		0.490772
273.125		0.490772
273.25		0.490772
273.375		0.490772
273.5		0.490772
273.625		0.490772
273.75		0.490772
273.875		0.490772
274		0.490772
274.125		0.490772
274.25		0.490772
274.375		0.490772
274.5		0.490772
274.625		0.490772
274.75		0.490772
274.875		0.490772
275		0.490772
275.125		0.507771
275.25		0.507771
275.375		0.507771
275.5		0.507771
275.625		0.507771
275.75		0.507771
275.875		0.507771
276		0.507771
276.125		0.507771
276.25		0.507771
276.375		0.507771
276.5		0.507771
276.625		0.507771
276.75		0.507771
276.875		0.507771
277		0.507771
277.125		0.507771
277.25		0.507771
277.375		0.507771
277.5		0.507771
277.625		0.507771
277.75		0.507771
277.875		0.507771
278		0.507771
278.125		0.507771
278.25		0.507771
278.375		0.507771
278.5		0.507771
278.625		0.507771
278.75		0.507771
278.875		0.507771
279		0.507771
279.125		0.507771
279.25		0.507771
279.375		0.507771
279.5		0.507771
279.625		0.507771
279.75		0.507771
279.875		0.507771
280		0.507771
280.125		0.509228
280.25		0.509228
280.375		0.509228
280.5		0.509228
280.625		0.509228
280.75		0.509228
280.875		0.509228
281		0.509228
281.125		0.509228
281.25		0.509228
281.375		0.509228
281.5		0.509228
281.625		0.509228
281.75		0.509228
281.875		0.509228
282		0.509228
282.125		0.509228
282.25		0.509228
282.375		0.509228
282.5		0.509228
282.625		0.509228
282.75		0.509228
282.875		0.509228
283		0.509228
283.125		0.509228
283.25		0.509228
283.375		0.509228
283.5		0.509228
283.625		0.509228
283.75		0.509228
283.875		0.509228
284		0.509228
284.125		0.509228
284.25		0.509228
284.375		0.509228
284.5		0.509228
284.625		0.509228
284.75		0.509228
284.875		0.509228
285		0.509228
285.125		0.514085
285.25		0.514085
285.375		0.514085
285.5		0.514085
285.625		0.514085
285.75		0.514085
285.875		0.514085
286		0.514085
286.125		0.514085
286.25		0.514085
286.375		0.514085
286.5		0.514085
286.625		0.514085
286.75		0.514085
286.875		0.514085
287		0.514085
287.125		0.514085
287.25		0.514085
287.375		0.514085
287.5		0.514085
287.625		0.514085
287.75		0.514085
287.875		0.514085
288		0.514085
288.125		0.514085
288.25		0.514085
288.375		0.514085
288.5		0.514085
288.625		0.514085
288.75		0.514085
288.875		0.514085
289		0.514085
289.125		0.514085
289.25		0.514085
289.375		0.514085
289.5		0.514085
289.625		0.514085
289.75		0.514085
289.875		0.514085
290		0.514085
290.125		0.527683
290.25		0.527683
290.375		0.527683
290.5		0.527683
290.625		0.527683
290.75		0.527683
290.875		0.527683
291		0.527683
291.125		0.527683
291.25		0.527683
291.375		0.527683
291.5		0.527683
291.625		0.527683
291.75		0.527683
291.875		0.527683
292		0.527683
292.125		0.527683
292.25		0.527683
292.375		0.527683
292.5		0.527683
292.625		0.527683
292.75		0.527683
292.875		0.527683
293		0.527683
293.125		0.527683
293.25		0.527683
293.375		0.527683
293.5		0.527683
293.625		0.527683
293.75		0.527683
293.875		0.527683
294		0.527683
294.125		0.527683
294.25		0.527683
294.375		0.527683
294.5		0.527683
294.625		0.527683
294.75		0.527683
294.875		0.527683
295		0.527683
295.125		0.546625
295.25		0.546625
295.375		0.546625
295.5		0.546625
295.625		0.546625
295.75		0.546625
295.875		0.546625
296		0.546625
296.125		0.546625
296.25		0.546625
296.375		0.546625
296.5		0.546625
296.625		0.546625
296.75		0.546625
296.875		0.546625
297		0.546625
297.125		0.546625
297.25		0.546625
297.375		0.546625
297.5		0.546625
297.625		0.546625
297.75		0.546625
297.875		0.546625
298		0.546625
298.125		0.546625
298.25		0.546625
298.375		0.546625
298.5		0.546625
298.625		0.546625
298.75		0.546625
298.875		0.546625
299		0.546625
299.125		0.546625
299.25		0.546625
299.375		0.546625
299.5		0.546625
299.625		0.546625
299.75		0.546625
299.875		0.546625
300		0.546625
300.125		0.557552
300.25		0.557552
300.375		0.557552
300.5		0.557552
300.625		0.557552
300.75		0.557552
300.875		0.557552
301		0.557552
301.125		0.557552
301.25		0.557552
301.375		0.557552
301.5		0.557552
301.625		0.557552
301.75		0.557552
301.875		0.557552
302		0.557552
302.125		0.557552
302.25		0.557552
302.375		0.557552
302.5		0.557552
302.625		0.557552
302.75		0.557552
302.875		0.557552
303		0.557552
303.125		0.557552
303.25		0.557552
303.375		0.557552
303.5		0.557552
303.625		0.557552
303.75		0.557552
303.875		0.557552
304		0.557552
304.125		0.557552
304.25		0.557552
304.375		0.557552
304.5		0.557552
304.625		0.557552
304.75		0.557552
304.875		0.557552
305		0.557552
305.125		0.564352
305.25		0.564352
305.375		0.564352
305.5		0.564352
305.625		0.564352
305.75		0.564352
305.875		0.564352
306		0.564352
306.125		0.564352
306.25		0.564352
306.375		0.564352
306.5		0.564352
306.625		0.564352
306.75		0.564352
306.875		0.564352
307		0.564352
307.125		0.564352
307.25		0.564352
307.375		0.564352
307.5		0.564352
307.625		0.564352
307.75		0.564352
307.875		0.564352
308		0.564352
308.125		0.564352
308.25		0.564352
308.375		0.564352
308.5		0.564352
308.625		0.564352
308.75		0.564352
308.875		0.564352
309		0.564352
309.125		0.564352
309.25		0.564352
309.375		0.564352
309.5		0.564352
309.625		0.564352
309.75		0.564352
309.875		0.564352
310		0.564352
310.125		0.586693
310.25		0.586693
310.375		0.586693
310.5		0.586693
310.625		0.586693
310.75		0.586693
310.875		0.586693
311		0.586693
311.125		0.586693
311.25		0.586693
311.375		0.586693
311.5		0.586693
311.625		0.586693
311.75		0.586693
311.875		0.586693
312		0.586693
312.125		0.586693
312.25		0.586693
312.375		0.586693
312.5		0.586693
312.625		0.586693
312.75		0.586693
312.875		0.586693
313		0.586693
313.125		0.586693
313.25		0.586693
313.375		0.586693
313.5		0.586693
313.625		0.586693
313.75		0.586693
313.875		0.586693
314		0.586693
314.125		0.586693
314.25		0.586693
314.375		0.586693
314.5		0.586693
314.625		0.586693
314.75		0.586693
314.875		0.586693
315		0.586693
315.125		0.588878
315.25		0.588878
315.375		0.588878
315.5		0.588878
315.625		0.588878
315.75		0.588878
315.875		0.588878
316		0.588878
316.125		0.588878
316.25		0.588878
316.375		0.588878
316.5		0.588878
316.625		0.588878
316.75		0.588878
316.875		0.588878
317		0.588878
317.125		0.588878
317.25		0.588878
317.375		0.588878
317.5		0.588878
317.625		0.588878
317.75		0.588878
317.875		0.588878
318		0.588878
318.125		0.588878
318.25		0.588878
318.375		0.588878
318.5		0.588878
318.625		0.588878
318.75		0.588878
318.875		0.588878
319		0.588878
319.125		0.588878
319.25		0.588878
319.375		0.588878
319.5		0.588878
319.625		0.588878
319.75		0.588878
319.875		0.588878
320		0.588878
320.125		0.600291
320.25		0.600291
320.375		0.600291
320.5		0.600291
320.625		0.600291
320.75		0.600291
320.875		0.600291
321		0.600291
321.125		0.600291
321.25		0.600291
321.375		0.600291
321.5		0.600291
321.625		0.600291
321.75		0.600291
321.875		0.600291
322		0.600291
322.125		0.600291
322.25		0.600291
322.375		0.600291
322.5		0.600291
322.625		0.600291
322.75		0.600291
322.875		0.600291
323		0.600291
323.125		0.600291
323.25		0.600291
323.375		0.600291
323.5		0.600291
323.625		0.600291
323.75		0.600291
323.875		0.600291
324		0.600291
324.125		0.600291
324.25		0.600291
324.375		0.600291
324.5		0.600291
324.625		0.600291
324.75		0.600291
324.875		0.600291
325		0.600291
325.125		0.619475
325.25		0.619475
325.375		0.619475
325.5		0.619475
325.625		0.619475
325.75		0.619475
325.875		0.619475
326		0.619475
326.125		0.619475
326.25		0.619475
326.375		0.619475
326.5		0.619475
326.625		0.619475
326.75		0.619475
326.875		0.619475
327		0.619475
327.125		0.619475
327.25		0.619475
327.375		0.619475
327.5		0.619475
327.625		0.619475
327.75		0.619475
327.875		0.619475
328		0.619475
328.125		0.619475
328.25		0.619475
328.375		0.619475
328.5		0.619475
328.625		0.619475
328.75		0.619475
328.875		0.619475
329		0.619475
329.125		0.619475
329.25		0.619475
329.375		0.619475
329.5		0.619475
329.625		0.619475
329.75		0.619475
329.875		0.619475
330		0.619475
330.125		0.632831
330.25		0.632831
330.375		0.632831
330.5		0.632831
330.625		0.632831
330.75		0.632831
330.875		0.632831
331		0.632831
331.125		0.632831
331.25		0.632831
331.375		0.632831
331.5		0.632831
331.625		0.632831
331.75		0.632831
331.875		0.632831
332		0.632831
332.125		0.632831
332.25		0.632831
332.375		0.632831
332.5		0.632831
332.625		0.632831
332.75		0.632831
332.875		0.632831
333		0.632831
333.125		0.632831
333.25		0.632831
333.375		0.632831
333.5		0.632831
333.625		0.632831
333.75		0.632831
333.875		0.632831
334		0.632831
334.125		0.632831
334.25		0.632831
334.375		0.632831
334.5		0.632831
334.625		0.632831
334.75		0.632831
334.875		0.632831
335		0.632831
335.125		0.636474
335.25		0.636474
335.375		0.636474
335.5		0.636474
335.625		0.636474
335.75		0.636474
335.875		0.636474
336		0.636474
336.125		0.636474
336.25		0.636474
336.375		0.636474
336.5		0.636474
336.625		0.636474
336.75		0.636474
336.875		0.636474
337		0.636474
337.125		0.636474
337.25		0.636474
337.375		0.636474
337.5		0.636474
337.625		0.636474
337.75		0.636474
337.875		0.636474
338		0.636474
338.125		0.636474
338.25		0.636474
338.375		0.636474
338.5		0.636474
338.625		0.636474
338.75		0.636474
338.875		0.636474
339		0.636474
339.125		0.636474
339.25		0.636474
339.375		0.636474
339.5		0.636474
339.625		0.636474
339.75		0.636474
339.875		0.636474
340		0.636474
340.125		0.651044
340.25		0.651044
340.375		0.651044
340.5		0.651044
340.625		0.651044
340.75		0.651044
340.875		0.651044
341		0.651044
341.125		0.651044
341.25		0.651044
341.375		0.651044
341.5		0.651044
341.625		0.651044
341.75		0.651044
341.875		0.651044
342		0.651044
342.125		0.651044
342.25		0.651044
342.375		0.651044
342.5		0.651044
342.625		0.651044
342.75		0.651044
342.875		0.651044
343		0.651044
343.125		0.651044
343.25		0.651044
343.375		0.651044
343.5		0.651044
343.625		0.651044
343.75		0.651044
343.875		0.651044
344		0.651044
344.125		0.651044
344.25		0.651044
344.375		0.651044
344.5		0.651044
344.625		0.651044
344.75		0.651044
344.875		0.651044
345		0.651044
345.125		0.653958
345.25		0.653958
345.375		0.653958
345.5		0.653958
345.625		0.653958
345.75		0.653958
345.875		0.653958
346		0.653958
346.125		0.653958
346.25		0.653958
346.375		0.653958
346.5		0.653958
346.625		0.653958
346.75		0.653958
346.875		0.653958
347		0.653958
347.125		0.653958
347.25		0.653958
347.375		0.653958
347.5		0.653958
347.625		0.653958
347.75		0.653958
347.875		0.653958
348		0.653958
348.125		0.653958
348.25		0.653958
348.375		0.653958
348.5		0.653958
348.625		0.653958
348.75		0.653958
348.875		0.653958
349		0.653958
349.125		0.653958
349.25		0.653958
349.375		0.653958
349.5		0.653958
349.625		0.653958
349.75		0.653958
349.875		0.653958
350		0.653958
350.125		0.678242
350.25		0.678242
350.375		0.678242
350.5		0.678242
350.625		0.678242
350.75		0.678242
350.875		0.678242
351		0.678242
351.125		0.678242
351.25		0.678242
351.375		0.678242
351.5		0.678242
351.625		0.678242
351.75		0.678242
351.875		0.678242
352		0.678242
352.125		0.678242
352.25		0.678242
352.375		0.678242
352.5		0.678242
352.625		0.678242
352.75		0.678242
352.875		0.678242
353		0.678242
353.125		0.678242
353.25		0.678242
353.375		0.678242
353.5		0.678242
353.625		0.678242
353.75		0.678242
353.875		0.678242
354		0.678242
354.125		0.678242
354.25		0.678242
354.375		0.678242
354.5		0.678242
354.625		0.678242
354.75		0.678242
354.875		0.678242
355		0.678242
355.125		0.694026
355.25		0.694026
355.375		0.694026
355.5		0.694026
355.625		0.694026
355.75		0.694026
355.875		0.694026
356		0.694026
356.125		0.694026
356.25		0.694026
356.375		0.694026
356.5		0.694026
356.625		0.694026
356.75		0.694026
356.875		0.694026
357		0.694026
357.125		0.694026
357.25		0.694026
357.375		0.694026
357.5		0.694026
357.625		0.694026
357.75		0.694026
357.875		0.694026
358		0.694026
358.125		0.694026
358.25		0.694026
358.375		0.694026
358.5		0.694026
358.625		0.694026
358.75		0.694026
358.875		0.694026
359		0.694026
359.125		0.694026
359.25		0.694026
359.375		0.694026
359.5		0.694026
359.625		0.694026
359.75		0.694026
359.875		0.694026
360		0.694026
360.125		0.698883
360.25		0.698883
360.375		0.698883
360.5		0.698883
360.625		0.698883
360.75		0.698883
360.875		0.698883
361		0.698883
361.125		0.698883
361.25		0.698883
361.375		0.698883
361.5		0.698883
361.625		0.698883
361.75		0.698883
361.875		0.698883
362		0.698883
362.125		0.698883
362.25		0.698883
362.375		0.698883
362.5		0.698883
362.625		0.698883
362.75		0.698883
362.875		0.698883
363		0.698883
363.125		0.698883
363.25		0.698883
363.375		0.698883
363.5		0.698883
363.625		0.698883
363.75		0.698883
363.875		0.698883
364		0.698883
364.125		0.698883
364.25		0.698883
364.375		0.698883
364.5		0.698883
364.625		0.698883
364.75		0.698883
364.875		0.698883
365		0.698883
365.125		0.707625
365.25		0.707625
365.375		0.707625
365.5		0.707625
365.625		0.707625
365.75		0.707625
365.875		0.707625
366		0.707625
366.125		0.707625
366.25		0.707625
366.375		0.707625
366.5		0.707625
366.625		0.707625
366.75		0.707625
366.875		0.707625
367		0.707625
367.125		0.707625
367.25		0.707625
367.375		0.707625
367.5		0.707625
367.625		0.707625
367.75		0.707625
367.875		0.707625
368		0.707625
368.125		0.707625
368.25		0.707625
368.375		0.707625
368.5		0.707625
368.625		0.707625
368.75		0.707625
368.875		0.707625
369		0.707625
369.125		0.707625
369.25		0.707625
369.375		0.707625
369.5		0.707625
369.625		0.707625
369.75		0.707625
369.875		0.707625
370		0.707625
370.125		0.720738
370.25		0.720738
370.375		0.720738
370.5		0.720738
370.625		0.720738
370.75		0.720738
370.875		0.720738
371		0.720738
371.125		0.720738
371.25		0.720738
371.375		0.720738
371.5		0.720738
371.625		0.720738
371.75		0.720738
371.875		0.720738
372		0.720738
372.125		0.720738
372.25		0.720738
372.375		0.720738
372.5		0.720738
372.625		0.720738
372.75		0.720738
372.875		0.720738
373		0.720738
373.125		0.720738
373.25		0.720738
373.375		0.720738
373.5		0.720738
373.625		0.720738
373.75		0.720738
373.875		0.720738
374		0.720738
374.125		0.720738
374.25		0.720738
374.375		0.720738
374.5		0.720738
374.625		0.720738
374.75		0.720738
374.875		0.720738
375		0.720738
375.125		0.747693
375.25		0.747693
375.375		0.747693
375.5		0.747693
375.625		0.747693
375.75		0.747693
375.875		0.747693
376		0.747693
376.125		0.747693
376.25		0.747693
376.375		0.747693
376.5		0.747693
376.625		0.747693
376.75		0.747693
376.875		0.747693
377		0.747693
377.125		0.747693
377.25		0.747693
377.375		0.747693
377.5		0.747693
377.625		0.747693
377.75		0.747693
377.875		0.747693
378		0.747693
378.125		0.747693
378.25		0.747693
378.375		0.747693
378.5		0.747693
378.625		0.747693
378.75		0.747693
378.875		0.747693
379		0.747693
379.125		0.747693
379.25		0.747693
379.375		0.747693
379.5		0.747693
379.625		0.747693
379.75		0.747693
379.875		0.747693
380		0.747693
380.125		0.761292
380.25		0.761292
380.375		0.761292
380.5		0.761292
380.625		0.761292
380.75		0.761292
380.875		0.761292
381		0.761292
381.125		0.761292
381.25		0.761292
381.375		0.761292
381.5		0.761292
381.625		0.761292
381.75		0.761292
381.875		0.761292
382		0.761292
382.125		0.761292
382.25		0.761292
382.375		0.761292
382.5		0.761292
382.625		0.761292
382.75		0.761292
382.875		0.761292
383		0.761292
383.125		0.761292
383.25		0.761292
383.375		0.761292
383.5		0.761292
383.625		0.761292
383.75		0.761292
383.875		0.761292
384		0.761292
384.125		0.761292
384.25		0.761292
384.375		0.761292
384.5		0.761292
384.625		0.761292
384.75		0.761292
384.875		0.761292
385		0.761292
385.125		0.762263
385.25		0.762263
385.375		0.762263
385.5		0.762263
385.625		0.762263
385.75		0.762263
385.875		0.762263
386		0.762263
386.125		0.762263
386.25		0.762263
386.375		0.762263
386.5		0.762263
386.625		0.762263
386.75		0.762263
386.875		0.762263
387		0.762263
387.125		0.762263
387.25		0.762263
387.375		0.762263
387.5		0.762263
387.625		0.762263
387.75		0.762263
387.875		0.762263
388		0.762263
388.125		0.762263
388.25		0.762263
388.375		0.762263
388.5		0.762263
388.625		0.762263
388.75		0.762263
388.875		0.762263
389		0.762263
389.125		0.762263
389.25		0.762263
389.375		0.762263
389.5		0.762263
389.625		0.762263
389.75		0.762263
389.875		0.762263
390		0.762263
390.125		0.775862
390.25		0.775862
390.375		0.775862
390.5		0.775862
390.625		0.775862
390.75		0.775862
390.875		0.775862
391		0.775862
391.125		0.775862
391.25		0.775862
391.375		0.775862
391.5		0.775862
391.625		0.775862
391.75		0.775862
391.875		0.775862
392		0.775862
392.125		0.775862
392.25		0.775862
392.375		0.775862
392.5		0.775862
392.625		0.775862
392.75		0.775862
392.875		0.775862
393		0.775862
393.125		0.775862
393.25		0.775862
393.375		0.775862
393.5		0.775862
393.625		0.775862
393.75		0.775862
393.875		0.775862
394		0.775862
394.125		0.775862
394.25		0.775862
394.375		0.775862
394.5		0.775862
394.625		0.775862
394.75		0.775862
394.875		0.775862
395		0.775862
395.125		0.777319
395.25		0.777319
395.375		0.777319
395.5		0.777319
395.625		0.777319
395.75		0.777319
395.875		0.777319
396		0.777319
396.125		0.777319
396.25		0.777319
396.375		0.777319
396.5		0.777319
396.625		0.777319
396.75		0.777319
396.875		0.777319
397		0.777319
397.125		0.777319
397.25		0.777319
397.375		0.777319
397.5		0.777319
397.625		0.777319
397.75		0.777319
397.875		0.777319
398		0.777319
398.125		0.777319
398.25		0.777319
398.375		0.777319
398.5		0.777319
398.625		0.777319
398.75		0.777319
398.875		0.777319
399		0.777319
399.125		0.777319
399.25		0.777319
399.375		0.777319
399.5		0.777319
399.625		0.777319
399.75		0.777319
399.875		0.777319
400		0.777319
400.125		0.799417
400.25		0.799417
400.375		0.799417
400.5		0.799417
400.625		0.799417
400.75		0.799417
400.875		0.799417
401		0.799417
401.125		0.799417
401.25		0.799417
401.375		0.799417
401.5		0.799417
401.625		0.799417
401.75		0.799417
401.875		0.799417
402		0.799417
402.125		0.799417
402.25		0.799417
402.375		0.799417
402.5		0.799417
402.625		0.799417
402.75		0.799417
402.875		0.799417
403		0.799417
403.125		0.799417
403.25		0.799417
403.375		0.799417
403.5		0.799417
403.625		0.799417
403.75		0.799417
403.875		0.799417
404		0.799417
404.125		0.799417
404.25		0.799417
404.375		0.799417
404.5		0.799417
404.625		0.799417
404.75		0.799417
404.875		0.799417
405		0.799417
405.125		0.809131
405.25		0.809131
405.375		0.809131
405.5		0.809131
405.625		0.809131
405.75		0.809131
405.875		0.809131
406		0.809131
406.125		0.809131
406.25		0.809131
406.375		0.809131
406.5		0.809131
406.625		0.809131
406.75		0.809131
406.875		0.809131
407		0.809131
407.125		0.809131
407.25		0.809131
407.375		0.809131
407.5		0.809131
407.625		0.809131
407.75		0.809131
407.875		0.809131
408		0.809131
408.125		0.809131
408.25		0.809131
408.375		0.809131
408.5		0.809131
408.625		0.809131
408.75		0.809131
408.875		0.809131
409		0.809131
409.125		0.809131
409.25		0.809131
409.375		0.809131
409.5		0.809131
409.625		0.809131
409.75		0.809131
409.875		0.809131
410		0.809131
410.125		0.817873
410.25		0.817873
410.375		0.817873
410.5		0.817873
410.625		0.817873
410.75		0.817873
410.875		0.817873
411		0.817873
411.125		0.817873
411.25		0.817873
411.375		0.817873
411.5		0.817873
411.625		0.817873
411.75		0.817873
411.875		0.817873
412		0.817873
412.125		0.817873
412.25		0.817873
412.375		0.817873
412.5		0.817873
412.625		0.817873
412.75		0.817873
412.875		0.817873
413		0.817873
413.125		0.817873
413.25		0.817873
413.375		0.817873
413.5		0.817873
413.625		0.817873
413.75		0.817873
413.875		0.817873
414		0.817873
414.125		0.817873
414.25		0.817873
414.375		0.817873
414.5		0.817873
414.625		0.817873
414.75		0.817873
414.875		0.817873
415		0.817873
415.125		0.826615
415.25		0.826615
415.375		0.826615
415.5		0.826615
415.625		0.826615
415.75		0.826615
415.875		0.826615
416		0.826615
416.125		0.826615
416.25		0.826615
416.375		0.826615
416.5		0.826615
416.625		0.826615
416.75		0.826615
416.875		0.826615
417		0.826615
417.125		0.826615
417.25		0.826615
417.375		0.826615
417.5		0.826615
417.625		0.826615
417.75		0.826615
417.875		0.826615
418		0.826615
418.125		0.826615
418.25		0.826615
418.375		0.826615
418.5		0.826615
418.625		0.826615
418.75		0.826615
418.875		0.826615
419		0.826615
419.125		0.826615
419.25		0.826615
419.375		0.826615
419.5		0.826615
419.625		0.826615
419.75		0.826615
419.875		0.826615
420		0.826615
420.125		0.831714
420.25		0.831714
420.375		0.831714
420.5		0.831714
420.625		0.831714
420.75		0.831714
420.875		0.831714
421		0.831714
421.125		0.831714
421.25		0.831714
421.375		0.831714
421.5		0.831714
421.625		0.831714
421.75		0.831714
421.875		0.831714
422		0.831714
422.125		0.831714
422.25		0.831714
422.375		0.831714
422.5		0.831714
422.625		0.831714
422.75		0.831714
422.875		0.831714
423		0.831714
423.125		0.831714
423.25		0.831714
423.375		0.831714
423.5		0.831714
423.625		0.831714
423.75		0.831714
423.875		0.831714
424		0.831714
424.125		0.831714
424.25		0.831714
424.375		0.831714
424.5		0.831714
424.625		0.831714
424.75		0.831714
424.875		0.831714
425		0.831714
425.125		0.85527
425.25		0.85527
425.375		0.85527
425.5		0.85527
425.625		0.85527
425.75		0.85527
425.875		0.85527
426		0.85527
426.125		0.85527
426.25		0.85527
426.375		0.85527
426.5		0.85527
426.625		0.85527
426.75		0.85527
426.875		0.85527
427		0.85527
427.125		0.85527
427.25		0.85527
427.375		0.85527
427.5		0.85527
427.625		0.85527
427.75		0.85527
427.875		0.85527
428		0.85527
428.125		0.85527
428.25		0.85527
428.375		0.85527
428.5		0.85527
428.625		0.85527
428.75		0.85527
428.875		0.85527
429		0.85527
429.125		0.85527
429.25		0.85527
429.375		0.85527
429.5		0.85527
429.625		0.85527
429.75		0.85527
429.875		0.85527
430		0.85527
430.125		0.856484
430.25		0.856484
430.375		0.856484
430.5		0.856484
430.625		0.856484
430.75		0.856484
430.875		0.856484
431		0.856484
431.125		0.856484
431.25		0.856484
431.375		0.856484
431.5		0.856484
431.625		0.856484
431.75		0.856484
431.875		0.856484
432		0.856484
432.125		0.856484
432.25		0.856484
432.375		0.856484
432.5		0.856484
432.625		0.856484
432.75		0.856484
432.875		0.856484
433		0.856484
433.125		0.856484
433.25		0.856484
433.375		0.856484
433.5		0.856484
433.625		0.856484
433.75		0.856484
433.875		0.856484
434		0.856484
434.125		0.856484
434.25		0.856484
434.375		0.856484
434.5		0.856484
434.625		0.856484
434.75		0.856484
434.875		0.856484
435		0.856484
435.125		0.859641
435.25		0.859641
435.375		0.859641
435.5		0.859641
435.625		0.859641
435.75		0.859641
435.875		0.859641
436		0.859641
436.125		0.859641
436.25		0.859641
436.375		0.859641
436.5		0.859641
436.625		0.859641
436.75		0.859641
436.875		0.859641
437		0.859641
437.125		0.859641
437.25		0.859641
437.375		0.859641
437.5		0.859641
437.625		0.859641
437.75		0.859641
437.875		0.859641
438		0.859641
438.125		0.859641
438.25		0.859641
438.375		0.859641
438.5		0.859641
438.625		0.859641
438.75		0.859641
438.875		0.859641
439		0.859641
439.125		0.859641
439.25		0.859641
439.375		0.859641
439.5		0.859641
439.625		0.859641
439.75		0.859641
439.875		0.859641
440		0.859641
440.125		0.885624
440.25		0.885624
440.375		0.885624
440.5		0.885624
440.625		0.885624
440.75		0.885624
440.875		0.885624
441		0.885624
441.125		0.885624
441.25		0.885624
441.375		0.885624
441.5		0.885624
441.625		0.885624
441.75		0.885624
441.875		0.885624
442		0.885624
442.125		0.885624
442.25		0.885624
442.375		0.885624
442.5		0.885624
442.625		0.885624
442.75		0.885624
442.875		0.885624
443		0.885624
443.125		0.885624
443.25		0.885624
443.375		0.885624
443.5		0.885624
443.625		0.885624
443.75		0.885624
443.875		0.885624
444		0.885624
444.125		0.885624
444.25		0.885624
444.375		0.885624
444.5		0.885624
444.625		0.885624
444.75		0.885624
444.875		0.885624
445		0.885624
445.125		0.886353
445.25		0.886353
445.375		0.886353
445.5		0.886353
445.625		0.886353
445.75		0.886353
445.875		0.886353
446		0.886353
446.125		0.886353
446.25		0.886353
446.375		0.886353
446.5		0.886353
446.625		0.886353
446.75		0.886353
446.875		0.886353
447		0.886353
447.125		0.886353
447.25		0.886353
447.375		0.886353
447.5		0.886353
447.625		0.886353
447.75		0.886353
447.875		0.886353
448		0.886353
448.125		0.886353
448.25		0.886353
448.375		0.886353
448.5		0.886353
448.625		0.886353
448.75		0.886353
448.875		0.886353
449		0.886353
449.125		0.886353
449.25		0.886353
449.375		0.886353
449.5		0.886353
449.625		0.886353
449.75		0.886353
449.875		0.886353
450		0.886353
450.125		0.898494
450.25		0.898494
450.375		0.898494
450.5		0.898494
450.625		0.898494
450.75		0.898494
450.875		0.898494
451		0.898494
451.125		0.898494
451.25		0.898494
451.375		0.898494
451.5		0.898494
451.625		0.898494
451.75		0.898494
451.875		0.898494
452		0.898494
452.125		0.898494
452.25		0.898494
452.375		0.898494
452.5		0.898494
452.625		0.898494
452.75		0.898494
452.875		0.898494
453		0.898494
453.125		0.898494
453.25		0.898494
453.375		0.898494
453.5		0.898494
453.625		0.898494
453.75		0.898494
453.875		0.898494
454		0.898494
454.125		0.898494
454.25		0.898494
454.375		0.898494
454.5		0.898494
454.625		0.898494
454.75		0.898494
454.875		0.898494
455		0.898494
455.125		0.904808
455.25		0.904808
455.375		0.904808
455.5		0.904808
455.625		0.904808
455.75		0.904808
455.875		0.904808
456		0.904808
456.125		0.904808
456.25		0.904808
456.375		0.904808
456.5		0.904808
456.625		0.904808
456.75		0.904808
456.875		0.904808
457		0.904808
457.125		0.904808
457.25		0.904808
457.375		0.904808
457.5		0.904808
457.625		0.904808
457.75		0.904808
457.875		0.904808
458		0.904808
458.125		0.904808
458.25		0.904808
458.375		0.904808
458.5		0.904808
458.625		0.904808
458.75		0.904808
458.875		0.904808
459		0.904808
459.125		0.904808
459.25		0.904808
459.375		0.904808
459.5		0.904808
459.625		0.904808
459.75		0.904808
459.875		0.904808
460		0.904808
460.125		0.921564
460.25		0.921564
460.375		0.921564
460.5		0.921564
460.625		0.921564
460.75		0.921564
460.875		0.921564
461		0.921564
461.125		0.921564
461.25		0.921564
461.375		0.921564
461.5		0.921564
461.625		0.921564
461.75		0.921564
461.875		0.921564
462		0.921564
462.125		0.921564
462.25		0.921564
462.375		0.921564
462.5		0.921564
462.625		0.921564
462.75		0.921564
462.875		0.921564
463		0.921564
463.125		0.921564
463.25		0.921564
463.375		0.921564
463.5		0.921564
463.625		0.921564
463.75		0.921564
463.875		0.921564
464		0.921564
464.125		0.921564
464.25		0.921564
464.375		0.921564
464.5		0.921564
464.625		0.921564
464.75		0.921564
464.875		0.921564
465		0.921564
465.125		0.93832
465.25		0.93832
465.375		0.93832
465.5		0.93832
465.625		0.93832
465.75		0.93832
465.875		0.93832
466		0.93832
466.125		0.93832
466.25		0.93832
466.375		0.93832
466.5		0.93832
466.625		0.93832
466.75		0.93832
466.875		0.93832
467		0.93832
467.125		0.93832
467.25		0.93832
467.375		0.93832
467.5		0.93832
467.625		0.93832
467.75		0.93832
467.875		0.93832
468		0.93832
468.125		0.93832
468.25		0.93832
468.375		0.93832
468.5		0.93832
468.625		0.93832
468.75		0.93832
468.875		0.93832
469		0.93832
469.125		0.93832
469.25		0.93832
469.375		0.93832
469.5		0.93832
469.625		0.93832
469.75		0.93832
469.875		0.93832
470		0.93832
470.125		0.940019
470.25		0.940019
470.375		0.940019
470.5		0.940019
470.625		0.940019
470.75		0.940019
470.875		0.940019
471		0.940019
471.125		0.940019
471.25		0.940019
471.375		0.940019
471.5		0.940019
471.625		0.940019
471.75		0.940019
471.875		0.940019
472		0.940019
472.125		0.940019
472.25		0.940019
472.375		0.940019
472.5		0.940019
472.625		0.940019
472.75		0.940019
472.875		0.940019
473		0.940019
473.125		0.940019
473.25		0.940019
473.375		0.940019
473.5		0.940019
473.625		0.940019
473.75		0.940019
473.875		0.940019
474		0.940019
474.125		0.940019
474.25		0.940019
474.375		0.940019
474.5		0.940019
474.625		0.940019
474.75		0.940019
474.875		0.940019
475		0.940019
475.125		0.949004
475.25		0.949004
475.375		0.949004
475.5		0.949004
475.625		0.949004
475.75		0.949004
475.875		0.949004
476		0.949004
476.125		0.949004
476.25		0.949004
476.375		0.949004
476.5		0.949004
476.625		0.949004
476.75		0.949004
476.875		0.949004
477		0.949004
477.125		0.949004
477.25		0.949004
477.375		0.949004
477.5		0.949004
477.625		0.949004
477.75		0.949004
477.875		0.949004
478		0.949004
478.125		0.949004
478.25		0.949004
478.375		0.949004
478.5		0.949004
478.625		0.949004
478.75		0.949004
478.875		0.949004
479		0.949004
479.125		0.949004
479.25		0.949004
479.375		0.949004
479.5		0.949004
479.625		0.949004
479.75		0.949004
479.875		0.949004
480		0.949004
480.125		0.958718
480.25		0.958718
480.375		0.958718
480.5		0.958718
480.625		0.958718
480.75		0.958718
480.875		0.958718
481		0.958718
481.125		0.958718
481.25		0.958718
481.375		0.958718
481.5		0.958718
481.625		0.958718
481.75		0.958718
481.875		0.958718
482		0.958718
482.125		0.958718
482.25		0.958718
482.375		0.958718
482.5		0.958718
482.625		0.958718
482.75		0.958718
482.875		0.958718
483		0.958718
483.125		0.958718
483.25		0.958718
483.375		0.958718
483.5		0.958718
483.625		0.958718
483.75		0.958718
483.875		0.958718
484		0.958718
484.125		0.958718
484.25		0.958718
484.375		0.958718
484.5		0.958718
484.625		0.958718
484.75		0.958718
484.875		0.958718
485		0.958718
485.125		0.968917
485.25		0.968917
485.375		0.968917
485.5		0.968917
485.625		0.968917
485.75		0.968917
485.875		0.968917
486		0.968917
486.125		0.968917
486.25		0.968917
486.375		0.968917
486.5		0.968917
486.625		0.968917
486.75		0.968917
486.875		0.968917
487		0.968917
487.125		0.968917
487.25		0.968917
487.375		0.968917
487.5		0.968917
487.625		0.968917
487.75		0.968917
487.875		0.968917
488		0.968917
488.125		0.968917
488.25		0.968917
488.375		0.968917
488.5		0.968917
488.625		0.968917
488.75		0.968917
488.875		0.968917
489		0.968917
489.125		0.968917
489.25		0.968917
489.375		0.968917
489.5		0.968917
489.625		0.968917
489.75		0.968917
489.875		0.968917
490		0.968917
490.125		0.983973
490.25		0.983973
490.375		0.983973
490.5		0.983973
490.625		0.983973
490.75		0.983973
490.875		0.983973
491		0.983973
491.125		0.983973
491.25		0.983973
491.375		0.983973
491.5		0.983973
491.625		0.983973
491.75		0.983973
491.875		0.983973
492		0.983973
492.125		0.983973
492.25		0.983973
492.375		0.983973
492.5		0.983973
492.625		0.983973
492.75		0.983973
492.875		0.983973
493		0.983973
493.125		0.983973
493.25		0.983973
493.375		0.983973
493.5		0.983973
493.625		0.983973
493.75		0.983973
493.875		0.983973
494		0.983973
494.125		0.983973
494.25		0.983973
494.375		0.983973
494.5		0.983973
494.625		0.983973
494.75		0.983973
494.875		0.983973
495		0.983973
495.125		1
495.25		1
495.375		1
495.5		1
495.625		1
495.75		1
495.875		1
496		1
496.125		1
496.25		1
496.375		1
496.5		1
496.625		1
496.75		1
496.875		1
497		1
497.125		1
497.25		1
497.375		1
497.5		1
497.625		1
497.75		1
497.875		1
498		1
498.125		1
498.25		1
498.375		1
498.5		1
498.625		1
498.75		1
498.875		1
499		1
499.125		1
499.25		1
499.375		1
499.5		1
499.625		1
499.75		1
499.875		1
500		1
