# Calibration file of tamex_id 0 @ channel 20
# fine_T bin		 Calibration value
0.125		0
0.25		0
0.375		0
0.5		0
0.625		0
0.75		0
0.875		0
1		0
1.125		0
1.25		0
1.375		0
1.5		0
1.625		0
1.75		0
1.875		0
2		0
2.125		0
2.25		0
2.375		0
2.5		0
2.625		0
2.75		0
2.875		0
3		0
3.125		0
3.25		0
3.375		0
3.5		0
3.625		0
3.75		0
3.875		0
4		0
4.125		0
4.25		0
4.375		0
4.5		0
4.625		0
4.75		0
4.875		0
5		0
5.125		0
5.25		0
5.375		0
5.5		0
5.625		0
5.75		0
5.875		0
6		0
6.125		0
6.25		0
6.375		0
6.5		0
6.625		0
6.75		0
6.875		0
7		0
7.125		0
7.25		0
7.375		0
7.5		0
7.625		0
7.75		0
7.875		0
8		0
8.125		0
8.25		0
8.375		0
8.5		0
8.625		0
8.75		0
8.875		0
9		0
9.125		0
9.25		0
9.375		0
9.5		0
9.625		0
9.75		0
9.875		0
10		0
10.125		0
10.25		0
10.375		0
10.5		0
10.625		0
10.75		0
10.875		0
11		0
11.125		0
11.25		0
11.375		0
11.5		0
11.625		0
11.75		0
11.875		0
12		0
12.125		0
12.25		0
12.375		0
12.5		0
12.625		0
12.75		0
12.875		0
13		0
13.125		0
13.25		0
13.375		0
13.5		0
13.625		0
13.75		0
13.875		0
14		0
14.125		0
14.25		0
14.375		0
14.5		0
14.625		0
14.75		0
14.875		0
15		0
15.125		0
15.25		0
15.375		0
15.5		0
15.625		0
15.75		0
15.875		0
16		0
16.125		0
16.25		0
16.375		0
16.5		0
16.625		0
16.75		0
16.875		0
17		0
17.125		0
17.25		0
17.375		0
17.5		0
17.625		0
17.75		0
17.875		0
18		0
18.125		0
18.25		0
18.375		0
18.5		0
18.625		0
18.75		0
18.875		0
19		0
19.125		0
19.25		0
19.375		0
19.5		0
19.625		0
19.75		0
19.875		0
20		0
20.125		0
20.25		0
20.375		0
20.5		0
20.625		0
20.75		0
20.875		0
21		0
21.125		0
21.25		0
21.375		0
21.5		0
21.625		0
21.75		0
21.875		0
22		0
22.125		0
22.25		0
22.375		0
22.5		0
22.625		0
22.75		0
22.875		0
23		0
23.125		0
23.25		0
23.375		0
23.5		0
23.625		0
23.75		0
23.875		0
24		0
24.125		0
24.25		0
24.375		0
24.5		0
24.625		0
24.75		0
24.875		0
25		0
25.125		0
25.25		0
25.375		0
25.5		0
25.625		0
25.75		0
25.875		0
26		0
26.125		0
26.25		0
26.375		0
26.5		0
26.625		0
26.75		0
26.875		0
27		0
27.125		0
27.25		0
27.375		0
27.5		0
27.625		0
27.75		0
27.875		0
28		0
28.125		0
28.25		0
28.375		0
28.5		0
28.625		0
28.75		0
28.875		0
29		0
29.125		0
29.25		0
29.375		0
29.5		0
29.625		0
29.75		0
29.875		0
30		0
30.125		0
30.25		0
30.375		0
30.5		0
30.625		0
30.75		0
30.875		0
31		0
31.125		0
31.25		0
31.375		0
31.5		0
31.625		0
31.75		0
31.875		0
32		0
32.125		0
32.25		0
32.375		0
32.5		0
32.625		0
32.75		0
32.875		0
33		0
33.125		0
33.25		0
33.375		0
33.5		0
33.625		0
33.75		0
33.875		0
34		0
34.125		0
34.25		0
34.375		0
34.5		0
34.625		0
34.75		0
34.875		0
35		0
35.125		0
35.25		0
35.375		0
35.5		0
35.625		0
35.75		0
35.875		0
36		0
36.125		0
36.25		0
36.375		0
36.5		0
36.625		0
36.75		0
36.875		0
37		0
37.125		0
37.25		0
37.375		0
37.5		0
37.625		0
37.75		0
37.875		0
38		0
38.125		0
38.25		0
38.375		0
38.5		0
38.625		0
38.75		0
38.875		0
39		0
39.125		0
39.25		0
39.375		0
39.5		0
39.625		0
39.75		0
39.875		0
40		0
40.125		0
40.25		0
40.375		0
40.5		0
40.625		0
40.75		0
40.875		0
41		0
41.125		0
41.25		0
41.375		0
41.5		0
41.625		0
41.75		0
41.875		0
42		0
42.125		0
42.25		0
42.375		0
42.5		0
42.625		0
42.75		0
42.875		0
43		0
43.125		0
43.25		0
43.375		0
43.5		0
43.625		0
43.75		0
43.875		0
44		0
44.125		0
44.25		0
44.375		0
44.5		0
44.625		0
44.75		0
44.875		0
45		0
45.125		0
45.25		0
45.375		0
45.5		0
45.625		0
45.75		0
45.875		0
46		0
46.125		0
46.25		0
46.375		0
46.5		0
46.625		0
46.75		0
46.875		0
47		0
47.125		0
47.25		0
47.375		0
47.5		0
47.625		0
47.75		0
47.875		0
48		0
48.125		0
48.25		0
48.375		0
48.5		0
48.625		0
48.75		0
48.875		0
49		0
49.125		0
49.25		0
49.375		0
49.5		0
49.625		0
49.75		0
49.875		0
50		0
50.125		0
50.25		0
50.375		0
50.5		0
50.625		0
50.75		0
50.875		0
51		0
51.125		0
51.25		0
51.375		0
51.5		0
51.625		0
51.75		0
51.875		0
52		0
52.125		0
52.25		0
52.375		0
52.5		0
52.625		0
52.75		0
52.875		0
53		0
53.125		0
53.25		0
53.375		0
53.5		0
53.625		0
53.75		0
53.875		0
54		0
54.125		0
54.25		0
54.375		0
54.5		0
54.625		0
54.75		0
54.875		0
55		0
55.125		0
55.25		0
55.375		0
55.5		0
55.625		0
55.75		0
55.875		0
56		0
56.125		0
56.25		0
56.375		0
56.5		0
56.625		0
56.75		0
56.875		0
57		0
57.125		0
57.25		0
57.375		0
57.5		0
57.625		0
57.75		0
57.875		0
58		0
58.125		0
58.25		0
58.375		0
58.5		0
58.625		0
58.75		0
58.875		0
59		0
59.125		0
59.25		0
59.375		0
59.5		0
59.625		0
59.75		0
59.875		0
60		0
60.125		0
60.25		0
60.375		0
60.5		0
60.625		0
60.75		0
60.875		0
61		0
61.125		0
61.25		0
61.375		0
61.5		0
61.625		0
61.75		0
61.875		0
62		0
62.125		0
62.25		0
62.375		0
62.5		0
62.625		0
62.75		0
62.875		0
63		0
63.125		0
63.25		0
63.375		0
63.5		0
63.625		0
63.75		0
63.875		0
64		0
64.125		0
64.25		0
64.375		0
64.5		0
64.625		0
64.75		0
64.875		0
65		0
65.125		0
65.25		0
65.375		0
65.5		0
65.625		0
65.75		0
65.875		0
66		0
66.125		0
66.25		0
66.375		0
66.5		0
66.625		0
66.75		0
66.875		0
67		0
67.125		0
67.25		0
67.375		0
67.5		0
67.625		0
67.75		0
67.875		0
68		0
68.125		0
68.25		0
68.375		0
68.5		0
68.625		0
68.75		0
68.875		0
69		0
69.125		0
69.25		0
69.375		0
69.5		0
69.625		0
69.75		0
69.875		0
70		0
70.125		0
70.25		0
70.375		0
70.5		0
70.625		0
70.75		0
70.875		0
71		0
71.125		0
71.25		0
71.375		0
71.5		0
71.625		0
71.75		0
71.875		0
72		0
72.125		0
72.25		0
72.375		0
72.5		0
72.625		0
72.75		0
72.875		0
73		0
73.125		0
73.25		0
73.375		0
73.5		0
73.625		0
73.75		0
73.875		0
74		0
74.125		0
74.25		0
74.375		0
74.5		0
74.625		0
74.75		0
74.875		0
75		0
75.125		0
75.25		0
75.375		0
75.5		0
75.625		0
75.75		0
75.875		0
76		0
76.125		0
76.25		0
76.375		0
76.5		0
76.625		0
76.75		0
76.875		0
77		0
77.125		0
77.25		0
77.375		0
77.5		0
77.625		0
77.75		0
77.875		0
78		0
78.125		0
78.25		0
78.375		0
78.5		0
78.625		0
78.75		0
78.875		0
79		0
79.125		0
79.25		0
79.375		0
79.5		0
79.625		0
79.75		0
79.875		0
80		0
80.125		0.0283721
80.25		0.0283721
80.375		0.0283721
80.5		0.0283721
80.625		0.0283721
80.75		0.0283721
80.875		0.0283721
81		0.0283721
81.125		0.0283721
81.25		0.0283721
81.375		0.0283721
81.5		0.0283721
81.625		0.0283721
81.75		0.0283721
81.875		0.0283721
82		0.0283721
82.125		0.0283721
82.25		0.0283721
82.375		0.0283721
82.5		0.0283721
82.625		0.0283721
82.75		0.0283721
82.875		0.0283721
83		0.0283721
83.125		0.0283721
83.25		0.0283721
83.375		0.0283721
83.5		0.0283721
83.625		0.0283721
83.75		0.0283721
83.875		0.0283721
84		0.0283721
84.125		0.0283721
84.25		0.0283721
84.375		0.0283721
84.5		0.0283721
84.625		0.0283721
84.75		0.0283721
84.875		0.0283721
85		0.0283721
85.125		0.052996
85.25		0.052996
85.375		0.052996
85.5		0.052996
85.625		0.052996
85.75		0.052996
85.875		0.052996
86		0.052996
86.125		0.052996
86.25		0.052996
86.375		0.052996
86.5		0.052996
86.625		0.052996
86.75		0.052996
86.875		0.052996
87		0.052996
87.125		0.052996
87.25		0.052996
87.375		0.052996
87.5		0.052996
87.625		0.052996
87.75		0.052996
87.875		0.052996
88		0.052996
88.125		0.052996
88.25		0.052996
88.375		0.052996
88.5		0.052996
88.625		0.052996
88.75		0.052996
88.875		0.052996
89		0.052996
89.125		0.052996
89.25		0.052996
89.375		0.052996
89.5		0.052996
89.625		0.052996
89.75		0.052996
89.875		0.052996
90		0.052996
90.125		0.0621584
90.25		0.0621584
90.375		0.0621584
90.5		0.0621584
90.625		0.0621584
90.75		0.0621584
90.875		0.0621584
91		0.0621584
91.125		0.0621584
91.25		0.0621584
91.375		0.0621584
91.5		0.0621584
91.625		0.0621584
91.75		0.0621584
91.875		0.0621584
92		0.0621584
92.125		0.0621584
92.25		0.0621584
92.375		0.0621584
92.5		0.0621584
92.625		0.0621584
92.75		0.0621584
92.875		0.0621584
93		0.0621584
93.125		0.0621584
93.25		0.0621584
93.375		0.0621584
93.5		0.0621584
93.625		0.0621584
93.75		0.0621584
93.875		0.0621584
94		0.0621584
94.125		0.0621584
94.25		0.0621584
94.375		0.0621584
94.5		0.0621584
94.625		0.0621584
94.75		0.0621584
94.875		0.0621584
95		0.0621584
95.125		0.0668957
95.25		0.0668957
95.375		0.0668957
95.5		0.0668957
95.625		0.0668957
95.75		0.0668957
95.875		0.0668957
96		0.0668957
96.125		0.0668957
96.25		0.0668957
96.375		0.0668957
96.5		0.0668957
96.625		0.0668957
96.75		0.0668957
96.875		0.0668957
97		0.0668957
97.125		0.0668957
97.25		0.0668957
97.375		0.0668957
97.5		0.0668957
97.625		0.0668957
97.75		0.0668957
97.875		0.0668957
98		0.0668957
98.125		0.0668957
98.25		0.0668957
98.375		0.0668957
98.5		0.0668957
98.625		0.0668957
98.75		0.0668957
98.875		0.0668957
99		0.0668957
99.125		0.0668957
99.25		0.0668957
99.375		0.0668957
99.5		0.0668957
99.625		0.0668957
99.75		0.0668957
99.875		0.0668957
100		0.0668957
100.125		0.102973
100.25		0.102973
100.375		0.102973
100.5		0.102973
100.625		0.102973
100.75		0.102973
100.875		0.102973
101		0.102973
101.125		0.102973
101.25		0.102973
101.375		0.102973
101.5		0.102973
101.625		0.102973
101.75		0.102973
101.875		0.102973
102		0.102973
102.125		0.102973
102.25		0.102973
102.375		0.102973
102.5		0.102973
102.625		0.102973
102.75		0.102973
102.875		0.102973
103		0.102973
103.125		0.102973
103.25		0.102973
103.375		0.102973
103.5		0.102973
103.625		0.102973
103.75		0.102973
103.875		0.102973
104		0.102973
104.125		0.102973
104.25		0.102973
104.375		0.102973
104.5		0.102973
104.625		0.102973
104.75		0.102973
104.875		0.102973
105		0.102973
105.125		0.11479
105.25		0.11479
105.375		0.11479
105.5		0.11479
105.625		0.11479
105.75		0.11479
105.875		0.11479
106		0.11479
106.125		0.11479
106.25		0.11479
106.375		0.11479
106.5		0.11479
106.625		0.11479
106.75		0.11479
106.875		0.11479
107		0.11479
107.125		0.11479
107.25		0.11479
107.375		0.11479
107.5		0.11479
107.625		0.11479
107.75		0.11479
107.875		0.11479
108		0.11479
108.125		0.11479
108.25		0.11479
108.375		0.11479
108.5		0.11479
108.625		0.11479
108.75		0.11479
108.875		0.11479
109		0.11479
109.125		0.11479
109.25		0.11479
109.375		0.11479
109.5		0.11479
109.625		0.11479
109.75		0.11479
109.875		0.11479
110		0.11479
110.125		0.125254
110.25		0.125254
110.375		0.125254
110.5		0.125254
110.625		0.125254
110.75		0.125254
110.875		0.125254
111		0.125254
111.125		0.125254
111.25		0.125254
111.375		0.125254
111.5		0.125254
111.625		0.125254
111.75		0.125254
111.875		0.125254
112		0.125254
112.125		0.125254
112.25		0.125254
112.375		0.125254
112.5		0.125254
112.625		0.125254
112.75		0.125254
112.875		0.125254
113		0.125254
113.125		0.125254
113.25		0.125254
113.375		0.125254
113.5		0.125254
113.625		0.125254
113.75		0.125254
113.875		0.125254
114		0.125254
114.125		0.125254
114.25		0.125254
114.375		0.125254
114.5		0.125254
114.625		0.125254
114.75		0.125254
114.875		0.125254
115		0.125254
115.125		0.140351
115.25		0.140351
115.375		0.140351
115.5		0.140351
115.625		0.140351
115.75		0.140351
115.875		0.140351
116		0.140351
116.125		0.140351
116.25		0.140351
116.375		0.140351
116.5		0.140351
116.625		0.140351
116.75		0.140351
116.875		0.140351
117		0.140351
117.125		0.140351
117.25		0.140351
117.375		0.140351
117.5		0.140351
117.625		0.140351
117.75		0.140351
117.875		0.140351
118		0.140351
118.125		0.140351
118.25		0.140351
118.375		0.140351
118.5		0.140351
118.625		0.140351
118.75		0.140351
118.875		0.140351
119		0.140351
119.125		0.140351
119.25		0.140351
119.375		0.140351
119.5		0.140351
119.625		0.140351
119.75		0.140351
119.875		0.140351
120		0.140351
120.125		0.155864
120.25		0.155864
120.375		0.155864
120.5		0.155864
120.625		0.155864
120.75		0.155864
120.875		0.155864
121		0.155864
121.125		0.155864
121.25		0.155864
121.375		0.155864
121.5		0.155864
121.625		0.155864
121.75		0.155864
121.875		0.155864
122		0.155864
122.125		0.155864
122.25		0.155864
122.375		0.155864
122.5		0.155864
122.625		0.155864
122.75		0.155864
122.875		0.155864
123		0.155864
123.125		0.155864
123.25		0.155864
123.375		0.155864
123.5		0.155864
123.625		0.155864
123.75		0.155864
123.875		0.155864
124		0.155864
124.125		0.155864
124.25		0.155864
124.375		0.155864
124.5		0.155864
124.625		0.155864
124.75		0.155864
124.875		0.155864
125		0.155864
125.125		0.159873
125.25		0.159873
125.375		0.159873
125.5		0.159873
125.625		0.159873
125.75		0.159873
125.875		0.159873
126		0.159873
126.125		0.159873
126.25		0.159873
126.375		0.159873
126.5		0.159873
126.625		0.159873
126.75		0.159873
126.875		0.159873
127		0.159873
127.125		0.159873
127.25		0.159873
127.375		0.159873
127.5		0.159873
127.625		0.159873
127.75		0.159873
127.875		0.159873
128		0.159873
128.125		0.159873
128.25		0.159873
128.375		0.159873
128.5		0.159873
128.625		0.159873
128.75		0.159873
128.875		0.159873
129		0.159873
129.125		0.159873
129.25		0.159873
129.375		0.159873
129.5		0.159873
129.625		0.159873
129.75		0.159873
129.875		0.159873
130		0.159873
130.125		0.161695
130.25		0.161695
130.375		0.161695
130.5		0.161695
130.625		0.161695
130.75		0.161695
130.875		0.161695
131		0.161695
131.125		0.161695
131.25		0.161695
131.375		0.161695
131.5		0.161695
131.625		0.161695
131.75		0.161695
131.875		0.161695
132		0.161695
132.125		0.161695
132.25		0.161695
132.375		0.161695
132.5		0.161695
132.625		0.161695
132.75		0.161695
132.875		0.161695
133		0.161695
133.125		0.161695
133.25		0.161695
133.375		0.161695
133.5		0.161695
133.625		0.161695
133.75		0.161695
133.875		0.161695
134		0.161695
134.125		0.161695
134.25		0.161695
134.375		0.161695
134.5		0.161695
134.625		0.161695
134.75		0.161695
134.875		0.161695
135		0.161695
135.125		0.189859
135.25		0.189859
135.375		0.189859
135.5		0.189859
135.625		0.189859
135.75		0.189859
135.875		0.189859
136		0.189859
136.125		0.189859
136.25		0.189859
136.375		0.189859
136.5		0.189859
136.625		0.189859
136.75		0.189859
136.875		0.189859
137		0.189859
137.125		0.189859
137.25		0.189859
137.375		0.189859
137.5		0.189859
137.625		0.189859
137.75		0.189859
137.875		0.189859
138		0.189859
138.125		0.189859
138.25		0.189859
138.375		0.189859
138.5		0.189859
138.625		0.189859
138.75		0.189859
138.875		0.189859
139		0.189859
139.125		0.189859
139.25		0.189859
139.375		0.189859
139.5		0.189859
139.625		0.189859
139.75		0.189859
139.875		0.189859
140		0.189859
140.125		0.209641
140.25		0.209641
140.375		0.209641
140.5		0.209641
140.625		0.209641
140.75		0.209641
140.875		0.209641
141		0.209641
141.125		0.209641
141.25		0.209641
141.375		0.209641
141.5		0.209641
141.625		0.209641
141.75		0.209641
141.875		0.209641
142		0.209641
142.125		0.209641
142.25		0.209641
142.375		0.209641
142.5		0.209641
142.625		0.209641
142.75		0.209641
142.875		0.209641
143		0.209641
143.125		0.209641
143.25		0.209641
143.375		0.209641
143.5		0.209641
143.625		0.209641
143.75		0.209641
143.875		0.209641
144		0.209641
144.125		0.209641
144.25		0.209641
144.375		0.209641
144.5		0.209641
144.625		0.209641
144.75		0.209641
144.875		0.209641
145		0.209641
145.125		0.21162
145.25		0.21162
145.375		0.21162
145.5		0.21162
145.625		0.21162
145.75		0.21162
145.875		0.21162
146		0.21162
146.125		0.21162
146.25		0.21162
146.375		0.21162
146.5		0.21162
146.625		0.21162
146.75		0.21162
146.875		0.21162
147		0.21162
147.125		0.21162
147.25		0.21162
147.375		0.21162
147.5		0.21162
147.625		0.21162
147.75		0.21162
147.875		0.21162
148		0.21162
148.125		0.21162
148.25		0.21162
148.375		0.21162
148.5		0.21162
148.625		0.21162
148.75		0.21162
148.875		0.21162
149		0.21162
149.125		0.21162
149.25		0.21162
149.375		0.21162
149.5		0.21162
149.625		0.21162
149.75		0.21162
149.875		0.21162
150		0.21162
150.125		0.213754
150.25		0.213754
150.375		0.213754
150.5		0.213754
150.625		0.213754
150.75		0.213754
150.875		0.213754
151		0.213754
151.125		0.213754
151.25		0.213754
151.375		0.213754
151.5		0.213754
151.625		0.213754
151.75		0.213754
151.875		0.213754
152		0.213754
152.125		0.213754
152.25		0.213754
152.375		0.213754
152.5		0.213754
152.625		0.213754
152.75		0.213754
152.875		0.213754
153		0.213754
153.125		0.213754
153.25		0.213754
153.375		0.213754
153.5		0.213754
153.625		0.213754
153.75		0.213754
153.875		0.213754
154		0.213754
154.125		0.213754
154.25		0.213754
154.375		0.213754
154.5		0.213754
154.625		0.213754
154.75		0.213754
154.875		0.213754
155		0.213754
155.125		0.219741
155.25		0.219741
155.375		0.219741
155.5		0.219741
155.625		0.219741
155.75		0.219741
155.875		0.219741
156		0.219741
156.125		0.219741
156.25		0.219741
156.375		0.219741
156.5		0.219741
156.625		0.219741
156.75		0.219741
156.875		0.219741
157		0.219741
157.125		0.219741
157.25		0.219741
157.375		0.219741
157.5		0.219741
157.625		0.219741
157.75		0.219741
157.875		0.219741
158		0.219741
158.125		0.219741
158.25		0.219741
158.375		0.219741
158.5		0.219741
158.625		0.219741
158.75		0.219741
158.875		0.219741
159		0.219741
159.125		0.219741
159.25		0.219741
159.375		0.219741
159.5		0.219741
159.625		0.219741
159.75		0.219741
159.875		0.219741
160		0.219741
160.125		0.246291
160.25		0.246291
160.375		0.246291
160.5		0.246291
160.625		0.246291
160.75		0.246291
160.875		0.246291
161		0.246291
161.125		0.246291
161.25		0.246291
161.375		0.246291
161.5		0.246291
161.625		0.246291
161.75		0.246291
161.875		0.246291
162		0.246291
162.125		0.246291
162.25		0.246291
162.375		0.246291
162.5		0.246291
162.625		0.246291
162.75		0.246291
162.875		0.246291
163		0.246291
163.125		0.246291
163.25		0.246291
163.375		0.246291
163.5		0.246291
163.625		0.246291
163.75		0.246291
163.875		0.246291
164		0.246291
164.125		0.246291
164.25		0.246291
164.375		0.246291
164.5		0.246291
164.625		0.246291
164.75		0.246291
164.875		0.246291
165		0.246291
165.125		0.252642
165.25		0.252642
165.375		0.252642
165.5		0.252642
165.625		0.252642
165.75		0.252642
165.875		0.252642
166		0.252642
166.125		0.252642
166.25		0.252642
166.375		0.252642
166.5		0.252642
166.625		0.252642
166.75		0.252642
166.875		0.252642
167		0.252642
167.125		0.252642
167.25		0.252642
167.375		0.252642
167.5		0.252642
167.625		0.252642
167.75		0.252642
167.875		0.252642
168		0.252642
168.125		0.252642
168.25		0.252642
168.375		0.252642
168.5		0.252642
168.625		0.252642
168.75		0.252642
168.875		0.252642
169		0.252642
169.125		0.252642
169.25		0.252642
169.375		0.252642
169.5		0.252642
169.625		0.252642
169.75		0.252642
169.875		0.252642
170		0.252642
170.125		0.266906
170.25		0.266906
170.375		0.266906
170.5		0.266906
170.625		0.266906
170.75		0.266906
170.875		0.266906
171		0.266906
171.125		0.266906
171.25		0.266906
171.375		0.266906
171.5		0.266906
171.625		0.266906
171.75		0.266906
171.875		0.266906
172		0.266906
172.125		0.266906
172.25		0.266906
172.375		0.266906
172.5		0.266906
172.625		0.266906
172.75		0.266906
172.875		0.266906
173		0.266906
173.125		0.266906
173.25		0.266906
173.375		0.266906
173.5		0.266906
173.625		0.266906
173.75		0.266906
173.875		0.266906
174		0.266906
174.125		0.266906
174.25		0.266906
174.375		0.266906
174.5		0.266906
174.625		0.266906
174.75		0.266906
174.875		0.266906
175		0.266906
175.125		0.275236
175.25		0.275236
175.375		0.275236
175.5		0.275236
175.625		0.275236
175.75		0.275236
175.875		0.275236
176		0.275236
176.125		0.275236
176.25		0.275236
176.375		0.275236
176.5		0.275236
176.625		0.275236
176.75		0.275236
176.875		0.275236
177		0.275236
177.125		0.275236
177.25		0.275236
177.375		0.275236
177.5		0.275236
177.625		0.275236
177.75		0.275236
177.875		0.275236
178		0.275236
178.125		0.275236
178.25		0.275236
178.375		0.275236
178.5		0.275236
178.625		0.275236
178.75		0.275236
178.875		0.275236
179		0.275236
179.125		0.275236
179.25		0.275236
179.375		0.275236
179.5		0.275236
179.625		0.275236
179.75		0.275236
179.875		0.275236
180		0.275236
180.125		0.288823
180.25		0.288823
180.375		0.288823
180.5		0.288823
180.625		0.288823
180.75		0.288823
180.875		0.288823
181		0.288823
181.125		0.288823
181.25		0.288823
181.375		0.288823
181.5		0.288823
181.625		0.288823
181.75		0.288823
181.875		0.288823
182		0.288823
182.125		0.288823
182.25		0.288823
182.375		0.288823
182.5		0.288823
182.625		0.288823
182.75		0.288823
182.875		0.288823
183		0.288823
183.125		0.288823
183.25		0.288823
183.375		0.288823
183.5		0.288823
183.625		0.288823
183.75		0.288823
183.875		0.288823
184		0.288823
184.125		0.288823
184.25		0.288823
184.375		0.288823
184.5		0.288823
184.625		0.288823
184.75		0.288823
184.875		0.288823
185		0.288823
185.125		0.297829
185.25		0.297829
185.375		0.297829
185.5		0.297829
185.625		0.297829
185.75		0.297829
185.875		0.297829
186		0.297829
186.125		0.297829
186.25		0.297829
186.375		0.297829
186.5		0.297829
186.625		0.297829
186.75		0.297829
186.875		0.297829
187		0.297829
187.125		0.297829
187.25		0.297829
187.375		0.297829
187.5		0.297829
187.625		0.297829
187.75		0.297829
187.875		0.297829
188		0.297829
188.125		0.297829
188.25		0.297829
188.375		0.297829
188.5		0.297829
188.625		0.297829
188.75		0.297829
188.875		0.297829
189		0.297829
189.125		0.297829
189.25		0.297829
189.375		0.297829
189.5		0.297829
189.625		0.297829
189.75		0.297829
189.875		0.297829
190		0.297829
190.125		0.306315
190.25		0.306315
190.375		0.306315
190.5		0.306315
190.625		0.306315
190.75		0.306315
190.875		0.306315
191		0.306315
191.125		0.306315
191.25		0.306315
191.375		0.306315
191.5		0.306315
191.625		0.306315
191.75		0.306315
191.875		0.306315
192		0.306315
192.125		0.306315
192.25		0.306315
192.375		0.306315
192.5		0.306315
192.625		0.306315
192.75		0.306315
192.875		0.306315
193		0.306315
193.125		0.306315
193.25		0.306315
193.375		0.306315
193.5		0.306315
193.625		0.306315
193.75		0.306315
193.875		0.306315
194		0.306315
194.125		0.306315
194.25		0.306315
194.375		0.306315
194.5		0.306315
194.625		0.306315
194.75		0.306315
194.875		0.306315
195		0.306315
195.125		0.312822
195.25		0.312822
195.375		0.312822
195.5		0.312822
195.625		0.312822
195.75		0.312822
195.875		0.312822
196		0.312822
196.125		0.312822
196.25		0.312822
196.375		0.312822
196.5		0.312822
196.625		0.312822
196.75		0.312822
196.875		0.312822
197		0.312822
197.125		0.312822
197.25		0.312822
197.375		0.312822
197.5		0.312822
197.625		0.312822
197.75		0.312822
197.875		0.312822
198		0.312822
198.125		0.312822
198.25		0.312822
198.375		0.312822
198.5		0.312822
198.625		0.312822
198.75		0.312822
198.875		0.312822
199		0.312822
199.125		0.312822
199.25		0.312822
199.375		0.312822
199.5		0.312822
199.625		0.312822
199.75		0.312822
199.875		0.312822
200		0.312822
200.125		0.334635
200.25		0.334635
200.375		0.334635
200.5		0.334635
200.625		0.334635
200.75		0.334635
200.875		0.334635
201		0.334635
201.125		0.334635
201.25		0.334635
201.375		0.334635
201.5		0.334635
201.625		0.334635
201.75		0.334635
201.875		0.334635
202		0.334635
202.125		0.334635
202.25		0.334635
202.375		0.334635
202.5		0.334635
202.625		0.334635
202.75		0.334635
202.875		0.334635
203		0.334635
203.125		0.334635
203.25		0.334635
203.375		0.334635
203.5		0.334635
203.625		0.334635
203.75		0.334635
203.875		0.334635
204		0.334635
204.125		0.334635
204.25		0.334635
204.375		0.334635
204.5		0.334635
204.625		0.334635
204.75		0.334635
204.875		0.334635
205		0.334635
205.125		0.34489
205.25		0.34489
205.375		0.34489
205.5		0.34489
205.625		0.34489
205.75		0.34489
205.875		0.34489
206		0.34489
206.125		0.34489
206.25		0.34489
206.375		0.34489
206.5		0.34489
206.625		0.34489
206.75		0.34489
206.875		0.34489
207		0.34489
207.125		0.34489
207.25		0.34489
207.375		0.34489
207.5		0.34489
207.625		0.34489
207.75		0.34489
207.875		0.34489
208		0.34489
208.125		0.34489
208.25		0.34489
208.375		0.34489
208.5		0.34489
208.625		0.34489
208.75		0.34489
208.875		0.34489
209		0.34489
209.125		0.34489
209.25		0.34489
209.375		0.34489
209.5		0.34489
209.625		0.34489
209.75		0.34489
209.875		0.34489
210		0.34489
210.125		0.345932
210.25		0.345932
210.375		0.345932
210.5		0.345932
210.625		0.345932
210.75		0.345932
210.875		0.345932
211		0.345932
211.125		0.345932
211.25		0.345932
211.375		0.345932
211.5		0.345932
211.625		0.345932
211.75		0.345932
211.875		0.345932
212		0.345932
212.125		0.345932
212.25		0.345932
212.375		0.345932
212.5		0.345932
212.625		0.345932
212.75		0.345932
212.875		0.345932
213		0.345932
213.125		0.345932
213.25		0.345932
213.375		0.345932
213.5		0.345932
213.625		0.345932
213.75		0.345932
213.875		0.345932
214		0.345932
214.125		0.345932
214.25		0.345932
214.375		0.345932
214.5		0.345932
214.625		0.345932
214.75		0.345932
214.875		0.345932
215		0.345932
215.125		0.355719
215.25		0.355719
215.375		0.355719
215.5		0.355719
215.625		0.355719
215.75		0.355719
215.875		0.355719
216		0.355719
216.125		0.355719
216.25		0.355719
216.375		0.355719
216.5		0.355719
216.625		0.355719
216.75		0.355719
216.875		0.355719
217		0.355719
217.125		0.355719
217.25		0.355719
217.375		0.355719
217.5		0.355719
217.625		0.355719
217.75		0.355719
217.875		0.355719
218		0.355719
218.125		0.355719
218.25		0.355719
218.375		0.355719
218.5		0.355719
218.625		0.355719
218.75		0.355719
218.875		0.355719
219		0.355719
219.125		0.355719
219.25		0.355719
219.375		0.355719
219.5		0.355719
219.625		0.355719
219.75		0.355719
219.875		0.355719
220		0.355719
220.125		0.370972
220.25		0.370972
220.375		0.370972
220.5		0.370972
220.625		0.370972
220.75		0.370972
220.875		0.370972
221		0.370972
221.125		0.370972
221.25		0.370972
221.375		0.370972
221.5		0.370972
221.625		0.370972
221.75		0.370972
221.875		0.370972
222		0.370972
222.125		0.370972
222.25		0.370972
222.375		0.370972
222.5		0.370972
222.625		0.370972
222.75		0.370972
222.875		0.370972
223		0.370972
223.125		0.370972
223.25		0.370972
223.375		0.370972
223.5		0.370972
223.625		0.370972
223.75		0.370972
223.875		0.370972
224		0.370972
224.125		0.370972
224.25		0.370972
224.375		0.370972
224.5		0.370972
224.625		0.370972
224.75		0.370972
224.875		0.370972
225		0.370972
225.125		0.393982
225.25		0.393982
225.375		0.393982
225.5		0.393982
225.625		0.393982
225.75		0.393982
225.875		0.393982
226		0.393982
226.125		0.393982
226.25		0.393982
226.375		0.393982
226.5		0.393982
226.625		0.393982
226.75		0.393982
226.875		0.393982
227		0.393982
227.125		0.393982
227.25		0.393982
227.375		0.393982
227.5		0.393982
227.625		0.393982
227.75		0.393982
227.875		0.393982
228		0.393982
228.125		0.393982
228.25		0.393982
228.375		0.393982
228.5		0.393982
228.625		0.393982
228.75		0.393982
228.875		0.393982
229		0.393982
229.125		0.393982
229.25		0.393982
229.375		0.393982
229.5		0.393982
229.625		0.393982
229.75		0.393982
229.875		0.393982
230		0.393982
230.125		0.398043
230.25		0.398043
230.375		0.398043
230.5		0.398043
230.625		0.398043
230.75		0.398043
230.875		0.398043
231		0.398043
231.125		0.398043
231.25		0.398043
231.375		0.398043
231.5		0.398043
231.625		0.398043
231.75		0.398043
231.875		0.398043
232		0.398043
232.125		0.398043
232.25		0.398043
232.375		0.398043
232.5		0.398043
232.625		0.398043
232.75		0.398043
232.875		0.398043
233		0.398043
233.125		0.398043
233.25		0.398043
233.375		0.398043
233.5		0.398043
233.625		0.398043
233.75		0.398043
233.875		0.398043
234		0.398043
234.125		0.398043
234.25		0.398043
234.375		0.398043
234.5		0.398043
234.625		0.398043
234.75		0.398043
234.875		0.398043
235		0.398043
235.125		0.410901
235.25		0.410901
235.375		0.410901
235.5		0.410901
235.625		0.410901
235.75		0.410901
235.875		0.410901
236		0.410901
236.125		0.410901
236.25		0.410901
236.375		0.410901
236.5		0.410901
236.625		0.410901
236.75		0.410901
236.875		0.410901
237		0.410901
237.125		0.410901
237.25		0.410901
237.375		0.410901
237.5		0.410901
237.625		0.410901
237.75		0.410901
237.875		0.410901
238		0.410901
238.125		0.410901
238.25		0.410901
238.375		0.410901
238.5		0.410901
238.625		0.410901
238.75		0.410901
238.875		0.410901
239		0.410901
239.125		0.410901
239.25		0.410901
239.375		0.410901
239.5		0.410901
239.625		0.410901
239.75		0.410901
239.875		0.410901
240		0.410901
240.125		0.423187
240.25		0.423187
240.375		0.423187
240.5		0.423187
240.625		0.423187
240.75		0.423187
240.875		0.423187
241		0.423187
241.125		0.423187
241.25		0.423187
241.375		0.423187
241.5		0.423187
241.625		0.423187
241.75		0.423187
241.875		0.423187
242		0.423187
242.125		0.423187
242.25		0.423187
242.375		0.423187
242.5		0.423187
242.625		0.423187
242.75		0.423187
242.875		0.423187
243		0.423187
243.125		0.423187
243.25		0.423187
243.375		0.423187
243.5		0.423187
243.625		0.423187
243.75		0.423187
243.875		0.423187
244		0.423187
244.125		0.423187
244.25		0.423187
244.375		0.423187
244.5		0.423187
244.625		0.423187
244.75		0.423187
244.875		0.423187
245		0.423187
245.125		0.424228
245.25		0.424228
245.375		0.424228
245.5		0.424228
245.625		0.424228
245.75		0.424228
245.875		0.424228
246		0.424228
246.125		0.424228
246.25		0.424228
246.375		0.424228
246.5		0.424228
246.625		0.424228
246.75		0.424228
246.875		0.424228
247		0.424228
247.125		0.424228
247.25		0.424228
247.375		0.424228
247.5		0.424228
247.625		0.424228
247.75		0.424228
247.875		0.424228
248		0.424228
248.125		0.424228
248.25		0.424228
248.375		0.424228
248.5		0.424228
248.625		0.424228
248.75		0.424228
248.875		0.424228
249		0.424228
249.125		0.424228
249.25		0.424228
249.375		0.424228
249.5		0.424228
249.625		0.424228
249.75		0.424228
249.875		0.424228
250		0.424228
250.125		0.447186
250.25		0.447186
250.375		0.447186
250.5		0.447186
250.625		0.447186
250.75		0.447186
250.875		0.447186
251		0.447186
251.125		0.447186
251.25		0.447186
251.375		0.447186
251.5		0.447186
251.625		0.447186
251.75		0.447186
251.875		0.447186
252		0.447186
252.125		0.447186
252.25		0.447186
252.375		0.447186
252.5		0.447186
252.625		0.447186
252.75		0.447186
252.875		0.447186
253		0.447186
253.125		0.447186
253.25		0.447186
253.375		0.447186
253.5		0.447186
253.625		0.447186
253.75		0.447186
253.875		0.447186
254		0.447186
254.125		0.447186
254.25		0.447186
254.375		0.447186
254.5		0.447186
254.625		0.447186
254.75		0.447186
254.875		0.447186
255		0.447186
255.125		0.448019
255.25		0.448019
255.375		0.448019
255.5		0.448019
255.625		0.448019
255.75		0.448019
255.875		0.448019
256		0.448019
256.125		0.448019
256.25		0.448019
256.375		0.448019
256.5		0.448019
256.625		0.448019
256.75		0.448019
256.875		0.448019
257		0.448019
257.125		0.448019
257.25		0.448019
257.375		0.448019
257.5		0.448019
257.625		0.448019
257.75		0.448019
257.875		0.448019
258		0.448019
258.125		0.448019
258.25		0.448019
258.375		0.448019
258.5		0.448019
258.625		0.448019
258.75		0.448019
258.875		0.448019
259		0.448019
259.125		0.448019
259.25		0.448019
259.375		0.448019
259.5		0.448019
259.625		0.448019
259.75		0.448019
259.875		0.448019
260		0.448019
260.125		0.457494
260.25		0.457494
260.375		0.457494
260.5		0.457494
260.625		0.457494
260.75		0.457494
260.875		0.457494
261		0.457494
261.125		0.457494
261.25		0.457494
261.375		0.457494
261.5		0.457494
261.625		0.457494
261.75		0.457494
261.875		0.457494
262		0.457494
262.125		0.457494
262.25		0.457494
262.375		0.457494
262.5		0.457494
262.625		0.457494
262.75		0.457494
262.875		0.457494
263		0.457494
263.125		0.457494
263.25		0.457494
263.375		0.457494
263.5		0.457494
263.625		0.457494
263.75		0.457494
263.875		0.457494
264		0.457494
264.125		0.457494
264.25		0.457494
264.375		0.457494
264.5		0.457494
264.625		0.457494
264.75		0.457494
264.875		0.457494
265		0.457494
265.125		0.475819
265.25		0.475819
265.375		0.475819
265.5		0.475819
265.625		0.475819
265.75		0.475819
265.875		0.475819
266		0.475819
266.125		0.475819
266.25		0.475819
266.375		0.475819
266.5		0.475819
266.625		0.475819
266.75		0.475819
266.875		0.475819
267		0.475819
267.125		0.475819
267.25		0.475819
267.375		0.475819
267.5		0.475819
267.625		0.475819
267.75		0.475819
267.875		0.475819
268		0.475819
268.125		0.475819
268.25		0.475819
268.375		0.475819
268.5		0.475819
268.625		0.475819
268.75		0.475819
268.875		0.475819
269		0.475819
269.125		0.475819
269.25		0.475819
269.375		0.475819
269.5		0.475819
269.625		0.475819
269.75		0.475819
269.875		0.475819
270		0.475819
270.125		0.496902
270.25		0.496902
270.375		0.496902
270.5		0.496902
270.625		0.496902
270.75		0.496902
270.875		0.496902
271		0.496902
271.125		0.496902
271.25		0.496902
271.375		0.496902
271.5		0.496902
271.625		0.496902
271.75		0.496902
271.875		0.496902
272		0.496902
272.125		0.496902
272.25		0.496902
272.375		0.496902
272.5		0.496902
272.625		0.496902
272.75		0.496902
272.875		0.496902
273		0.496902
273.125		0.496902
273.25		0.496902
273.375		0.496902
273.5		0.496902
273.625		0.496902
273.75		0.496902
273.875		0.496902
274		0.496902
274.125		0.496902
274.25		0.496902
274.375		0.496902
274.5		0.496902
274.625		0.496902
274.75		0.496902
274.875		0.496902
275		0.496902
275.125		0.499349
275.25		0.499349
275.375		0.499349
275.5		0.499349
275.625		0.499349
275.75		0.499349
275.875		0.499349
276		0.499349
276.125		0.499349
276.25		0.499349
276.375		0.499349
276.5		0.499349
276.625		0.499349
276.75		0.499349
276.875		0.499349
277		0.499349
277.125		0.499349
277.25		0.499349
277.375		0.499349
277.5		0.499349
277.625		0.499349
277.75		0.499349
277.875		0.499349
278		0.499349
278.125		0.499349
278.25		0.499349
278.375		0.499349
278.5		0.499349
278.625		0.499349
278.75		0.499349
278.875		0.499349
279		0.499349
279.125		0.499349
279.25		0.499349
279.375		0.499349
279.5		0.499349
279.625		0.499349
279.75		0.499349
279.875		0.499349
280		0.499349
280.125		0.502317
280.25		0.502317
280.375		0.502317
280.5		0.502317
280.625		0.502317
280.75		0.502317
280.875		0.502317
281		0.502317
281.125		0.502317
281.25		0.502317
281.375		0.502317
281.5		0.502317
281.625		0.502317
281.75		0.502317
281.875		0.502317
282		0.502317
282.125		0.502317
282.25		0.502317
282.375		0.502317
282.5		0.502317
282.625		0.502317
282.75		0.502317
282.875		0.502317
283		0.502317
283.125		0.502317
283.25		0.502317
283.375		0.502317
283.5		0.502317
283.625		0.502317
283.75		0.502317
283.875		0.502317
284		0.502317
284.125		0.502317
284.25		0.502317
284.375		0.502317
284.5		0.502317
284.625		0.502317
284.75		0.502317
284.875		0.502317
285		0.502317
285.125		0.50341
285.25		0.50341
285.375		0.50341
285.5		0.50341
285.625		0.50341
285.75		0.50341
285.875		0.50341
286		0.50341
286.125		0.50341
286.25		0.50341
286.375		0.50341
286.5		0.50341
286.625		0.50341
286.75		0.50341
286.875		0.50341
287		0.50341
287.125		0.50341
287.25		0.50341
287.375		0.50341
287.5		0.50341
287.625		0.50341
287.75		0.50341
287.875		0.50341
288		0.50341
288.125		0.50341
288.25		0.50341
288.375		0.50341
288.5		0.50341
288.625		0.50341
288.75		0.50341
288.875		0.50341
289		0.50341
289.125		0.50341
289.25		0.50341
289.375		0.50341
289.5		0.50341
289.625		0.50341
289.75		0.50341
289.875		0.50341
290		0.50341
290.125		0.536363
290.25		0.536363
290.375		0.536363
290.5		0.536363
290.625		0.536363
290.75		0.536363
290.875		0.536363
291		0.536363
291.125		0.536363
291.25		0.536363
291.375		0.536363
291.5		0.536363
291.625		0.536363
291.75		0.536363
291.875		0.536363
292		0.536363
292.125		0.536363
292.25		0.536363
292.375		0.536363
292.5		0.536363
292.625		0.536363
292.75		0.536363
292.875		0.536363
293		0.536363
293.125		0.536363
293.25		0.536363
293.375		0.536363
293.5		0.536363
293.625		0.536363
293.75		0.536363
293.875		0.536363
294		0.536363
294.125		0.536363
294.25		0.536363
294.375		0.536363
294.5		0.536363
294.625		0.536363
294.75		0.536363
294.875		0.536363
295		0.536363
295.125		0.544745
295.25		0.544745
295.375		0.544745
295.5		0.544745
295.625		0.544745
295.75		0.544745
295.875		0.544745
296		0.544745
296.125		0.544745
296.25		0.544745
296.375		0.544745
296.5		0.544745
296.625		0.544745
296.75		0.544745
296.875		0.544745
297		0.544745
297.125		0.544745
297.25		0.544745
297.375		0.544745
297.5		0.544745
297.625		0.544745
297.75		0.544745
297.875		0.544745
298		0.544745
298.125		0.544745
298.25		0.544745
298.375		0.544745
298.5		0.544745
298.625		0.544745
298.75		0.544745
298.875		0.544745
299		0.544745
299.125		0.544745
299.25		0.544745
299.375		0.544745
299.5		0.544745
299.625		0.544745
299.75		0.544745
299.875		0.544745
300		0.544745
300.125		0.551408
300.25		0.551408
300.375		0.551408
300.5		0.551408
300.625		0.551408
300.75		0.551408
300.875		0.551408
301		0.551408
301.125		0.551408
301.25		0.551408
301.375		0.551408
301.5		0.551408
301.625		0.551408
301.75		0.551408
301.875		0.551408
302		0.551408
302.125		0.551408
302.25		0.551408
302.375		0.551408
302.5		0.551408
302.625		0.551408
302.75		0.551408
302.875		0.551408
303		0.551408
303.125		0.551408
303.25		0.551408
303.375		0.551408
303.5		0.551408
303.625		0.551408
303.75		0.551408
303.875		0.551408
304		0.551408
304.125		0.551408
304.25		0.551408
304.375		0.551408
304.5		0.551408
304.625		0.551408
304.75		0.551408
304.875		0.551408
305		0.551408
305.125		0.557968
305.25		0.557968
305.375		0.557968
305.5		0.557968
305.625		0.557968
305.75		0.557968
305.875		0.557968
306		0.557968
306.125		0.557968
306.25		0.557968
306.375		0.557968
306.5		0.557968
306.625		0.557968
306.75		0.557968
306.875		0.557968
307		0.557968
307.125		0.557968
307.25		0.557968
307.375		0.557968
307.5		0.557968
307.625		0.557968
307.75		0.557968
307.875		0.557968
308		0.557968
308.125		0.557968
308.25		0.557968
308.375		0.557968
308.5		0.557968
308.625		0.557968
308.75		0.557968
308.875		0.557968
309		0.557968
309.125		0.557968
309.25		0.557968
309.375		0.557968
309.5		0.557968
309.625		0.557968
309.75		0.557968
309.875		0.557968
310		0.557968
310.125		0.562809
310.25		0.562809
310.375		0.562809
310.5		0.562809
310.625		0.562809
310.75		0.562809
310.875		0.562809
311		0.562809
311.125		0.562809
311.25		0.562809
311.375		0.562809
311.5		0.562809
311.625		0.562809
311.75		0.562809
311.875		0.562809
312		0.562809
312.125		0.562809
312.25		0.562809
312.375		0.562809
312.5		0.562809
312.625		0.562809
312.75		0.562809
312.875		0.562809
313		0.562809
313.125		0.562809
313.25		0.562809
313.375		0.562809
313.5		0.562809
313.625		0.562809
313.75		0.562809
313.875		0.562809
314		0.562809
314.125		0.562809
314.25		0.562809
314.375		0.562809
314.5		0.562809
314.625		0.562809
314.75		0.562809
314.875		0.562809
315		0.562809
315.125		0.592118
315.25		0.592118
315.375		0.592118
315.5		0.592118
315.625		0.592118
315.75		0.592118
315.875		0.592118
316		0.592118
316.125		0.592118
316.25		0.592118
316.375		0.592118
316.5		0.592118
316.625		0.592118
316.75		0.592118
316.875		0.592118
317		0.592118
317.125		0.592118
317.25		0.592118
317.375		0.592118
317.5		0.592118
317.625		0.592118
317.75		0.592118
317.875		0.592118
318		0.592118
318.125		0.592118
318.25		0.592118
318.375		0.592118
318.5		0.592118
318.625		0.592118
318.75		0.592118
318.875		0.592118
319		0.592118
319.125		0.592118
319.25		0.592118
319.375		0.592118
319.5		0.592118
319.625		0.592118
319.75		0.592118
319.875		0.592118
320		0.592118
320.125		0.595034
320.25		0.595034
320.375		0.595034
320.5		0.595034
320.625		0.595034
320.75		0.595034
320.875		0.595034
321		0.595034
321.125		0.595034
321.25		0.595034
321.375		0.595034
321.5		0.595034
321.625		0.595034
321.75		0.595034
321.875		0.595034
322		0.595034
322.125		0.595034
322.25		0.595034
322.375		0.595034
322.5		0.595034
322.625		0.595034
322.75		0.595034
322.875		0.595034
323		0.595034
323.125		0.595034
323.25		0.595034
323.375		0.595034
323.5		0.595034
323.625		0.595034
323.75		0.595034
323.875		0.595034
324		0.595034
324.125		0.595034
324.25		0.595034
324.375		0.595034
324.5		0.595034
324.625		0.595034
324.75		0.595034
324.875		0.595034
325		0.595034
325.125		0.598678
325.25		0.598678
325.375		0.598678
325.5		0.598678
325.625		0.598678
325.75		0.598678
325.875		0.598678
326		0.598678
326.125		0.598678
326.25		0.598678
326.375		0.598678
326.5		0.598678
326.625		0.598678
326.75		0.598678
326.875		0.598678
327		0.598678
327.125		0.598678
327.25		0.598678
327.375		0.598678
327.5		0.598678
327.625		0.598678
327.75		0.598678
327.875		0.598678
328		0.598678
328.125		0.598678
328.25		0.598678
328.375		0.598678
328.5		0.598678
328.625		0.598678
328.75		0.598678
328.875		0.598678
329		0.598678
329.125		0.598678
329.25		0.598678
329.375		0.598678
329.5		0.598678
329.625		0.598678
329.75		0.598678
329.875		0.598678
330		0.598678
330.125		0.61341
330.25		0.61341
330.375		0.61341
330.5		0.61341
330.625		0.61341
330.75		0.61341
330.875		0.61341
331		0.61341
331.125		0.61341
331.25		0.61341
331.375		0.61341
331.5		0.61341
331.625		0.61341
331.75		0.61341
331.875		0.61341
332		0.61341
332.125		0.61341
332.25		0.61341
332.375		0.61341
332.5		0.61341
332.625		0.61341
332.75		0.61341
332.875		0.61341
333		0.61341
333.125		0.61341
333.25		0.61341
333.375		0.61341
333.5		0.61341
333.625		0.61341
333.75		0.61341
333.875		0.61341
334		0.61341
334.125		0.61341
334.25		0.61341
334.375		0.61341
334.5		0.61341
334.625		0.61341
334.75		0.61341
334.875		0.61341
335		0.61341
335.125		0.621792
335.25		0.621792
335.375		0.621792
335.5		0.621792
335.625		0.621792
335.75		0.621792
335.875		0.621792
336		0.621792
336.125		0.621792
336.25		0.621792
336.375		0.621792
336.5		0.621792
336.625		0.621792
336.75		0.621792
336.875		0.621792
337		0.621792
337.125		0.621792
337.25		0.621792
337.375		0.621792
337.5		0.621792
337.625		0.621792
337.75		0.621792
337.875		0.621792
338		0.621792
338.125		0.621792
338.25		0.621792
338.375		0.621792
338.5		0.621792
338.625		0.621792
338.75		0.621792
338.875		0.621792
339		0.621792
339.125		0.621792
339.25		0.621792
339.375		0.621792
339.5		0.621792
339.625		0.621792
339.75		0.621792
339.875		0.621792
340		0.621792
340.125		0.637514
340.25		0.637514
340.375		0.637514
340.5		0.637514
340.625		0.637514
340.75		0.637514
340.875		0.637514
341		0.637514
341.125		0.637514
341.25		0.637514
341.375		0.637514
341.5		0.637514
341.625		0.637514
341.75		0.637514
341.875		0.637514
342		0.637514
342.125		0.637514
342.25		0.637514
342.375		0.637514
342.5		0.637514
342.625		0.637514
342.75		0.637514
342.875		0.637514
343		0.637514
343.125		0.637514
343.25		0.637514
343.375		0.637514
343.5		0.637514
343.625		0.637514
343.75		0.637514
343.875		0.637514
344		0.637514
344.125		0.637514
344.25		0.637514
344.375		0.637514
344.5		0.637514
344.625		0.637514
344.75		0.637514
344.875		0.637514
345		0.637514
345.125		0.657608
345.25		0.657608
345.375		0.657608
345.5		0.657608
345.625		0.657608
345.75		0.657608
345.875		0.657608
346		0.657608
346.125		0.657608
346.25		0.657608
346.375		0.657608
346.5		0.657608
346.625		0.657608
346.75		0.657608
346.875		0.657608
347		0.657608
347.125		0.657608
347.25		0.657608
347.375		0.657608
347.5		0.657608
347.625		0.657608
347.75		0.657608
347.875		0.657608
348		0.657608
348.125		0.657608
348.25		0.657608
348.375		0.657608
348.5		0.657608
348.625		0.657608
348.75		0.657608
348.875		0.657608
349		0.657608
349.125		0.657608
349.25		0.657608
349.375		0.657608
349.5		0.657608
349.625		0.657608
349.75		0.657608
349.875		0.657608
350		0.657608
350.125		0.673903
350.25		0.673903
350.375		0.673903
350.5		0.673903
350.625		0.673903
350.75		0.673903
350.875		0.673903
351		0.673903
351.125		0.673903
351.25		0.673903
351.375		0.673903
351.5		0.673903
351.625		0.673903
351.75		0.673903
351.875		0.673903
352		0.673903
352.125		0.673903
352.25		0.673903
352.375		0.673903
352.5		0.673903
352.625		0.673903
352.75		0.673903
352.875		0.673903
353		0.673903
353.125		0.673903
353.25		0.673903
353.375		0.673903
353.5		0.673903
353.625		0.673903
353.75		0.673903
353.875		0.673903
354		0.673903
354.125		0.673903
354.25		0.673903
354.375		0.673903
354.5		0.673903
354.625		0.673903
354.75		0.673903
354.875		0.673903
355		0.673903
355.125		0.675413
355.25		0.675413
355.375		0.675413
355.5		0.675413
355.625		0.675413
355.75		0.675413
355.875		0.675413
356		0.675413
356.125		0.675413
356.25		0.675413
356.375		0.675413
356.5		0.675413
356.625		0.675413
356.75		0.675413
356.875		0.675413
357		0.675413
357.125		0.675413
357.25		0.675413
357.375		0.675413
357.5		0.675413
357.625		0.675413
357.75		0.675413
357.875		0.675413
358		0.675413
358.125		0.675413
358.25		0.675413
358.375		0.675413
358.5		0.675413
358.625		0.675413
358.75		0.675413
358.875		0.675413
359		0.675413
359.125		0.675413
359.25		0.675413
359.375		0.675413
359.5		0.675413
359.625		0.675413
359.75		0.675413
359.875		0.675413
360		0.675413
360.125		0.681399
360.25		0.681399
360.375		0.681399
360.5		0.681399
360.625		0.681399
360.75		0.681399
360.875		0.681399
361		0.681399
361.125		0.681399
361.25		0.681399
361.375		0.681399
361.5		0.681399
361.625		0.681399
361.75		0.681399
361.875		0.681399
362		0.681399
362.125		0.681399
362.25		0.681399
362.375		0.681399
362.5		0.681399
362.625		0.681399
362.75		0.681399
362.875		0.681399
363		0.681399
363.125		0.681399
363.25		0.681399
363.375		0.681399
363.5		0.681399
363.625		0.681399
363.75		0.681399
363.875		0.681399
364		0.681399
364.125		0.681399
364.25		0.681399
364.375		0.681399
364.5		0.681399
364.625		0.681399
364.75		0.681399
364.875		0.681399
365		0.681399
365.125		0.695559
365.25		0.695559
365.375		0.695559
365.5		0.695559
365.625		0.695559
365.75		0.695559
365.875		0.695559
366		0.695559
366.125		0.695559
366.25		0.695559
366.375		0.695559
366.5		0.695559
366.625		0.695559
366.75		0.695559
366.875		0.695559
367		0.695559
367.125		0.695559
367.25		0.695559
367.375		0.695559
367.5		0.695559
367.625		0.695559
367.75		0.695559
367.875		0.695559
368		0.695559
368.125		0.695559
368.25		0.695559
368.375		0.695559
368.5		0.695559
368.625		0.695559
368.75		0.695559
368.875		0.695559
369		0.695559
369.125		0.695559
369.25		0.695559
369.375		0.695559
369.5		0.695559
369.625		0.695559
369.75		0.695559
369.875		0.695559
370		0.695559
370.125		0.696913
370.25		0.696913
370.375		0.696913
370.5		0.696913
370.625		0.696913
370.75		0.696913
370.875		0.696913
371		0.696913
371.125		0.696913
371.25		0.696913
371.375		0.696913
371.5		0.696913
371.625		0.696913
371.75		0.696913
371.875		0.696913
372		0.696913
372.125		0.696913
372.25		0.696913
372.375		0.696913
372.5		0.696913
372.625		0.696913
372.75		0.696913
372.875		0.696913
373		0.696913
373.125		0.696913
373.25		0.696913
373.375		0.696913
373.5		0.696913
373.625		0.696913
373.75		0.696913
373.875		0.696913
374		0.696913
374.125		0.696913
374.25		0.696913
374.375		0.696913
374.5		0.696913
374.625		0.696913
374.75		0.696913
374.875		0.696913
375		0.696913
375.125		0.724869
375.25		0.724869
375.375		0.724869
375.5		0.724869
375.625		0.724869
375.75		0.724869
375.875		0.724869
376		0.724869
376.125		0.724869
376.25		0.724869
376.375		0.724869
376.5		0.724869
376.625		0.724869
376.75		0.724869
376.875		0.724869
377		0.724869
377.125		0.724869
377.25		0.724869
377.375		0.724869
377.5		0.724869
377.625		0.724869
377.75		0.724869
377.875		0.724869
378		0.724869
378.125		0.724869
378.25		0.724869
378.375		0.724869
378.5		0.724869
378.625		0.724869
378.75		0.724869
378.875		0.724869
379		0.724869
379.125		0.724869
379.25		0.724869
379.375		0.724869
379.5		0.724869
379.625		0.724869
379.75		0.724869
379.875		0.724869
380		0.724869
380.125		0.732573
380.25		0.732573
380.375		0.732573
380.5		0.732573
380.625		0.732573
380.75		0.732573
380.875		0.732573
381		0.732573
381.125		0.732573
381.25		0.732573
381.375		0.732573
381.5		0.732573
381.625		0.732573
381.75		0.732573
381.875		0.732573
382		0.732573
382.125		0.732573
382.25		0.732573
382.375		0.732573
382.5		0.732573
382.625		0.732573
382.75		0.732573
382.875		0.732573
383		0.732573
383.125		0.732573
383.25		0.732573
383.375		0.732573
383.5		0.732573
383.625		0.732573
383.75		0.732573
383.875		0.732573
384		0.732573
384.125		0.732573
384.25		0.732573
384.375		0.732573
384.5		0.732573
384.625		0.732573
384.75		0.732573
384.875		0.732573
385		0.732573
385.125		0.742517
385.25		0.742517
385.375		0.742517
385.5		0.742517
385.625		0.742517
385.75		0.742517
385.875		0.742517
386		0.742517
386.125		0.742517
386.25		0.742517
386.375		0.742517
386.5		0.742517
386.625		0.742517
386.75		0.742517
386.875		0.742517
387		0.742517
387.125		0.742517
387.25		0.742517
387.375		0.742517
387.5		0.742517
387.625		0.742517
387.75		0.742517
387.875		0.742517
388		0.742517
388.125		0.742517
388.25		0.742517
388.375		0.742517
388.5		0.742517
388.625		0.742517
388.75		0.742517
388.875		0.742517
389		0.742517
389.125		0.742517
389.25		0.742517
389.375		0.742517
389.5		0.742517
389.625		0.742517
389.75		0.742517
389.875		0.742517
390		0.742517
390.125		0.751939
390.25		0.751939
390.375		0.751939
390.5		0.751939
390.625		0.751939
390.75		0.751939
390.875		0.751939
391		0.751939
391.125		0.751939
391.25		0.751939
391.375		0.751939
391.5		0.751939
391.625		0.751939
391.75		0.751939
391.875		0.751939
392		0.751939
392.125		0.751939
392.25		0.751939
392.375		0.751939
392.5		0.751939
392.625		0.751939
392.75		0.751939
392.875		0.751939
393		0.751939
393.125		0.751939
393.25		0.751939
393.375		0.751939
393.5		0.751939
393.625		0.751939
393.75		0.751939
393.875		0.751939
394		0.751939
394.125		0.751939
394.25		0.751939
394.375		0.751939
394.5		0.751939
394.625		0.751939
394.75		0.751939
394.875		0.751939
395		0.751939
395.125		0.755635
395.25		0.755635
395.375		0.755635
395.5		0.755635
395.625		0.755635
395.75		0.755635
395.875		0.755635
396		0.755635
396.125		0.755635
396.25		0.755635
396.375		0.755635
396.5		0.755635
396.625		0.755635
396.75		0.755635
396.875		0.755635
397		0.755635
397.125		0.755635
397.25		0.755635
397.375		0.755635
397.5		0.755635
397.625		0.755635
397.75		0.755635
397.875		0.755635
398		0.755635
398.125		0.755635
398.25		0.755635
398.375		0.755635
398.5		0.755635
398.625		0.755635
398.75		0.755635
398.875		0.755635
399		0.755635
399.125		0.755635
399.25		0.755635
399.375		0.755635
399.5		0.755635
399.625		0.755635
399.75		0.755635
399.875		0.755635
400		0.755635
400.125		0.781769
400.25		0.781769
400.375		0.781769
400.5		0.781769
400.625		0.781769
400.75		0.781769
400.875		0.781769
401		0.781769
401.125		0.781769
401.25		0.781769
401.375		0.781769
401.5		0.781769
401.625		0.781769
401.75		0.781769
401.875		0.781769
402		0.781769
402.125		0.781769
402.25		0.781769
402.375		0.781769
402.5		0.781769
402.625		0.781769
402.75		0.781769
402.875		0.781769
403		0.781769
403.125		0.781769
403.25		0.781769
403.375		0.781769
403.5		0.781769
403.625		0.781769
403.75		0.781769
403.875		0.781769
404		0.781769
404.125		0.781769
404.25		0.781769
404.375		0.781769
404.5		0.781769
404.625		0.781769
404.75		0.781769
404.875		0.781769
405		0.781769
405.125		0.785621
405.25		0.785621
405.375		0.785621
405.5		0.785621
405.625		0.785621
405.75		0.785621
405.875		0.785621
406		0.785621
406.125		0.785621
406.25		0.785621
406.375		0.785621
406.5		0.785621
406.625		0.785621
406.75		0.785621
406.875		0.785621
407		0.785621
407.125		0.785621
407.25		0.785621
407.375		0.785621
407.5		0.785621
407.625		0.785621
407.75		0.785621
407.875		0.785621
408		0.785621
408.125		0.785621
408.25		0.785621
408.375		0.785621
408.5		0.785621
408.625		0.785621
408.75		0.785621
408.875		0.785621
409		0.785621
409.125		0.785621
409.25		0.785621
409.375		0.785621
409.5		0.785621
409.625		0.785621
409.75		0.785621
409.875		0.785621
410		0.785621
410.125		0.791348
410.25		0.791348
410.375		0.791348
410.5		0.791348
410.625		0.791348
410.75		0.791348
410.875		0.791348
411		0.791348
411.125		0.791348
411.25		0.791348
411.375		0.791348
411.5		0.791348
411.625		0.791348
411.75		0.791348
411.875		0.791348
412		0.791348
412.125		0.791348
412.25		0.791348
412.375		0.791348
412.5		0.791348
412.625		0.791348
412.75		0.791348
412.875		0.791348
413		0.791348
413.125		0.791348
413.25		0.791348
413.375		0.791348
413.5		0.791348
413.625		0.791348
413.75		0.791348
413.875		0.791348
414		0.791348
414.125		0.791348
414.25		0.791348
414.375		0.791348
414.5		0.791348
414.625		0.791348
414.75		0.791348
414.875		0.791348
415		0.791348
415.125		0.792701
415.25		0.792701
415.375		0.792701
415.5		0.792701
415.625		0.792701
415.75		0.792701
415.875		0.792701
416		0.792701
416.125		0.792701
416.25		0.792701
416.375		0.792701
416.5		0.792701
416.625		0.792701
416.75		0.792701
416.875		0.792701
417		0.792701
417.125		0.792701
417.25		0.792701
417.375		0.792701
417.5		0.792701
417.625		0.792701
417.75		0.792701
417.875		0.792701
418		0.792701
418.125		0.792701
418.25		0.792701
418.375		0.792701
418.5		0.792701
418.625		0.792701
418.75		0.792701
418.875		0.792701
419		0.792701
419.125		0.792701
419.25		0.792701
419.375		0.792701
419.5		0.792701
419.625		0.792701
419.75		0.792701
419.875		0.792701
420		0.792701
420.125		0.836223
420.25		0.836223
420.375		0.836223
420.5		0.836223
420.625		0.836223
420.75		0.836223
420.875		0.836223
421		0.836223
421.125		0.836223
421.25		0.836223
421.375		0.836223
421.5		0.836223
421.625		0.836223
421.75		0.836223
421.875		0.836223
422		0.836223
422.125		0.836223
422.25		0.836223
422.375		0.836223
422.5		0.836223
422.625		0.836223
422.75		0.836223
422.875		0.836223
423		0.836223
423.125		0.836223
423.25		0.836223
423.375		0.836223
423.5		0.836223
423.625		0.836223
423.75		0.836223
423.875		0.836223
424		0.836223
424.125		0.836223
424.25		0.836223
424.375		0.836223
424.5		0.836223
424.625		0.836223
424.75		0.836223
424.875		0.836223
425		0.836223
425.125		0.841324
425.25		0.841324
425.375		0.841324
425.5		0.841324
425.625		0.841324
425.75		0.841324
425.875		0.841324
426		0.841324
426.125		0.841324
426.25		0.841324
426.375		0.841324
426.5		0.841324
426.625		0.841324
426.75		0.841324
426.875		0.841324
427		0.841324
427.125		0.841324
427.25		0.841324
427.375		0.841324
427.5		0.841324
427.625		0.841324
427.75		0.841324
427.875		0.841324
428		0.841324
428.125		0.841324
428.25		0.841324
428.375		0.841324
428.5		0.841324
428.625		0.841324
428.75		0.841324
428.875		0.841324
429		0.841324
429.125		0.841324
429.25		0.841324
429.375		0.841324
429.5		0.841324
429.625		0.841324
429.75		0.841324
429.875		0.841324
430		0.841324
430.125		0.842105
430.25		0.842105
430.375		0.842105
430.5		0.842105
430.625		0.842105
430.75		0.842105
430.875		0.842105
431		0.842105
431.125		0.842105
431.25		0.842105
431.375		0.842105
431.5		0.842105
431.625		0.842105
431.75		0.842105
431.875		0.842105
432		0.842105
432.125		0.842105
432.25		0.842105
432.375		0.842105
432.5		0.842105
432.625		0.842105
432.75		0.842105
432.875		0.842105
433		0.842105
433.125		0.842105
433.25		0.842105
433.375		0.842105
433.5		0.842105
433.625		0.842105
433.75		0.842105
433.875		0.842105
434		0.842105
434.125		0.842105
434.25		0.842105
434.375		0.842105
434.5		0.842105
434.625		0.842105
434.75		0.842105
434.875		0.842105
435		0.842105
435.125		0.843459
435.25		0.843459
435.375		0.843459
435.5		0.843459
435.625		0.843459
435.75		0.843459
435.875		0.843459
436		0.843459
436.125		0.843459
436.25		0.843459
436.375		0.843459
436.5		0.843459
436.625		0.843459
436.75		0.843459
436.875		0.843459
437		0.843459
437.125		0.843459
437.25		0.843459
437.375		0.843459
437.5		0.843459
437.625		0.843459
437.75		0.843459
437.875		0.843459
438		0.843459
438.125		0.843459
438.25		0.843459
438.375		0.843459
438.5		0.843459
438.625		0.843459
438.75		0.843459
438.875		0.843459
439		0.843459
439.125		0.843459
439.25		0.843459
439.375		0.843459
439.5		0.843459
439.625		0.843459
439.75		0.843459
439.875		0.843459
440		0.843459
440.125		0.873653
440.25		0.873653
440.375		0.873653
440.5		0.873653
440.625		0.873653
440.75		0.873653
440.875		0.873653
441		0.873653
441.125		0.873653
441.25		0.873653
441.375		0.873653
441.5		0.873653
441.625		0.873653
441.75		0.873653
441.875		0.873653
442		0.873653
442.125		0.873653
442.25		0.873653
442.375		0.873653
442.5		0.873653
442.625		0.873653
442.75		0.873653
442.875		0.873653
443		0.873653
443.125		0.873653
443.25		0.873653
443.375		0.873653
443.5		0.873653
443.625		0.873653
443.75		0.873653
443.875		0.873653
444		0.873653
444.125		0.873653
444.25		0.873653
444.375		0.873653
444.5		0.873653
444.625		0.873653
444.75		0.873653
444.875		0.873653
445		0.873653
445.125		0.878755
445.25		0.878755
445.375		0.878755
445.5		0.878755
445.625		0.878755
445.75		0.878755
445.875		0.878755
446		0.878755
446.125		0.878755
446.25		0.878755
446.375		0.878755
446.5		0.878755
446.625		0.878755
446.75		0.878755
446.875		0.878755
447		0.878755
447.125		0.878755
447.25		0.878755
447.375		0.878755
447.5		0.878755
447.625		0.878755
447.75		0.878755
447.875		0.878755
448		0.878755
448.125		0.878755
448.25		0.878755
448.375		0.878755
448.5		0.878755
448.625		0.878755
448.75		0.878755
448.875		0.878755
449		0.878755
449.125		0.878755
449.25		0.878755
449.375		0.878755
449.5		0.878755
449.625		0.878755
449.75		0.878755
449.875		0.878755
450		0.878755
450.125		0.891665
450.25		0.891665
450.375		0.891665
450.5		0.891665
450.625		0.891665
450.75		0.891665
450.875		0.891665
451		0.891665
451.125		0.891665
451.25		0.891665
451.375		0.891665
451.5		0.891665
451.625		0.891665
451.75		0.891665
451.875		0.891665
452		0.891665
452.125		0.891665
452.25		0.891665
452.375		0.891665
452.5		0.891665
452.625		0.891665
452.75		0.891665
452.875		0.891665
453		0.891665
453.125		0.891665
453.25		0.891665
453.375		0.891665
453.5		0.891665
453.625		0.891665
453.75		0.891665
453.875		0.891665
454		0.891665
454.125		0.891665
454.25		0.891665
454.375		0.891665
454.5		0.891665
454.625		0.891665
454.75		0.891665
454.875		0.891665
455		0.891665
455.125		0.905045
455.25		0.905045
455.375		0.905045
455.5		0.905045
455.625		0.905045
455.75		0.905045
455.875		0.905045
456		0.905045
456.125		0.905045
456.25		0.905045
456.375		0.905045
456.5		0.905045
456.625		0.905045
456.75		0.905045
456.875		0.905045
457		0.905045
457.125		0.905045
457.25		0.905045
457.375		0.905045
457.5		0.905045
457.625		0.905045
457.75		0.905045
457.875		0.905045
458		0.905045
458.125		0.905045
458.25		0.905045
458.375		0.905045
458.5		0.905045
458.625		0.905045
458.75		0.905045
458.875		0.905045
459		0.905045
459.125		0.905045
459.25		0.905045
459.375		0.905045
459.5		0.905045
459.625		0.905045
459.75		0.905045
459.875		0.905045
460		0.905045
460.125		0.913738
460.25		0.913738
460.375		0.913738
460.5		0.913738
460.625		0.913738
460.75		0.913738
460.875		0.913738
461		0.913738
461.125		0.913738
461.25		0.913738
461.375		0.913738
461.5		0.913738
461.625		0.913738
461.75		0.913738
461.875		0.913738
462		0.913738
462.125		0.913738
462.25		0.913738
462.375		0.913738
462.5		0.913738
462.625		0.913738
462.75		0.913738
462.875		0.913738
463		0.913738
463.125		0.913738
463.25		0.913738
463.375		0.913738
463.5		0.913738
463.625		0.913738
463.75		0.913738
463.875		0.913738
464		0.913738
464.125		0.913738
464.25		0.913738
464.375		0.913738
464.5		0.913738
464.625		0.913738
464.75		0.913738
464.875		0.913738
465		0.913738
465.125		0.930397
465.25		0.930397
465.375		0.930397
465.5		0.930397
465.625		0.930397
465.75		0.930397
465.875		0.930397
466		0.930397
466.125		0.930397
466.25		0.930397
466.375		0.930397
466.5		0.930397
466.625		0.930397
466.75		0.930397
466.875		0.930397
467		0.930397
467.125		0.930397
467.25		0.930397
467.375		0.930397
467.5		0.930397
467.625		0.930397
467.75		0.930397
467.875		0.930397
468		0.930397
468.125		0.930397
468.25		0.930397
468.375		0.930397
468.5		0.930397
468.625		0.930397
468.75		0.930397
468.875		0.930397
469		0.930397
469.125		0.930397
469.25		0.930397
469.375		0.930397
469.5		0.930397
469.625		0.930397
469.75		0.930397
469.875		0.930397
470		0.930397
470.125		0.933365
470.25		0.933365
470.375		0.933365
470.5		0.933365
470.625		0.933365
470.75		0.933365
470.875		0.933365
471		0.933365
471.125		0.933365
471.25		0.933365
471.375		0.933365
471.5		0.933365
471.625		0.933365
471.75		0.933365
471.875		0.933365
472		0.933365
472.125		0.933365
472.25		0.933365
472.375		0.933365
472.5		0.933365
472.625		0.933365
472.75		0.933365
472.875		0.933365
473		0.933365
473.125		0.933365
473.25		0.933365
473.375		0.933365
473.5		0.933365
473.625		0.933365
473.75		0.933365
473.875		0.933365
474		0.933365
474.125		0.933365
474.25		0.933365
474.375		0.933365
474.5		0.933365
474.625		0.933365
474.75		0.933365
474.875		0.933365
475		0.933365
475.125		0.942215
475.25		0.942215
475.375		0.942215
475.5		0.942215
475.625		0.942215
475.75		0.942215
475.875		0.942215
476		0.942215
476.125		0.942215
476.25		0.942215
476.375		0.942215
476.5		0.942215
476.625		0.942215
476.75		0.942215
476.875		0.942215
477		0.942215
477.125		0.942215
477.25		0.942215
477.375		0.942215
477.5		0.942215
477.625		0.942215
477.75		0.942215
477.875		0.942215
478		0.942215
478.125		0.942215
478.25		0.942215
478.375		0.942215
478.5		0.942215
478.625		0.942215
478.75		0.942215
478.875		0.942215
479		0.942215
479.125		0.942215
479.25		0.942215
479.375		0.942215
479.5		0.942215
479.625		0.942215
479.75		0.942215
479.875		0.942215
480		0.942215
480.125		0.961945
480.25		0.961945
480.375		0.961945
480.5		0.961945
480.625		0.961945
480.75		0.961945
480.875		0.961945
481		0.961945
481.125		0.961945
481.25		0.961945
481.375		0.961945
481.5		0.961945
481.625		0.961945
481.75		0.961945
481.875		0.961945
482		0.961945
482.125		0.961945
482.25		0.961945
482.375		0.961945
482.5		0.961945
482.625		0.961945
482.75		0.961945
482.875		0.961945
483		0.961945
483.125		0.961945
483.25		0.961945
483.375		0.961945
483.5		0.961945
483.625		0.961945
483.75		0.961945
483.875		0.961945
484		0.961945
484.125		0.961945
484.25		0.961945
484.375		0.961945
484.5		0.961945
484.625		0.961945
484.75		0.961945
484.875		0.961945
485		0.961945
485.125		0.965225
485.25		0.965225
485.375		0.965225
485.5		0.965225
485.625		0.965225
485.75		0.965225
485.875		0.965225
486		0.965225
486.125		0.965225
486.25		0.965225
486.375		0.965225
486.5		0.965225
486.625		0.965225
486.75		0.965225
486.875		0.965225
487		0.965225
487.125		0.965225
487.25		0.965225
487.375		0.965225
487.5		0.965225
487.625		0.965225
487.75		0.965225
487.875		0.965225
488		0.965225
488.125		0.965225
488.25		0.965225
488.375		0.965225
488.5		0.965225
488.625		0.965225
488.75		0.965225
488.875		0.965225
489		0.965225
489.125		0.965225
489.25		0.965225
489.375		0.965225
489.5		0.965225
489.625		0.965225
489.75		0.965225
489.875		0.965225
490		0.965225
490.125		0.991879
490.25		0.991879
490.375		0.991879
490.5		0.991879
490.625		0.991879
490.75		0.991879
490.875		0.991879
491		0.991879
491.125		0.991879
491.25		0.991879
491.375		0.991879
491.5		0.991879
491.625		0.991879
491.75		0.991879
491.875		0.991879
492		0.991879
492.125		0.991879
492.25		0.991879
492.375		0.991879
492.5		0.991879
492.625		0.991879
492.75		0.991879
492.875		0.991879
493		0.991879
493.125		0.991879
493.25		0.991879
493.375		0.991879
493.5		0.991879
493.625		0.991879
493.75		0.991879
493.875		0.991879
494		0.991879
494.125		0.991879
494.25		0.991879
494.375		0.991879
494.5		0.991879
494.625		0.991879
494.75		0.991879
494.875		0.991879
495		0.991879
495.125		1
495.25		1
495.375		1
495.5		1
495.625		1
495.75		1
495.875		1
496		1
496.125		1
496.25		1
496.375		1
496.5		1
496.625		1
496.75		1
496.875		1
497		1
497.125		1
497.25		1
497.375		1
497.5		1
497.625		1
497.75		1
497.875		1
498		1
498.125		1
498.25		1
498.375		1
498.5		1
498.625		1
498.75		1
498.875		1
499		1
499.125		1
499.25		1
499.375		1
499.5		1
499.625		1
499.75		1
499.875		1
500		1
