# Calibration file of tamex_id 1 @ channel 10
# fine_T bin		 Calibration value
0.125		0
0.25		0
0.375		0
0.5		0
0.625		0
0.75		0
0.875		0
1		0
1.125		0
1.25		0
1.375		0
1.5		0
1.625		0
1.75		0
1.875		0
2		0
2.125		0
2.25		0
2.375		0
2.5		0
2.625		0
2.75		0
2.875		0
3		0
3.125		0
3.25		0
3.375		0
3.5		0
3.625		0
3.75		0
3.875		0
4		0
4.125		0
4.25		0
4.375		0
4.5		0
4.625		0
4.75		0
4.875		0
5		0
5.125		0
5.25		0
5.375		0
5.5		0
5.625		0
5.75		0
5.875		0
6		0
6.125		0
6.25		0
6.375		0
6.5		0
6.625		0
6.75		0
6.875		0
7		0
7.125		0
7.25		0
7.375		0
7.5		0
7.625		0
7.75		0
7.875		0
8		0
8.125		0
8.25		0
8.375		0
8.5		0
8.625		0
8.75		0
8.875		0
9		0
9.125		0
9.25		0
9.375		0
9.5		0
9.625		0
9.75		0
9.875		0
10		0
10.125		0
10.25		0
10.375		0
10.5		0
10.625		0
10.75		0
10.875		0
11		0
11.125		0
11.25		0
11.375		0
11.5		0
11.625		0
11.75		0
11.875		0
12		0
12.125		0
12.25		0
12.375		0
12.5		0
12.625		0
12.75		0
12.875		0
13		0
13.125		0
13.25		0
13.375		0
13.5		0
13.625		0
13.75		0
13.875		0
14		0
14.125		0
14.25		0
14.375		0
14.5		0
14.625		0
14.75		0
14.875		0
15		0
15.125		0
15.25		0
15.375		0
15.5		0
15.625		0
15.75		0
15.875		0
16		0
16.125		0
16.25		0
16.375		0
16.5		0
16.625		0
16.75		0
16.875		0
17		0
17.125		0
17.25		0
17.375		0
17.5		0
17.625		0
17.75		0
17.875		0
18		0
18.125		0
18.25		0
18.375		0
18.5		0
18.625		0
18.75		0
18.875		0
19		0
19.125		0
19.25		0
19.375		0
19.5		0
19.625		0
19.75		0
19.875		0
20		0
20.125		0
20.25		0
20.375		0
20.5		0
20.625		0
20.75		0
20.875		0
21		0
21.125		0
21.25		0
21.375		0
21.5		0
21.625		0
21.75		0
21.875		0
22		0
22.125		0
22.25		0
22.375		0
22.5		0
22.625		0
22.75		0
22.875		0
23		0
23.125		0
23.25		0
23.375		0
23.5		0
23.625		0
23.75		0
23.875		0
24		0
24.125		0
24.25		0
24.375		0
24.5		0
24.625		0
24.75		0
24.875		0
25		0
25.125		0
25.25		0
25.375		0
25.5		0
25.625		0
25.75		0
25.875		0
26		0
26.125		0
26.25		0
26.375		0
26.5		0
26.625		0
26.75		0
26.875		0
27		0
27.125		0
27.25		0
27.375		0
27.5		0
27.625		0
27.75		0
27.875		0
28		0
28.125		0
28.25		0
28.375		0
28.5		0
28.625		0
28.75		0
28.875		0
29		0
29.125		0
29.25		0
29.375		0
29.5		0
29.625		0
29.75		0
29.875		0
30		0
30.125		0
30.25		0
30.375		0
30.5		0
30.625		0
30.75		0
30.875		0
31		0
31.125		0
31.25		0
31.375		0
31.5		0
31.625		0
31.75		0
31.875		0
32		0
32.125		0
32.25		0
32.375		0
32.5		0
32.625		0
32.75		0
32.875		0
33		0
33.125		0
33.25		0
33.375		0
33.5		0
33.625		0
33.75		0
33.875		0
34		0
34.125		0
34.25		0
34.375		0
34.5		0
34.625		0
34.75		0
34.875		0
35		0
35.125		0
35.25		0
35.375		0
35.5		0
35.625		0
35.75		0
35.875		0
36		0
36.125		0
36.25		0
36.375		0
36.5		0
36.625		0
36.75		0
36.875		0
37		0
37.125		0
37.25		0
37.375		0
37.5		0
37.625		0
37.75		0
37.875		0
38		0
38.125		0
38.25		0
38.375		0
38.5		0
38.625		0
38.75		0
38.875		0
39		0
39.125		0
39.25		0
39.375		0
39.5		0
39.625		0
39.75		0
39.875		0
40		0
40.125		0
40.25		0
40.375		0
40.5		0
40.625		0
40.75		0
40.875		0
41		0
41.125		0
41.25		0
41.375		0
41.5		0
41.625		0
41.75		0
41.875		0
42		0
42.125		0
42.25		0
42.375		0
42.5		0
42.625		0
42.75		0
42.875		0
43		0
43.125		0
43.25		0
43.375		0
43.5		0
43.625		0
43.75		0
43.875		0
44		0
44.125		0
44.25		0
44.375		0
44.5		0
44.625		0
44.75		0
44.875		0
45		0
45.125		0
45.25		0
45.375		0
45.5		0
45.625		0
45.75		0
45.875		0
46		0
46.125		0
46.25		0
46.375		0
46.5		0
46.625		0
46.75		0
46.875		0
47		0
47.125		0
47.25		0
47.375		0
47.5		0
47.625		0
47.75		0
47.875		0
48		0
48.125		0
48.25		0
48.375		0
48.5		0
48.625		0
48.75		0
48.875		0
49		0
49.125		0
49.25		0
49.375		0
49.5		0
49.625		0
49.75		0
49.875		0
50		0
50.125		0
50.25		0
50.375		0
50.5		0
50.625		0
50.75		0
50.875		0
51		0
51.125		0
51.25		0
51.375		0
51.5		0
51.625		0
51.75		0
51.875		0
52		0
52.125		0
52.25		0
52.375		0
52.5		0
52.625		0
52.75		0
52.875		0
53		0
53.125		0
53.25		0
53.375		0
53.5		0
53.625		0
53.75		0
53.875		0
54		0
54.125		0
54.25		0
54.375		0
54.5		0
54.625		0
54.75		0
54.875		0
55		0
55.125		0
55.25		0
55.375		0
55.5		0
55.625		0
55.75		0
55.875		0
56		0
56.125		0
56.25		0
56.375		0
56.5		0
56.625		0
56.75		0
56.875		0
57		0
57.125		0
57.25		0
57.375		0
57.5		0
57.625		0
57.75		0
57.875		0
58		0
58.125		0
58.25		0
58.375		0
58.5		0
58.625		0
58.75		0
58.875		0
59		0
59.125		0
59.25		0
59.375		0
59.5		0
59.625		0
59.75		0
59.875		0
60		0
60.125		0
60.25		0
60.375		0
60.5		0
60.625		0
60.75		0
60.875		0
61		0
61.125		0
61.25		0
61.375		0
61.5		0
61.625		0
61.75		0
61.875		0
62		0
62.125		0
62.25		0
62.375		0
62.5		0
62.625		0
62.75		0
62.875		0
63		0
63.125		0
63.25		0
63.375		0
63.5		0
63.625		0
63.75		0
63.875		0
64		0
64.125		0
64.25		0
64.375		0
64.5		0
64.625		0
64.75		0
64.875		0
65		0
65.125		0
65.25		0
65.375		0
65.5		0
65.625		0
65.75		0
65.875		0
66		0
66.125		0
66.25		0
66.375		0
66.5		0
66.625		0
66.75		0
66.875		0
67		0
67.125		0
67.25		0
67.375		0
67.5		0
67.625		0
67.75		0
67.875		0
68		0
68.125		0
68.25		0
68.375		0
68.5		0
68.625		0
68.75		0
68.875		0
69		0
69.125		0
69.25		0
69.375		0
69.5		0
69.625		0
69.75		0
69.875		0
70		0
70.125		0
70.25		0
70.375		0
70.5		0
70.625		0
70.75		0
70.875		0
71		0
71.125		0
71.25		0
71.375		0
71.5		0
71.625		0
71.75		0
71.875		0
72		0
72.125		0
72.25		0
72.375		0
72.5		0
72.625		0
72.75		0
72.875		0
73		0
73.125		0
73.25		0
73.375		0
73.5		0
73.625		0
73.75		0
73.875		0
74		0
74.125		0
74.25		0
74.375		0
74.5		0
74.625		0
74.75		0
74.875		0
75		0
75.125		0
75.25		0
75.375		0
75.5		0
75.625		0
75.75		0
75.875		0
76		0
76.125		0
76.25		0
76.375		0
76.5		0
76.625		0
76.75		0
76.875		0
77		0
77.125		0
77.25		0
77.375		0
77.5		0
77.625		0
77.75		0
77.875		0
78		0
78.125		0
78.25		0
78.375		0
78.5		0
78.625		0
78.75		0
78.875		0
79		0
79.125		0
79.25		0
79.375		0
79.5		0
79.625		0
79.75		0
79.875		0
80		0
80.125		0.00596369
80.25		0.00596369
80.375		0.00596369
80.5		0.00596369
80.625		0.00596369
80.75		0.00596369
80.875		0.00596369
81		0.00596369
81.125		0.00596369
81.25		0.00596369
81.375		0.00596369
81.5		0.00596369
81.625		0.00596369
81.75		0.00596369
81.875		0.00596369
82		0.00596369
82.125		0.00596369
82.25		0.00596369
82.375		0.00596369
82.5		0.00596369
82.625		0.00596369
82.75		0.00596369
82.875		0.00596369
83		0.00596369
83.125		0.00596369
83.25		0.00596369
83.375		0.00596369
83.5		0.00596369
83.625		0.00596369
83.75		0.00596369
83.875		0.00596369
84		0.00596369
84.125		0.00596369
84.25		0.00596369
84.375		0.00596369
84.5		0.00596369
84.625		0.00596369
84.75		0.00596369
84.875		0.00596369
85		0.00596369
85.125		0.0329642
85.25		0.0329642
85.375		0.0329642
85.5		0.0329642
85.625		0.0329642
85.75		0.0329642
85.875		0.0329642
86		0.0329642
86.125		0.0329642
86.25		0.0329642
86.375		0.0329642
86.5		0.0329642
86.625		0.0329642
86.75		0.0329642
86.875		0.0329642
87		0.0329642
87.125		0.0329642
87.25		0.0329642
87.375		0.0329642
87.5		0.0329642
87.625		0.0329642
87.75		0.0329642
87.875		0.0329642
88		0.0329642
88.125		0.0329642
88.25		0.0329642
88.375		0.0329642
88.5		0.0329642
88.625		0.0329642
88.75		0.0329642
88.875		0.0329642
89		0.0329642
89.125		0.0329642
89.25		0.0329642
89.375		0.0329642
89.5		0.0329642
89.625		0.0329642
89.75		0.0329642
89.875		0.0329642
90		0.0329642
90.125		0.0525591
90.25		0.0525591
90.375		0.0525591
90.5		0.0525591
90.625		0.0525591
90.75		0.0525591
90.875		0.0525591
91		0.0525591
91.125		0.0525591
91.25		0.0525591
91.375		0.0525591
91.5		0.0525591
91.625		0.0525591
91.75		0.0525591
91.875		0.0525591
92		0.0525591
92.125		0.0525591
92.25		0.0525591
92.375		0.0525591
92.5		0.0525591
92.625		0.0525591
92.75		0.0525591
92.875		0.0525591
93		0.0525591
93.125		0.0525591
93.25		0.0525591
93.375		0.0525591
93.5		0.0525591
93.625		0.0525591
93.75		0.0525591
93.875		0.0525591
94		0.0525591
94.125		0.0525591
94.25		0.0525591
94.375		0.0525591
94.5		0.0525591
94.625		0.0525591
94.75		0.0525591
94.875		0.0525591
95		0.0525591
95.125		0.0584573
95.25		0.0584573
95.375		0.0584573
95.5		0.0584573
95.625		0.0584573
95.75		0.0584573
95.875		0.0584573
96		0.0584573
96.125		0.0584573
96.25		0.0584573
96.375		0.0584573
96.5		0.0584573
96.625		0.0584573
96.75		0.0584573
96.875		0.0584573
97		0.0584573
97.125		0.0584573
97.25		0.0584573
97.375		0.0584573
97.5		0.0584573
97.625		0.0584573
97.75		0.0584573
97.875		0.0584573
98		0.0584573
98.125		0.0584573
98.25		0.0584573
98.375		0.0584573
98.5		0.0584573
98.625		0.0584573
98.75		0.0584573
98.875		0.0584573
99		0.0584573
99.125		0.0584573
99.25		0.0584573
99.375		0.0584573
99.5		0.0584573
99.625		0.0584573
99.75		0.0584573
99.875		0.0584573
100		0.0584573
100.125		0.087817
100.25		0.087817
100.375		0.087817
100.5		0.087817
100.625		0.087817
100.75		0.087817
100.875		0.087817
101		0.087817
101.125		0.087817
101.25		0.087817
101.375		0.087817
101.5		0.087817
101.625		0.087817
101.75		0.087817
101.875		0.087817
102		0.087817
102.125		0.087817
102.25		0.087817
102.375		0.087817
102.5		0.087817
102.625		0.087817
102.75		0.087817
102.875		0.087817
103		0.087817
103.125		0.087817
103.25		0.087817
103.375		0.087817
103.5		0.087817
103.625		0.087817
103.75		0.087817
103.875		0.087817
104		0.087817
104.125		0.087817
104.25		0.087817
104.375		0.087817
104.5		0.087817
104.625		0.087817
104.75		0.087817
104.875		0.087817
105		0.087817
105.125		0.0910938
105.25		0.0910938
105.375		0.0910938
105.5		0.0910938
105.625		0.0910938
105.75		0.0910938
105.875		0.0910938
106		0.0910938
106.125		0.0910938
106.25		0.0910938
106.375		0.0910938
106.5		0.0910938
106.625		0.0910938
106.75		0.0910938
106.875		0.0910938
107		0.0910938
107.125		0.0910938
107.25		0.0910938
107.375		0.0910938
107.5		0.0910938
107.625		0.0910938
107.75		0.0910938
107.875		0.0910938
108		0.0910938
108.125		0.0910938
108.25		0.0910938
108.375		0.0910938
108.5		0.0910938
108.625		0.0910938
108.75		0.0910938
108.875		0.0910938
109		0.0910938
109.125		0.0910938
109.25		0.0910938
109.375		0.0910938
109.5		0.0910938
109.625		0.0910938
109.75		0.0910938
109.875		0.0910938
110		0.0910938
110.125		0.0973196
110.25		0.0973196
110.375		0.0973196
110.5		0.0973196
110.625		0.0973196
110.75		0.0973196
110.875		0.0973196
111		0.0973196
111.125		0.0973196
111.25		0.0973196
111.375		0.0973196
111.5		0.0973196
111.625		0.0973196
111.75		0.0973196
111.875		0.0973196
112		0.0973196
112.125		0.0973196
112.25		0.0973196
112.375		0.0973196
112.5		0.0973196
112.625		0.0973196
112.75		0.0973196
112.875		0.0973196
113		0.0973196
113.125		0.0973196
113.25		0.0973196
113.375		0.0973196
113.5		0.0973196
113.625		0.0973196
113.75		0.0973196
113.875		0.0973196
114		0.0973196
114.125		0.0973196
114.25		0.0973196
114.375		0.0973196
114.5		0.0973196
114.625		0.0973196
114.75		0.0973196
114.875		0.0973196
115		0.0973196
115.125		0.117504
115.25		0.117504
115.375		0.117504
115.5		0.117504
115.625		0.117504
115.75		0.117504
115.875		0.117504
116		0.117504
116.125		0.117504
116.25		0.117504
116.375		0.117504
116.5		0.117504
116.625		0.117504
116.75		0.117504
116.875		0.117504
117		0.117504
117.125		0.117504
117.25		0.117504
117.375		0.117504
117.5		0.117504
117.625		0.117504
117.75		0.117504
117.875		0.117504
118		0.117504
118.125		0.117504
118.25		0.117504
118.375		0.117504
118.5		0.117504
118.625		0.117504
118.75		0.117504
118.875		0.117504
119		0.117504
119.125		0.117504
119.25		0.117504
119.375		0.117504
119.5		0.117504
119.625		0.117504
119.75		0.117504
119.875		0.117504
120		0.117504
120.125		0.122485
120.25		0.122485
120.375		0.122485
120.5		0.122485
120.625		0.122485
120.75		0.122485
120.875		0.122485
121		0.122485
121.125		0.122485
121.25		0.122485
121.375		0.122485
121.5		0.122485
121.625		0.122485
121.75		0.122485
121.875		0.122485
122		0.122485
122.125		0.122485
122.25		0.122485
122.375		0.122485
122.5		0.122485
122.625		0.122485
122.75		0.122485
122.875		0.122485
123		0.122485
123.125		0.122485
123.25		0.122485
123.375		0.122485
123.5		0.122485
123.625		0.122485
123.75		0.122485
123.875		0.122485
124		0.122485
124.125		0.122485
124.25		0.122485
124.375		0.122485
124.5		0.122485
124.625		0.122485
124.75		0.122485
124.875		0.122485
125		0.122485
125.125		0.137493
125.25		0.137493
125.375		0.137493
125.5		0.137493
125.625		0.137493
125.75		0.137493
125.875		0.137493
126		0.137493
126.125		0.137493
126.25		0.137493
126.375		0.137493
126.5		0.137493
126.625		0.137493
126.75		0.137493
126.875		0.137493
127		0.137493
127.125		0.137493
127.25		0.137493
127.375		0.137493
127.5		0.137493
127.625		0.137493
127.75		0.137493
127.875		0.137493
128		0.137493
128.125		0.137493
128.25		0.137493
128.375		0.137493
128.5		0.137493
128.625		0.137493
128.75		0.137493
128.875		0.137493
129		0.137493
129.125		0.137493
129.25		0.137493
129.375		0.137493
129.5		0.137493
129.625		0.137493
129.75		0.137493
129.875		0.137493
130		0.137493
130.125		0.155384
130.25		0.155384
130.375		0.155384
130.5		0.155384
130.625		0.155384
130.75		0.155384
130.875		0.155384
131		0.155384
131.125		0.155384
131.25		0.155384
131.375		0.155384
131.5		0.155384
131.625		0.155384
131.75		0.155384
131.875		0.155384
132		0.155384
132.125		0.155384
132.25		0.155384
132.375		0.155384
132.5		0.155384
132.625		0.155384
132.75		0.155384
132.875		0.155384
133		0.155384
133.125		0.155384
133.25		0.155384
133.375		0.155384
133.5		0.155384
133.625		0.155384
133.75		0.155384
133.875		0.155384
134		0.155384
134.125		0.155384
134.25		0.155384
134.375		0.155384
134.5		0.155384
134.625		0.155384
134.75		0.155384
134.875		0.155384
135		0.155384
135.125		0.156563
135.25		0.156563
135.375		0.156563
135.5		0.156563
135.625		0.156563
135.75		0.156563
135.875		0.156563
136		0.156563
136.125		0.156563
136.25		0.156563
136.375		0.156563
136.5		0.156563
136.625		0.156563
136.75		0.156563
136.875		0.156563
137		0.156563
137.125		0.156563
137.25		0.156563
137.375		0.156563
137.5		0.156563
137.625		0.156563
137.75		0.156563
137.875		0.156563
138		0.156563
138.125		0.156563
138.25		0.156563
138.375		0.156563
138.5		0.156563
138.625		0.156563
138.75		0.156563
138.875		0.156563
139		0.156563
139.125		0.156563
139.25		0.156563
139.375		0.156563
139.5		0.156563
139.625		0.156563
139.75		0.156563
139.875		0.156563
140		0.156563
140.125		0.166983
140.25		0.166983
140.375		0.166983
140.5		0.166983
140.625		0.166983
140.75		0.166983
140.875		0.166983
141		0.166983
141.125		0.166983
141.25		0.166983
141.375		0.166983
141.5		0.166983
141.625		0.166983
141.75		0.166983
141.875		0.166983
142		0.166983
142.125		0.166983
142.25		0.166983
142.375		0.166983
142.5		0.166983
142.625		0.166983
142.75		0.166983
142.875		0.166983
143		0.166983
143.125		0.166983
143.25		0.166983
143.375		0.166983
143.5		0.166983
143.625		0.166983
143.75		0.166983
143.875		0.166983
144		0.166983
144.125		0.166983
144.25		0.166983
144.375		0.166983
144.5		0.166983
144.625		0.166983
144.75		0.166983
144.875		0.166983
145		0.166983
145.125		0.191887
145.25		0.191887
145.375		0.191887
145.5		0.191887
145.625		0.191887
145.75		0.191887
145.875		0.191887
146		0.191887
146.125		0.191887
146.25		0.191887
146.375		0.191887
146.5		0.191887
146.625		0.191887
146.75		0.191887
146.875		0.191887
147		0.191887
147.125		0.191887
147.25		0.191887
147.375		0.191887
147.5		0.191887
147.625		0.191887
147.75		0.191887
147.875		0.191887
148		0.191887
148.125		0.191887
148.25		0.191887
148.375		0.191887
148.5		0.191887
148.625		0.191887
148.75		0.191887
148.875		0.191887
149		0.191887
149.125		0.191887
149.25		0.191887
149.375		0.191887
149.5		0.191887
149.625		0.191887
149.75		0.191887
149.875		0.191887
150		0.191887
150.125		0.211285
150.25		0.211285
150.375		0.211285
150.5		0.211285
150.625		0.211285
150.75		0.211285
150.875		0.211285
151		0.211285
151.125		0.211285
151.25		0.211285
151.375		0.211285
151.5		0.211285
151.625		0.211285
151.75		0.211285
151.875		0.211285
152		0.211285
152.125		0.211285
152.25		0.211285
152.375		0.211285
152.5		0.211285
152.625		0.211285
152.75		0.211285
152.875		0.211285
153		0.211285
153.125		0.211285
153.25		0.211285
153.375		0.211285
153.5		0.211285
153.625		0.211285
153.75		0.211285
153.875		0.211285
154		0.211285
154.125		0.211285
154.25		0.211285
154.375		0.211285
154.5		0.211285
154.625		0.211285
154.75		0.211285
154.875		0.211285
155		0.211285
155.125		0.21194
155.25		0.21194
155.375		0.21194
155.5		0.21194
155.625		0.21194
155.75		0.21194
155.875		0.21194
156		0.21194
156.125		0.21194
156.25		0.21194
156.375		0.21194
156.5		0.21194
156.625		0.21194
156.75		0.21194
156.875		0.21194
157		0.21194
157.125		0.21194
157.25		0.21194
157.375		0.21194
157.5		0.21194
157.625		0.21194
157.75		0.21194
157.875		0.21194
158		0.21194
158.125		0.21194
158.25		0.21194
158.375		0.21194
158.5		0.21194
158.625		0.21194
158.75		0.21194
158.875		0.21194
159		0.21194
159.125		0.21194
159.25		0.21194
159.375		0.21194
159.5		0.21194
159.625		0.21194
159.75		0.21194
159.875		0.21194
160		0.21194
160.125		0.212858
160.25		0.212858
160.375		0.212858
160.5		0.212858
160.625		0.212858
160.75		0.212858
160.875		0.212858
161		0.212858
161.125		0.212858
161.25		0.212858
161.375		0.212858
161.5		0.212858
161.625		0.212858
161.75		0.212858
161.875		0.212858
162		0.212858
162.125		0.212858
162.25		0.212858
162.375		0.212858
162.5		0.212858
162.625		0.212858
162.75		0.212858
162.875		0.212858
163		0.212858
163.125		0.212858
163.25		0.212858
163.375		0.212858
163.5		0.212858
163.625		0.212858
163.75		0.212858
163.875		0.212858
164		0.212858
164.125		0.212858
164.25		0.212858
164.375		0.212858
164.5		0.212858
164.625		0.212858
164.75		0.212858
164.875		0.212858
165		0.212858
165.125		0.21987
165.25		0.21987
165.375		0.21987
165.5		0.21987
165.625		0.21987
165.75		0.21987
165.875		0.21987
166		0.21987
166.125		0.21987
166.25		0.21987
166.375		0.21987
166.5		0.21987
166.625		0.21987
166.75		0.21987
166.875		0.21987
167		0.21987
167.125		0.21987
167.25		0.21987
167.375		0.21987
167.5		0.21987
167.625		0.21987
167.75		0.21987
167.875		0.21987
168		0.21987
168.125		0.21987
168.25		0.21987
168.375		0.21987
168.5		0.21987
168.625		0.21987
168.75		0.21987
168.875		0.21987
169		0.21987
169.125		0.21987
169.25		0.21987
169.375		0.21987
169.5		0.21987
169.625		0.21987
169.75		0.21987
169.875		0.21987
170		0.21987
170.125		0.241628
170.25		0.241628
170.375		0.241628
170.5		0.241628
170.625		0.241628
170.75		0.241628
170.875		0.241628
171		0.241628
171.125		0.241628
171.25		0.241628
171.375		0.241628
171.5		0.241628
171.625		0.241628
171.75		0.241628
171.875		0.241628
172		0.241628
172.125		0.241628
172.25		0.241628
172.375		0.241628
172.5		0.241628
172.625		0.241628
172.75		0.241628
172.875		0.241628
173		0.241628
173.125		0.241628
173.25		0.241628
173.375		0.241628
173.5		0.241628
173.625		0.241628
173.75		0.241628
173.875		0.241628
174		0.241628
174.125		0.241628
174.25		0.241628
174.375		0.241628
174.5		0.241628
174.625		0.241628
174.75		0.241628
174.875		0.241628
175		0.241628
175.125		0.242611
175.25		0.242611
175.375		0.242611
175.5		0.242611
175.625		0.242611
175.75		0.242611
175.875		0.242611
176		0.242611
176.125		0.242611
176.25		0.242611
176.375		0.242611
176.5		0.242611
176.625		0.242611
176.75		0.242611
176.875		0.242611
177		0.242611
177.125		0.242611
177.25		0.242611
177.375		0.242611
177.5		0.242611
177.625		0.242611
177.75		0.242611
177.875		0.242611
178		0.242611
178.125		0.242611
178.25		0.242611
178.375		0.242611
178.5		0.242611
178.625		0.242611
178.75		0.242611
178.875		0.242611
179		0.242611
179.125		0.242611
179.25		0.242611
179.375		0.242611
179.5		0.242611
179.625		0.242611
179.75		0.242611
179.875		0.242611
180		0.242611
180.125		0.26332
180.25		0.26332
180.375		0.26332
180.5		0.26332
180.625		0.26332
180.75		0.26332
180.875		0.26332
181		0.26332
181.125		0.26332
181.25		0.26332
181.375		0.26332
181.5		0.26332
181.625		0.26332
181.75		0.26332
181.875		0.26332
182		0.26332
182.125		0.26332
182.25		0.26332
182.375		0.26332
182.5		0.26332
182.625		0.26332
182.75		0.26332
182.875		0.26332
183		0.26332
183.125		0.26332
183.25		0.26332
183.375		0.26332
183.5		0.26332
183.625		0.26332
183.75		0.26332
183.875		0.26332
184		0.26332
184.125		0.26332
184.25		0.26332
184.375		0.26332
184.5		0.26332
184.625		0.26332
184.75		0.26332
184.875		0.26332
185		0.26332
185.125		0.274068
185.25		0.274068
185.375		0.274068
185.5		0.274068
185.625		0.274068
185.75		0.274068
185.875		0.274068
186		0.274068
186.125		0.274068
186.25		0.274068
186.375		0.274068
186.5		0.274068
186.625		0.274068
186.75		0.274068
186.875		0.274068
187		0.274068
187.125		0.274068
187.25		0.274068
187.375		0.274068
187.5		0.274068
187.625		0.274068
187.75		0.274068
187.875		0.274068
188		0.274068
188.125		0.274068
188.25		0.274068
188.375		0.274068
188.5		0.274068
188.625		0.274068
188.75		0.274068
188.875		0.274068
189		0.274068
189.125		0.274068
189.25		0.274068
189.375		0.274068
189.5		0.274068
189.625		0.274068
189.75		0.274068
189.875		0.274068
190		0.274068
190.125		0.293532
190.25		0.293532
190.375		0.293532
190.5		0.293532
190.625		0.293532
190.75		0.293532
190.875		0.293532
191		0.293532
191.125		0.293532
191.25		0.293532
191.375		0.293532
191.5		0.293532
191.625		0.293532
191.75		0.293532
191.875		0.293532
192		0.293532
192.125		0.293532
192.25		0.293532
192.375		0.293532
192.5		0.293532
192.625		0.293532
192.75		0.293532
192.875		0.293532
193		0.293532
193.125		0.293532
193.25		0.293532
193.375		0.293532
193.5		0.293532
193.625		0.293532
193.75		0.293532
193.875		0.293532
194		0.293532
194.125		0.293532
194.25		0.293532
194.375		0.293532
194.5		0.293532
194.625		0.293532
194.75		0.293532
194.875		0.293532
195		0.293532
195.125		0.297595
195.25		0.297595
195.375		0.297595
195.5		0.297595
195.625		0.297595
195.75		0.297595
195.875		0.297595
196		0.297595
196.125		0.297595
196.25		0.297595
196.375		0.297595
196.5		0.297595
196.625		0.297595
196.75		0.297595
196.875		0.297595
197		0.297595
197.125		0.297595
197.25		0.297595
197.375		0.297595
197.5		0.297595
197.625		0.297595
197.75		0.297595
197.875		0.297595
198		0.297595
198.125		0.297595
198.25		0.297595
198.375		0.297595
198.5		0.297595
198.625		0.297595
198.75		0.297595
198.875		0.297595
199		0.297595
199.125		0.297595
199.25		0.297595
199.375		0.297595
199.5		0.297595
199.625		0.297595
199.75		0.297595
199.875		0.297595
200		0.297595
200.125		0.299037
200.25		0.299037
200.375		0.299037
200.5		0.299037
200.625		0.299037
200.75		0.299037
200.875		0.299037
201		0.299037
201.125		0.299037
201.25		0.299037
201.375		0.299037
201.5		0.299037
201.625		0.299037
201.75		0.299037
201.875		0.299037
202		0.299037
202.125		0.299037
202.25		0.299037
202.375		0.299037
202.5		0.299037
202.625		0.299037
202.75		0.299037
202.875		0.299037
203		0.299037
203.125		0.299037
203.25		0.299037
203.375		0.299037
203.5		0.299037
203.625		0.299037
203.75		0.299037
203.875		0.299037
204		0.299037
204.125		0.299037
204.25		0.299037
204.375		0.299037
204.5		0.299037
204.625		0.299037
204.75		0.299037
204.875		0.299037
205		0.299037
205.125		0.314765
205.25		0.314765
205.375		0.314765
205.5		0.314765
205.625		0.314765
205.75		0.314765
205.875		0.314765
206		0.314765
206.125		0.314765
206.25		0.314765
206.375		0.314765
206.5		0.314765
206.625		0.314765
206.75		0.314765
206.875		0.314765
207		0.314765
207.125		0.314765
207.25		0.314765
207.375		0.314765
207.5		0.314765
207.625		0.314765
207.75		0.314765
207.875		0.314765
208		0.314765
208.125		0.314765
208.25		0.314765
208.375		0.314765
208.5		0.314765
208.625		0.314765
208.75		0.314765
208.875		0.314765
209		0.314765
209.125		0.314765
209.25		0.314765
209.375		0.314765
209.5		0.314765
209.625		0.314765
209.75		0.314765
209.875		0.314765
210		0.314765
210.125		0.329445
210.25		0.329445
210.375		0.329445
210.5		0.329445
210.625		0.329445
210.75		0.329445
210.875		0.329445
211		0.329445
211.125		0.329445
211.25		0.329445
211.375		0.329445
211.5		0.329445
211.625		0.329445
211.75		0.329445
211.875		0.329445
212		0.329445
212.125		0.329445
212.25		0.329445
212.375		0.329445
212.5		0.329445
212.625		0.329445
212.75		0.329445
212.875		0.329445
213		0.329445
213.125		0.329445
213.25		0.329445
213.375		0.329445
213.5		0.329445
213.625		0.329445
213.75		0.329445
213.875		0.329445
214		0.329445
214.125		0.329445
214.25		0.329445
214.375		0.329445
214.5		0.329445
214.625		0.329445
214.75		0.329445
214.875		0.329445
215		0.329445
215.125		0.344387
215.25		0.344387
215.375		0.344387
215.5		0.344387
215.625		0.344387
215.75		0.344387
215.875		0.344387
216		0.344387
216.125		0.344387
216.25		0.344387
216.375		0.344387
216.5		0.344387
216.625		0.344387
216.75		0.344387
216.875		0.344387
217		0.344387
217.125		0.344387
217.25		0.344387
217.375		0.344387
217.5		0.344387
217.625		0.344387
217.75		0.344387
217.875		0.344387
218		0.344387
218.125		0.344387
218.25		0.344387
218.375		0.344387
218.5		0.344387
218.625		0.344387
218.75		0.344387
218.875		0.344387
219		0.344387
219.125		0.344387
219.25		0.344387
219.375		0.344387
219.5		0.344387
219.625		0.344387
219.75		0.344387
219.875		0.344387
220		0.344387
220.125		0.349499
220.25		0.349499
220.375		0.349499
220.5		0.349499
220.625		0.349499
220.75		0.349499
220.875		0.349499
221		0.349499
221.125		0.349499
221.25		0.349499
221.375		0.349499
221.5		0.349499
221.625		0.349499
221.75		0.349499
221.875		0.349499
222		0.349499
222.125		0.349499
222.25		0.349499
222.375		0.349499
222.5		0.349499
222.625		0.349499
222.75		0.349499
222.875		0.349499
223		0.349499
223.125		0.349499
223.25		0.349499
223.375		0.349499
223.5		0.349499
223.625		0.349499
223.75		0.349499
223.875		0.349499
224		0.349499
224.125		0.349499
224.25		0.349499
224.375		0.349499
224.5		0.349499
224.625		0.349499
224.75		0.349499
224.875		0.349499
225		0.349499
225.125		0.358215
225.25		0.358215
225.375		0.358215
225.5		0.358215
225.625		0.358215
225.75		0.358215
225.875		0.358215
226		0.358215
226.125		0.358215
226.25		0.358215
226.375		0.358215
226.5		0.358215
226.625		0.358215
226.75		0.358215
226.875		0.358215
227		0.358215
227.125		0.358215
227.25		0.358215
227.375		0.358215
227.5		0.358215
227.625		0.358215
227.75		0.358215
227.875		0.358215
228		0.358215
228.125		0.358215
228.25		0.358215
228.375		0.358215
228.5		0.358215
228.625		0.358215
228.75		0.358215
228.875		0.358215
229		0.358215
229.125		0.358215
229.25		0.358215
229.375		0.358215
229.5		0.358215
229.625		0.358215
229.75		0.358215
229.875		0.358215
230		0.358215
230.125		0.382528
230.25		0.382528
230.375		0.382528
230.5		0.382528
230.625		0.382528
230.75		0.382528
230.875		0.382528
231		0.382528
231.125		0.382528
231.25		0.382528
231.375		0.382528
231.5		0.382528
231.625		0.382528
231.75		0.382528
231.875		0.382528
232		0.382528
232.125		0.382528
232.25		0.382528
232.375		0.382528
232.5		0.382528
232.625		0.382528
232.75		0.382528
232.875		0.382528
233		0.382528
233.125		0.382528
233.25		0.382528
233.375		0.382528
233.5		0.382528
233.625		0.382528
233.75		0.382528
233.875		0.382528
234		0.382528
234.125		0.382528
234.25		0.382528
234.375		0.382528
234.5		0.382528
234.625		0.382528
234.75		0.382528
234.875		0.382528
235		0.382528
235.125		0.396291
235.25		0.396291
235.375		0.396291
235.5		0.396291
235.625		0.396291
235.75		0.396291
235.875		0.396291
236		0.396291
236.125		0.396291
236.25		0.396291
236.375		0.396291
236.5		0.396291
236.625		0.396291
236.75		0.396291
236.875		0.396291
237		0.396291
237.125		0.396291
237.25		0.396291
237.375		0.396291
237.5		0.396291
237.625		0.396291
237.75		0.396291
237.875		0.396291
238		0.396291
238.125		0.396291
238.25		0.396291
238.375		0.396291
238.5		0.396291
238.625		0.396291
238.75		0.396291
238.875		0.396291
239		0.396291
239.125		0.396291
239.25		0.396291
239.375		0.396291
239.5		0.396291
239.625		0.396291
239.75		0.396291
239.875		0.396291
240		0.396291
240.125		0.401796
240.25		0.401796
240.375		0.401796
240.5		0.401796
240.625		0.401796
240.75		0.401796
240.875		0.401796
241		0.401796
241.125		0.401796
241.25		0.401796
241.375		0.401796
241.5		0.401796
241.625		0.401796
241.75		0.401796
241.875		0.401796
242		0.401796
242.125		0.401796
242.25		0.401796
242.375		0.401796
242.5		0.401796
242.625		0.401796
242.75		0.401796
242.875		0.401796
243		0.401796
243.125		0.401796
243.25		0.401796
243.375		0.401796
243.5		0.401796
243.625		0.401796
243.75		0.401796
243.875		0.401796
244		0.401796
244.125		0.401796
244.25		0.401796
244.375		0.401796
244.5		0.401796
244.625		0.401796
244.75		0.401796
244.875		0.401796
245		0.401796
245.125		0.415492
245.25		0.415492
245.375		0.415492
245.5		0.415492
245.625		0.415492
245.75		0.415492
245.875		0.415492
246		0.415492
246.125		0.415492
246.25		0.415492
246.375		0.415492
246.5		0.415492
246.625		0.415492
246.75		0.415492
246.875		0.415492
247		0.415492
247.125		0.415492
247.25		0.415492
247.375		0.415492
247.5		0.415492
247.625		0.415492
247.75		0.415492
247.875		0.415492
248		0.415492
248.125		0.415492
248.25		0.415492
248.375		0.415492
248.5		0.415492
248.625		0.415492
248.75		0.415492
248.875		0.415492
249		0.415492
249.125		0.415492
249.25		0.415492
249.375		0.415492
249.5		0.415492
249.625		0.415492
249.75		0.415492
249.875		0.415492
250		0.415492
250.125		0.421325
250.25		0.421325
250.375		0.421325
250.5		0.421325
250.625		0.421325
250.75		0.421325
250.875		0.421325
251		0.421325
251.125		0.421325
251.25		0.421325
251.375		0.421325
251.5		0.421325
251.625		0.421325
251.75		0.421325
251.875		0.421325
252		0.421325
252.125		0.421325
252.25		0.421325
252.375		0.421325
252.5		0.421325
252.625		0.421325
252.75		0.421325
252.875		0.421325
253		0.421325
253.125		0.421325
253.25		0.421325
253.375		0.421325
253.5		0.421325
253.625		0.421325
253.75		0.421325
253.875		0.421325
254		0.421325
254.125		0.421325
254.25		0.421325
254.375		0.421325
254.5		0.421325
254.625		0.421325
254.75		0.421325
254.875		0.421325
255		0.421325
255.125		0.433777
255.25		0.433777
255.375		0.433777
255.5		0.433777
255.625		0.433777
255.75		0.433777
255.875		0.433777
256		0.433777
256.125		0.433777
256.25		0.433777
256.375		0.433777
256.5		0.433777
256.625		0.433777
256.75		0.433777
256.875		0.433777
257		0.433777
257.125		0.433777
257.25		0.433777
257.375		0.433777
257.5		0.433777
257.625		0.433777
257.75		0.433777
257.875		0.433777
258		0.433777
258.125		0.433777
258.25		0.433777
258.375		0.433777
258.5		0.433777
258.625		0.433777
258.75		0.433777
258.875		0.433777
259		0.433777
259.125		0.433777
259.25		0.433777
259.375		0.433777
259.5		0.433777
259.625		0.433777
259.75		0.433777
259.875		0.433777
260		0.433777
260.125		0.434563
260.25		0.434563
260.375		0.434563
260.5		0.434563
260.625		0.434563
260.75		0.434563
260.875		0.434563
261		0.434563
261.125		0.434563
261.25		0.434563
261.375		0.434563
261.5		0.434563
261.625		0.434563
261.75		0.434563
261.875		0.434563
262		0.434563
262.125		0.434563
262.25		0.434563
262.375		0.434563
262.5		0.434563
262.625		0.434563
262.75		0.434563
262.875		0.434563
263		0.434563
263.125		0.434563
263.25		0.434563
263.375		0.434563
263.5		0.434563
263.625		0.434563
263.75		0.434563
263.875		0.434563
264		0.434563
264.125		0.434563
264.25		0.434563
264.375		0.434563
264.5		0.434563
264.625		0.434563
264.75		0.434563
264.875		0.434563
265		0.434563
265.125		0.465692
265.25		0.465692
265.375		0.465692
265.5		0.465692
265.625		0.465692
265.75		0.465692
265.875		0.465692
266		0.465692
266.125		0.465692
266.25		0.465692
266.375		0.465692
266.5		0.465692
266.625		0.465692
266.75		0.465692
266.875		0.465692
267		0.465692
267.125		0.465692
267.25		0.465692
267.375		0.465692
267.5		0.465692
267.625		0.465692
267.75		0.465692
267.875		0.465692
268		0.465692
268.125		0.465692
268.25		0.465692
268.375		0.465692
268.5		0.465692
268.625		0.465692
268.75		0.465692
268.875		0.465692
269		0.465692
269.125		0.465692
269.25		0.465692
269.375		0.465692
269.5		0.465692
269.625		0.465692
269.75		0.465692
269.875		0.465692
270		0.465692
270.125		0.46779
270.25		0.46779
270.375		0.46779
270.5		0.46779
270.625		0.46779
270.75		0.46779
270.875		0.46779
271		0.46779
271.125		0.46779
271.25		0.46779
271.375		0.46779
271.5		0.46779
271.625		0.46779
271.75		0.46779
271.875		0.46779
272		0.46779
272.125		0.46779
272.25		0.46779
272.375		0.46779
272.5		0.46779
272.625		0.46779
272.75		0.46779
272.875		0.46779
273		0.46779
273.125		0.46779
273.25		0.46779
273.375		0.46779
273.5		0.46779
273.625		0.46779
273.75		0.46779
273.875		0.46779
274		0.46779
274.125		0.46779
274.25		0.46779
274.375		0.46779
274.5		0.46779
274.625		0.46779
274.75		0.46779
274.875		0.46779
275		0.46779
275.125		0.476899
275.25		0.476899
275.375		0.476899
275.5		0.476899
275.625		0.476899
275.75		0.476899
275.875		0.476899
276		0.476899
276.125		0.476899
276.25		0.476899
276.375		0.476899
276.5		0.476899
276.625		0.476899
276.75		0.476899
276.875		0.476899
277		0.476899
277.125		0.476899
277.25		0.476899
277.375		0.476899
277.5		0.476899
277.625		0.476899
277.75		0.476899
277.875		0.476899
278		0.476899
278.125		0.476899
278.25		0.476899
278.375		0.476899
278.5		0.476899
278.625		0.476899
278.75		0.476899
278.875		0.476899
279		0.476899
279.125		0.476899
279.25		0.476899
279.375		0.476899
279.5		0.476899
279.625		0.476899
279.75		0.476899
279.875		0.476899
280		0.476899
280.125		0.496166
280.25		0.496166
280.375		0.496166
280.5		0.496166
280.625		0.496166
280.75		0.496166
280.875		0.496166
281		0.496166
281.125		0.496166
281.25		0.496166
281.375		0.496166
281.5		0.496166
281.625		0.496166
281.75		0.496166
281.875		0.496166
282		0.496166
282.125		0.496166
282.25		0.496166
282.375		0.496166
282.5		0.496166
282.625		0.496166
282.75		0.496166
282.875		0.496166
283		0.496166
283.125		0.496166
283.25		0.496166
283.375		0.496166
283.5		0.496166
283.625		0.496166
283.75		0.496166
283.875		0.496166
284		0.496166
284.125		0.496166
284.25		0.496166
284.375		0.496166
284.5		0.496166
284.625		0.496166
284.75		0.496166
284.875		0.496166
285		0.496166
285.125		0.497739
285.25		0.497739
285.375		0.497739
285.5		0.497739
285.625		0.497739
285.75		0.497739
285.875		0.497739
286		0.497739
286.125		0.497739
286.25		0.497739
286.375		0.497739
286.5		0.497739
286.625		0.497739
286.75		0.497739
286.875		0.497739
287		0.497739
287.125		0.497739
287.25		0.497739
287.375		0.497739
287.5		0.497739
287.625		0.497739
287.75		0.497739
287.875		0.497739
288		0.497739
288.125		0.497739
288.25		0.497739
288.375		0.497739
288.5		0.497739
288.625		0.497739
288.75		0.497739
288.875		0.497739
289		0.497739
289.125		0.497739
289.25		0.497739
289.375		0.497739
289.5		0.497739
289.625		0.497739
289.75		0.497739
289.875		0.497739
290		0.497739
290.125		0.500295
290.25		0.500295
290.375		0.500295
290.5		0.500295
290.625		0.500295
290.75		0.500295
290.875		0.500295
291		0.500295
291.125		0.500295
291.25		0.500295
291.375		0.500295
291.5		0.500295
291.625		0.500295
291.75		0.500295
291.875		0.500295
292		0.500295
292.125		0.500295
292.25		0.500295
292.375		0.500295
292.5		0.500295
292.625		0.500295
292.75		0.500295
292.875		0.500295
293		0.500295
293.125		0.500295
293.25		0.500295
293.375		0.500295
293.5		0.500295
293.625		0.500295
293.75		0.500295
293.875		0.500295
294		0.500295
294.125		0.500295
294.25		0.500295
294.375		0.500295
294.5		0.500295
294.625		0.500295
294.75		0.500295
294.875		0.500295
295		0.500295
295.125		0.529589
295.25		0.529589
295.375		0.529589
295.5		0.529589
295.625		0.529589
295.75		0.529589
295.875		0.529589
296		0.529589
296.125		0.529589
296.25		0.529589
296.375		0.529589
296.5		0.529589
296.625		0.529589
296.75		0.529589
296.875		0.529589
297		0.529589
297.125		0.529589
297.25		0.529589
297.375		0.529589
297.5		0.529589
297.625		0.529589
297.75		0.529589
297.875		0.529589
298		0.529589
298.125		0.529589
298.25		0.529589
298.375		0.529589
298.5		0.529589
298.625		0.529589
298.75		0.529589
298.875		0.529589
299		0.529589
299.125		0.529589
299.25		0.529589
299.375		0.529589
299.5		0.529589
299.625		0.529589
299.75		0.529589
299.875		0.529589
300		0.529589
300.125		0.53955
300.25		0.53955
300.375		0.53955
300.5		0.53955
300.625		0.53955
300.75		0.53955
300.875		0.53955
301		0.53955
301.125		0.53955
301.25		0.53955
301.375		0.53955
301.5		0.53955
301.625		0.53955
301.75		0.53955
301.875		0.53955
302		0.53955
302.125		0.53955
302.25		0.53955
302.375		0.53955
302.5		0.53955
302.625		0.53955
302.75		0.53955
302.875		0.53955
303		0.53955
303.125		0.53955
303.25		0.53955
303.375		0.53955
303.5		0.53955
303.625		0.53955
303.75		0.53955
303.875		0.53955
304		0.53955
304.125		0.53955
304.25		0.53955
304.375		0.53955
304.5		0.53955
304.625		0.53955
304.75		0.53955
304.875		0.53955
305		0.53955
305.125		0.548594
305.25		0.548594
305.375		0.548594
305.5		0.548594
305.625		0.548594
305.75		0.548594
305.875		0.548594
306		0.548594
306.125		0.548594
306.25		0.548594
306.375		0.548594
306.5		0.548594
306.625		0.548594
306.75		0.548594
306.875		0.548594
307		0.548594
307.125		0.548594
307.25		0.548594
307.375		0.548594
307.5		0.548594
307.625		0.548594
307.75		0.548594
307.875		0.548594
308		0.548594
308.125		0.548594
308.25		0.548594
308.375		0.548594
308.5		0.548594
308.625		0.548594
308.75		0.548594
308.875		0.548594
309		0.548594
309.125		0.548594
309.25		0.548594
309.375		0.548594
309.5		0.548594
309.625		0.548594
309.75		0.548594
309.875		0.548594
310		0.548594
310.125		0.564519
310.25		0.564519
310.375		0.564519
310.5		0.564519
310.625		0.564519
310.75		0.564519
310.875		0.564519
311		0.564519
311.125		0.564519
311.25		0.564519
311.375		0.564519
311.5		0.564519
311.625		0.564519
311.75		0.564519
311.875		0.564519
312		0.564519
312.125		0.564519
312.25		0.564519
312.375		0.564519
312.5		0.564519
312.625		0.564519
312.75		0.564519
312.875		0.564519
313		0.564519
313.125		0.564519
313.25		0.564519
313.375		0.564519
313.5		0.564519
313.625		0.564519
313.75		0.564519
313.875		0.564519
314		0.564519
314.125		0.564519
314.25		0.564519
314.375		0.564519
314.5		0.564519
314.625		0.564519
314.75		0.564519
314.875		0.564519
315		0.564519
315.125		0.5695
315.25		0.5695
315.375		0.5695
315.5		0.5695
315.625		0.5695
315.75		0.5695
315.875		0.5695
316		0.5695
316.125		0.5695
316.25		0.5695
316.375		0.5695
316.5		0.5695
316.625		0.5695
316.75		0.5695
316.875		0.5695
317		0.5695
317.125		0.5695
317.25		0.5695
317.375		0.5695
317.5		0.5695
317.625		0.5695
317.75		0.5695
317.875		0.5695
318		0.5695
318.125		0.5695
318.25		0.5695
318.375		0.5695
318.5		0.5695
318.625		0.5695
318.75		0.5695
318.875		0.5695
319		0.5695
319.125		0.5695
319.25		0.5695
319.375		0.5695
319.5		0.5695
319.625		0.5695
319.75		0.5695
319.875		0.5695
320		0.5695
320.125		0.59283
320.25		0.59283
320.375		0.59283
320.5		0.59283
320.625		0.59283
320.75		0.59283
320.875		0.59283
321		0.59283
321.125		0.59283
321.25		0.59283
321.375		0.59283
321.5		0.59283
321.625		0.59283
321.75		0.59283
321.875		0.59283
322		0.59283
322.125		0.59283
322.25		0.59283
322.375		0.59283
322.5		0.59283
322.625		0.59283
322.75		0.59283
322.875		0.59283
323		0.59283
323.125		0.59283
323.25		0.59283
323.375		0.59283
323.5		0.59283
323.625		0.59283
323.75		0.59283
323.875		0.59283
324		0.59283
324.125		0.59283
324.25		0.59283
324.375		0.59283
324.5		0.59283
324.625		0.59283
324.75		0.59283
324.875		0.59283
325		0.59283
325.125		0.600236
325.25		0.600236
325.375		0.600236
325.5		0.600236
325.625		0.600236
325.75		0.600236
325.875		0.600236
326		0.600236
326.125		0.600236
326.25		0.600236
326.375		0.600236
326.5		0.600236
326.625		0.600236
326.75		0.600236
326.875		0.600236
327		0.600236
327.125		0.600236
327.25		0.600236
327.375		0.600236
327.5		0.600236
327.625		0.600236
327.75		0.600236
327.875		0.600236
328		0.600236
328.125		0.600236
328.25		0.600236
328.375		0.600236
328.5		0.600236
328.625		0.600236
328.75		0.600236
328.875		0.600236
329		0.600236
329.125		0.600236
329.25		0.600236
329.375		0.600236
329.5		0.600236
329.625		0.600236
329.75		0.600236
329.875		0.600236
330		0.600236
330.125		0.601743
330.25		0.601743
330.375		0.601743
330.5		0.601743
330.625		0.601743
330.75		0.601743
330.875		0.601743
331		0.601743
331.125		0.601743
331.25		0.601743
331.375		0.601743
331.5		0.601743
331.625		0.601743
331.75		0.601743
331.875		0.601743
332		0.601743
332.125		0.601743
332.25		0.601743
332.375		0.601743
332.5		0.601743
332.625		0.601743
332.75		0.601743
332.875		0.601743
333		0.601743
333.125		0.601743
333.25		0.601743
333.375		0.601743
333.5		0.601743
333.625		0.601743
333.75		0.601743
333.875		0.601743
334		0.601743
334.125		0.601743
334.25		0.601743
334.375		0.601743
334.5		0.601743
334.625		0.601743
334.75		0.601743
334.875		0.601743
335		0.601743
335.125		0.606921
335.25		0.606921
335.375		0.606921
335.5		0.606921
335.625		0.606921
335.75		0.606921
335.875		0.606921
336		0.606921
336.125		0.606921
336.25		0.606921
336.375		0.606921
336.5		0.606921
336.625		0.606921
336.75		0.606921
336.875		0.606921
337		0.606921
337.125		0.606921
337.25		0.606921
337.375		0.606921
337.5		0.606921
337.625		0.606921
337.75		0.606921
337.875		0.606921
338		0.606921
338.125		0.606921
338.25		0.606921
338.375		0.606921
338.5		0.606921
338.625		0.606921
338.75		0.606921
338.875		0.606921
339		0.606921
339.125		0.606921
339.25		0.606921
339.375		0.606921
339.5		0.606921
339.625		0.606921
339.75		0.606921
339.875		0.606921
340		0.606921
340.125		0.625467
340.25		0.625467
340.375		0.625467
340.5		0.625467
340.625		0.625467
340.75		0.625467
340.875		0.625467
341		0.625467
341.125		0.625467
341.25		0.625467
341.375		0.625467
341.5		0.625467
341.625		0.625467
341.75		0.625467
341.875		0.625467
342		0.625467
342.125		0.625467
342.25		0.625467
342.375		0.625467
342.5		0.625467
342.625		0.625467
342.75		0.625467
342.875		0.625467
343		0.625467
343.125		0.625467
343.25		0.625467
343.375		0.625467
343.5		0.625467
343.625		0.625467
343.75		0.625467
343.875		0.625467
344		0.625467
344.125		0.625467
344.25		0.625467
344.375		0.625467
344.5		0.625467
344.625		0.625467
344.75		0.625467
344.875		0.625467
345		0.625467
345.125		0.63438
345.25		0.63438
345.375		0.63438
345.5		0.63438
345.625		0.63438
345.75		0.63438
345.875		0.63438
346		0.63438
346.125		0.63438
346.25		0.63438
346.375		0.63438
346.5		0.63438
346.625		0.63438
346.75		0.63438
346.875		0.63438
347		0.63438
347.125		0.63438
347.25		0.63438
347.375		0.63438
347.5		0.63438
347.625		0.63438
347.75		0.63438
347.875		0.63438
348		0.63438
348.125		0.63438
348.25		0.63438
348.375		0.63438
348.5		0.63438
348.625		0.63438
348.75		0.63438
348.875		0.63438
349		0.63438
349.125		0.63438
349.25		0.63438
349.375		0.63438
349.5		0.63438
349.625		0.63438
349.75		0.63438
349.875		0.63438
350		0.63438
350.125		0.655875
350.25		0.655875
350.375		0.655875
350.5		0.655875
350.625		0.655875
350.75		0.655875
350.875		0.655875
351		0.655875
351.125		0.655875
351.25		0.655875
351.375		0.655875
351.5		0.655875
351.625		0.655875
351.75		0.655875
351.875		0.655875
352		0.655875
352.125		0.655875
352.25		0.655875
352.375		0.655875
352.5		0.655875
352.625		0.655875
352.75		0.655875
352.875		0.655875
353		0.655875
353.125		0.655875
353.25		0.655875
353.375		0.655875
353.5		0.655875
353.625		0.655875
353.75		0.655875
353.875		0.655875
354		0.655875
354.125		0.655875
354.25		0.655875
354.375		0.655875
354.5		0.655875
354.625		0.655875
354.75		0.655875
354.875		0.655875
355		0.655875
355.125		0.659218
355.25		0.659218
355.375		0.659218
355.5		0.659218
355.625		0.659218
355.75		0.659218
355.875		0.659218
356		0.659218
356.125		0.659218
356.25		0.659218
356.375		0.659218
356.5		0.659218
356.625		0.659218
356.75		0.659218
356.875		0.659218
357		0.659218
357.125		0.659218
357.25		0.659218
357.375		0.659218
357.5		0.659218
357.625		0.659218
357.75		0.659218
357.875		0.659218
358		0.659218
358.125		0.659218
358.25		0.659218
358.375		0.659218
358.5		0.659218
358.625		0.659218
358.75		0.659218
358.875		0.659218
359		0.659218
359.125		0.659218
359.25		0.659218
359.375		0.659218
359.5		0.659218
359.625		0.659218
359.75		0.659218
359.875		0.659218
360		0.659218
360.125		0.682941
360.25		0.682941
360.375		0.682941
360.5		0.682941
360.625		0.682941
360.75		0.682941
360.875		0.682941
361		0.682941
361.125		0.682941
361.25		0.682941
361.375		0.682941
361.5		0.682941
361.625		0.682941
361.75		0.682941
361.875		0.682941
362		0.682941
362.125		0.682941
362.25		0.682941
362.375		0.682941
362.5		0.682941
362.625		0.682941
362.75		0.682941
362.875		0.682941
363		0.682941
363.125		0.682941
363.25		0.682941
363.375		0.682941
363.5		0.682941
363.625		0.682941
363.75		0.682941
363.875		0.682941
364		0.682941
364.125		0.682941
364.25		0.682941
364.375		0.682941
364.5		0.682941
364.625		0.682941
364.75		0.682941
364.875		0.682941
365		0.682941
365.125		0.685956
365.25		0.685956
365.375		0.685956
365.5		0.685956
365.625		0.685956
365.75		0.685956
365.875		0.685956
366		0.685956
366.125		0.685956
366.25		0.685956
366.375		0.685956
366.5		0.685956
366.625		0.685956
366.75		0.685956
366.875		0.685956
367		0.685956
367.125		0.685956
367.25		0.685956
367.375		0.685956
367.5		0.685956
367.625		0.685956
367.75		0.685956
367.875		0.685956
368		0.685956
368.125		0.685956
368.25		0.685956
368.375		0.685956
368.5		0.685956
368.625		0.685956
368.75		0.685956
368.875		0.685956
369		0.685956
369.125		0.685956
369.25		0.685956
369.375		0.685956
369.5		0.685956
369.625		0.685956
369.75		0.685956
369.875		0.685956
370		0.685956
370.125		0.696441
370.25		0.696441
370.375		0.696441
370.5		0.696441
370.625		0.696441
370.75		0.696441
370.875		0.696441
371		0.696441
371.125		0.696441
371.25		0.696441
371.375		0.696441
371.5		0.696441
371.625		0.696441
371.75		0.696441
371.875		0.696441
372		0.696441
372.125		0.696441
372.25		0.696441
372.375		0.696441
372.5		0.696441
372.625		0.696441
372.75		0.696441
372.875		0.696441
373		0.696441
373.125		0.696441
373.25		0.696441
373.375		0.696441
373.5		0.696441
373.625		0.696441
373.75		0.696441
373.875		0.696441
374		0.696441
374.125		0.696441
374.25		0.696441
374.375		0.696441
374.5		0.696441
374.625		0.696441
374.75		0.696441
374.875		0.696441
375		0.696441
375.125		0.710335
375.25		0.710335
375.375		0.710335
375.5		0.710335
375.625		0.710335
375.75		0.710335
375.875		0.710335
376		0.710335
376.125		0.710335
376.25		0.710335
376.375		0.710335
376.5		0.710335
376.625		0.710335
376.75		0.710335
376.875		0.710335
377		0.710335
377.125		0.710335
377.25		0.710335
377.375		0.710335
377.5		0.710335
377.625		0.710335
377.75		0.710335
377.875		0.710335
378		0.710335
378.125		0.710335
378.25		0.710335
378.375		0.710335
378.5		0.710335
378.625		0.710335
378.75		0.710335
378.875		0.710335
379		0.710335
379.125		0.710335
379.25		0.710335
379.375		0.710335
379.5		0.710335
379.625		0.710335
379.75		0.710335
379.875		0.710335
380		0.710335
380.125		0.72744
380.25		0.72744
380.375		0.72744
380.5		0.72744
380.625		0.72744
380.75		0.72744
380.875		0.72744
381		0.72744
381.125		0.72744
381.25		0.72744
381.375		0.72744
381.5		0.72744
381.625		0.72744
381.75		0.72744
381.875		0.72744
382		0.72744
382.125		0.72744
382.25		0.72744
382.375		0.72744
382.5		0.72744
382.625		0.72744
382.75		0.72744
382.875		0.72744
383		0.72744
383.125		0.72744
383.25		0.72744
383.375		0.72744
383.5		0.72744
383.625		0.72744
383.75		0.72744
383.875		0.72744
384		0.72744
384.125		0.72744
384.25		0.72744
384.375		0.72744
384.5		0.72744
384.625		0.72744
384.75		0.72744
384.875		0.72744
385		0.72744
385.125		0.737139
385.25		0.737139
385.375		0.737139
385.5		0.737139
385.625		0.737139
385.75		0.737139
385.875		0.737139
386		0.737139
386.125		0.737139
386.25		0.737139
386.375		0.737139
386.5		0.737139
386.625		0.737139
386.75		0.737139
386.875		0.737139
387		0.737139
387.125		0.737139
387.25		0.737139
387.375		0.737139
387.5		0.737139
387.625		0.737139
387.75		0.737139
387.875		0.737139
388		0.737139
388.125		0.737139
388.25		0.737139
388.375		0.737139
388.5		0.737139
388.625		0.737139
388.75		0.737139
388.875		0.737139
389		0.737139
389.125		0.737139
389.25		0.737139
389.375		0.737139
389.5		0.737139
389.625		0.737139
389.75		0.737139
389.875		0.737139
390		0.737139
390.125		0.753719
390.25		0.753719
390.375		0.753719
390.5		0.753719
390.625		0.753719
390.75		0.753719
390.875		0.753719
391		0.753719
391.125		0.753719
391.25		0.753719
391.375		0.753719
391.5		0.753719
391.625		0.753719
391.75		0.753719
391.875		0.753719
392		0.753719
392.125		0.753719
392.25		0.753719
392.375		0.753719
392.5		0.753719
392.625		0.753719
392.75		0.753719
392.875		0.753719
393		0.753719
393.125		0.753719
393.25		0.753719
393.375		0.753719
393.5		0.753719
393.625		0.753719
393.75		0.753719
393.875		0.753719
394		0.753719
394.125		0.753719
394.25		0.753719
394.375		0.753719
394.5		0.753719
394.625		0.753719
394.75		0.753719
394.875		0.753719
395		0.753719
395.125		0.765778
395.25		0.765778
395.375		0.765778
395.5		0.765778
395.625		0.765778
395.75		0.765778
395.875		0.765778
396		0.765778
396.125		0.765778
396.25		0.765778
396.375		0.765778
396.5		0.765778
396.625		0.765778
396.75		0.765778
396.875		0.765778
397		0.765778
397.125		0.765778
397.25		0.765778
397.375		0.765778
397.5		0.765778
397.625		0.765778
397.75		0.765778
397.875		0.765778
398		0.765778
398.125		0.765778
398.25		0.765778
398.375		0.765778
398.5		0.765778
398.625		0.765778
398.75		0.765778
398.875		0.765778
399		0.765778
399.125		0.765778
399.25		0.765778
399.375		0.765778
399.5		0.765778
399.625		0.765778
399.75		0.765778
399.875		0.765778
400		0.765778
400.125		0.769841
400.25		0.769841
400.375		0.769841
400.5		0.769841
400.625		0.769841
400.75		0.769841
400.875		0.769841
401		0.769841
401.125		0.769841
401.25		0.769841
401.375		0.769841
401.5		0.769841
401.625		0.769841
401.75		0.769841
401.875		0.769841
402		0.769841
402.125		0.769841
402.25		0.769841
402.375		0.769841
402.5		0.769841
402.625		0.769841
402.75		0.769841
402.875		0.769841
403		0.769841
403.125		0.769841
403.25		0.769841
403.375		0.769841
403.5		0.769841
403.625		0.769841
403.75		0.769841
403.875		0.769841
404		0.769841
404.125		0.769841
404.25		0.769841
404.375		0.769841
404.5		0.769841
404.625		0.769841
404.75		0.769841
404.875		0.769841
405		0.769841
405.125		0.780654
405.25		0.780654
405.375		0.780654
405.5		0.780654
405.625		0.780654
405.75		0.780654
405.875		0.780654
406		0.780654
406.125		0.780654
406.25		0.780654
406.375		0.780654
406.5		0.780654
406.625		0.780654
406.75		0.780654
406.875		0.780654
407		0.780654
407.125		0.780654
407.25		0.780654
407.375		0.780654
407.5		0.780654
407.625		0.780654
407.75		0.780654
407.875		0.780654
408		0.780654
408.125		0.780654
408.25		0.780654
408.375		0.780654
408.5		0.780654
408.625		0.780654
408.75		0.780654
408.875		0.780654
409		0.780654
409.125		0.780654
409.25		0.780654
409.375		0.780654
409.5		0.780654
409.625		0.780654
409.75		0.780654
409.875		0.780654
410		0.780654
410.125		0.803919
410.25		0.803919
410.375		0.803919
410.5		0.803919
410.625		0.803919
410.75		0.803919
410.875		0.803919
411		0.803919
411.125		0.803919
411.25		0.803919
411.375		0.803919
411.5		0.803919
411.625		0.803919
411.75		0.803919
411.875		0.803919
412		0.803919
412.125		0.803919
412.25		0.803919
412.375		0.803919
412.5		0.803919
412.625		0.803919
412.75		0.803919
412.875		0.803919
413		0.803919
413.125		0.803919
413.25		0.803919
413.375		0.803919
413.5		0.803919
413.625		0.803919
413.75		0.803919
413.875		0.803919
414		0.803919
414.125		0.803919
414.25		0.803919
414.375		0.803919
414.5		0.803919
414.625		0.803919
414.75		0.803919
414.875		0.803919
415		0.803919
415.125		0.812701
415.25		0.812701
415.375		0.812701
415.5		0.812701
415.625		0.812701
415.75		0.812701
415.875		0.812701
416		0.812701
416.125		0.812701
416.25		0.812701
416.375		0.812701
416.5		0.812701
416.625		0.812701
416.75		0.812701
416.875		0.812701
417		0.812701
417.125		0.812701
417.25		0.812701
417.375		0.812701
417.5		0.812701
417.625		0.812701
417.75		0.812701
417.875		0.812701
418		0.812701
418.125		0.812701
418.25		0.812701
418.375		0.812701
418.5		0.812701
418.625		0.812701
418.75		0.812701
418.875		0.812701
419		0.812701
419.125		0.812701
419.25		0.812701
419.375		0.812701
419.5		0.812701
419.625		0.812701
419.75		0.812701
419.875		0.812701
420		0.812701
420.125		0.824038
420.25		0.824038
420.375		0.824038
420.5		0.824038
420.625		0.824038
420.75		0.824038
420.875		0.824038
421		0.824038
421.125		0.824038
421.25		0.824038
421.375		0.824038
421.5		0.824038
421.625		0.824038
421.75		0.824038
421.875		0.824038
422		0.824038
422.125		0.824038
422.25		0.824038
422.375		0.824038
422.5		0.824038
422.625		0.824038
422.75		0.824038
422.875		0.824038
423		0.824038
423.125		0.824038
423.25		0.824038
423.375		0.824038
423.5		0.824038
423.625		0.824038
423.75		0.824038
423.875		0.824038
424		0.824038
424.125		0.824038
424.25		0.824038
424.375		0.824038
424.5		0.824038
424.625		0.824038
424.75		0.824038
424.875		0.824038
425		0.824038
425.125		0.838849
425.25		0.838849
425.375		0.838849
425.5		0.838849
425.625		0.838849
425.75		0.838849
425.875		0.838849
426		0.838849
426.125		0.838849
426.25		0.838849
426.375		0.838849
426.5		0.838849
426.625		0.838849
426.75		0.838849
426.875		0.838849
427		0.838849
427.125		0.838849
427.25		0.838849
427.375		0.838849
427.5		0.838849
427.625		0.838849
427.75		0.838849
427.875		0.838849
428		0.838849
428.125		0.838849
428.25		0.838849
428.375		0.838849
428.5		0.838849
428.625		0.838849
428.75		0.838849
428.875		0.838849
429		0.838849
429.125		0.838849
429.25		0.838849
429.375		0.838849
429.5		0.838849
429.625		0.838849
429.75		0.838849
429.875		0.838849
430		0.838849
430.125		0.85058
430.25		0.85058
430.375		0.85058
430.5		0.85058
430.625		0.85058
430.75		0.85058
430.875		0.85058
431		0.85058
431.125		0.85058
431.25		0.85058
431.375		0.85058
431.5		0.85058
431.625		0.85058
431.75		0.85058
431.875		0.85058
432		0.85058
432.125		0.85058
432.25		0.85058
432.375		0.85058
432.5		0.85058
432.625		0.85058
432.75		0.85058
432.875		0.85058
433		0.85058
433.125		0.85058
433.25		0.85058
433.375		0.85058
433.5		0.85058
433.625		0.85058
433.75		0.85058
433.875		0.85058
434		0.85058
434.125		0.85058
434.25		0.85058
434.375		0.85058
434.5		0.85058
434.625		0.85058
434.75		0.85058
434.875		0.85058
435		0.85058
435.125		0.863818
435.25		0.863818
435.375		0.863818
435.5		0.863818
435.625		0.863818
435.75		0.863818
435.875		0.863818
436		0.863818
436.125		0.863818
436.25		0.863818
436.375		0.863818
436.5		0.863818
436.625		0.863818
436.75		0.863818
436.875		0.863818
437		0.863818
437.125		0.863818
437.25		0.863818
437.375		0.863818
437.5		0.863818
437.625		0.863818
437.75		0.863818
437.875		0.863818
438		0.863818
438.125		0.863818
438.25		0.863818
438.375		0.863818
438.5		0.863818
438.625		0.863818
438.75		0.863818
438.875		0.863818
439		0.863818
439.125		0.863818
439.25		0.863818
439.375		0.863818
439.5		0.863818
439.625		0.863818
439.75		0.863818
439.875		0.863818
440		0.863818
440.125		0.876204
440.25		0.876204
440.375		0.876204
440.5		0.876204
440.625		0.876204
440.75		0.876204
440.875		0.876204
441		0.876204
441.125		0.876204
441.25		0.876204
441.375		0.876204
441.5		0.876204
441.625		0.876204
441.75		0.876204
441.875		0.876204
442		0.876204
442.125		0.876204
442.25		0.876204
442.375		0.876204
442.5		0.876204
442.625		0.876204
442.75		0.876204
442.875		0.876204
443		0.876204
443.125		0.876204
443.25		0.876204
443.375		0.876204
443.5		0.876204
443.625		0.876204
443.75		0.876204
443.875		0.876204
444		0.876204
444.125		0.876204
444.25		0.876204
444.375		0.876204
444.5		0.876204
444.625		0.876204
444.75		0.876204
444.875		0.876204
445		0.876204
445.125		0.891343
445.25		0.891343
445.375		0.891343
445.5		0.891343
445.625		0.891343
445.75		0.891343
445.875		0.891343
446		0.891343
446.125		0.891343
446.25		0.891343
446.375		0.891343
446.5		0.891343
446.625		0.891343
446.75		0.891343
446.875		0.891343
447		0.891343
447.125		0.891343
447.25		0.891343
447.375		0.891343
447.5		0.891343
447.625		0.891343
447.75		0.891343
447.875		0.891343
448		0.891343
448.125		0.891343
448.25		0.891343
448.375		0.891343
448.5		0.891343
448.625		0.891343
448.75		0.891343
448.875		0.891343
449		0.891343
449.125		0.891343
449.25		0.891343
449.375		0.891343
449.5		0.891343
449.625		0.891343
449.75		0.891343
449.875		0.891343
450		0.891343
450.125		0.898552
450.25		0.898552
450.375		0.898552
450.5		0.898552
450.625		0.898552
450.75		0.898552
450.875		0.898552
451		0.898552
451.125		0.898552
451.25		0.898552
451.375		0.898552
451.5		0.898552
451.625		0.898552
451.75		0.898552
451.875		0.898552
452		0.898552
452.125		0.898552
452.25		0.898552
452.375		0.898552
452.5		0.898552
452.625		0.898552
452.75		0.898552
452.875		0.898552
453		0.898552
453.125		0.898552
453.25		0.898552
453.375		0.898552
453.5		0.898552
453.625		0.898552
453.75		0.898552
453.875		0.898552
454		0.898552
454.125		0.898552
454.25		0.898552
454.375		0.898552
454.5		0.898552
454.625		0.898552
454.75		0.898552
454.875		0.898552
455		0.898552
455.125		0.918474
455.25		0.918474
455.375		0.918474
455.5		0.918474
455.625		0.918474
455.75		0.918474
455.875		0.918474
456		0.918474
456.125		0.918474
456.25		0.918474
456.375		0.918474
456.5		0.918474
456.625		0.918474
456.75		0.918474
456.875		0.918474
457		0.918474
457.125		0.918474
457.25		0.918474
457.375		0.918474
457.5		0.918474
457.625		0.918474
457.75		0.918474
457.875		0.918474
458		0.918474
458.125		0.918474
458.25		0.918474
458.375		0.918474
458.5		0.918474
458.625		0.918474
458.75		0.918474
458.875		0.918474
459		0.918474
459.125		0.918474
459.25		0.918474
459.375		0.918474
459.5		0.918474
459.625		0.918474
459.75		0.918474
459.875		0.918474
460		0.918474
460.125		0.91972
460.25		0.91972
460.375		0.91972
460.5		0.91972
460.625		0.91972
460.75		0.91972
460.875		0.91972
461		0.91972
461.125		0.91972
461.25		0.91972
461.375		0.91972
461.5		0.91972
461.625		0.91972
461.75		0.91972
461.875		0.91972
462		0.91972
462.125		0.91972
462.25		0.91972
462.375		0.91972
462.5		0.91972
462.625		0.91972
462.75		0.91972
462.875		0.91972
463		0.91972
463.125		0.91972
463.25		0.91972
463.375		0.91972
463.5		0.91972
463.625		0.91972
463.75		0.91972
463.875		0.91972
464		0.91972
464.125		0.91972
464.25		0.91972
464.375		0.91972
464.5		0.91972
464.625		0.91972
464.75		0.91972
464.875		0.91972
465		0.91972
465.125		0.926928
465.25		0.926928
465.375		0.926928
465.5		0.926928
465.625		0.926928
465.75		0.926928
465.875		0.926928
466		0.926928
466.125		0.926928
466.25		0.926928
466.375		0.926928
466.5		0.926928
466.625		0.926928
466.75		0.926928
466.875		0.926928
467		0.926928
467.125		0.926928
467.25		0.926928
467.375		0.926928
467.5		0.926928
467.625		0.926928
467.75		0.926928
467.875		0.926928
468		0.926928
468.125		0.926928
468.25		0.926928
468.375		0.926928
468.5		0.926928
468.625		0.926928
468.75		0.926928
468.875		0.926928
469		0.926928
469.125		0.926928
469.25		0.926928
469.375		0.926928
469.5		0.926928
469.625		0.926928
469.75		0.926928
469.875		0.926928
470		0.926928
470.125		0.949407
470.25		0.949407
470.375		0.949407
470.5		0.949407
470.625		0.949407
470.75		0.949407
470.875		0.949407
471		0.949407
471.125		0.949407
471.25		0.949407
471.375		0.949407
471.5		0.949407
471.625		0.949407
471.75		0.949407
471.875		0.949407
472		0.949407
472.125		0.949407
472.25		0.949407
472.375		0.949407
472.5		0.949407
472.625		0.949407
472.75		0.949407
472.875		0.949407
473		0.949407
473.125		0.949407
473.25		0.949407
473.375		0.949407
473.5		0.949407
473.625		0.949407
473.75		0.949407
473.875		0.949407
474		0.949407
474.125		0.949407
474.25		0.949407
474.375		0.949407
474.5		0.949407
474.625		0.949407
474.75		0.949407
474.875		0.949407
475		0.949407
475.125		0.960941
475.25		0.960941
475.375		0.960941
475.5		0.960941
475.625		0.960941
475.75		0.960941
475.875		0.960941
476		0.960941
476.125		0.960941
476.25		0.960941
476.375		0.960941
476.5		0.960941
476.625		0.960941
476.75		0.960941
476.875		0.960941
477		0.960941
477.125		0.960941
477.25		0.960941
477.375		0.960941
477.5		0.960941
477.625		0.960941
477.75		0.960941
477.875		0.960941
478		0.960941
478.125		0.960941
478.25		0.960941
478.375		0.960941
478.5		0.960941
478.625		0.960941
478.75		0.960941
478.875		0.960941
479		0.960941
479.125		0.960941
479.25		0.960941
479.375		0.960941
479.5		0.960941
479.625		0.960941
479.75		0.960941
479.875		0.960941
480		0.960941
480.125		0.961793
480.25		0.961793
480.375		0.961793
480.5		0.961793
480.625		0.961793
480.75		0.961793
480.875		0.961793
481		0.961793
481.125		0.961793
481.25		0.961793
481.375		0.961793
481.5		0.961793
481.625		0.961793
481.75		0.961793
481.875		0.961793
482		0.961793
482.125		0.961793
482.25		0.961793
482.375		0.961793
482.5		0.961793
482.625		0.961793
482.75		0.961793
482.875		0.961793
483		0.961793
483.125		0.961793
483.25		0.961793
483.375		0.961793
483.5		0.961793
483.625		0.961793
483.75		0.961793
483.875		0.961793
484		0.961793
484.125		0.961793
484.25		0.961793
484.375		0.961793
484.5		0.961793
484.625		0.961793
484.75		0.961793
484.875		0.961793
485		0.961793
485.125		0.982699
485.25		0.982699
485.375		0.982699
485.5		0.982699
485.625		0.982699
485.75		0.982699
485.875		0.982699
486		0.982699
486.125		0.982699
486.25		0.982699
486.375		0.982699
486.5		0.982699
486.625		0.982699
486.75		0.982699
486.875		0.982699
487		0.982699
487.125		0.982699
487.25		0.982699
487.375		0.982699
487.5		0.982699
487.625		0.982699
487.75		0.982699
487.875		0.982699
488		0.982699
488.125		0.982699
488.25		0.982699
488.375		0.982699
488.5		0.982699
488.625		0.982699
488.75		0.982699
488.875		0.982699
489		0.982699
489.125		0.982699
489.25		0.982699
489.375		0.982699
489.5		0.982699
489.625		0.982699
489.75		0.982699
489.875		0.982699
490		0.982699
490.125		0.992726
490.25		0.992726
490.375		0.992726
490.5		0.992726
490.625		0.992726
490.75		0.992726
490.875		0.992726
491		0.992726
491.125		0.992726
491.25		0.992726
491.375		0.992726
491.5		0.992726
491.625		0.992726
491.75		0.992726
491.875		0.992726
492		0.992726
492.125		0.992726
492.25		0.992726
492.375		0.992726
492.5		0.992726
492.625		0.992726
492.75		0.992726
492.875		0.992726
493		0.992726
493.125		0.992726
493.25		0.992726
493.375		0.992726
493.5		0.992726
493.625		0.992726
493.75		0.992726
493.875		0.992726
494		0.992726
494.125		0.992726
494.25		0.992726
494.375		0.992726
494.5		0.992726
494.625		0.992726
494.75		0.992726
494.875		0.992726
495		0.992726
495.125		1
495.25		1
495.375		1
495.5		1
495.625		1
495.75		1
495.875		1
496		1
496.125		1
496.25		1
496.375		1
496.5		1
496.625		1
496.75		1
496.875		1
497		1
497.125		1
497.25		1
497.375		1
497.5		1
497.625		1
497.75		1
497.875		1
498		1
498.125		1
498.25		1
498.375		1
498.5		1
498.625		1
498.75		1
498.875		1
499		1
499.125		1
499.25		1
499.375		1
499.5		1
499.625		1
499.75		1
499.875		1
500		1
