# Calibration file of tamex_id 1 @ channel 8
# fine_T bin		 Calibration value
0.125		0
0.25		0
0.375		0
0.5		0
0.625		0
0.75		0
0.875		0
1		0
1.125		0
1.25		0
1.375		0
1.5		0
1.625		0
1.75		0
1.875		0
2		0
2.125		0
2.25		0
2.375		0
2.5		0
2.625		0
2.75		0
2.875		0
3		0
3.125		0
3.25		0
3.375		0
3.5		0
3.625		0
3.75		0
3.875		0
4		0
4.125		0
4.25		0
4.375		0
4.5		0
4.625		0
4.75		0
4.875		0
5		0
5.125		0
5.25		0
5.375		0
5.5		0
5.625		0
5.75		0
5.875		0
6		0
6.125		0
6.25		0
6.375		0
6.5		0
6.625		0
6.75		0
6.875		0
7		0
7.125		0
7.25		0
7.375		0
7.5		0
7.625		0
7.75		0
7.875		0
8		0
8.125		0
8.25		0
8.375		0
8.5		0
8.625		0
8.75		0
8.875		0
9		0
9.125		0
9.25		0
9.375		0
9.5		0
9.625		0
9.75		0
9.875		0
10		0
10.125		0
10.25		0
10.375		0
10.5		0
10.625		0
10.75		0
10.875		0
11		0
11.125		0
11.25		0
11.375		0
11.5		0
11.625		0
11.75		0
11.875		0
12		0
12.125		0
12.25		0
12.375		0
12.5		0
12.625		0
12.75		0
12.875		0
13		0
13.125		0
13.25		0
13.375		0
13.5		0
13.625		0
13.75		0
13.875		0
14		0
14.125		0
14.25		0
14.375		0
14.5		0
14.625		0
14.75		0
14.875		0
15		0
15.125		0
15.25		0
15.375		0
15.5		0
15.625		0
15.75		0
15.875		0
16		0
16.125		0
16.25		0
16.375		0
16.5		0
16.625		0
16.75		0
16.875		0
17		0
17.125		0
17.25		0
17.375		0
17.5		0
17.625		0
17.75		0
17.875		0
18		0
18.125		0
18.25		0
18.375		0
18.5		0
18.625		0
18.75		0
18.875		0
19		0
19.125		0
19.25		0
19.375		0
19.5		0
19.625		0
19.75		0
19.875		0
20		0
20.125		0
20.25		0
20.375		0
20.5		0
20.625		0
20.75		0
20.875		0
21		0
21.125		0
21.25		0
21.375		0
21.5		0
21.625		0
21.75		0
21.875		0
22		0
22.125		0
22.25		0
22.375		0
22.5		0
22.625		0
22.75		0
22.875		0
23		0
23.125		0
23.25		0
23.375		0
23.5		0
23.625		0
23.75		0
23.875		0
24		0
24.125		0
24.25		0
24.375		0
24.5		0
24.625		0
24.75		0
24.875		0
25		0
25.125		0
25.25		0
25.375		0
25.5		0
25.625		0
25.75		0
25.875		0
26		0
26.125		0
26.25		0
26.375		0
26.5		0
26.625		0
26.75		0
26.875		0
27		0
27.125		0
27.25		0
27.375		0
27.5		0
27.625		0
27.75		0
27.875		0
28		0
28.125		0
28.25		0
28.375		0
28.5		0
28.625		0
28.75		0
28.875		0
29		0
29.125		0
29.25		0
29.375		0
29.5		0
29.625		0
29.75		0
29.875		0
30		0
30.125		0
30.25		0
30.375		0
30.5		0
30.625		0
30.75		0
30.875		0
31		0
31.125		0
31.25		0
31.375		0
31.5		0
31.625		0
31.75		0
31.875		0
32		0
32.125		0
32.25		0
32.375		0
32.5		0
32.625		0
32.75		0
32.875		0
33		0
33.125		0
33.25		0
33.375		0
33.5		0
33.625		0
33.75		0
33.875		0
34		0
34.125		0
34.25		0
34.375		0
34.5		0
34.625		0
34.75		0
34.875		0
35		0
35.125		0
35.25		0
35.375		0
35.5		0
35.625		0
35.75		0
35.875		0
36		0
36.125		0
36.25		0
36.375		0
36.5		0
36.625		0
36.75		0
36.875		0
37		0
37.125		0
37.25		0
37.375		0
37.5		0
37.625		0
37.75		0
37.875		0
38		0
38.125		0
38.25		0
38.375		0
38.5		0
38.625		0
38.75		0
38.875		0
39		0
39.125		0
39.25		0
39.375		0
39.5		0
39.625		0
39.75		0
39.875		0
40		0
40.125		0
40.25		0
40.375		0
40.5		0
40.625		0
40.75		0
40.875		0
41		0
41.125		0
41.25		0
41.375		0
41.5		0
41.625		0
41.75		0
41.875		0
42		0
42.125		0
42.25		0
42.375		0
42.5		0
42.625		0
42.75		0
42.875		0
43		0
43.125		0
43.25		0
43.375		0
43.5		0
43.625		0
43.75		0
43.875		0
44		0
44.125		0
44.25		0
44.375		0
44.5		0
44.625		0
44.75		0
44.875		0
45		0
45.125		0
45.25		0
45.375		0
45.5		0
45.625		0
45.75		0
45.875		0
46		0
46.125		0
46.25		0
46.375		0
46.5		0
46.625		0
46.75		0
46.875		0
47		0
47.125		0
47.25		0
47.375		0
47.5		0
47.625		0
47.75		0
47.875		0
48		0
48.125		0
48.25		0
48.375		0
48.5		0
48.625		0
48.75		0
48.875		0
49		0
49.125		0
49.25		0
49.375		0
49.5		0
49.625		0
49.75		0
49.875		0
50		0
50.125		0
50.25		0
50.375		0
50.5		0
50.625		0
50.75		0
50.875		0
51		0
51.125		0
51.25		0
51.375		0
51.5		0
51.625		0
51.75		0
51.875		0
52		0
52.125		0
52.25		0
52.375		0
52.5		0
52.625		0
52.75		0
52.875		0
53		0
53.125		0
53.25		0
53.375		0
53.5		0
53.625		0
53.75		0
53.875		0
54		0
54.125		0
54.25		0
54.375		0
54.5		0
54.625		0
54.75		0
54.875		0
55		0
55.125		0
55.25		0
55.375		0
55.5		0
55.625		0
55.75		0
55.875		0
56		0
56.125		0
56.25		0
56.375		0
56.5		0
56.625		0
56.75		0
56.875		0
57		0
57.125		0
57.25		0
57.375		0
57.5		0
57.625		0
57.75		0
57.875		0
58		0
58.125		0
58.25		0
58.375		0
58.5		0
58.625		0
58.75		0
58.875		0
59		0
59.125		0
59.25		0
59.375		0
59.5		0
59.625		0
59.75		0
59.875		0
60		0
60.125		0
60.25		0
60.375		0
60.5		0
60.625		0
60.75		0
60.875		0
61		0
61.125		0
61.25		0
61.375		0
61.5		0
61.625		0
61.75		0
61.875		0
62		0
62.125		0
62.25		0
62.375		0
62.5		0
62.625		0
62.75		0
62.875		0
63		0
63.125		0
63.25		0
63.375		0
63.5		0
63.625		0
63.75		0
63.875		0
64		0
64.125		0
64.25		0
64.375		0
64.5		0
64.625		0
64.75		0
64.875		0
65		0
65.125		0
65.25		0
65.375		0
65.5		0
65.625		0
65.75		0
65.875		0
66		0
66.125		0
66.25		0
66.375		0
66.5		0
66.625		0
66.75		0
66.875		0
67		0
67.125		0
67.25		0
67.375		0
67.5		0
67.625		0
67.75		0
67.875		0
68		0
68.125		0
68.25		0
68.375		0
68.5		0
68.625		0
68.75		0
68.875		0
69		0
69.125		0
69.25		0
69.375		0
69.5		0
69.625		0
69.75		0
69.875		0
70		0
70.125		0
70.25		0
70.375		0
70.5		0
70.625		0
70.75		0
70.875		0
71		0
71.125		0
71.25		0
71.375		0
71.5		0
71.625		0
71.75		0
71.875		0
72		0
72.125		0
72.25		0
72.375		0
72.5		0
72.625		0
72.75		0
72.875		0
73		0
73.125		0
73.25		0
73.375		0
73.5		0
73.625		0
73.75		0
73.875		0
74		0
74.125		0
74.25		0
74.375		0
74.5		0
74.625		0
74.75		0
74.875		0
75		0
75.125		0
75.25		0
75.375		0
75.5		0
75.625		0
75.75		0
75.875		0
76		0
76.125		0
76.25		0
76.375		0
76.5		0
76.625		0
76.75		0
76.875		0
77		0
77.125		0
77.25		0
77.375		0
77.5		0
77.625		0
77.75		0
77.875		0
78		0
78.125		0
78.25		0
78.375		0
78.5		0
78.625		0
78.75		0
78.875		0
79		0
79.125		0
79.25		0
79.375		0
79.5		0
79.625		0
79.75		0
79.875		0
80		0
80.125		0
80.25		0
80.375		0
80.5		0
80.625		0
80.75		0
80.875		0
81		0
81.125		0
81.25		0
81.375		0
81.5		0
81.625		0
81.75		0
81.875		0
82		0
82.125		0
82.25		0
82.375		0
82.5		0
82.625		0
82.75		0
82.875		0
83		0
83.125		0
83.25		0
83.375		0
83.5		0
83.625		0
83.75		0
83.875		0
84		0
84.125		0
84.25		0
84.375		0
84.5		0
84.625		0
84.75		0
84.875		0
85		0
85.125		0
85.25		0
85.375		0
85.5		0
85.625		0
85.75		0
85.875		0
86		0
86.125		0
86.25		0
86.375		0
86.5		0
86.625		0
86.75		0
86.875		0
87		0
87.125		0
87.25		0
87.375		0
87.5		0
87.625		0
87.75		0
87.875		0
88		0
88.125		0
88.25		0
88.375		0
88.5		0
88.625		0
88.75		0
88.875		0
89		0
89.125		0
89.25		0
89.375		0
89.5		0
89.625		0
89.75		0
89.875		0
90		0
90.125		0
90.25		0
90.375		0
90.5		0
90.625		0
90.75		0
90.875		0
91		0
91.125		0
91.25		0
91.375		0
91.5		0
91.625		0
91.75		0
91.875		0
92		0
92.125		0
92.25		0
92.375		0
92.5		0
92.625		0
92.75		0
92.875		0
93		0
93.125		0
93.25		0
93.375		0
93.5		0
93.625		0
93.75		0
93.875		0
94		0
94.125		0
94.25		0
94.375		0
94.5		0
94.625		0
94.75		0
94.875		0
95		0
95.125		0
95.25		0
95.375		0
95.5		0
95.625		0
95.75		0
95.875		0
96		0
96.125		0
96.25		0
96.375		0
96.5		0
96.625		0
96.75		0
96.875		0
97		0
97.125		0
97.25		0
97.375		0
97.5		0
97.625		0
97.75		0
97.875		0
98		0
98.125		0
98.25		0
98.375		0
98.5		0
98.625		0
98.75		0
98.875		0
99		0
99.125		0
99.25		0
99.375		0
99.5		0
99.625		0
99.75		0
99.875		0
100		0
100.125		0
100.25		0
100.375		0
100.5		0
100.625		0
100.75		0
100.875		0
101		0
101.125		0
101.25		0
101.375		0
101.5		0
101.625		0
101.75		0
101.875		0
102		0
102.125		0
102.25		0
102.375		0
102.5		0
102.625		0
102.75		0
102.875		0
103		0
103.125		0
103.25		0
103.375		0
103.5		0
103.625		0
103.75		0
103.875		0
104		0
104.125		0
104.25		0
104.375		0
104.5		0
104.625		0
104.75		0
104.875		0
105		0
105.125		0
105.25		0
105.375		0
105.5		0
105.625		0
105.75		0
105.875		0
106		0
106.125		0
106.25		0
106.375		0
106.5		0
106.625		0
106.75		0
106.875		0
107		0
107.125		0
107.25		0
107.375		0
107.5		0
107.625		0
107.75		0
107.875		0
108		0
108.125		0
108.25		0
108.375		0
108.5		0
108.625		0
108.75		0
108.875		0
109		0
109.125		0
109.25		0
109.375		0
109.5		0
109.625		0
109.75		0
109.875		0
110		0
110.125		0
110.25		0
110.375		0
110.5		0
110.625		0
110.75		0
110.875		0
111		0
111.125		0
111.25		0
111.375		0
111.5		0
111.625		0
111.75		0
111.875		0
112		0
112.125		0
112.25		0
112.375		0
112.5		0
112.625		0
112.75		0
112.875		0
113		0
113.125		0
113.25		0
113.375		0
113.5		0
113.625		0
113.75		0
113.875		0
114		0
114.125		0
114.25		0
114.375		0
114.5		0
114.625		0
114.75		0
114.875		0
115		0
115.125		0.0139618
115.25		0.0139618
115.375		0.0139618
115.5		0.0139618
115.625		0.0139618
115.75		0.0139618
115.875		0.0139618
116		0.0139618
116.125		0.0139618
116.25		0.0139618
116.375		0.0139618
116.5		0.0139618
116.625		0.0139618
116.75		0.0139618
116.875		0.0139618
117		0.0139618
117.125		0.0139618
117.25		0.0139618
117.375		0.0139618
117.5		0.0139618
117.625		0.0139618
117.75		0.0139618
117.875		0.0139618
118		0.0139618
118.125		0.0139618
118.25		0.0139618
118.375		0.0139618
118.5		0.0139618
118.625		0.0139618
118.75		0.0139618
118.875		0.0139618
119		0.0139618
119.125		0.0139618
119.25		0.0139618
119.375		0.0139618
119.5		0.0139618
119.625		0.0139618
119.75		0.0139618
119.875		0.0139618
120		0.0139618
120.125		0.0374664
120.25		0.0374664
120.375		0.0374664
120.5		0.0374664
120.625		0.0374664
120.75		0.0374664
120.875		0.0374664
121		0.0374664
121.125		0.0374664
121.25		0.0374664
121.375		0.0374664
121.5		0.0374664
121.625		0.0374664
121.75		0.0374664
121.875		0.0374664
122		0.0374664
122.125		0.0374664
122.25		0.0374664
122.375		0.0374664
122.5		0.0374664
122.625		0.0374664
122.75		0.0374664
122.875		0.0374664
123		0.0374664
123.125		0.0374664
123.25		0.0374664
123.375		0.0374664
123.5		0.0374664
123.625		0.0374664
123.75		0.0374664
123.875		0.0374664
124		0.0374664
124.125		0.0374664
124.25		0.0374664
124.375		0.0374664
124.5		0.0374664
124.625		0.0374664
124.75		0.0374664
124.875		0.0374664
125		0.0374664
125.125		0.0591136
125.25		0.0591136
125.375		0.0591136
125.5		0.0591136
125.625		0.0591136
125.75		0.0591136
125.875		0.0591136
126		0.0591136
126.125		0.0591136
126.25		0.0591136
126.375		0.0591136
126.5		0.0591136
126.625		0.0591136
126.75		0.0591136
126.875		0.0591136
127		0.0591136
127.125		0.0591136
127.25		0.0591136
127.375		0.0591136
127.5		0.0591136
127.625		0.0591136
127.75		0.0591136
127.875		0.0591136
128		0.0591136
128.125		0.0591136
128.25		0.0591136
128.375		0.0591136
128.5		0.0591136
128.625		0.0591136
128.75		0.0591136
128.875		0.0591136
129		0.0591136
129.125		0.0591136
129.25		0.0591136
129.375		0.0591136
129.5		0.0591136
129.625		0.0591136
129.75		0.0591136
129.875		0.0591136
130		0.0591136
130.125		0.061035
130.25		0.061035
130.375		0.061035
130.5		0.061035
130.625		0.061035
130.75		0.061035
130.875		0.061035
131		0.061035
131.125		0.061035
131.25		0.061035
131.375		0.061035
131.5		0.061035
131.625		0.061035
131.75		0.061035
131.875		0.061035
132		0.061035
132.125		0.061035
132.25		0.061035
132.375		0.061035
132.5		0.061035
132.625		0.061035
132.75		0.061035
132.875		0.061035
133		0.061035
133.125		0.061035
133.25		0.061035
133.375		0.061035
133.5		0.061035
133.625		0.061035
133.75		0.061035
133.875		0.061035
134		0.061035
134.125		0.061035
134.25		0.061035
134.375		0.061035
134.5		0.061035
134.625		0.061035
134.75		0.061035
134.875		0.061035
135		0.061035
135.125		0.0635968
135.25		0.0635968
135.375		0.0635968
135.5		0.0635968
135.625		0.0635968
135.75		0.0635968
135.875		0.0635968
136		0.0635968
136.125		0.0635968
136.25		0.0635968
136.375		0.0635968
136.5		0.0635968
136.625		0.0635968
136.75		0.0635968
136.875		0.0635968
137		0.0635968
137.125		0.0635968
137.25		0.0635968
137.375		0.0635968
137.5		0.0635968
137.625		0.0635968
137.75		0.0635968
137.875		0.0635968
138		0.0635968
138.125		0.0635968
138.25		0.0635968
138.375		0.0635968
138.5		0.0635968
138.625		0.0635968
138.75		0.0635968
138.875		0.0635968
139		0.0635968
139.125		0.0635968
139.25		0.0635968
139.375		0.0635968
139.5		0.0635968
139.625		0.0635968
139.75		0.0635968
139.875		0.0635968
140		0.0635968
140.125		0.0720507
140.25		0.0720507
140.375		0.0720507
140.5		0.0720507
140.625		0.0720507
140.75		0.0720507
140.875		0.0720507
141		0.0720507
141.125		0.0720507
141.25		0.0720507
141.375		0.0720507
141.5		0.0720507
141.625		0.0720507
141.75		0.0720507
141.875		0.0720507
142		0.0720507
142.125		0.0720507
142.25		0.0720507
142.375		0.0720507
142.5		0.0720507
142.625		0.0720507
142.75		0.0720507
142.875		0.0720507
143		0.0720507
143.125		0.0720507
143.25		0.0720507
143.375		0.0720507
143.5		0.0720507
143.625		0.0720507
143.75		0.0720507
143.875		0.0720507
144		0.0720507
144.125		0.0720507
144.25		0.0720507
144.375		0.0720507
144.5		0.0720507
144.625		0.0720507
144.75		0.0720507
144.875		0.0720507
145		0.0720507
145.125		0.106891
145.25		0.106891
145.375		0.106891
145.5		0.106891
145.625		0.106891
145.75		0.106891
145.875		0.106891
146		0.106891
146.125		0.106891
146.25		0.106891
146.375		0.106891
146.5		0.106891
146.625		0.106891
146.75		0.106891
146.875		0.106891
147		0.106891
147.125		0.106891
147.25		0.106891
147.375		0.106891
147.5		0.106891
147.625		0.106891
147.75		0.106891
147.875		0.106891
148		0.106891
148.125		0.106891
148.25		0.106891
148.375		0.106891
148.5		0.106891
148.625		0.106891
148.75		0.106891
148.875		0.106891
149		0.106891
149.125		0.106891
149.25		0.106891
149.375		0.106891
149.5		0.106891
149.625		0.106891
149.75		0.106891
149.875		0.106891
150		0.106891
150.125		0.106891
150.25		0.106891
150.375		0.106891
150.5		0.106891
150.625		0.106891
150.75		0.106891
150.875		0.106891
151		0.106891
151.125		0.106891
151.25		0.106891
151.375		0.106891
151.5		0.106891
151.625		0.106891
151.75		0.106891
151.875		0.106891
152		0.106891
152.125		0.106891
152.25		0.106891
152.375		0.106891
152.5		0.106891
152.625		0.106891
152.75		0.106891
152.875		0.106891
153		0.106891
153.125		0.106891
153.25		0.106891
153.375		0.106891
153.5		0.106891
153.625		0.106891
153.75		0.106891
153.875		0.106891
154		0.106891
154.125		0.106891
154.25		0.106891
154.375		0.106891
154.5		0.106891
154.625		0.106891
154.75		0.106891
154.875		0.106891
155		0.106891
155.125		0.122774
155.25		0.122774
155.375		0.122774
155.5		0.122774
155.625		0.122774
155.75		0.122774
155.875		0.122774
156		0.122774
156.125		0.122774
156.25		0.122774
156.375		0.122774
156.5		0.122774
156.625		0.122774
156.75		0.122774
156.875		0.122774
157		0.122774
157.125		0.122774
157.25		0.122774
157.375		0.122774
157.5		0.122774
157.625		0.122774
157.75		0.122774
157.875		0.122774
158		0.122774
158.125		0.122774
158.25		0.122774
158.375		0.122774
158.5		0.122774
158.625		0.122774
158.75		0.122774
158.875		0.122774
159		0.122774
159.125		0.122774
159.25		0.122774
159.375		0.122774
159.5		0.122774
159.625		0.122774
159.75		0.122774
159.875		0.122774
160		0.122774
160.125		0.132189
160.25		0.132189
160.375		0.132189
160.5		0.132189
160.625		0.132189
160.75		0.132189
160.875		0.132189
161		0.132189
161.125		0.132189
161.25		0.132189
161.375		0.132189
161.5		0.132189
161.625		0.132189
161.75		0.132189
161.875		0.132189
162		0.132189
162.125		0.132189
162.25		0.132189
162.375		0.132189
162.5		0.132189
162.625		0.132189
162.75		0.132189
162.875		0.132189
163		0.132189
163.125		0.132189
163.25		0.132189
163.375		0.132189
163.5		0.132189
163.625		0.132189
163.75		0.132189
163.875		0.132189
164		0.132189
164.125		0.132189
164.25		0.132189
164.375		0.132189
164.5		0.132189
164.625		0.132189
164.75		0.132189
164.875		0.132189
165		0.132189
165.125		0.146151
165.25		0.146151
165.375		0.146151
165.5		0.146151
165.625		0.146151
165.75		0.146151
165.875		0.146151
166		0.146151
166.125		0.146151
166.25		0.146151
166.375		0.146151
166.5		0.146151
166.625		0.146151
166.75		0.146151
166.875		0.146151
167		0.146151
167.125		0.146151
167.25		0.146151
167.375		0.146151
167.5		0.146151
167.625		0.146151
167.75		0.146151
167.875		0.146151
168		0.146151
168.125		0.146151
168.25		0.146151
168.375		0.146151
168.5		0.146151
168.625		0.146151
168.75		0.146151
168.875		0.146151
169		0.146151
169.125		0.146151
169.25		0.146151
169.375		0.146151
169.5		0.146151
169.625		0.146151
169.75		0.146151
169.875		0.146151
170		0.146151
170.125		0.160113
170.25		0.160113
170.375		0.160113
170.5		0.160113
170.625		0.160113
170.75		0.160113
170.875		0.160113
171		0.160113
171.125		0.160113
171.25		0.160113
171.375		0.160113
171.5		0.160113
171.625		0.160113
171.75		0.160113
171.875		0.160113
172		0.160113
172.125		0.160113
172.25		0.160113
172.375		0.160113
172.5		0.160113
172.625		0.160113
172.75		0.160113
172.875		0.160113
173		0.160113
173.125		0.160113
173.25		0.160113
173.375		0.160113
173.5		0.160113
173.625		0.160113
173.75		0.160113
173.875		0.160113
174		0.160113
174.125		0.160113
174.25		0.160113
174.375		0.160113
174.5		0.160113
174.625		0.160113
174.75		0.160113
174.875		0.160113
175		0.160113
175.125		0.163699
175.25		0.163699
175.375		0.163699
175.5		0.163699
175.625		0.163699
175.75		0.163699
175.875		0.163699
176		0.163699
176.125		0.163699
176.25		0.163699
176.375		0.163699
176.5		0.163699
176.625		0.163699
176.75		0.163699
176.875		0.163699
177		0.163699
177.125		0.163699
177.25		0.163699
177.375		0.163699
177.5		0.163699
177.625		0.163699
177.75		0.163699
177.875		0.163699
178		0.163699
178.125		0.163699
178.25		0.163699
178.375		0.163699
178.5		0.163699
178.625		0.163699
178.75		0.163699
178.875		0.163699
179		0.163699
179.125		0.163699
179.25		0.163699
179.375		0.163699
179.5		0.163699
179.625		0.163699
179.75		0.163699
179.875		0.163699
180		0.163699
180.125		0.174203
180.25		0.174203
180.375		0.174203
180.5		0.174203
180.625		0.174203
180.75		0.174203
180.875		0.174203
181		0.174203
181.125		0.174203
181.25		0.174203
181.375		0.174203
181.5		0.174203
181.625		0.174203
181.75		0.174203
181.875		0.174203
182		0.174203
182.125		0.174203
182.25		0.174203
182.375		0.174203
182.5		0.174203
182.625		0.174203
182.75		0.174203
182.875		0.174203
183		0.174203
183.125		0.174203
183.25		0.174203
183.375		0.174203
183.5		0.174203
183.625		0.174203
183.75		0.174203
183.875		0.174203
184		0.174203
184.125		0.174203
184.25		0.174203
184.375		0.174203
184.5		0.174203
184.625		0.174203
184.75		0.174203
184.875		0.174203
185		0.174203
185.125		0.1881
185.25		0.1881
185.375		0.1881
185.5		0.1881
185.625		0.1881
185.75		0.1881
185.875		0.1881
186		0.1881
186.125		0.1881
186.25		0.1881
186.375		0.1881
186.5		0.1881
186.625		0.1881
186.75		0.1881
186.875		0.1881
187		0.1881
187.125		0.1881
187.25		0.1881
187.375		0.1881
187.5		0.1881
187.625		0.1881
187.75		0.1881
187.875		0.1881
188		0.1881
188.125		0.1881
188.25		0.1881
188.375		0.1881
188.5		0.1881
188.625		0.1881
188.75		0.1881
188.875		0.1881
189		0.1881
189.125		0.1881
189.25		0.1881
189.375		0.1881
189.5		0.1881
189.625		0.1881
189.75		0.1881
189.875		0.1881
190		0.1881
190.125		0.220827
190.25		0.220827
190.375		0.220827
190.5		0.220827
190.625		0.220827
190.75		0.220827
190.875		0.220827
191		0.220827
191.125		0.220827
191.25		0.220827
191.375		0.220827
191.5		0.220827
191.625		0.220827
191.75		0.220827
191.875		0.220827
192		0.220827
192.125		0.220827
192.25		0.220827
192.375		0.220827
192.5		0.220827
192.625		0.220827
192.75		0.220827
192.875		0.220827
193		0.220827
193.125		0.220827
193.25		0.220827
193.375		0.220827
193.5		0.220827
193.625		0.220827
193.75		0.220827
193.875		0.220827
194		0.220827
194.125		0.220827
194.25		0.220827
194.375		0.220827
194.5		0.220827
194.625		0.220827
194.75		0.220827
194.875		0.220827
195		0.220827
195.125		0.221596
195.25		0.221596
195.375		0.221596
195.5		0.221596
195.625		0.221596
195.75		0.221596
195.875		0.221596
196		0.221596
196.125		0.221596
196.25		0.221596
196.375		0.221596
196.5		0.221596
196.625		0.221596
196.75		0.221596
196.875		0.221596
197		0.221596
197.125		0.221596
197.25		0.221596
197.375		0.221596
197.5		0.221596
197.625		0.221596
197.75		0.221596
197.875		0.221596
198		0.221596
198.125		0.221596
198.25		0.221596
198.375		0.221596
198.5		0.221596
198.625		0.221596
198.75		0.221596
198.875		0.221596
199		0.221596
199.125		0.221596
199.25		0.221596
199.375		0.221596
199.5		0.221596
199.625		0.221596
199.75		0.221596
199.875		0.221596
200		0.221596
200.125		0.235366
200.25		0.235366
200.375		0.235366
200.5		0.235366
200.625		0.235366
200.75		0.235366
200.875		0.235366
201		0.235366
201.125		0.235366
201.25		0.235366
201.375		0.235366
201.5		0.235366
201.625		0.235366
201.75		0.235366
201.875		0.235366
202		0.235366
202.125		0.235366
202.25		0.235366
202.375		0.235366
202.5		0.235366
202.625		0.235366
202.75		0.235366
202.875		0.235366
203		0.235366
203.125		0.235366
203.25		0.235366
203.375		0.235366
203.5		0.235366
203.625		0.235366
203.75		0.235366
203.875		0.235366
204		0.235366
204.125		0.235366
204.25		0.235366
204.375		0.235366
204.5		0.235366
204.625		0.235366
204.75		0.235366
204.875		0.235366
205		0.235366
205.125		0.236967
205.25		0.236967
205.375		0.236967
205.5		0.236967
205.625		0.236967
205.75		0.236967
205.875		0.236967
206		0.236967
206.125		0.236967
206.25		0.236967
206.375		0.236967
206.5		0.236967
206.625		0.236967
206.75		0.236967
206.875		0.236967
207		0.236967
207.125		0.236967
207.25		0.236967
207.375		0.236967
207.5		0.236967
207.625		0.236967
207.75		0.236967
207.875		0.236967
208		0.236967
208.125		0.236967
208.25		0.236967
208.375		0.236967
208.5		0.236967
208.625		0.236967
208.75		0.236967
208.875		0.236967
209		0.236967
209.125		0.236967
209.25		0.236967
209.375		0.236967
209.5		0.236967
209.625		0.236967
209.75		0.236967
209.875		0.236967
210		0.236967
210.125		0.257397
210.25		0.257397
210.375		0.257397
210.5		0.257397
210.625		0.257397
210.75		0.257397
210.875		0.257397
211		0.257397
211.125		0.257397
211.25		0.257397
211.375		0.257397
211.5		0.257397
211.625		0.257397
211.75		0.257397
211.875		0.257397
212		0.257397
212.125		0.257397
212.25		0.257397
212.375		0.257397
212.5		0.257397
212.625		0.257397
212.75		0.257397
212.875		0.257397
213		0.257397
213.125		0.257397
213.25		0.257397
213.375		0.257397
213.5		0.257397
213.625		0.257397
213.75		0.257397
213.875		0.257397
214		0.257397
214.125		0.257397
214.25		0.257397
214.375		0.257397
214.5		0.257397
214.625		0.257397
214.75		0.257397
214.875		0.257397
215		0.257397
215.125		0.274177
215.25		0.274177
215.375		0.274177
215.5		0.274177
215.625		0.274177
215.75		0.274177
215.875		0.274177
216		0.274177
216.125		0.274177
216.25		0.274177
216.375		0.274177
216.5		0.274177
216.625		0.274177
216.75		0.274177
216.875		0.274177
217		0.274177
217.125		0.274177
217.25		0.274177
217.375		0.274177
217.5		0.274177
217.625		0.274177
217.75		0.274177
217.875		0.274177
218		0.274177
218.125		0.274177
218.25		0.274177
218.375		0.274177
218.5		0.274177
218.625		0.274177
218.75		0.274177
218.875		0.274177
219		0.274177
219.125		0.274177
219.25		0.274177
219.375		0.274177
219.5		0.274177
219.625		0.274177
219.75		0.274177
219.875		0.274177
220		0.274177
220.125		0.286602
220.25		0.286602
220.375		0.286602
220.5		0.286602
220.625		0.286602
220.75		0.286602
220.875		0.286602
221		0.286602
221.125		0.286602
221.25		0.286602
221.375		0.286602
221.5		0.286602
221.625		0.286602
221.75		0.286602
221.875		0.286602
222		0.286602
222.125		0.286602
222.25		0.286602
222.375		0.286602
222.5		0.286602
222.625		0.286602
222.75		0.286602
222.875		0.286602
223		0.286602
223.125		0.286602
223.25		0.286602
223.375		0.286602
223.5		0.286602
223.625		0.286602
223.75		0.286602
223.875		0.286602
224		0.286602
224.125		0.286602
224.25		0.286602
224.375		0.286602
224.5		0.286602
224.625		0.286602
224.75		0.286602
224.875		0.286602
225		0.286602
225.125		0.293967
225.25		0.293967
225.375		0.293967
225.5		0.293967
225.625		0.293967
225.75		0.293967
225.875		0.293967
226		0.293967
226.125		0.293967
226.25		0.293967
226.375		0.293967
226.5		0.293967
226.625		0.293967
226.75		0.293967
226.875		0.293967
227		0.293967
227.125		0.293967
227.25		0.293967
227.375		0.293967
227.5		0.293967
227.625		0.293967
227.75		0.293967
227.875		0.293967
228		0.293967
228.125		0.293967
228.25		0.293967
228.375		0.293967
228.5		0.293967
228.625		0.293967
228.75		0.293967
228.875		0.293967
229		0.293967
229.125		0.293967
229.25		0.293967
229.375		0.293967
229.5		0.293967
229.625		0.293967
229.75		0.293967
229.875		0.293967
230		0.293967
230.125		0.316511
230.25		0.316511
230.375		0.316511
230.5		0.316511
230.625		0.316511
230.75		0.316511
230.875		0.316511
231		0.316511
231.125		0.316511
231.25		0.316511
231.375		0.316511
231.5		0.316511
231.625		0.316511
231.75		0.316511
231.875		0.316511
232		0.316511
232.125		0.316511
232.25		0.316511
232.375		0.316511
232.5		0.316511
232.625		0.316511
232.75		0.316511
232.875		0.316511
233		0.316511
233.125		0.316511
233.25		0.316511
233.375		0.316511
233.5		0.316511
233.625		0.316511
233.75		0.316511
233.875		0.316511
234		0.316511
234.125		0.316511
234.25		0.316511
234.375		0.316511
234.5		0.316511
234.625		0.316511
234.75		0.316511
234.875		0.316511
235		0.316511
235.125		0.32093
235.25		0.32093
235.375		0.32093
235.5		0.32093
235.625		0.32093
235.75		0.32093
235.875		0.32093
236		0.32093
236.125		0.32093
236.25		0.32093
236.375		0.32093
236.5		0.32093
236.625		0.32093
236.75		0.32093
236.875		0.32093
237		0.32093
237.125		0.32093
237.25		0.32093
237.375		0.32093
237.5		0.32093
237.625		0.32093
237.75		0.32093
237.875		0.32093
238		0.32093
238.125		0.32093
238.25		0.32093
238.375		0.32093
238.5		0.32093
238.625		0.32093
238.75		0.32093
238.875		0.32093
239		0.32093
239.125		0.32093
239.25		0.32093
239.375		0.32093
239.5		0.32093
239.625		0.32093
239.75		0.32093
239.875		0.32093
240		0.32093
240.125		0.326694
240.25		0.326694
240.375		0.326694
240.5		0.326694
240.625		0.326694
240.75		0.326694
240.875		0.326694
241		0.326694
241.125		0.326694
241.25		0.326694
241.375		0.326694
241.5		0.326694
241.625		0.326694
241.75		0.326694
241.875		0.326694
242		0.326694
242.125		0.326694
242.25		0.326694
242.375		0.326694
242.5		0.326694
242.625		0.326694
242.75		0.326694
242.875		0.326694
243		0.326694
243.125		0.326694
243.25		0.326694
243.375		0.326694
243.5		0.326694
243.625		0.326694
243.75		0.326694
243.875		0.326694
244		0.326694
244.125		0.326694
244.25		0.326694
244.375		0.326694
244.5		0.326694
244.625		0.326694
244.75		0.326694
244.875		0.326694
245		0.326694
245.125		0.342577
245.25		0.342577
245.375		0.342577
245.5		0.342577
245.625		0.342577
245.75		0.342577
245.875		0.342577
246		0.342577
246.125		0.342577
246.25		0.342577
246.375		0.342577
246.5		0.342577
246.625		0.342577
246.75		0.342577
246.875		0.342577
247		0.342577
247.125		0.342577
247.25		0.342577
247.375		0.342577
247.5		0.342577
247.625		0.342577
247.75		0.342577
247.875		0.342577
248		0.342577
248.125		0.342577
248.25		0.342577
248.375		0.342577
248.5		0.342577
248.625		0.342577
248.75		0.342577
248.875		0.342577
249		0.342577
249.125		0.342577
249.25		0.342577
249.375		0.342577
249.5		0.342577
249.625		0.342577
249.75		0.342577
249.875		0.342577
250		0.342577
250.125		0.355642
250.25		0.355642
250.375		0.355642
250.5		0.355642
250.625		0.355642
250.75		0.355642
250.875		0.355642
251		0.355642
251.125		0.355642
251.25		0.355642
251.375		0.355642
251.5		0.355642
251.625		0.355642
251.75		0.355642
251.875		0.355642
252		0.355642
252.125		0.355642
252.25		0.355642
252.375		0.355642
252.5		0.355642
252.625		0.355642
252.75		0.355642
252.875		0.355642
253		0.355642
253.125		0.355642
253.25		0.355642
253.375		0.355642
253.5		0.355642
253.625		0.355642
253.75		0.355642
253.875		0.355642
254		0.355642
254.125		0.355642
254.25		0.355642
254.375		0.355642
254.5		0.355642
254.625		0.355642
254.75		0.355642
254.875		0.355642
255		0.355642
255.125		0.379339
255.25		0.379339
255.375		0.379339
255.5		0.379339
255.625		0.379339
255.75		0.379339
255.875		0.379339
256		0.379339
256.125		0.379339
256.25		0.379339
256.375		0.379339
256.5		0.379339
256.625		0.379339
256.75		0.379339
256.875		0.379339
257		0.379339
257.125		0.379339
257.25		0.379339
257.375		0.379339
257.5		0.379339
257.625		0.379339
257.75		0.379339
257.875		0.379339
258		0.379339
258.125		0.379339
258.25		0.379339
258.375		0.379339
258.5		0.379339
258.625		0.379339
258.75		0.379339
258.875		0.379339
259		0.379339
259.125		0.379339
259.25		0.379339
259.375		0.379339
259.5		0.379339
259.625		0.379339
259.75		0.379339
259.875		0.379339
260		0.379339
260.125		0.380556
260.25		0.380556
260.375		0.380556
260.5		0.380556
260.625		0.380556
260.75		0.380556
260.875		0.380556
261		0.380556
261.125		0.380556
261.25		0.380556
261.375		0.380556
261.5		0.380556
261.625		0.380556
261.75		0.380556
261.875		0.380556
262		0.380556
262.125		0.380556
262.25		0.380556
262.375		0.380556
262.5		0.380556
262.625		0.380556
262.75		0.380556
262.875		0.380556
263		0.380556
263.125		0.380556
263.25		0.380556
263.375		0.380556
263.5		0.380556
263.625		0.380556
263.75		0.380556
263.875		0.380556
264		0.380556
264.125		0.380556
264.25		0.380556
264.375		0.380556
264.5		0.380556
264.625		0.380556
264.75		0.380556
264.875		0.380556
265		0.380556
265.125		0.385808
265.25		0.385808
265.375		0.385808
265.5		0.385808
265.625		0.385808
265.75		0.385808
265.875		0.385808
266		0.385808
266.125		0.385808
266.25		0.385808
266.375		0.385808
266.5		0.385808
266.625		0.385808
266.75		0.385808
266.875		0.385808
267		0.385808
267.125		0.385808
267.25		0.385808
267.375		0.385808
267.5		0.385808
267.625		0.385808
267.75		0.385808
267.875		0.385808
268		0.385808
268.125		0.385808
268.25		0.385808
268.375		0.385808
268.5		0.385808
268.625		0.385808
268.75		0.385808
268.875		0.385808
269		0.385808
269.125		0.385808
269.25		0.385808
269.375		0.385808
269.5		0.385808
269.625		0.385808
269.75		0.385808
269.875		0.385808
270		0.385808
270.125		0.398296
270.25		0.398296
270.375		0.398296
270.5		0.398296
270.625		0.398296
270.75		0.398296
270.875		0.398296
271		0.398296
271.125		0.398296
271.25		0.398296
271.375		0.398296
271.5		0.398296
271.625		0.398296
271.75		0.398296
271.875		0.398296
272		0.398296
272.125		0.398296
272.25		0.398296
272.375		0.398296
272.5		0.398296
272.625		0.398296
272.75		0.398296
272.875		0.398296
273		0.398296
273.125		0.398296
273.25		0.398296
273.375		0.398296
273.5		0.398296
273.625		0.398296
273.75		0.398296
273.875		0.398296
274		0.398296
274.125		0.398296
274.25		0.398296
274.375		0.398296
274.5		0.398296
274.625		0.398296
274.75		0.398296
274.875		0.398296
275		0.398296
275.125		0.432625
275.25		0.432625
275.375		0.432625
275.5		0.432625
275.625		0.432625
275.75		0.432625
275.875		0.432625
276		0.432625
276.125		0.432625
276.25		0.432625
276.375		0.432625
276.5		0.432625
276.625		0.432625
276.75		0.432625
276.875		0.432625
277		0.432625
277.125		0.432625
277.25		0.432625
277.375		0.432625
277.5		0.432625
277.625		0.432625
277.75		0.432625
277.875		0.432625
278		0.432625
278.125		0.432625
278.25		0.432625
278.375		0.432625
278.5		0.432625
278.625		0.432625
278.75		0.432625
278.875		0.432625
279		0.432625
279.125		0.432625
279.25		0.432625
279.375		0.432625
279.5		0.432625
279.625		0.432625
279.75		0.432625
279.875		0.432625
280		0.432625
280.125		0.442423
280.25		0.442423
280.375		0.442423
280.5		0.442423
280.625		0.442423
280.75		0.442423
280.875		0.442423
281		0.442423
281.125		0.442423
281.25		0.442423
281.375		0.442423
281.5		0.442423
281.625		0.442423
281.75		0.442423
281.875		0.442423
282		0.442423
282.125		0.442423
282.25		0.442423
282.375		0.442423
282.5		0.442423
282.625		0.442423
282.75		0.442423
282.875		0.442423
283		0.442423
283.125		0.442423
283.25		0.442423
283.375		0.442423
283.5		0.442423
283.625		0.442423
283.75		0.442423
283.875		0.442423
284		0.442423
284.125		0.442423
284.25		0.442423
284.375		0.442423
284.5		0.442423
284.625		0.442423
284.75		0.442423
284.875		0.442423
285		0.442423
285.125		0.456577
285.25		0.456577
285.375		0.456577
285.5		0.456577
285.625		0.456577
285.75		0.456577
285.875		0.456577
286		0.456577
286.125		0.456577
286.25		0.456577
286.375		0.456577
286.5		0.456577
286.625		0.456577
286.75		0.456577
286.875		0.456577
287		0.456577
287.125		0.456577
287.25		0.456577
287.375		0.456577
287.5		0.456577
287.625		0.456577
287.75		0.456577
287.875		0.456577
288		0.456577
288.125		0.456577
288.25		0.456577
288.375		0.456577
288.5		0.456577
288.625		0.456577
288.75		0.456577
288.875		0.456577
289		0.456577
289.125		0.456577
289.25		0.456577
289.375		0.456577
289.5		0.456577
289.625		0.456577
289.75		0.456577
289.875		0.456577
290		0.456577
290.125		0.459588
290.25		0.459588
290.375		0.459588
290.5		0.459588
290.625		0.459588
290.75		0.459588
290.875		0.459588
291		0.459588
291.125		0.459588
291.25		0.459588
291.375		0.459588
291.5		0.459588
291.625		0.459588
291.75		0.459588
291.875		0.459588
292		0.459588
292.125		0.459588
292.25		0.459588
292.375		0.459588
292.5		0.459588
292.625		0.459588
292.75		0.459588
292.875		0.459588
293		0.459588
293.125		0.459588
293.25		0.459588
293.375		0.459588
293.5		0.459588
293.625		0.459588
293.75		0.459588
293.875		0.459588
294		0.459588
294.125		0.459588
294.25		0.459588
294.375		0.459588
294.5		0.459588
294.625		0.459588
294.75		0.459588
294.875		0.459588
295		0.459588
295.125		0.470603
295.25		0.470603
295.375		0.470603
295.5		0.470603
295.625		0.470603
295.75		0.470603
295.875		0.470603
296		0.470603
296.125		0.470603
296.25		0.470603
296.375		0.470603
296.5		0.470603
296.625		0.470603
296.75		0.470603
296.875		0.470603
297		0.470603
297.125		0.470603
297.25		0.470603
297.375		0.470603
297.5		0.470603
297.625		0.470603
297.75		0.470603
297.875		0.470603
298		0.470603
298.125		0.470603
298.25		0.470603
298.375		0.470603
298.5		0.470603
298.625		0.470603
298.75		0.470603
298.875		0.470603
299		0.470603
299.125		0.470603
299.25		0.470603
299.375		0.470603
299.5		0.470603
299.625		0.470603
299.75		0.470603
299.875		0.470603
300		0.470603
300.125		0.498271
300.25		0.498271
300.375		0.498271
300.5		0.498271
300.625		0.498271
300.75		0.498271
300.875		0.498271
301		0.498271
301.125		0.498271
301.25		0.498271
301.375		0.498271
301.5		0.498271
301.625		0.498271
301.75		0.498271
301.875		0.498271
302		0.498271
302.125		0.498271
302.25		0.498271
302.375		0.498271
302.5		0.498271
302.625		0.498271
302.75		0.498271
302.875		0.498271
303		0.498271
303.125		0.498271
303.25		0.498271
303.375		0.498271
303.5		0.498271
303.625		0.498271
303.75		0.498271
303.875		0.498271
304		0.498271
304.125		0.498271
304.25		0.498271
304.375		0.498271
304.5		0.498271
304.625		0.498271
304.75		0.498271
304.875		0.498271
305		0.498271
305.125		0.509991
305.25		0.509991
305.375		0.509991
305.5		0.509991
305.625		0.509991
305.75		0.509991
305.875		0.509991
306		0.509991
306.125		0.509991
306.25		0.509991
306.375		0.509991
306.5		0.509991
306.625		0.509991
306.75		0.509991
306.875		0.509991
307		0.509991
307.125		0.509991
307.25		0.509991
307.375		0.509991
307.5		0.509991
307.625		0.509991
307.75		0.509991
307.875		0.509991
308		0.509991
308.125		0.509991
308.25		0.509991
308.375		0.509991
308.5		0.509991
308.625		0.509991
308.75		0.509991
308.875		0.509991
309		0.509991
309.125		0.509991
309.25		0.509991
309.375		0.509991
309.5		0.509991
309.625		0.509991
309.75		0.509991
309.875		0.509991
310		0.509991
310.125		0.513962
310.25		0.513962
310.375		0.513962
310.5		0.513962
310.625		0.513962
310.75		0.513962
310.875		0.513962
311		0.513962
311.125		0.513962
311.25		0.513962
311.375		0.513962
311.5		0.513962
311.625		0.513962
311.75		0.513962
311.875		0.513962
312		0.513962
312.125		0.513962
312.25		0.513962
312.375		0.513962
312.5		0.513962
312.625		0.513962
312.75		0.513962
312.875		0.513962
313		0.513962
313.125		0.513962
313.25		0.513962
313.375		0.513962
313.5		0.513962
313.625		0.513962
313.75		0.513962
313.875		0.513962
314		0.513962
314.125		0.513962
314.25		0.513962
314.375		0.513962
314.5		0.513962
314.625		0.513962
314.75		0.513962
314.875		0.513962
315		0.513962
315.125		0.521775
315.25		0.521775
315.375		0.521775
315.5		0.521775
315.625		0.521775
315.75		0.521775
315.875		0.521775
316		0.521775
316.125		0.521775
316.25		0.521775
316.375		0.521775
316.5		0.521775
316.625		0.521775
316.75		0.521775
316.875		0.521775
317		0.521775
317.125		0.521775
317.25		0.521775
317.375		0.521775
317.5		0.521775
317.625		0.521775
317.75		0.521775
317.875		0.521775
318		0.521775
318.125		0.521775
318.25		0.521775
318.375		0.521775
318.5		0.521775
318.625		0.521775
318.75		0.521775
318.875		0.521775
319		0.521775
319.125		0.521775
319.25		0.521775
319.375		0.521775
319.5		0.521775
319.625		0.521775
319.75		0.521775
319.875		0.521775
320		0.521775
320.125		0.539003
320.25		0.539003
320.375		0.539003
320.5		0.539003
320.625		0.539003
320.75		0.539003
320.875		0.539003
321		0.539003
321.125		0.539003
321.25		0.539003
321.375		0.539003
321.5		0.539003
321.625		0.539003
321.75		0.539003
321.875		0.539003
322		0.539003
322.125		0.539003
322.25		0.539003
322.375		0.539003
322.5		0.539003
322.625		0.539003
322.75		0.539003
322.875		0.539003
323		0.539003
323.125		0.539003
323.25		0.539003
323.375		0.539003
323.5		0.539003
323.625		0.539003
323.75		0.539003
323.875		0.539003
324		0.539003
324.125		0.539003
324.25		0.539003
324.375		0.539003
324.5		0.539003
324.625		0.539003
324.75		0.539003
324.875		0.539003
325		0.539003
325.125		0.548994
325.25		0.548994
325.375		0.548994
325.5		0.548994
325.625		0.548994
325.75		0.548994
325.875		0.548994
326		0.548994
326.125		0.548994
326.25		0.548994
326.375		0.548994
326.5		0.548994
326.625		0.548994
326.75		0.548994
326.875		0.548994
327		0.548994
327.125		0.548994
327.25		0.548994
327.375		0.548994
327.5		0.548994
327.625		0.548994
327.75		0.548994
327.875		0.548994
328		0.548994
328.125		0.548994
328.25		0.548994
328.375		0.548994
328.5		0.548994
328.625		0.548994
328.75		0.548994
328.875		0.548994
329		0.548994
329.125		0.548994
329.25		0.548994
329.375		0.548994
329.5		0.548994
329.625		0.548994
329.75		0.548994
329.875		0.548994
330		0.548994
330.125		0.561675
330.25		0.561675
330.375		0.561675
330.5		0.561675
330.625		0.561675
330.75		0.561675
330.875		0.561675
331		0.561675
331.125		0.561675
331.25		0.561675
331.375		0.561675
331.5		0.561675
331.625		0.561675
331.75		0.561675
331.875		0.561675
332		0.561675
332.125		0.561675
332.25		0.561675
332.375		0.561675
332.5		0.561675
332.625		0.561675
332.75		0.561675
332.875		0.561675
333		0.561675
333.125		0.561675
333.25		0.561675
333.375		0.561675
333.5		0.561675
333.625		0.561675
333.75		0.561675
333.875		0.561675
334		0.561675
334.125		0.561675
334.25		0.561675
334.375		0.561675
334.5		0.561675
334.625		0.561675
334.75		0.561675
334.875		0.561675
335		0.561675
335.125		0.564173
335.25		0.564173
335.375		0.564173
335.5		0.564173
335.625		0.564173
335.75		0.564173
335.875		0.564173
336		0.564173
336.125		0.564173
336.25		0.564173
336.375		0.564173
336.5		0.564173
336.625		0.564173
336.75		0.564173
336.875		0.564173
337		0.564173
337.125		0.564173
337.25		0.564173
337.375		0.564173
337.5		0.564173
337.625		0.564173
337.75		0.564173
337.875		0.564173
338		0.564173
338.125		0.564173
338.25		0.564173
338.375		0.564173
338.5		0.564173
338.625		0.564173
338.75		0.564173
338.875		0.564173
339		0.564173
339.125		0.564173
339.25		0.564173
339.375		0.564173
339.5		0.564173
339.625		0.564173
339.75		0.564173
339.875		0.564173
340		0.564173
340.125		0.599782
340.25		0.599782
340.375		0.599782
340.5		0.599782
340.625		0.599782
340.75		0.599782
340.875		0.599782
341		0.599782
341.125		0.599782
341.25		0.599782
341.375		0.599782
341.5		0.599782
341.625		0.599782
341.75		0.599782
341.875		0.599782
342		0.599782
342.125		0.599782
342.25		0.599782
342.375		0.599782
342.5		0.599782
342.625		0.599782
342.75		0.599782
342.875		0.599782
343		0.599782
343.125		0.599782
343.25		0.599782
343.375		0.599782
343.5		0.599782
343.625		0.599782
343.75		0.599782
343.875		0.599782
344		0.599782
344.125		0.599782
344.25		0.599782
344.375		0.599782
344.5		0.599782
344.625		0.599782
344.75		0.599782
344.875		0.599782
345		0.599782
345.125		0.600935
345.25		0.600935
345.375		0.600935
345.5		0.600935
345.625		0.600935
345.75		0.600935
345.875		0.600935
346		0.600935
346.125		0.600935
346.25		0.600935
346.375		0.600935
346.5		0.600935
346.625		0.600935
346.75		0.600935
346.875		0.600935
347		0.600935
347.125		0.600935
347.25		0.600935
347.375		0.600935
347.5		0.600935
347.625		0.600935
347.75		0.600935
347.875		0.600935
348		0.600935
348.125		0.600935
348.25		0.600935
348.375		0.600935
348.5		0.600935
348.625		0.600935
348.75		0.600935
348.875		0.600935
349		0.600935
349.125		0.600935
349.25		0.600935
349.375		0.600935
349.5		0.600935
349.625		0.600935
349.75		0.600935
349.875		0.600935
350		0.600935
350.125		0.601832
350.25		0.601832
350.375		0.601832
350.5		0.601832
350.625		0.601832
350.75		0.601832
350.875		0.601832
351		0.601832
351.125		0.601832
351.25		0.601832
351.375		0.601832
351.5		0.601832
351.625		0.601832
351.75		0.601832
351.875		0.601832
352		0.601832
352.125		0.601832
352.25		0.601832
352.375		0.601832
352.5		0.601832
352.625		0.601832
352.75		0.601832
352.875		0.601832
353		0.601832
353.125		0.601832
353.25		0.601832
353.375		0.601832
353.5		0.601832
353.625		0.601832
353.75		0.601832
353.875		0.601832
354		0.601832
354.125		0.601832
354.25		0.601832
354.375		0.601832
354.5		0.601832
354.625		0.601832
354.75		0.601832
354.875		0.601832
355		0.601832
355.125		0.612911
355.25		0.612911
355.375		0.612911
355.5		0.612911
355.625		0.612911
355.75		0.612911
355.875		0.612911
356		0.612911
356.125		0.612911
356.25		0.612911
356.375		0.612911
356.5		0.612911
356.625		0.612911
356.75		0.612911
356.875		0.612911
357		0.612911
357.125		0.612911
357.25		0.612911
357.375		0.612911
357.5		0.612911
357.625		0.612911
357.75		0.612911
357.875		0.612911
358		0.612911
358.125		0.612911
358.25		0.612911
358.375		0.612911
358.5		0.612911
358.625		0.612911
358.75		0.612911
358.875		0.612911
359		0.612911
359.125		0.612911
359.25		0.612911
359.375		0.612911
359.5		0.612911
359.625		0.612911
359.75		0.612911
359.875		0.612911
360		0.612911
360.125		0.649545
360.25		0.649545
360.375		0.649545
360.5		0.649545
360.625		0.649545
360.75		0.649545
360.875		0.649545
361		0.649545
361.125		0.649545
361.25		0.649545
361.375		0.649545
361.5		0.649545
361.625		0.649545
361.75		0.649545
361.875		0.649545
362		0.649545
362.125		0.649545
362.25		0.649545
362.375		0.649545
362.5		0.649545
362.625		0.649545
362.75		0.649545
362.875		0.649545
363		0.649545
363.125		0.649545
363.25		0.649545
363.375		0.649545
363.5		0.649545
363.625		0.649545
363.75		0.649545
363.875		0.649545
364		0.649545
364.125		0.649545
364.25		0.649545
364.375		0.649545
364.5		0.649545
364.625		0.649545
364.75		0.649545
364.875		0.649545
365		0.649545
365.125		0.652107
365.25		0.652107
365.375		0.652107
365.5		0.652107
365.625		0.652107
365.75		0.652107
365.875		0.652107
366		0.652107
366.125		0.652107
366.25		0.652107
366.375		0.652107
366.5		0.652107
366.625		0.652107
366.75		0.652107
366.875		0.652107
367		0.652107
367.125		0.652107
367.25		0.652107
367.375		0.652107
367.5		0.652107
367.625		0.652107
367.75		0.652107
367.875		0.652107
368		0.652107
368.125		0.652107
368.25		0.652107
368.375		0.652107
368.5		0.652107
368.625		0.652107
368.75		0.652107
368.875		0.652107
369		0.652107
369.125		0.652107
369.25		0.652107
369.375		0.652107
369.5		0.652107
369.625		0.652107
369.75		0.652107
369.875		0.652107
370		0.652107
370.125		0.671257
370.25		0.671257
370.375		0.671257
370.5		0.671257
370.625		0.671257
370.75		0.671257
370.875		0.671257
371		0.671257
371.125		0.671257
371.25		0.671257
371.375		0.671257
371.5		0.671257
371.625		0.671257
371.75		0.671257
371.875		0.671257
372		0.671257
372.125		0.671257
372.25		0.671257
372.375		0.671257
372.5		0.671257
372.625		0.671257
372.75		0.671257
372.875		0.671257
373		0.671257
373.125		0.671257
373.25		0.671257
373.375		0.671257
373.5		0.671257
373.625		0.671257
373.75		0.671257
373.875		0.671257
374		0.671257
374.125		0.671257
374.25		0.671257
374.375		0.671257
374.5		0.671257
374.625		0.671257
374.75		0.671257
374.875		0.671257
375		0.671257
375.125		0.682272
375.25		0.682272
375.375		0.682272
375.5		0.682272
375.625		0.682272
375.75		0.682272
375.875		0.682272
376		0.682272
376.125		0.682272
376.25		0.682272
376.375		0.682272
376.5		0.682272
376.625		0.682272
376.75		0.682272
376.875		0.682272
377		0.682272
377.125		0.682272
377.25		0.682272
377.375		0.682272
377.5		0.682272
377.625		0.682272
377.75		0.682272
377.875		0.682272
378		0.682272
378.125		0.682272
378.25		0.682272
378.375		0.682272
378.5		0.682272
378.625		0.682272
378.75		0.682272
378.875		0.682272
379		0.682272
379.125		0.682272
379.25		0.682272
379.375		0.682272
379.5		0.682272
379.625		0.682272
379.75		0.682272
379.875		0.682272
380		0.682272
380.125		0.693288
380.25		0.693288
380.375		0.693288
380.5		0.693288
380.625		0.693288
380.75		0.693288
380.875		0.693288
381		0.693288
381.125		0.693288
381.25		0.693288
381.375		0.693288
381.5		0.693288
381.625		0.693288
381.75		0.693288
381.875		0.693288
382		0.693288
382.125		0.693288
382.25		0.693288
382.375		0.693288
382.5		0.693288
382.625		0.693288
382.75		0.693288
382.875		0.693288
383		0.693288
383.125		0.693288
383.25		0.693288
383.375		0.693288
383.5		0.693288
383.625		0.693288
383.75		0.693288
383.875		0.693288
384		0.693288
384.125		0.693288
384.25		0.693288
384.375		0.693288
384.5		0.693288
384.625		0.693288
384.75		0.693288
384.875		0.693288
385		0.693288
385.125		0.711733
385.25		0.711733
385.375		0.711733
385.5		0.711733
385.625		0.711733
385.75		0.711733
385.875		0.711733
386		0.711733
386.125		0.711733
386.25		0.711733
386.375		0.711733
386.5		0.711733
386.625		0.711733
386.75		0.711733
386.875		0.711733
387		0.711733
387.125		0.711733
387.25		0.711733
387.375		0.711733
387.5		0.711733
387.625		0.711733
387.75		0.711733
387.875		0.711733
388		0.711733
388.125		0.711733
388.25		0.711733
388.375		0.711733
388.5		0.711733
388.625		0.711733
388.75		0.711733
388.875		0.711733
389		0.711733
389.125		0.711733
389.25		0.711733
389.375		0.711733
389.5		0.711733
389.625		0.711733
389.75		0.711733
389.875		0.711733
390		0.711733
390.125		0.712566
390.25		0.712566
390.375		0.712566
390.5		0.712566
390.625		0.712566
390.75		0.712566
390.875		0.712566
391		0.712566
391.125		0.712566
391.25		0.712566
391.375		0.712566
391.5		0.712566
391.625		0.712566
391.75		0.712566
391.875		0.712566
392		0.712566
392.125		0.712566
392.25		0.712566
392.375		0.712566
392.5		0.712566
392.625		0.712566
392.75		0.712566
392.875		0.712566
393		0.712566
393.125		0.712566
393.25		0.712566
393.375		0.712566
393.5		0.712566
393.625		0.712566
393.75		0.712566
393.875		0.712566
394		0.712566
394.125		0.712566
394.25		0.712566
394.375		0.712566
394.5		0.712566
394.625		0.712566
394.75		0.712566
394.875		0.712566
395		0.712566
395.125		0.717881
395.25		0.717881
395.375		0.717881
395.5		0.717881
395.625		0.717881
395.75		0.717881
395.875		0.717881
396		0.717881
396.125		0.717881
396.25		0.717881
396.375		0.717881
396.5		0.717881
396.625		0.717881
396.75		0.717881
396.875		0.717881
397		0.717881
397.125		0.717881
397.25		0.717881
397.375		0.717881
397.5		0.717881
397.625		0.717881
397.75		0.717881
397.875		0.717881
398		0.717881
398.125		0.717881
398.25		0.717881
398.375		0.717881
398.5		0.717881
398.625		0.717881
398.75		0.717881
398.875		0.717881
399		0.717881
399.125		0.717881
399.25		0.717881
399.375		0.717881
399.5		0.717881
399.625		0.717881
399.75		0.717881
399.875		0.717881
400		0.717881
400.125		0.745485
400.25		0.745485
400.375		0.745485
400.5		0.745485
400.625		0.745485
400.75		0.745485
400.875		0.745485
401		0.745485
401.125		0.745485
401.25		0.745485
401.375		0.745485
401.5		0.745485
401.625		0.745485
401.75		0.745485
401.875		0.745485
402		0.745485
402.125		0.745485
402.25		0.745485
402.375		0.745485
402.5		0.745485
402.625		0.745485
402.75		0.745485
402.875		0.745485
403		0.745485
403.125		0.745485
403.25		0.745485
403.375		0.745485
403.5		0.745485
403.625		0.745485
403.75		0.745485
403.875		0.745485
404		0.745485
404.125		0.745485
404.25		0.745485
404.375		0.745485
404.5		0.745485
404.625		0.745485
404.75		0.745485
404.875		0.745485
405		0.745485
405.125		0.766171
405.25		0.766171
405.375		0.766171
405.5		0.766171
405.625		0.766171
405.75		0.766171
405.875		0.766171
406		0.766171
406.125		0.766171
406.25		0.766171
406.375		0.766171
406.5		0.766171
406.625		0.766171
406.75		0.766171
406.875		0.766171
407		0.766171
407.125		0.766171
407.25		0.766171
407.375		0.766171
407.5		0.766171
407.625		0.766171
407.75		0.766171
407.875		0.766171
408		0.766171
408.125		0.766171
408.25		0.766171
408.375		0.766171
408.5		0.766171
408.625		0.766171
408.75		0.766171
408.875		0.766171
409		0.766171
409.125		0.766171
409.25		0.766171
409.375		0.766171
409.5		0.766171
409.625		0.766171
409.75		0.766171
409.875		0.766171
410		0.766171
410.125		0.784424
410.25		0.784424
410.375		0.784424
410.5		0.784424
410.625		0.784424
410.75		0.784424
410.875		0.784424
411		0.784424
411.125		0.784424
411.25		0.784424
411.375		0.784424
411.5		0.784424
411.625		0.784424
411.75		0.784424
411.875		0.784424
412		0.784424
412.125		0.784424
412.25		0.784424
412.375		0.784424
412.5		0.784424
412.625		0.784424
412.75		0.784424
412.875		0.784424
413		0.784424
413.125		0.784424
413.25		0.784424
413.375		0.784424
413.5		0.784424
413.625		0.784424
413.75		0.784424
413.875		0.784424
414		0.784424
414.125		0.784424
414.25		0.784424
414.375		0.784424
414.5		0.784424
414.625		0.784424
414.75		0.784424
414.875		0.784424
415		0.784424
415.125		0.79307
415.25		0.79307
415.375		0.79307
415.5		0.79307
415.625		0.79307
415.75		0.79307
415.875		0.79307
416		0.79307
416.125		0.79307
416.25		0.79307
416.375		0.79307
416.5		0.79307
416.625		0.79307
416.75		0.79307
416.875		0.79307
417		0.79307
417.125		0.79307
417.25		0.79307
417.375		0.79307
417.5		0.79307
417.625		0.79307
417.75		0.79307
417.875		0.79307
418		0.79307
418.125		0.79307
418.25		0.79307
418.375		0.79307
418.5		0.79307
418.625		0.79307
418.75		0.79307
418.875		0.79307
419		0.79307
419.125		0.79307
419.25		0.79307
419.375		0.79307
419.5		0.79307
419.625		0.79307
419.75		0.79307
419.875		0.79307
420		0.79307
420.125		0.797682
420.25		0.797682
420.375		0.797682
420.5		0.797682
420.625		0.797682
420.75		0.797682
420.875		0.797682
421		0.797682
421.125		0.797682
421.25		0.797682
421.375		0.797682
421.5		0.797682
421.625		0.797682
421.75		0.797682
421.875		0.797682
422		0.797682
422.125		0.797682
422.25		0.797682
422.375		0.797682
422.5		0.797682
422.625		0.797682
422.75		0.797682
422.875		0.797682
423		0.797682
423.125		0.797682
423.25		0.797682
423.375		0.797682
423.5		0.797682
423.625		0.797682
423.75		0.797682
423.875		0.797682
424		0.797682
424.125		0.797682
424.25		0.797682
424.375		0.797682
424.5		0.797682
424.625		0.797682
424.75		0.797682
424.875		0.797682
425		0.797682
425.125		0.810619
425.25		0.810619
425.375		0.810619
425.5		0.810619
425.625		0.810619
425.75		0.810619
425.875		0.810619
426		0.810619
426.125		0.810619
426.25		0.810619
426.375		0.810619
426.5		0.810619
426.625		0.810619
426.75		0.810619
426.875		0.810619
427		0.810619
427.125		0.810619
427.25		0.810619
427.375		0.810619
427.5		0.810619
427.625		0.810619
427.75		0.810619
427.875		0.810619
428		0.810619
428.125		0.810619
428.25		0.810619
428.375		0.810619
428.5		0.810619
428.625		0.810619
428.75		0.810619
428.875		0.810619
429		0.810619
429.125		0.810619
429.25		0.810619
429.375		0.810619
429.5		0.810619
429.625		0.810619
429.75		0.810619
429.875		0.810619
430		0.810619
430.125		0.827655
430.25		0.827655
430.375		0.827655
430.5		0.827655
430.625		0.827655
430.75		0.827655
430.875		0.827655
431		0.827655
431.125		0.827655
431.25		0.827655
431.375		0.827655
431.5		0.827655
431.625		0.827655
431.75		0.827655
431.875		0.827655
432		0.827655
432.125		0.827655
432.25		0.827655
432.375		0.827655
432.5		0.827655
432.625		0.827655
432.75		0.827655
432.875		0.827655
433		0.827655
433.125		0.827655
433.25		0.827655
433.375		0.827655
433.5		0.827655
433.625		0.827655
433.75		0.827655
433.875		0.827655
434		0.827655
434.125		0.827655
434.25		0.827655
434.375		0.827655
434.5		0.827655
434.625		0.827655
434.75		0.827655
434.875		0.827655
435		0.827655
435.125		0.851159
435.25		0.851159
435.375		0.851159
435.5		0.851159
435.625		0.851159
435.75		0.851159
435.875		0.851159
436		0.851159
436.125		0.851159
436.25		0.851159
436.375		0.851159
436.5		0.851159
436.625		0.851159
436.75		0.851159
436.875		0.851159
437		0.851159
437.125		0.851159
437.25		0.851159
437.375		0.851159
437.5		0.851159
437.625		0.851159
437.75		0.851159
437.875		0.851159
438		0.851159
438.125		0.851159
438.25		0.851159
438.375		0.851159
438.5		0.851159
438.625		0.851159
438.75		0.851159
438.875		0.851159
439		0.851159
439.125		0.851159
439.25		0.851159
439.375		0.851159
439.5		0.851159
439.625		0.851159
439.75		0.851159
439.875		0.851159
440		0.851159
440.125		0.857756
440.25		0.857756
440.375		0.857756
440.5		0.857756
440.625		0.857756
440.75		0.857756
440.875		0.857756
441		0.857756
441.125		0.857756
441.25		0.857756
441.375		0.857756
441.5		0.857756
441.625		0.857756
441.75		0.857756
441.875		0.857756
442		0.857756
442.125		0.857756
442.25		0.857756
442.375		0.857756
442.5		0.857756
442.625		0.857756
442.75		0.857756
442.875		0.857756
443		0.857756
443.125		0.857756
443.25		0.857756
443.375		0.857756
443.5		0.857756
443.625		0.857756
443.75		0.857756
443.875		0.857756
444		0.857756
444.125		0.857756
444.25		0.857756
444.375		0.857756
444.5		0.857756
444.625		0.857756
444.75		0.857756
444.875		0.857756
445		0.857756
445.125		0.860638
445.25		0.860638
445.375		0.860638
445.5		0.860638
445.625		0.860638
445.75		0.860638
445.875		0.860638
446		0.860638
446.125		0.860638
446.25		0.860638
446.375		0.860638
446.5		0.860638
446.625		0.860638
446.75		0.860638
446.875		0.860638
447		0.860638
447.125		0.860638
447.25		0.860638
447.375		0.860638
447.5		0.860638
447.625		0.860638
447.75		0.860638
447.875		0.860638
448		0.860638
448.125		0.860638
448.25		0.860638
448.375		0.860638
448.5		0.860638
448.625		0.860638
448.75		0.860638
448.875		0.860638
449		0.860638
449.125		0.860638
449.25		0.860638
449.375		0.860638
449.5		0.860638
449.625		0.860638
449.75		0.860638
449.875		0.860638
450		0.860638
450.125		0.886256
450.25		0.886256
450.375		0.886256
450.5		0.886256
450.625		0.886256
450.75		0.886256
450.875		0.886256
451		0.886256
451.125		0.886256
451.25		0.886256
451.375		0.886256
451.5		0.886256
451.625		0.886256
451.75		0.886256
451.875		0.886256
452		0.886256
452.125		0.886256
452.25		0.886256
452.375		0.886256
452.5		0.886256
452.625		0.886256
452.75		0.886256
452.875		0.886256
453		0.886256
453.125		0.886256
453.25		0.886256
453.375		0.886256
453.5		0.886256
453.625		0.886256
453.75		0.886256
453.875		0.886256
454		0.886256
454.125		0.886256
454.25		0.886256
454.375		0.886256
454.5		0.886256
454.625		0.886256
454.75		0.886256
454.875		0.886256
455		0.886256
455.125		0.894133
455.25		0.894133
455.375		0.894133
455.5		0.894133
455.625		0.894133
455.75		0.894133
455.875		0.894133
456		0.894133
456.125		0.894133
456.25		0.894133
456.375		0.894133
456.5		0.894133
456.625		0.894133
456.75		0.894133
456.875		0.894133
457		0.894133
457.125		0.894133
457.25		0.894133
457.375		0.894133
457.5		0.894133
457.625		0.894133
457.75		0.894133
457.875		0.894133
458		0.894133
458.125		0.894133
458.25		0.894133
458.375		0.894133
458.5		0.894133
458.625		0.894133
458.75		0.894133
458.875		0.894133
459		0.894133
459.125		0.894133
459.25		0.894133
459.375		0.894133
459.5		0.894133
459.625		0.894133
459.75		0.894133
459.875		0.894133
460		0.894133
460.125		0.904573
460.25		0.904573
460.375		0.904573
460.5		0.904573
460.625		0.904573
460.75		0.904573
460.875		0.904573
461		0.904573
461.125		0.904573
461.25		0.904573
461.375		0.904573
461.5		0.904573
461.625		0.904573
461.75		0.904573
461.875		0.904573
462		0.904573
462.125		0.904573
462.25		0.904573
462.375		0.904573
462.5		0.904573
462.625		0.904573
462.75		0.904573
462.875		0.904573
463		0.904573
463.125		0.904573
463.25		0.904573
463.375		0.904573
463.5		0.904573
463.625		0.904573
463.75		0.904573
463.875		0.904573
464		0.904573
464.125		0.904573
464.25		0.904573
464.375		0.904573
464.5		0.904573
464.625		0.904573
464.75		0.904573
464.875		0.904573
465		0.904573
465.125		0.909504
465.25		0.909504
465.375		0.909504
465.5		0.909504
465.625		0.909504
465.75		0.909504
465.875		0.909504
466		0.909504
466.125		0.909504
466.25		0.909504
466.375		0.909504
466.5		0.909504
466.625		0.909504
466.75		0.909504
466.875		0.909504
467		0.909504
467.125		0.909504
467.25		0.909504
467.375		0.909504
467.5		0.909504
467.625		0.909504
467.75		0.909504
467.875		0.909504
468		0.909504
468.125		0.909504
468.25		0.909504
468.375		0.909504
468.5		0.909504
468.625		0.909504
468.75		0.909504
468.875		0.909504
469		0.909504
469.125		0.909504
469.25		0.909504
469.375		0.909504
469.5		0.909504
469.625		0.909504
469.75		0.909504
469.875		0.909504
470		0.909504
470.125		0.936787
470.25		0.936787
470.375		0.936787
470.5		0.936787
470.625		0.936787
470.75		0.936787
470.875		0.936787
471		0.936787
471.125		0.936787
471.25		0.936787
471.375		0.936787
471.5		0.936787
471.625		0.936787
471.75		0.936787
471.875		0.936787
472		0.936787
472.125		0.936787
472.25		0.936787
472.375		0.936787
472.5		0.936787
472.625		0.936787
472.75		0.936787
472.875		0.936787
473		0.936787
473.125		0.936787
473.25		0.936787
473.375		0.936787
473.5		0.936787
473.625		0.936787
473.75		0.936787
473.875		0.936787
474		0.936787
474.125		0.936787
474.25		0.936787
474.375		0.936787
474.5		0.936787
474.625		0.936787
474.75		0.936787
474.875		0.936787
475		0.936787
475.125		0.947611
475.25		0.947611
475.375		0.947611
475.5		0.947611
475.625		0.947611
475.75		0.947611
475.875		0.947611
476		0.947611
476.125		0.947611
476.25		0.947611
476.375		0.947611
476.5		0.947611
476.625		0.947611
476.75		0.947611
476.875		0.947611
477		0.947611
477.125		0.947611
477.25		0.947611
477.375		0.947611
477.5		0.947611
477.625		0.947611
477.75		0.947611
477.875		0.947611
478		0.947611
478.125		0.947611
478.25		0.947611
478.375		0.947611
478.5		0.947611
478.625		0.947611
478.75		0.947611
478.875		0.947611
479		0.947611
479.125		0.947611
479.25		0.947611
479.375		0.947611
479.5		0.947611
479.625		0.947611
479.75		0.947611
479.875		0.947611
480		0.947611
480.125		0.962406
480.25		0.962406
480.375		0.962406
480.5		0.962406
480.625		0.962406
480.75		0.962406
480.875		0.962406
481		0.962406
481.125		0.962406
481.25		0.962406
481.375		0.962406
481.5		0.962406
481.625		0.962406
481.75		0.962406
481.875		0.962406
482		0.962406
482.125		0.962406
482.25		0.962406
482.375		0.962406
482.5		0.962406
482.625		0.962406
482.75		0.962406
482.875		0.962406
483		0.962406
483.125		0.962406
483.25		0.962406
483.375		0.962406
483.5		0.962406
483.625		0.962406
483.75		0.962406
483.875		0.962406
484		0.962406
484.125		0.962406
484.25		0.962406
484.375		0.962406
484.5		0.962406
484.625		0.962406
484.75		0.962406
484.875		0.962406
485		0.962406
485.125		0.975151
485.25		0.975151
485.375		0.975151
485.5		0.975151
485.625		0.975151
485.75		0.975151
485.875		0.975151
486		0.975151
486.125		0.975151
486.25		0.975151
486.375		0.975151
486.5		0.975151
486.625		0.975151
486.75		0.975151
486.875		0.975151
487		0.975151
487.125		0.975151
487.25		0.975151
487.375		0.975151
487.5		0.975151
487.625		0.975151
487.75		0.975151
487.875		0.975151
488		0.975151
488.125		0.975151
488.25		0.975151
488.375		0.975151
488.5		0.975151
488.625		0.975151
488.75		0.975151
488.875		0.975151
489		0.975151
489.125		0.975151
489.25		0.975151
489.375		0.975151
489.5		0.975151
489.625		0.975151
489.75		0.975151
489.875		0.975151
490		0.975151
490.125		0.992186
490.25		0.992186
490.375		0.992186
490.5		0.992186
490.625		0.992186
490.75		0.992186
490.875		0.992186
491		0.992186
491.125		0.992186
491.25		0.992186
491.375		0.992186
491.5		0.992186
491.625		0.992186
491.75		0.992186
491.875		0.992186
492		0.992186
492.125		0.992186
492.25		0.992186
492.375		0.992186
492.5		0.992186
492.625		0.992186
492.75		0.992186
492.875		0.992186
493		0.992186
493.125		0.992186
493.25		0.992186
493.375		0.992186
493.5		0.992186
493.625		0.992186
493.75		0.992186
493.875		0.992186
494		0.992186
494.125		0.992186
494.25		0.992186
494.375		0.992186
494.5		0.992186
494.625		0.992186
494.75		0.992186
494.875		0.992186
495		0.992186
495.125		1
495.25		1
495.375		1
495.5		1
495.625		1
495.75		1
495.875		1
496		1
496.125		1
496.25		1
496.375		1
496.5		1
496.625		1
496.75		1
496.875		1
497		1
497.125		1
497.25		1
497.375		1
497.5		1
497.625		1
497.75		1
497.875		1
498		1
498.125		1
498.25		1
498.375		1
498.5		1
498.625		1
498.75		1
498.875		1
499		1
499.125		1
499.25		1
499.375		1
499.5		1
499.625		1
499.75		1
499.875		1
500		1
