# Calibration file of tamex_id 0 @ channel 32
# fine_T bin		 Calibration value
0.125		0
0.25		0
0.375		0
0.5		0
0.625		0
0.75		0
0.875		0
1		0
1.125		0
1.25		0
1.375		0
1.5		0
1.625		0
1.75		0
1.875		0
2		0
2.125		0
2.25		0
2.375		0
2.5		0
2.625		0
2.75		0
2.875		0
3		0
3.125		0
3.25		0
3.375		0
3.5		0
3.625		0
3.75		0
3.875		0
4		0
4.125		0
4.25		0
4.375		0
4.5		0
4.625		0
4.75		0
4.875		0
5		0
5.125		0
5.25		0
5.375		0
5.5		0
5.625		0
5.75		0
5.875		0
6		0
6.125		0
6.25		0
6.375		0
6.5		0
6.625		0
6.75		0
6.875		0
7		0
7.125		0
7.25		0
7.375		0
7.5		0
7.625		0
7.75		0
7.875		0
8		0
8.125		0
8.25		0
8.375		0
8.5		0
8.625		0
8.75		0
8.875		0
9		0
9.125		0
9.25		0
9.375		0
9.5		0
9.625		0
9.75		0
9.875		0
10		0
10.125		0
10.25		0
10.375		0
10.5		0
10.625		0
10.75		0
10.875		0
11		0
11.125		0
11.25		0
11.375		0
11.5		0
11.625		0
11.75		0
11.875		0
12		0
12.125		0
12.25		0
12.375		0
12.5		0
12.625		0
12.75		0
12.875		0
13		0
13.125		0
13.25		0
13.375		0
13.5		0
13.625		0
13.75		0
13.875		0
14		0
14.125		0
14.25		0
14.375		0
14.5		0
14.625		0
14.75		0
14.875		0
15		0
15.125		0
15.25		0
15.375		0
15.5		0
15.625		0
15.75		0
15.875		0
16		0
16.125		0
16.25		0
16.375		0
16.5		0
16.625		0
16.75		0
16.875		0
17		0
17.125		0
17.25		0
17.375		0
17.5		0
17.625		0
17.75		0
17.875		0
18		0
18.125		0
18.25		0
18.375		0
18.5		0
18.625		0
18.75		0
18.875		0
19		0
19.125		0
19.25		0
19.375		0
19.5		0
19.625		0
19.75		0
19.875		0
20		0
20.125		0
20.25		0
20.375		0
20.5		0
20.625		0
20.75		0
20.875		0
21		0
21.125		0
21.25		0
21.375		0
21.5		0
21.625		0
21.75		0
21.875		0
22		0
22.125		0
22.25		0
22.375		0
22.5		0
22.625		0
22.75		0
22.875		0
23		0
23.125		0
23.25		0
23.375		0
23.5		0
23.625		0
23.75		0
23.875		0
24		0
24.125		0
24.25		0
24.375		0
24.5		0
24.625		0
24.75		0
24.875		0
25		0
25.125		0
25.25		0
25.375		0
25.5		0
25.625		0
25.75		0
25.875		0
26		0
26.125		0
26.25		0
26.375		0
26.5		0
26.625		0
26.75		0
26.875		0
27		0
27.125		0
27.25		0
27.375		0
27.5		0
27.625		0
27.75		0
27.875		0
28		0
28.125		0
28.25		0
28.375		0
28.5		0
28.625		0
28.75		0
28.875		0
29		0
29.125		0
29.25		0
29.375		0
29.5		0
29.625		0
29.75		0
29.875		0
30		0
30.125		0
30.25		0
30.375		0
30.5		0
30.625		0
30.75		0
30.875		0
31		0
31.125		0
31.25		0
31.375		0
31.5		0
31.625		0
31.75		0
31.875		0
32		0
32.125		0
32.25		0
32.375		0
32.5		0
32.625		0
32.75		0
32.875		0
33		0
33.125		0
33.25		0
33.375		0
33.5		0
33.625		0
33.75		0
33.875		0
34		0
34.125		0
34.25		0
34.375		0
34.5		0
34.625		0
34.75		0
34.875		0
35		0
35.125		0
35.25		0
35.375		0
35.5		0
35.625		0
35.75		0
35.875		0
36		0
36.125		0
36.25		0
36.375		0
36.5		0
36.625		0
36.75		0
36.875		0
37		0
37.125		0
37.25		0
37.375		0
37.5		0
37.625		0
37.75		0
37.875		0
38		0
38.125		0
38.25		0
38.375		0
38.5		0
38.625		0
38.75		0
38.875		0
39		0
39.125		0
39.25		0
39.375		0
39.5		0
39.625		0
39.75		0
39.875		0
40		0
40.125		0
40.25		0
40.375		0
40.5		0
40.625		0
40.75		0
40.875		0
41		0
41.125		0
41.25		0
41.375		0
41.5		0
41.625		0
41.75		0
41.875		0
42		0
42.125		0
42.25		0
42.375		0
42.5		0
42.625		0
42.75		0
42.875		0
43		0
43.125		0
43.25		0
43.375		0
43.5		0
43.625		0
43.75		0
43.875		0
44		0
44.125		0
44.25		0
44.375		0
44.5		0
44.625		0
44.75		0
44.875		0
45		0
45.125		0
45.25		0
45.375		0
45.5		0
45.625		0
45.75		0
45.875		0
46		0
46.125		0
46.25		0
46.375		0
46.5		0
46.625		0
46.75		0
46.875		0
47		0
47.125		0
47.25		0
47.375		0
47.5		0
47.625		0
47.75		0
47.875		0
48		0
48.125		0
48.25		0
48.375		0
48.5		0
48.625		0
48.75		0
48.875		0
49		0
49.125		0
49.25		0
49.375		0
49.5		0
49.625		0
49.75		0
49.875		0
50		0
50.125		0
50.25		0
50.375		0
50.5		0
50.625		0
50.75		0
50.875		0
51		0
51.125		0
51.25		0
51.375		0
51.5		0
51.625		0
51.75		0
51.875		0
52		0
52.125		0
52.25		0
52.375		0
52.5		0
52.625		0
52.75		0
52.875		0
53		0
53.125		0
53.25		0
53.375		0
53.5		0
53.625		0
53.75		0
53.875		0
54		0
54.125		0
54.25		0
54.375		0
54.5		0
54.625		0
54.75		0
54.875		0
55		0
55.125		0
55.25		0
55.375		0
55.5		0
55.625		0
55.75		0
55.875		0
56		0
56.125		0
56.25		0
56.375		0
56.5		0
56.625		0
56.75		0
56.875		0
57		0
57.125		0
57.25		0
57.375		0
57.5		0
57.625		0
57.75		0
57.875		0
58		0
58.125		0
58.25		0
58.375		0
58.5		0
58.625		0
58.75		0
58.875		0
59		0
59.125		0
59.25		0
59.375		0
59.5		0
59.625		0
59.75		0
59.875		0
60		0
60.125		0
60.25		0
60.375		0
60.5		0
60.625		0
60.75		0
60.875		0
61		0
61.125		0
61.25		0
61.375		0
61.5		0
61.625		0
61.75		0
61.875		0
62		0
62.125		0
62.25		0
62.375		0
62.5		0
62.625		0
62.75		0
62.875		0
63		0
63.125		0
63.25		0
63.375		0
63.5		0
63.625		0
63.75		0
63.875		0
64		0
64.125		0
64.25		0
64.375		0
64.5		0
64.625		0
64.75		0
64.875		0
65		0
65.125		0
65.25		0
65.375		0
65.5		0
65.625		0
65.75		0
65.875		0
66		0
66.125		0
66.25		0
66.375		0
66.5		0
66.625		0
66.75		0
66.875		0
67		0
67.125		0
67.25		0
67.375		0
67.5		0
67.625		0
67.75		0
67.875		0
68		0
68.125		0
68.25		0
68.375		0
68.5		0
68.625		0
68.75		0
68.875		0
69		0
69.125		0
69.25		0
69.375		0
69.5		0
69.625		0
69.75		0
69.875		0
70		0
70.125		0
70.25		0
70.375		0
70.5		0
70.625		0
70.75		0
70.875		0
71		0
71.125		0
71.25		0
71.375		0
71.5		0
71.625		0
71.75		0
71.875		0
72		0
72.125		0
72.25		0
72.375		0
72.5		0
72.625		0
72.75		0
72.875		0
73		0
73.125		0
73.25		0
73.375		0
73.5		0
73.625		0
73.75		0
73.875		0
74		0
74.125		0
74.25		0
74.375		0
74.5		0
74.625		0
74.75		0
74.875		0
75		0
75.125		0
75.25		0
75.375		0
75.5		0
75.625		0
75.75		0
75.875		0
76		0
76.125		0
76.25		0
76.375		0
76.5		0
76.625		0
76.75		0
76.875		0
77		0
77.125		0
77.25		0
77.375		0
77.5		0
77.625		0
77.75		0
77.875		0
78		0
78.125		0
78.25		0
78.375		0
78.5		0
78.625		0
78.75		0
78.875		0
79		0
79.125		0
79.25		0
79.375		0
79.5		0
79.625		0
79.75		0
79.875		0
80		0
80.125		0.00452176
80.25		0.00452176
80.375		0.00452176
80.5		0.00452176
80.625		0.00452176
80.75		0.00452176
80.875		0.00452176
81		0.00452176
81.125		0.00452176
81.25		0.00452176
81.375		0.00452176
81.5		0.00452176
81.625		0.00452176
81.75		0.00452176
81.875		0.00452176
82		0.00452176
82.125		0.00452176
82.25		0.00452176
82.375		0.00452176
82.5		0.00452176
82.625		0.00452176
82.75		0.00452176
82.875		0.00452176
83		0.00452176
83.125		0.00452176
83.25		0.00452176
83.375		0.00452176
83.5		0.00452176
83.625		0.00452176
83.75		0.00452176
83.875		0.00452176
84		0.00452176
84.125		0.00452176
84.25		0.00452176
84.375		0.00452176
84.5		0.00452176
84.625		0.00452176
84.75		0.00452176
84.875		0.00452176
85		0.00452176
85.125		0.0456432
85.25		0.0456432
85.375		0.0456432
85.5		0.0456432
85.625		0.0456432
85.75		0.0456432
85.875		0.0456432
86		0.0456432
86.125		0.0456432
86.25		0.0456432
86.375		0.0456432
86.5		0.0456432
86.625		0.0456432
86.75		0.0456432
86.875		0.0456432
87		0.0456432
87.125		0.0456432
87.25		0.0456432
87.375		0.0456432
87.5		0.0456432
87.625		0.0456432
87.75		0.0456432
87.875		0.0456432
88		0.0456432
88.125		0.0456432
88.25		0.0456432
88.375		0.0456432
88.5		0.0456432
88.625		0.0456432
88.75		0.0456432
88.875		0.0456432
89		0.0456432
89.125		0.0456432
89.25		0.0456432
89.375		0.0456432
89.5		0.0456432
89.625		0.0456432
89.75		0.0456432
89.875		0.0456432
90		0.0456432
90.125		0.0516012
90.25		0.0516012
90.375		0.0516012
90.5		0.0516012
90.625		0.0516012
90.75		0.0516012
90.875		0.0516012
91		0.0516012
91.125		0.0516012
91.25		0.0516012
91.375		0.0516012
91.5		0.0516012
91.625		0.0516012
91.75		0.0516012
91.875		0.0516012
92		0.0516012
92.125		0.0516012
92.25		0.0516012
92.375		0.0516012
92.5		0.0516012
92.625		0.0516012
92.75		0.0516012
92.875		0.0516012
93		0.0516012
93.125		0.0516012
93.25		0.0516012
93.375		0.0516012
93.5		0.0516012
93.625		0.0516012
93.75		0.0516012
93.875		0.0516012
94		0.0516012
94.125		0.0516012
94.25		0.0516012
94.375		0.0516012
94.5		0.0516012
94.625		0.0516012
94.75		0.0516012
94.875		0.0516012
95		0.0516012
95.125		0.0569741
95.25		0.0569741
95.375		0.0569741
95.5		0.0569741
95.625		0.0569741
95.75		0.0569741
95.875		0.0569741
96		0.0569741
96.125		0.0569741
96.25		0.0569741
96.375		0.0569741
96.5		0.0569741
96.625		0.0569741
96.75		0.0569741
96.875		0.0569741
97		0.0569741
97.125		0.0569741
97.25		0.0569741
97.375		0.0569741
97.5		0.0569741
97.625		0.0569741
97.75		0.0569741
97.875		0.0569741
98		0.0569741
98.125		0.0569741
98.25		0.0569741
98.375		0.0569741
98.5		0.0569741
98.625		0.0569741
98.75		0.0569741
98.875		0.0569741
99		0.0569741
99.125		0.0569741
99.25		0.0569741
99.375		0.0569741
99.5		0.0569741
99.625		0.0569741
99.75		0.0569741
99.875		0.0569741
100		0.0569741
100.125		0.0856474
100.25		0.0856474
100.375		0.0856474
100.5		0.0856474
100.625		0.0856474
100.75		0.0856474
100.875		0.0856474
101		0.0856474
101.125		0.0856474
101.25		0.0856474
101.375		0.0856474
101.5		0.0856474
101.625		0.0856474
101.75		0.0856474
101.875		0.0856474
102		0.0856474
102.125		0.0856474
102.25		0.0856474
102.375		0.0856474
102.5		0.0856474
102.625		0.0856474
102.75		0.0856474
102.875		0.0856474
103		0.0856474
103.125		0.0856474
103.25		0.0856474
103.375		0.0856474
103.5		0.0856474
103.625		0.0856474
103.75		0.0856474
103.875		0.0856474
104		0.0856474
104.125		0.0856474
104.25		0.0856474
104.375		0.0856474
104.5		0.0856474
104.625		0.0856474
104.75		0.0856474
104.875		0.0856474
105		0.0856474
105.125		0.0903288
105.25		0.0903288
105.375		0.0903288
105.5		0.0903288
105.625		0.0903288
105.75		0.0903288
105.875		0.0903288
106		0.0903288
106.125		0.0903288
106.25		0.0903288
106.375		0.0903288
106.5		0.0903288
106.625		0.0903288
106.75		0.0903288
106.875		0.0903288
107		0.0903288
107.125		0.0903288
107.25		0.0903288
107.375		0.0903288
107.5		0.0903288
107.625		0.0903288
107.75		0.0903288
107.875		0.0903288
108		0.0903288
108.125		0.0903288
108.25		0.0903288
108.375		0.0903288
108.5		0.0903288
108.625		0.0903288
108.75		0.0903288
108.875		0.0903288
109		0.0903288
109.125		0.0903288
109.25		0.0903288
109.375		0.0903288
109.5		0.0903288
109.625		0.0903288
109.75		0.0903288
109.875		0.0903288
110		0.0903288
110.125		0.0996383
110.25		0.0996383
110.375		0.0996383
110.5		0.0996383
110.625		0.0996383
110.75		0.0996383
110.875		0.0996383
111		0.0996383
111.125		0.0996383
111.25		0.0996383
111.375		0.0996383
111.5		0.0996383
111.625		0.0996383
111.75		0.0996383
111.875		0.0996383
112		0.0996383
112.125		0.0996383
112.25		0.0996383
112.375		0.0996383
112.5		0.0996383
112.625		0.0996383
112.75		0.0996383
112.875		0.0996383
113		0.0996383
113.125		0.0996383
113.25		0.0996383
113.375		0.0996383
113.5		0.0996383
113.625		0.0996383
113.75		0.0996383
113.875		0.0996383
114		0.0996383
114.125		0.0996383
114.25		0.0996383
114.375		0.0996383
114.5		0.0996383
114.625		0.0996383
114.75		0.0996383
114.875		0.0996383
115		0.0996383
115.125		0.108203
115.25		0.108203
115.375		0.108203
115.5		0.108203
115.625		0.108203
115.75		0.108203
115.875		0.108203
116		0.108203
116.125		0.108203
116.25		0.108203
116.375		0.108203
116.5		0.108203
116.625		0.108203
116.75		0.108203
116.875		0.108203
117		0.108203
117.125		0.108203
117.25		0.108203
117.375		0.108203
117.5		0.108203
117.625		0.108203
117.75		0.108203
117.875		0.108203
118		0.108203
118.125		0.108203
118.25		0.108203
118.375		0.108203
118.5		0.108203
118.625		0.108203
118.75		0.108203
118.875		0.108203
119		0.108203
119.125		0.108203
119.25		0.108203
119.375		0.108203
119.5		0.108203
119.625		0.108203
119.75		0.108203
119.875		0.108203
120		0.108203
120.125		0.133206
120.25		0.133206
120.375		0.133206
120.5		0.133206
120.625		0.133206
120.75		0.133206
120.875		0.133206
121		0.133206
121.125		0.133206
121.25		0.133206
121.375		0.133206
121.5		0.133206
121.625		0.133206
121.75		0.133206
121.875		0.133206
122		0.133206
122.125		0.133206
122.25		0.133206
122.375		0.133206
122.5		0.133206
122.625		0.133206
122.75		0.133206
122.875		0.133206
123		0.133206
123.125		0.133206
123.25		0.133206
123.375		0.133206
123.5		0.133206
123.625		0.133206
123.75		0.133206
123.875		0.133206
124		0.133206
124.125		0.133206
124.25		0.133206
124.375		0.133206
124.5		0.133206
124.625		0.133206
124.75		0.133206
124.875		0.133206
125		0.133206
125.125		0.1381
125.25		0.1381
125.375		0.1381
125.5		0.1381
125.625		0.1381
125.75		0.1381
125.875		0.1381
126		0.1381
126.125		0.1381
126.25		0.1381
126.375		0.1381
126.5		0.1381
126.625		0.1381
126.75		0.1381
126.875		0.1381
127		0.1381
127.125		0.1381
127.25		0.1381
127.375		0.1381
127.5		0.1381
127.625		0.1381
127.75		0.1381
127.875		0.1381
128		0.1381
128.125		0.1381
128.25		0.1381
128.375		0.1381
128.5		0.1381
128.625		0.1381
128.75		0.1381
128.875		0.1381
129		0.1381
129.125		0.1381
129.25		0.1381
129.375		0.1381
129.5		0.1381
129.625		0.1381
129.75		0.1381
129.875		0.1381
130		0.1381
130.125		0.147675
130.25		0.147675
130.375		0.147675
130.5		0.147675
130.625		0.147675
130.75		0.147675
130.875		0.147675
131		0.147675
131.125		0.147675
131.25		0.147675
131.375		0.147675
131.5		0.147675
131.625		0.147675
131.75		0.147675
131.875		0.147675
132		0.147675
132.125		0.147675
132.25		0.147675
132.375		0.147675
132.5		0.147675
132.625		0.147675
132.75		0.147675
132.875		0.147675
133		0.147675
133.125		0.147675
133.25		0.147675
133.375		0.147675
133.5		0.147675
133.625		0.147675
133.75		0.147675
133.875		0.147675
134		0.147675
134.125		0.147675
134.25		0.147675
134.375		0.147675
134.5		0.147675
134.625		0.147675
134.75		0.147675
134.875		0.147675
135		0.147675
135.125		0.158208
135.25		0.158208
135.375		0.158208
135.5		0.158208
135.625		0.158208
135.75		0.158208
135.875		0.158208
136		0.158208
136.125		0.158208
136.25		0.158208
136.375		0.158208
136.5		0.158208
136.625		0.158208
136.75		0.158208
136.875		0.158208
137		0.158208
137.125		0.158208
137.25		0.158208
137.375		0.158208
137.5		0.158208
137.625		0.158208
137.75		0.158208
137.875		0.158208
138		0.158208
138.125		0.158208
138.25		0.158208
138.375		0.158208
138.5		0.158208
138.625		0.158208
138.75		0.158208
138.875		0.158208
139		0.158208
139.125		0.158208
139.25		0.158208
139.375		0.158208
139.5		0.158208
139.625		0.158208
139.75		0.158208
139.875		0.158208
140		0.158208
140.125		0.171986
140.25		0.171986
140.375		0.171986
140.5		0.171986
140.625		0.171986
140.75		0.171986
140.875		0.171986
141		0.171986
141.125		0.171986
141.25		0.171986
141.375		0.171986
141.5		0.171986
141.625		0.171986
141.75		0.171986
141.875		0.171986
142		0.171986
142.125		0.171986
142.25		0.171986
142.375		0.171986
142.5		0.171986
142.625		0.171986
142.75		0.171986
142.875		0.171986
143		0.171986
143.125		0.171986
143.25		0.171986
143.375		0.171986
143.5		0.171986
143.625		0.171986
143.75		0.171986
143.875		0.171986
144		0.171986
144.125		0.171986
144.25		0.171986
144.375		0.171986
144.5		0.171986
144.625		0.171986
144.75		0.171986
144.875		0.171986
145		0.171986
145.125		0.18635
145.25		0.18635
145.375		0.18635
145.5		0.18635
145.625		0.18635
145.75		0.18635
145.875		0.18635
146		0.18635
146.125		0.18635
146.25		0.18635
146.375		0.18635
146.5		0.18635
146.625		0.18635
146.75		0.18635
146.875		0.18635
147		0.18635
147.125		0.18635
147.25		0.18635
147.375		0.18635
147.5		0.18635
147.625		0.18635
147.75		0.18635
147.875		0.18635
148		0.18635
148.125		0.18635
148.25		0.18635
148.375		0.18635
148.5		0.18635
148.625		0.18635
148.75		0.18635
148.875		0.18635
149		0.18635
149.125		0.18635
149.25		0.18635
149.375		0.18635
149.5		0.18635
149.625		0.18635
149.75		0.18635
149.875		0.18635
150		0.18635
150.125		0.188797
150.25		0.188797
150.375		0.188797
150.5		0.188797
150.625		0.188797
150.75		0.188797
150.875		0.188797
151		0.188797
151.125		0.188797
151.25		0.188797
151.375		0.188797
151.5		0.188797
151.625		0.188797
151.75		0.188797
151.875		0.188797
152		0.188797
152.125		0.188797
152.25		0.188797
152.375		0.188797
152.5		0.188797
152.625		0.188797
152.75		0.188797
152.875		0.188797
153		0.188797
153.125		0.188797
153.25		0.188797
153.375		0.188797
153.5		0.188797
153.625		0.188797
153.75		0.188797
153.875		0.188797
154		0.188797
154.125		0.188797
154.25		0.188797
154.375		0.188797
154.5		0.188797
154.625		0.188797
154.75		0.188797
154.875		0.188797
155		0.188797
155.125		0.189754
155.25		0.189754
155.375		0.189754
155.5		0.189754
155.625		0.189754
155.75		0.189754
155.875		0.189754
156		0.189754
156.125		0.189754
156.25		0.189754
156.375		0.189754
156.5		0.189754
156.625		0.189754
156.75		0.189754
156.875		0.189754
157		0.189754
157.125		0.189754
157.25		0.189754
157.375		0.189754
157.5		0.189754
157.625		0.189754
157.75		0.189754
157.875		0.189754
158		0.189754
158.125		0.189754
158.25		0.189754
158.375		0.189754
158.5		0.189754
158.625		0.189754
158.75		0.189754
158.875		0.189754
159		0.189754
159.125		0.189754
159.25		0.189754
159.375		0.189754
159.5		0.189754
159.625		0.189754
159.75		0.189754
159.875		0.189754
160		0.189754
160.125		0.221353
160.25		0.221353
160.375		0.221353
160.5		0.221353
160.625		0.221353
160.75		0.221353
160.875		0.221353
161		0.221353
161.125		0.221353
161.25		0.221353
161.375		0.221353
161.5		0.221353
161.625		0.221353
161.75		0.221353
161.875		0.221353
162		0.221353
162.125		0.221353
162.25		0.221353
162.375		0.221353
162.5		0.221353
162.625		0.221353
162.75		0.221353
162.875		0.221353
163		0.221353
163.125		0.221353
163.25		0.221353
163.375		0.221353
163.5		0.221353
163.625		0.221353
163.75		0.221353
163.875		0.221353
164		0.221353
164.125		0.221353
164.25		0.221353
164.375		0.221353
164.5		0.221353
164.625		0.221353
164.75		0.221353
164.875		0.221353
165		0.221353
165.125		0.234174
165.25		0.234174
165.375		0.234174
165.5		0.234174
165.625		0.234174
165.75		0.234174
165.875		0.234174
166		0.234174
166.125		0.234174
166.25		0.234174
166.375		0.234174
166.5		0.234174
166.625		0.234174
166.75		0.234174
166.875		0.234174
167		0.234174
167.125		0.234174
167.25		0.234174
167.375		0.234174
167.5		0.234174
167.625		0.234174
167.75		0.234174
167.875		0.234174
168		0.234174
168.125		0.234174
168.25		0.234174
168.375		0.234174
168.5		0.234174
168.625		0.234174
168.75		0.234174
168.875		0.234174
169		0.234174
169.125		0.234174
169.25		0.234174
169.375		0.234174
169.5		0.234174
169.625		0.234174
169.75		0.234174
169.875		0.234174
170		0.234174
170.125		0.237472
170.25		0.237472
170.375		0.237472
170.5		0.237472
170.625		0.237472
170.75		0.237472
170.875		0.237472
171		0.237472
171.125		0.237472
171.25		0.237472
171.375		0.237472
171.5		0.237472
171.625		0.237472
171.75		0.237472
171.875		0.237472
172		0.237472
172.125		0.237472
172.25		0.237472
172.375		0.237472
172.5		0.237472
172.625		0.237472
172.75		0.237472
172.875		0.237472
173		0.237472
173.125		0.237472
173.25		0.237472
173.375		0.237472
173.5		0.237472
173.625		0.237472
173.75		0.237472
173.875		0.237472
174		0.237472
174.125		0.237472
174.25		0.237472
174.375		0.237472
174.5		0.237472
174.625		0.237472
174.75		0.237472
174.875		0.237472
175		0.237472
175.125		0.258379
175.25		0.258379
175.375		0.258379
175.5		0.258379
175.625		0.258379
175.75		0.258379
175.875		0.258379
176		0.258379
176.125		0.258379
176.25		0.258379
176.375		0.258379
176.5		0.258379
176.625		0.258379
176.75		0.258379
176.875		0.258379
177		0.258379
177.125		0.258379
177.25		0.258379
177.375		0.258379
177.5		0.258379
177.625		0.258379
177.75		0.258379
177.875		0.258379
178		0.258379
178.125		0.258379
178.25		0.258379
178.375		0.258379
178.5		0.258379
178.625		0.258379
178.75		0.258379
178.875		0.258379
179		0.258379
179.125		0.258379
179.25		0.258379
179.375		0.258379
179.5		0.258379
179.625		0.258379
179.75		0.258379
179.875		0.258379
180		0.258379
180.125		0.259602
180.25		0.259602
180.375		0.259602
180.5		0.259602
180.625		0.259602
180.75		0.259602
180.875		0.259602
181		0.259602
181.125		0.259602
181.25		0.259602
181.375		0.259602
181.5		0.259602
181.625		0.259602
181.75		0.259602
181.875		0.259602
182		0.259602
182.125		0.259602
182.25		0.259602
182.375		0.259602
182.5		0.259602
182.625		0.259602
182.75		0.259602
182.875		0.259602
183		0.259602
183.125		0.259602
183.25		0.259602
183.375		0.259602
183.5		0.259602
183.625		0.259602
183.75		0.259602
183.875		0.259602
184		0.259602
184.125		0.259602
184.25		0.259602
184.375		0.259602
184.5		0.259602
184.625		0.259602
184.75		0.259602
184.875		0.259602
185		0.259602
185.125		0.283541
185.25		0.283541
185.375		0.283541
185.5		0.283541
185.625		0.283541
185.75		0.283541
185.875		0.283541
186		0.283541
186.125		0.283541
186.25		0.283541
186.375		0.283541
186.5		0.283541
186.625		0.283541
186.75		0.283541
186.875		0.283541
187		0.283541
187.125		0.283541
187.25		0.283541
187.375		0.283541
187.5		0.283541
187.625		0.283541
187.75		0.283541
187.875		0.283541
188		0.283541
188.125		0.283541
188.25		0.283541
188.375		0.283541
188.5		0.283541
188.625		0.283541
188.75		0.283541
188.875		0.283541
189		0.283541
189.125		0.283541
189.25		0.283541
189.375		0.283541
189.5		0.283541
189.625		0.283541
189.75		0.283541
189.875		0.283541
190		0.283541
190.125		0.29035
190.25		0.29035
190.375		0.29035
190.5		0.29035
190.625		0.29035
190.75		0.29035
190.875		0.29035
191		0.29035
191.125		0.29035
191.25		0.29035
191.375		0.29035
191.5		0.29035
191.625		0.29035
191.75		0.29035
191.875		0.29035
192		0.29035
192.125		0.29035
192.25		0.29035
192.375		0.29035
192.5		0.29035
192.625		0.29035
192.75		0.29035
192.875		0.29035
193		0.29035
193.125		0.29035
193.25		0.29035
193.375		0.29035
193.5		0.29035
193.625		0.29035
193.75		0.29035
193.875		0.29035
194		0.29035
194.125		0.29035
194.25		0.29035
194.375		0.29035
194.5		0.29035
194.625		0.29035
194.75		0.29035
194.875		0.29035
195		0.29035
195.125		0.305618
195.25		0.305618
195.375		0.305618
195.5		0.305618
195.625		0.305618
195.75		0.305618
195.875		0.305618
196		0.305618
196.125		0.305618
196.25		0.305618
196.375		0.305618
196.5		0.305618
196.625		0.305618
196.75		0.305618
196.875		0.305618
197		0.305618
197.125		0.305618
197.25		0.305618
197.375		0.305618
197.5		0.305618
197.625		0.305618
197.75		0.305618
197.875		0.305618
198		0.305618
198.125		0.305618
198.25		0.305618
198.375		0.305618
198.5		0.305618
198.625		0.305618
198.75		0.305618
198.875		0.305618
199		0.305618
199.125		0.305618
199.25		0.305618
199.375		0.305618
199.5		0.305618
199.625		0.305618
199.75		0.305618
199.875		0.305618
200		0.305618
200.125		0.311788
200.25		0.311788
200.375		0.311788
200.5		0.311788
200.625		0.311788
200.75		0.311788
200.875		0.311788
201		0.311788
201.125		0.311788
201.25		0.311788
201.375		0.311788
201.5		0.311788
201.625		0.311788
201.75		0.311788
201.875		0.311788
202		0.311788
202.125		0.311788
202.25		0.311788
202.375		0.311788
202.5		0.311788
202.625		0.311788
202.75		0.311788
202.875		0.311788
203		0.311788
203.125		0.311788
203.25		0.311788
203.375		0.311788
203.5		0.311788
203.625		0.311788
203.75		0.311788
203.875		0.311788
204		0.311788
204.125		0.311788
204.25		0.311788
204.375		0.311788
204.5		0.311788
204.625		0.311788
204.75		0.311788
204.875		0.311788
205		0.311788
205.125		0.318119
205.25		0.318119
205.375		0.318119
205.5		0.318119
205.625		0.318119
205.75		0.318119
205.875		0.318119
206		0.318119
206.125		0.318119
206.25		0.318119
206.375		0.318119
206.5		0.318119
206.625		0.318119
206.75		0.318119
206.875		0.318119
207		0.318119
207.125		0.318119
207.25		0.318119
207.375		0.318119
207.5		0.318119
207.625		0.318119
207.75		0.318119
207.875		0.318119
208		0.318119
208.125		0.318119
208.25		0.318119
208.375		0.318119
208.5		0.318119
208.625		0.318119
208.75		0.318119
208.875		0.318119
209		0.318119
209.125		0.318119
209.25		0.318119
209.375		0.318119
209.5		0.318119
209.625		0.318119
209.75		0.318119
209.875		0.318119
210		0.318119
210.125		0.338068
210.25		0.338068
210.375		0.338068
210.5		0.338068
210.625		0.338068
210.75		0.338068
210.875		0.338068
211		0.338068
211.125		0.338068
211.25		0.338068
211.375		0.338068
211.5		0.338068
211.625		0.338068
211.75		0.338068
211.875		0.338068
212		0.338068
212.125		0.338068
212.25		0.338068
212.375		0.338068
212.5		0.338068
212.625		0.338068
212.75		0.338068
212.875		0.338068
213		0.338068
213.125		0.338068
213.25		0.338068
213.375		0.338068
213.5		0.338068
213.625		0.338068
213.75		0.338068
213.875		0.338068
214		0.338068
214.125		0.338068
214.25		0.338068
214.375		0.338068
214.5		0.338068
214.625		0.338068
214.75		0.338068
214.875		0.338068
215		0.338068
215.125		0.344292
215.25		0.344292
215.375		0.344292
215.5		0.344292
215.625		0.344292
215.75		0.344292
215.875		0.344292
216		0.344292
216.125		0.344292
216.25		0.344292
216.375		0.344292
216.5		0.344292
216.625		0.344292
216.75		0.344292
216.875		0.344292
217		0.344292
217.125		0.344292
217.25		0.344292
217.375		0.344292
217.5		0.344292
217.625		0.344292
217.75		0.344292
217.875		0.344292
218		0.344292
218.125		0.344292
218.25		0.344292
218.375		0.344292
218.5		0.344292
218.625		0.344292
218.75		0.344292
218.875		0.344292
219		0.344292
219.125		0.344292
219.25		0.344292
219.375		0.344292
219.5		0.344292
219.625		0.344292
219.75		0.344292
219.875		0.344292
220		0.344292
220.125		0.353655
220.25		0.353655
220.375		0.353655
220.5		0.353655
220.625		0.353655
220.75		0.353655
220.875		0.353655
221		0.353655
221.125		0.353655
221.25		0.353655
221.375		0.353655
221.5		0.353655
221.625		0.353655
221.75		0.353655
221.875		0.353655
222		0.353655
222.125		0.353655
222.25		0.353655
222.375		0.353655
222.5		0.353655
222.625		0.353655
222.75		0.353655
222.875		0.353655
223		0.353655
223.125		0.353655
223.25		0.353655
223.375		0.353655
223.5		0.353655
223.625		0.353655
223.75		0.353655
223.875		0.353655
224		0.353655
224.125		0.353655
224.25		0.353655
224.375		0.353655
224.5		0.353655
224.625		0.353655
224.75		0.353655
224.875		0.353655
225		0.353655
225.125		0.358815
225.25		0.358815
225.375		0.358815
225.5		0.358815
225.625		0.358815
225.75		0.358815
225.875		0.358815
226		0.358815
226.125		0.358815
226.25		0.358815
226.375		0.358815
226.5		0.358815
226.625		0.358815
226.75		0.358815
226.875		0.358815
227		0.358815
227.125		0.358815
227.25		0.358815
227.375		0.358815
227.5		0.358815
227.625		0.358815
227.75		0.358815
227.875		0.358815
228		0.358815
228.125		0.358815
228.25		0.358815
228.375		0.358815
228.5		0.358815
228.625		0.358815
228.75		0.358815
228.875		0.358815
229		0.358815
229.125		0.358815
229.25		0.358815
229.375		0.358815
229.5		0.358815
229.625		0.358815
229.75		0.358815
229.875		0.358815
230		0.358815
230.125		0.378391
230.25		0.378391
230.375		0.378391
230.5		0.378391
230.625		0.378391
230.75		0.378391
230.875		0.378391
231		0.378391
231.125		0.378391
231.25		0.378391
231.375		0.378391
231.5		0.378391
231.625		0.378391
231.75		0.378391
231.875		0.378391
232		0.378391
232.125		0.378391
232.25		0.378391
232.375		0.378391
232.5		0.378391
232.625		0.378391
232.75		0.378391
232.875		0.378391
233		0.378391
233.125		0.378391
233.25		0.378391
233.375		0.378391
233.5		0.378391
233.625		0.378391
233.75		0.378391
233.875		0.378391
234		0.378391
234.125		0.378391
234.25		0.378391
234.375		0.378391
234.5		0.378391
234.625		0.378391
234.75		0.378391
234.875		0.378391
235		0.378391
235.125		0.395574
235.25		0.395574
235.375		0.395574
235.5		0.395574
235.625		0.395574
235.75		0.395574
235.875		0.395574
236		0.395574
236.125		0.395574
236.25		0.395574
236.375		0.395574
236.5		0.395574
236.625		0.395574
236.75		0.395574
236.875		0.395574
237		0.395574
237.125		0.395574
237.25		0.395574
237.375		0.395574
237.5		0.395574
237.625		0.395574
237.75		0.395574
237.875		0.395574
238		0.395574
238.125		0.395574
238.25		0.395574
238.375		0.395574
238.5		0.395574
238.625		0.395574
238.75		0.395574
238.875		0.395574
239		0.395574
239.125		0.395574
239.25		0.395574
239.375		0.395574
239.5		0.395574
239.625		0.395574
239.75		0.395574
239.875		0.395574
240		0.395574
240.125		0.411746
240.25		0.411746
240.375		0.411746
240.5		0.411746
240.625		0.411746
240.75		0.411746
240.875		0.411746
241		0.411746
241.125		0.411746
241.25		0.411746
241.375		0.411746
241.5		0.411746
241.625		0.411746
241.75		0.411746
241.875		0.411746
242		0.411746
242.125		0.411746
242.25		0.411746
242.375		0.411746
242.5		0.411746
242.625		0.411746
242.75		0.411746
242.875		0.411746
243		0.411746
243.125		0.411746
243.25		0.411746
243.375		0.411746
243.5		0.411746
243.625		0.411746
243.75		0.411746
243.875		0.411746
244		0.411746
244.125		0.411746
244.25		0.411746
244.375		0.411746
244.5		0.411746
244.625		0.411746
244.75		0.411746
244.875		0.411746
245		0.411746
245.125		0.412491
245.25		0.412491
245.375		0.412491
245.5		0.412491
245.625		0.412491
245.75		0.412491
245.875		0.412491
246		0.412491
246.125		0.412491
246.25		0.412491
246.375		0.412491
246.5		0.412491
246.625		0.412491
246.75		0.412491
246.875		0.412491
247		0.412491
247.125		0.412491
247.25		0.412491
247.375		0.412491
247.5		0.412491
247.625		0.412491
247.75		0.412491
247.875		0.412491
248		0.412491
248.125		0.412491
248.25		0.412491
248.375		0.412491
248.5		0.412491
248.625		0.412491
248.75		0.412491
248.875		0.412491
249		0.412491
249.125		0.412491
249.25		0.412491
249.375		0.412491
249.5		0.412491
249.625		0.412491
249.75		0.412491
249.875		0.412491
250		0.412491
250.125		0.428077
250.25		0.428077
250.375		0.428077
250.5		0.428077
250.625		0.428077
250.75		0.428077
250.875		0.428077
251		0.428077
251.125		0.428077
251.25		0.428077
251.375		0.428077
251.5		0.428077
251.625		0.428077
251.75		0.428077
251.875		0.428077
252		0.428077
252.125		0.428077
252.25		0.428077
252.375		0.428077
252.5		0.428077
252.625		0.428077
252.75		0.428077
252.875		0.428077
253		0.428077
253.125		0.428077
253.25		0.428077
253.375		0.428077
253.5		0.428077
253.625		0.428077
253.75		0.428077
253.875		0.428077
254		0.428077
254.125		0.428077
254.25		0.428077
254.375		0.428077
254.5		0.428077
254.625		0.428077
254.75		0.428077
254.875		0.428077
255		0.428077
255.125		0.436695
255.25		0.436695
255.375		0.436695
255.5		0.436695
255.625		0.436695
255.75		0.436695
255.875		0.436695
256		0.436695
256.125		0.436695
256.25		0.436695
256.375		0.436695
256.5		0.436695
256.625		0.436695
256.75		0.436695
256.875		0.436695
257		0.436695
257.125		0.436695
257.25		0.436695
257.375		0.436695
257.5		0.436695
257.625		0.436695
257.75		0.436695
257.875		0.436695
258		0.436695
258.125		0.436695
258.25		0.436695
258.375		0.436695
258.5		0.436695
258.625		0.436695
258.75		0.436695
258.875		0.436695
259		0.436695
259.125		0.436695
259.25		0.436695
259.375		0.436695
259.5		0.436695
259.625		0.436695
259.75		0.436695
259.875		0.436695
260		0.436695
260.125		0.442387
260.25		0.442387
260.375		0.442387
260.5		0.442387
260.625		0.442387
260.75		0.442387
260.875		0.442387
261		0.442387
261.125		0.442387
261.25		0.442387
261.375		0.442387
261.5		0.442387
261.625		0.442387
261.75		0.442387
261.875		0.442387
262		0.442387
262.125		0.442387
262.25		0.442387
262.375		0.442387
262.5		0.442387
262.625		0.442387
262.75		0.442387
262.875		0.442387
263		0.442387
263.125		0.442387
263.25		0.442387
263.375		0.442387
263.5		0.442387
263.625		0.442387
263.75		0.442387
263.875		0.442387
264		0.442387
264.125		0.442387
264.25		0.442387
264.375		0.442387
264.5		0.442387
264.625		0.442387
264.75		0.442387
264.875		0.442387
265		0.442387
265.125		0.459357
265.25		0.459357
265.375		0.459357
265.5		0.459357
265.625		0.459357
265.75		0.459357
265.875		0.459357
266		0.459357
266.125		0.459357
266.25		0.459357
266.375		0.459357
266.5		0.459357
266.625		0.459357
266.75		0.459357
266.875		0.459357
267		0.459357
267.125		0.459357
267.25		0.459357
267.375		0.459357
267.5		0.459357
267.625		0.459357
267.75		0.459357
267.875		0.459357
268		0.459357
268.125		0.459357
268.25		0.459357
268.375		0.459357
268.5		0.459357
268.625		0.459357
268.75		0.459357
268.875		0.459357
269		0.459357
269.125		0.459357
269.25		0.459357
269.375		0.459357
269.5		0.459357
269.625		0.459357
269.75		0.459357
269.875		0.459357
270		0.459357
270.125		0.483137
270.25		0.483137
270.375		0.483137
270.5		0.483137
270.625		0.483137
270.75		0.483137
270.875		0.483137
271		0.483137
271.125		0.483137
271.25		0.483137
271.375		0.483137
271.5		0.483137
271.625		0.483137
271.75		0.483137
271.875		0.483137
272		0.483137
272.125		0.483137
272.25		0.483137
272.375		0.483137
272.5		0.483137
272.625		0.483137
272.75		0.483137
272.875		0.483137
273		0.483137
273.125		0.483137
273.25		0.483137
273.375		0.483137
273.5		0.483137
273.625		0.483137
273.75		0.483137
273.875		0.483137
274		0.483137
274.125		0.483137
274.25		0.483137
274.375		0.483137
274.5		0.483137
274.625		0.483137
274.75		0.483137
274.875		0.483137
275		0.483137
275.125		0.484626
275.25		0.484626
275.375		0.484626
275.5		0.484626
275.625		0.484626
275.75		0.484626
275.875		0.484626
276		0.484626
276.125		0.484626
276.25		0.484626
276.375		0.484626
276.5		0.484626
276.625		0.484626
276.75		0.484626
276.875		0.484626
277		0.484626
277.125		0.484626
277.25		0.484626
277.375		0.484626
277.5		0.484626
277.625		0.484626
277.75		0.484626
277.875		0.484626
278		0.484626
278.125		0.484626
278.25		0.484626
278.375		0.484626
278.5		0.484626
278.625		0.484626
278.75		0.484626
278.875		0.484626
279		0.484626
279.125		0.484626
279.25		0.484626
279.375		0.484626
279.5		0.484626
279.625		0.484626
279.75		0.484626
279.875		0.484626
280		0.484626
280.125		0.49883
280.25		0.49883
280.375		0.49883
280.5		0.49883
280.625		0.49883
280.75		0.49883
280.875		0.49883
281		0.49883
281.125		0.49883
281.25		0.49883
281.375		0.49883
281.5		0.49883
281.625		0.49883
281.75		0.49883
281.875		0.49883
282		0.49883
282.125		0.49883
282.25		0.49883
282.375		0.49883
282.5		0.49883
282.625		0.49883
282.75		0.49883
282.875		0.49883
283		0.49883
283.125		0.49883
283.25		0.49883
283.375		0.49883
283.5		0.49883
283.625		0.49883
283.75		0.49883
283.875		0.49883
284		0.49883
284.125		0.49883
284.25		0.49883
284.375		0.49883
284.5		0.49883
284.625		0.49883
284.75		0.49883
284.875		0.49883
285		0.49883
285.125		0.512767
285.25		0.512767
285.375		0.512767
285.5		0.512767
285.625		0.512767
285.75		0.512767
285.875		0.512767
286		0.512767
286.125		0.512767
286.25		0.512767
286.375		0.512767
286.5		0.512767
286.625		0.512767
286.75		0.512767
286.875		0.512767
287		0.512767
287.125		0.512767
287.25		0.512767
287.375		0.512767
287.5		0.512767
287.625		0.512767
287.75		0.512767
287.875		0.512767
288		0.512767
288.125		0.512767
288.25		0.512767
288.375		0.512767
288.5		0.512767
288.625		0.512767
288.75		0.512767
288.875		0.512767
289		0.512767
289.125		0.512767
289.25		0.512767
289.375		0.512767
289.5		0.512767
289.625		0.512767
289.75		0.512767
289.875		0.512767
290		0.512767
290.125		0.52878
290.25		0.52878
290.375		0.52878
290.5		0.52878
290.625		0.52878
290.75		0.52878
290.875		0.52878
291		0.52878
291.125		0.52878
291.25		0.52878
291.375		0.52878
291.5		0.52878
291.625		0.52878
291.75		0.52878
291.875		0.52878
292		0.52878
292.125		0.52878
292.25		0.52878
292.375		0.52878
292.5		0.52878
292.625		0.52878
292.75		0.52878
292.875		0.52878
293		0.52878
293.125		0.52878
293.25		0.52878
293.375		0.52878
293.5		0.52878
293.625		0.52878
293.75		0.52878
293.875		0.52878
294		0.52878
294.125		0.52878
294.25		0.52878
294.375		0.52878
294.5		0.52878
294.625		0.52878
294.75		0.52878
294.875		0.52878
295		0.52878
295.125		0.543036
295.25		0.543036
295.375		0.543036
295.5		0.543036
295.625		0.543036
295.75		0.543036
295.875		0.543036
296		0.543036
296.125		0.543036
296.25		0.543036
296.375		0.543036
296.5		0.543036
296.625		0.543036
296.75		0.543036
296.875		0.543036
297		0.543036
297.125		0.543036
297.25		0.543036
297.375		0.543036
297.5		0.543036
297.625		0.543036
297.75		0.543036
297.875		0.543036
298		0.543036
298.125		0.543036
298.25		0.543036
298.375		0.543036
298.5		0.543036
298.625		0.543036
298.75		0.543036
298.875		0.543036
299		0.543036
299.125		0.543036
299.25		0.543036
299.375		0.543036
299.5		0.543036
299.625		0.543036
299.75		0.543036
299.875		0.543036
300		0.543036
300.125		0.544845
300.25		0.544845
300.375		0.544845
300.5		0.544845
300.625		0.544845
300.75		0.544845
300.875		0.544845
301		0.544845
301.125		0.544845
301.25		0.544845
301.375		0.544845
301.5		0.544845
301.625		0.544845
301.75		0.544845
301.875		0.544845
302		0.544845
302.125		0.544845
302.25		0.544845
302.375		0.544845
302.5		0.544845
302.625		0.544845
302.75		0.544845
302.875		0.544845
303		0.544845
303.125		0.544845
303.25		0.544845
303.375		0.544845
303.5		0.544845
303.625		0.544845
303.75		0.544845
303.875		0.544845
304		0.544845
304.125		0.544845
304.25		0.544845
304.375		0.544845
304.5		0.544845
304.625		0.544845
304.75		0.544845
304.875		0.544845
305		0.544845
305.125		0.566709
305.25		0.566709
305.375		0.566709
305.5		0.566709
305.625		0.566709
305.75		0.566709
305.875		0.566709
306		0.566709
306.125		0.566709
306.25		0.566709
306.375		0.566709
306.5		0.566709
306.625		0.566709
306.75		0.566709
306.875		0.566709
307		0.566709
307.125		0.566709
307.25		0.566709
307.375		0.566709
307.5		0.566709
307.625		0.566709
307.75		0.566709
307.875		0.566709
308		0.566709
308.125		0.566709
308.25		0.566709
308.375		0.566709
308.5		0.566709
308.625		0.566709
308.75		0.566709
308.875		0.566709
309		0.566709
309.125		0.566709
309.25		0.566709
309.375		0.566709
309.5		0.566709
309.625		0.566709
309.75		0.566709
309.875		0.566709
310		0.566709
310.125		0.577827
310.25		0.577827
310.375		0.577827
310.5		0.577827
310.625		0.577827
310.75		0.577827
310.875		0.577827
311		0.577827
311.125		0.577827
311.25		0.577827
311.375		0.577827
311.5		0.577827
311.625		0.577827
311.75		0.577827
311.875		0.577827
312		0.577827
312.125		0.577827
312.25		0.577827
312.375		0.577827
312.5		0.577827
312.625		0.577827
312.75		0.577827
312.875		0.577827
313		0.577827
313.125		0.577827
313.25		0.577827
313.375		0.577827
313.5		0.577827
313.625		0.577827
313.75		0.577827
313.875		0.577827
314		0.577827
314.125		0.577827
314.25		0.577827
314.375		0.577827
314.5		0.577827
314.625		0.577827
314.75		0.577827
314.875		0.577827
315		0.577827
315.125		0.587882
315.25		0.587882
315.375		0.587882
315.5		0.587882
315.625		0.587882
315.75		0.587882
315.875		0.587882
316		0.587882
316.125		0.587882
316.25		0.587882
316.375		0.587882
316.5		0.587882
316.625		0.587882
316.75		0.587882
316.875		0.587882
317		0.587882
317.125		0.587882
317.25		0.587882
317.375		0.587882
317.5		0.587882
317.625		0.587882
317.75		0.587882
317.875		0.587882
318		0.587882
318.125		0.587882
318.25		0.587882
318.375		0.587882
318.5		0.587882
318.625		0.587882
318.75		0.587882
318.875		0.587882
319		0.587882
319.125		0.587882
319.25		0.587882
319.375		0.587882
319.5		0.587882
319.625		0.587882
319.75		0.587882
319.875		0.587882
320		0.587882
320.125		0.596234
320.25		0.596234
320.375		0.596234
320.5		0.596234
320.625		0.596234
320.75		0.596234
320.875		0.596234
321		0.596234
321.125		0.596234
321.25		0.596234
321.375		0.596234
321.5		0.596234
321.625		0.596234
321.75		0.596234
321.875		0.596234
322		0.596234
322.125		0.596234
322.25		0.596234
322.375		0.596234
322.5		0.596234
322.625		0.596234
322.75		0.596234
322.875		0.596234
323		0.596234
323.125		0.596234
323.25		0.596234
323.375		0.596234
323.5		0.596234
323.625		0.596234
323.75		0.596234
323.875		0.596234
324		0.596234
324.125		0.596234
324.25		0.596234
324.375		0.596234
324.5		0.596234
324.625		0.596234
324.75		0.596234
324.875		0.596234
325		0.596234
325.125		0.60533
325.25		0.60533
325.375		0.60533
325.5		0.60533
325.625		0.60533
325.75		0.60533
325.875		0.60533
326		0.60533
326.125		0.60533
326.25		0.60533
326.375		0.60533
326.5		0.60533
326.625		0.60533
326.75		0.60533
326.875		0.60533
327		0.60533
327.125		0.60533
327.25		0.60533
327.375		0.60533
327.5		0.60533
327.625		0.60533
327.75		0.60533
327.875		0.60533
328		0.60533
328.125		0.60533
328.25		0.60533
328.375		0.60533
328.5		0.60533
328.625		0.60533
328.75		0.60533
328.875		0.60533
329		0.60533
329.125		0.60533
329.25		0.60533
329.375		0.60533
329.5		0.60533
329.625		0.60533
329.75		0.60533
329.875		0.60533
330		0.60533
330.125		0.606979
330.25		0.606979
330.375		0.606979
330.5		0.606979
330.625		0.606979
330.75		0.606979
330.875		0.606979
331		0.606979
331.125		0.606979
331.25		0.606979
331.375		0.606979
331.5		0.606979
331.625		0.606979
331.75		0.606979
331.875		0.606979
332		0.606979
332.125		0.606979
332.25		0.606979
332.375		0.606979
332.5		0.606979
332.625		0.606979
332.75		0.606979
332.875		0.606979
333		0.606979
333.125		0.606979
333.25		0.606979
333.375		0.606979
333.5		0.606979
333.625		0.606979
333.75		0.606979
333.875		0.606979
334		0.606979
334.125		0.606979
334.25		0.606979
334.375		0.606979
334.5		0.606979
334.625		0.606979
334.75		0.606979
334.875		0.606979
335		0.606979
335.125		0.624907
335.25		0.624907
335.375		0.624907
335.5		0.624907
335.625		0.624907
335.75		0.624907
335.875		0.624907
336		0.624907
336.125		0.624907
336.25		0.624907
336.375		0.624907
336.5		0.624907
336.625		0.624907
336.75		0.624907
336.875		0.624907
337		0.624907
337.125		0.624907
337.25		0.624907
337.375		0.624907
337.5		0.624907
337.625		0.624907
337.75		0.624907
337.875		0.624907
338		0.624907
338.125		0.624907
338.25		0.624907
338.375		0.624907
338.5		0.624907
338.625		0.624907
338.75		0.624907
338.875		0.624907
339		0.624907
339.125		0.624907
339.25		0.624907
339.375		0.624907
339.5		0.624907
339.625		0.624907
339.75		0.624907
339.875		0.624907
340		0.624907
340.125		0.6406
340.25		0.6406
340.375		0.6406
340.5		0.6406
340.625		0.6406
340.75		0.6406
340.875		0.6406
341		0.6406
341.125		0.6406
341.25		0.6406
341.375		0.6406
341.5		0.6406
341.625		0.6406
341.75		0.6406
341.875		0.6406
342		0.6406
342.125		0.6406
342.25		0.6406
342.375		0.6406
342.5		0.6406
342.625		0.6406
342.75		0.6406
342.875		0.6406
343		0.6406
343.125		0.6406
343.25		0.6406
343.375		0.6406
343.5		0.6406
343.625		0.6406
343.75		0.6406
343.875		0.6406
344		0.6406
344.125		0.6406
344.25		0.6406
344.375		0.6406
344.5		0.6406
344.625		0.6406
344.75		0.6406
344.875		0.6406
345		0.6406
345.125		0.655921
345.25		0.655921
345.375		0.655921
345.5		0.655921
345.625		0.655921
345.75		0.655921
345.875		0.655921
346		0.655921
346.125		0.655921
346.25		0.655921
346.375		0.655921
346.5		0.655921
346.625		0.655921
346.75		0.655921
346.875		0.655921
347		0.655921
347.125		0.655921
347.25		0.655921
347.375		0.655921
347.5		0.655921
347.625		0.655921
347.75		0.655921
347.875		0.655921
348		0.655921
348.125		0.655921
348.25		0.655921
348.375		0.655921
348.5		0.655921
348.625		0.655921
348.75		0.655921
348.875		0.655921
349		0.655921
349.125		0.655921
349.25		0.655921
349.375		0.655921
349.5		0.655921
349.625		0.655921
349.75		0.655921
349.875		0.655921
350		0.655921
350.125		0.662251
350.25		0.662251
350.375		0.662251
350.5		0.662251
350.625		0.662251
350.75		0.662251
350.875		0.662251
351		0.662251
351.125		0.662251
351.25		0.662251
351.375		0.662251
351.5		0.662251
351.625		0.662251
351.75		0.662251
351.875		0.662251
352		0.662251
352.125		0.662251
352.25		0.662251
352.375		0.662251
352.5		0.662251
352.625		0.662251
352.75		0.662251
352.875		0.662251
353		0.662251
353.125		0.662251
353.25		0.662251
353.375		0.662251
353.5		0.662251
353.625		0.662251
353.75		0.662251
353.875		0.662251
354		0.662251
354.125		0.662251
354.25		0.662251
354.375		0.662251
354.5		0.662251
354.625		0.662251
354.75		0.662251
354.875		0.662251
355		0.662251
355.125		0.670337
355.25		0.670337
355.375		0.670337
355.5		0.670337
355.625		0.670337
355.75		0.670337
355.875		0.670337
356		0.670337
356.125		0.670337
356.25		0.670337
356.375		0.670337
356.5		0.670337
356.625		0.670337
356.75		0.670337
356.875		0.670337
357		0.670337
357.125		0.670337
357.25		0.670337
357.375		0.670337
357.5		0.670337
357.625		0.670337
357.75		0.670337
357.875		0.670337
358		0.670337
358.125		0.670337
358.25		0.670337
358.375		0.670337
358.5		0.670337
358.625		0.670337
358.75		0.670337
358.875		0.670337
359		0.670337
359.125		0.670337
359.25		0.670337
359.375		0.670337
359.5		0.670337
359.625		0.670337
359.75		0.670337
359.875		0.670337
360		0.670337
360.125		0.687467
360.25		0.687467
360.375		0.687467
360.5		0.687467
360.625		0.687467
360.75		0.687467
360.875		0.687467
361		0.687467
361.125		0.687467
361.25		0.687467
361.375		0.687467
361.5		0.687467
361.625		0.687467
361.75		0.687467
361.875		0.687467
362		0.687467
362.125		0.687467
362.25		0.687467
362.375		0.687467
362.5		0.687467
362.625		0.687467
362.75		0.687467
362.875		0.687467
363		0.687467
363.125		0.687467
363.25		0.687467
363.375		0.687467
363.5		0.687467
363.625		0.687467
363.75		0.687467
363.875		0.687467
364		0.687467
364.125		0.687467
364.25		0.687467
364.375		0.687467
364.5		0.687467
364.625		0.687467
364.75		0.687467
364.875		0.687467
365		0.687467
365.125		0.691723
365.25		0.691723
365.375		0.691723
365.5		0.691723
365.625		0.691723
365.75		0.691723
365.875		0.691723
366		0.691723
366.125		0.691723
366.25		0.691723
366.375		0.691723
366.5		0.691723
366.625		0.691723
366.75		0.691723
366.875		0.691723
367		0.691723
367.125		0.691723
367.25		0.691723
367.375		0.691723
367.5		0.691723
367.625		0.691723
367.75		0.691723
367.875		0.691723
368		0.691723
368.125		0.691723
368.25		0.691723
368.375		0.691723
368.5		0.691723
368.625		0.691723
368.75		0.691723
368.875		0.691723
369		0.691723
369.125		0.691723
369.25		0.691723
369.375		0.691723
369.5		0.691723
369.625		0.691723
369.75		0.691723
369.875		0.691723
370		0.691723
370.125		0.710022
370.25		0.710022
370.375		0.710022
370.5		0.710022
370.625		0.710022
370.75		0.710022
370.875		0.710022
371		0.710022
371.125		0.710022
371.25		0.710022
371.375		0.710022
371.5		0.710022
371.625		0.710022
371.75		0.710022
371.875		0.710022
372		0.710022
372.125		0.710022
372.25		0.710022
372.375		0.710022
372.5		0.710022
372.625		0.710022
372.75		0.710022
372.875		0.710022
373		0.710022
373.125		0.710022
373.25		0.710022
373.375		0.710022
373.5		0.710022
373.625		0.710022
373.75		0.710022
373.875		0.710022
374		0.710022
374.125		0.710022
374.25		0.710022
374.375		0.710022
374.5		0.710022
374.625		0.710022
374.75		0.710022
374.875		0.710022
375		0.710022
375.125		0.716406
375.25		0.716406
375.375		0.716406
375.5		0.716406
375.625		0.716406
375.75		0.716406
375.875		0.716406
376		0.716406
376.125		0.716406
376.25		0.716406
376.375		0.716406
376.5		0.716406
376.625		0.716406
376.75		0.716406
376.875		0.716406
377		0.716406
377.125		0.716406
377.25		0.716406
377.375		0.716406
377.5		0.716406
377.625		0.716406
377.75		0.716406
377.875		0.716406
378		0.716406
378.125		0.716406
378.25		0.716406
378.375		0.716406
378.5		0.716406
378.625		0.716406
378.75		0.716406
378.875		0.716406
379		0.716406
379.125		0.716406
379.25		0.716406
379.375		0.716406
379.5		0.716406
379.625		0.716406
379.75		0.716406
379.875		0.716406
380		0.716406
380.125		0.735929
380.25		0.735929
380.375		0.735929
380.5		0.735929
380.625		0.735929
380.75		0.735929
380.875		0.735929
381		0.735929
381.125		0.735929
381.25		0.735929
381.375		0.735929
381.5		0.735929
381.625		0.735929
381.75		0.735929
381.875		0.735929
382		0.735929
382.125		0.735929
382.25		0.735929
382.375		0.735929
382.5		0.735929
382.625		0.735929
382.75		0.735929
382.875		0.735929
383		0.735929
383.125		0.735929
383.25		0.735929
383.375		0.735929
383.5		0.735929
383.625		0.735929
383.75		0.735929
383.875		0.735929
384		0.735929
384.125		0.735929
384.25		0.735929
384.375		0.735929
384.5		0.735929
384.625		0.735929
384.75		0.735929
384.875		0.735929
385		0.735929
385.125		0.745239
385.25		0.745239
385.375		0.745239
385.5		0.745239
385.625		0.745239
385.75		0.745239
385.875		0.745239
386		0.745239
386.125		0.745239
386.25		0.745239
386.375		0.745239
386.5		0.745239
386.625		0.745239
386.75		0.745239
386.875		0.745239
387		0.745239
387.125		0.745239
387.25		0.745239
387.375		0.745239
387.5		0.745239
387.625		0.745239
387.75		0.745239
387.875		0.745239
388		0.745239
388.125		0.745239
388.25		0.745239
388.375		0.745239
388.5		0.745239
388.625		0.745239
388.75		0.745239
388.875		0.745239
389		0.745239
389.125		0.745239
389.25		0.745239
389.375		0.745239
389.5		0.745239
389.625		0.745239
389.75		0.745239
389.875		0.745239
390		0.745239
390.125		0.746356
390.25		0.746356
390.375		0.746356
390.5		0.746356
390.625		0.746356
390.75		0.746356
390.875		0.746356
391		0.746356
391.125		0.746356
391.25		0.746356
391.375		0.746356
391.5		0.746356
391.625		0.746356
391.75		0.746356
391.875		0.746356
392		0.746356
392.125		0.746356
392.25		0.746356
392.375		0.746356
392.5		0.746356
392.625		0.746356
392.75		0.746356
392.875		0.746356
393		0.746356
393.125		0.746356
393.25		0.746356
393.375		0.746356
393.5		0.746356
393.625		0.746356
393.75		0.746356
393.875		0.746356
394		0.746356
394.125		0.746356
394.25		0.746356
394.375		0.746356
394.5		0.746356
394.625		0.746356
394.75		0.746356
394.875		0.746356
395		0.746356
395.125		0.751357
395.25		0.751357
395.375		0.751357
395.5		0.751357
395.625		0.751357
395.75		0.751357
395.875		0.751357
396		0.751357
396.125		0.751357
396.25		0.751357
396.375		0.751357
396.5		0.751357
396.625		0.751357
396.75		0.751357
396.875		0.751357
397		0.751357
397.125		0.751357
397.25		0.751357
397.375		0.751357
397.5		0.751357
397.625		0.751357
397.75		0.751357
397.875		0.751357
398		0.751357
398.125		0.751357
398.25		0.751357
398.375		0.751357
398.5		0.751357
398.625		0.751357
398.75		0.751357
398.875		0.751357
399		0.751357
399.125		0.751357
399.25		0.751357
399.375		0.751357
399.5		0.751357
399.625		0.751357
399.75		0.751357
399.875		0.751357
400		0.751357
400.125		0.793701
400.25		0.793701
400.375		0.793701
400.5		0.793701
400.625		0.793701
400.75		0.793701
400.875		0.793701
401		0.793701
401.125		0.793701
401.25		0.793701
401.375		0.793701
401.5		0.793701
401.625		0.793701
401.75		0.793701
401.875		0.793701
402		0.793701
402.125		0.793701
402.25		0.793701
402.375		0.793701
402.5		0.793701
402.625		0.793701
402.75		0.793701
402.875		0.793701
403		0.793701
403.125		0.793701
403.25		0.793701
403.375		0.793701
403.5		0.793701
403.625		0.793701
403.75		0.793701
403.875		0.793701
404		0.793701
404.125		0.793701
404.25		0.793701
404.375		0.793701
404.5		0.793701
404.625		0.793701
404.75		0.793701
404.875		0.793701
405		0.793701
405.125		0.798117
405.25		0.798117
405.375		0.798117
405.5		0.798117
405.625		0.798117
405.75		0.798117
405.875		0.798117
406		0.798117
406.125		0.798117
406.25		0.798117
406.375		0.798117
406.5		0.798117
406.625		0.798117
406.75		0.798117
406.875		0.798117
407		0.798117
407.125		0.798117
407.25		0.798117
407.375		0.798117
407.5		0.798117
407.625		0.798117
407.75		0.798117
407.875		0.798117
408		0.798117
408.125		0.798117
408.25		0.798117
408.375		0.798117
408.5		0.798117
408.625		0.798117
408.75		0.798117
408.875		0.798117
409		0.798117
409.125		0.798117
409.25		0.798117
409.375		0.798117
409.5		0.798117
409.625		0.798117
409.75		0.798117
409.875		0.798117
410		0.798117
410.125		0.800138
410.25		0.800138
410.375		0.800138
410.5		0.800138
410.625		0.800138
410.75		0.800138
410.875		0.800138
411		0.800138
411.125		0.800138
411.25		0.800138
411.375		0.800138
411.5		0.800138
411.625		0.800138
411.75		0.800138
411.875		0.800138
412		0.800138
412.125		0.800138
412.25		0.800138
412.375		0.800138
412.5		0.800138
412.625		0.800138
412.75		0.800138
412.875		0.800138
413		0.800138
413.125		0.800138
413.25		0.800138
413.375		0.800138
413.5		0.800138
413.625		0.800138
413.75		0.800138
413.875		0.800138
414		0.800138
414.125		0.800138
414.25		0.800138
414.375		0.800138
414.5		0.800138
414.625		0.800138
414.75		0.800138
414.875		0.800138
415		0.800138
415.125		0.824237
415.25		0.824237
415.375		0.824237
415.5		0.824237
415.625		0.824237
415.75		0.824237
415.875		0.824237
416		0.824237
416.125		0.824237
416.25		0.824237
416.375		0.824237
416.5		0.824237
416.625		0.824237
416.75		0.824237
416.875		0.824237
417		0.824237
417.125		0.824237
417.25		0.824237
417.375		0.824237
417.5		0.824237
417.625		0.824237
417.75		0.824237
417.875		0.824237
418		0.824237
418.125		0.824237
418.25		0.824237
418.375		0.824237
418.5		0.824237
418.625		0.824237
418.75		0.824237
418.875		0.824237
419		0.824237
419.125		0.824237
419.25		0.824237
419.375		0.824237
419.5		0.824237
419.625		0.824237
419.75		0.824237
419.875		0.824237
420		0.824237
420.125		0.846526
420.25		0.846526
420.375		0.846526
420.5		0.846526
420.625		0.846526
420.75		0.846526
420.875		0.846526
421		0.846526
421.125		0.846526
421.25		0.846526
421.375		0.846526
421.5		0.846526
421.625		0.846526
421.75		0.846526
421.875		0.846526
422		0.846526
422.125		0.846526
422.25		0.846526
422.375		0.846526
422.5		0.846526
422.625		0.846526
422.75		0.846526
422.875		0.846526
423		0.846526
423.125		0.846526
423.25		0.846526
423.375		0.846526
423.5		0.846526
423.625		0.846526
423.75		0.846526
423.875		0.846526
424		0.846526
424.125		0.846526
424.25		0.846526
424.375		0.846526
424.5		0.846526
424.625		0.846526
424.75		0.846526
424.875		0.846526
425		0.846526
425.125		0.853389
425.25		0.853389
425.375		0.853389
425.5		0.853389
425.625		0.853389
425.75		0.853389
425.875		0.853389
426		0.853389
426.125		0.853389
426.25		0.853389
426.375		0.853389
426.5		0.853389
426.625		0.853389
426.75		0.853389
426.875		0.853389
427		0.853389
427.125		0.853389
427.25		0.853389
427.375		0.853389
427.5		0.853389
427.625		0.853389
427.75		0.853389
427.875		0.853389
428		0.853389
428.125		0.853389
428.25		0.853389
428.375		0.853389
428.5		0.853389
428.625		0.853389
428.75		0.853389
428.875		0.853389
429		0.853389
429.125		0.853389
429.25		0.853389
429.375		0.853389
429.5		0.853389
429.625		0.853389
429.75		0.853389
429.875		0.853389
430		0.853389
430.125		0.861049
430.25		0.861049
430.375		0.861049
430.5		0.861049
430.625		0.861049
430.75		0.861049
430.875		0.861049
431		0.861049
431.125		0.861049
431.25		0.861049
431.375		0.861049
431.5		0.861049
431.625		0.861049
431.75		0.861049
431.875		0.861049
432		0.861049
432.125		0.861049
432.25		0.861049
432.375		0.861049
432.5		0.861049
432.625		0.861049
432.75		0.861049
432.875		0.861049
433		0.861049
433.125		0.861049
433.25		0.861049
433.375		0.861049
433.5		0.861049
433.625		0.861049
433.75		0.861049
433.875		0.861049
434		0.861049
434.125		0.861049
434.25		0.861049
434.375		0.861049
434.5		0.861049
434.625		0.861049
434.75		0.861049
434.875		0.861049
435		0.861049
435.125		0.886371
435.25		0.886371
435.375		0.886371
435.5		0.886371
435.625		0.886371
435.75		0.886371
435.875		0.886371
436		0.886371
436.125		0.886371
436.25		0.886371
436.375		0.886371
436.5		0.886371
436.625		0.886371
436.75		0.886371
436.875		0.886371
437		0.886371
437.125		0.886371
437.25		0.886371
437.375		0.886371
437.5		0.886371
437.625		0.886371
437.75		0.886371
437.875		0.886371
438		0.886371
438.125		0.886371
438.25		0.886371
438.375		0.886371
438.5		0.886371
438.625		0.886371
438.75		0.886371
438.875		0.886371
439		0.886371
439.125		0.886371
439.25		0.886371
439.375		0.886371
439.5		0.886371
439.625		0.886371
439.75		0.886371
439.875		0.886371
440		0.886371
440.125		0.889669
440.25		0.889669
440.375		0.889669
440.5		0.889669
440.625		0.889669
440.75		0.889669
440.875		0.889669
441		0.889669
441.125		0.889669
441.25		0.889669
441.375		0.889669
441.5		0.889669
441.625		0.889669
441.75		0.889669
441.875		0.889669
442		0.889669
442.125		0.889669
442.25		0.889669
442.375		0.889669
442.5		0.889669
442.625		0.889669
442.75		0.889669
442.875		0.889669
443		0.889669
443.125		0.889669
443.25		0.889669
443.375		0.889669
443.5		0.889669
443.625		0.889669
443.75		0.889669
443.875		0.889669
444		0.889669
444.125		0.889669
444.25		0.889669
444.375		0.889669
444.5		0.889669
444.625		0.889669
444.75		0.889669
444.875		0.889669
445		0.889669
445.125		0.895946
445.25		0.895946
445.375		0.895946
445.5		0.895946
445.625		0.895946
445.75		0.895946
445.875		0.895946
446		0.895946
446.125		0.895946
446.25		0.895946
446.375		0.895946
446.5		0.895946
446.625		0.895946
446.75		0.895946
446.875		0.895946
447		0.895946
447.125		0.895946
447.25		0.895946
447.375		0.895946
447.5		0.895946
447.625		0.895946
447.75		0.895946
447.875		0.895946
448		0.895946
448.125		0.895946
448.25		0.895946
448.375		0.895946
448.5		0.895946
448.625		0.895946
448.75		0.895946
448.875		0.895946
449		0.895946
449.125		0.895946
449.25		0.895946
449.375		0.895946
449.5		0.895946
449.625		0.895946
449.75		0.895946
449.875		0.895946
450		0.895946
450.125		0.907969
450.25		0.907969
450.375		0.907969
450.5		0.907969
450.625		0.907969
450.75		0.907969
450.875		0.907969
451		0.907969
451.125		0.907969
451.25		0.907969
451.375		0.907969
451.5		0.907969
451.625		0.907969
451.75		0.907969
451.875		0.907969
452		0.907969
452.125		0.907969
452.25		0.907969
452.375		0.907969
452.5		0.907969
452.625		0.907969
452.75		0.907969
452.875		0.907969
453		0.907969
453.125		0.907969
453.25		0.907969
453.375		0.907969
453.5		0.907969
453.625		0.907969
453.75		0.907969
453.875		0.907969
454		0.907969
454.125		0.907969
454.25		0.907969
454.375		0.907969
454.5		0.907969
454.625		0.907969
454.75		0.907969
454.875		0.907969
455		0.907969
455.125		0.910416
455.25		0.910416
455.375		0.910416
455.5		0.910416
455.625		0.910416
455.75		0.910416
455.875		0.910416
456		0.910416
456.125		0.910416
456.25		0.910416
456.375		0.910416
456.5		0.910416
456.625		0.910416
456.75		0.910416
456.875		0.910416
457		0.910416
457.125		0.910416
457.25		0.910416
457.375		0.910416
457.5		0.910416
457.625		0.910416
457.75		0.910416
457.875		0.910416
458		0.910416
458.125		0.910416
458.25		0.910416
458.375		0.910416
458.5		0.910416
458.625		0.910416
458.75		0.910416
458.875		0.910416
459		0.910416
459.125		0.910416
459.25		0.910416
459.375		0.910416
459.5		0.910416
459.625		0.910416
459.75		0.910416
459.875		0.910416
460		0.910416
460.125		0.942015
460.25		0.942015
460.375		0.942015
460.5		0.942015
460.625		0.942015
460.75		0.942015
460.875		0.942015
461		0.942015
461.125		0.942015
461.25		0.942015
461.375		0.942015
461.5		0.942015
461.625		0.942015
461.75		0.942015
461.875		0.942015
462		0.942015
462.125		0.942015
462.25		0.942015
462.375		0.942015
462.5		0.942015
462.625		0.942015
462.75		0.942015
462.875		0.942015
463		0.942015
463.125		0.942015
463.25		0.942015
463.375		0.942015
463.5		0.942015
463.625		0.942015
463.75		0.942015
463.875		0.942015
464		0.942015
464.125		0.942015
464.25		0.942015
464.375		0.942015
464.5		0.942015
464.625		0.942015
464.75		0.942015
464.875		0.942015
465		0.942015
465.125		0.944622
465.25		0.944622
465.375		0.944622
465.5		0.944622
465.625		0.944622
465.75		0.944622
465.875		0.944622
466		0.944622
466.125		0.944622
466.25		0.944622
466.375		0.944622
466.5		0.944622
466.625		0.944622
466.75		0.944622
466.875		0.944622
467		0.944622
467.125		0.944622
467.25		0.944622
467.375		0.944622
467.5		0.944622
467.625		0.944622
467.75		0.944622
467.875		0.944622
468		0.944622
468.125		0.944622
468.25		0.944622
468.375		0.944622
468.5		0.944622
468.625		0.944622
468.75		0.944622
468.875		0.944622
469		0.944622
469.125		0.944622
469.25		0.944622
469.375		0.944622
469.5		0.944622
469.625		0.944622
469.75		0.944622
469.875		0.944622
470		0.944622
470.125		0.946537
470.25		0.946537
470.375		0.946537
470.5		0.946537
470.625		0.946537
470.75		0.946537
470.875		0.946537
471		0.946537
471.125		0.946537
471.25		0.946537
471.375		0.946537
471.5		0.946537
471.625		0.946537
471.75		0.946537
471.875		0.946537
472		0.946537
472.125		0.946537
472.25		0.946537
472.375		0.946537
472.5		0.946537
472.625		0.946537
472.75		0.946537
472.875		0.946537
473		0.946537
473.125		0.946537
473.25		0.946537
473.375		0.946537
473.5		0.946537
473.625		0.946537
473.75		0.946537
473.875		0.946537
474		0.946537
474.125		0.946537
474.25		0.946537
474.375		0.946537
474.5		0.946537
474.625		0.946537
474.75		0.946537
474.875		0.946537
475		0.946537
475.125		0.949941
475.25		0.949941
475.375		0.949941
475.5		0.949941
475.625		0.949941
475.75		0.949941
475.875		0.949941
476		0.949941
476.125		0.949941
476.25		0.949941
476.375		0.949941
476.5		0.949941
476.625		0.949941
476.75		0.949941
476.875		0.949941
477		0.949941
477.125		0.949941
477.25		0.949941
477.375		0.949941
477.5		0.949941
477.625		0.949941
477.75		0.949941
477.875		0.949941
478		0.949941
478.125		0.949941
478.25		0.949941
478.375		0.949941
478.5		0.949941
478.625		0.949941
478.75		0.949941
478.875		0.949941
479		0.949941
479.125		0.949941
479.25		0.949941
479.375		0.949941
479.5		0.949941
479.625		0.949941
479.75		0.949941
479.875		0.949941
480		0.949941
480.125		0.984892
480.25		0.984892
480.375		0.984892
480.5		0.984892
480.625		0.984892
480.75		0.984892
480.875		0.984892
481		0.984892
481.125		0.984892
481.25		0.984892
481.375		0.984892
481.5		0.984892
481.625		0.984892
481.75		0.984892
481.875		0.984892
482		0.984892
482.125		0.984892
482.25		0.984892
482.375		0.984892
482.5		0.984892
482.625		0.984892
482.75		0.984892
482.875		0.984892
483		0.984892
483.125		0.984892
483.25		0.984892
483.375		0.984892
483.5		0.984892
483.625		0.984892
483.75		0.984892
483.875		0.984892
484		0.984892
484.125		0.984892
484.25		0.984892
484.375		0.984892
484.5		0.984892
484.625		0.984892
484.75		0.984892
484.875		0.984892
485		0.984892
485.125		0.99601
485.25		0.99601
485.375		0.99601
485.5		0.99601
485.625		0.99601
485.75		0.99601
485.875		0.99601
486		0.99601
486.125		0.99601
486.25		0.99601
486.375		0.99601
486.5		0.99601
486.625		0.99601
486.75		0.99601
486.875		0.99601
487		0.99601
487.125		0.99601
487.25		0.99601
487.375		0.99601
487.5		0.99601
487.625		0.99601
487.75		0.99601
487.875		0.99601
488		0.99601
488.125		0.99601
488.25		0.99601
488.375		0.99601
488.5		0.99601
488.625		0.99601
488.75		0.99601
488.875		0.99601
489		0.99601
489.125		0.99601
489.25		0.99601
489.375		0.99601
489.5		0.99601
489.625		0.99601
489.75		0.99601
489.875		0.99601
490		0.99601
490.125		0.999149
490.25		0.999149
490.375		0.999149
490.5		0.999149
490.625		0.999149
490.75		0.999149
490.875		0.999149
491		0.999149
491.125		0.999149
491.25		0.999149
491.375		0.999149
491.5		0.999149
491.625		0.999149
491.75		0.999149
491.875		0.999149
492		0.999149
492.125		0.999149
492.25		0.999149
492.375		0.999149
492.5		0.999149
492.625		0.999149
492.75		0.999149
492.875		0.999149
493		0.999149
493.125		0.999149
493.25		0.999149
493.375		0.999149
493.5		0.999149
493.625		0.999149
493.75		0.999149
493.875		0.999149
494		0.999149
494.125		0.999149
494.25		0.999149
494.375		0.999149
494.5		0.999149
494.625		0.999149
494.75		0.999149
494.875		0.999149
495		0.999149
495.125		1
495.25		1
495.375		1
495.5		1
495.625		1
495.75		1
495.875		1
496		1
496.125		1
496.25		1
496.375		1
496.5		1
496.625		1
496.75		1
496.875		1
497		1
497.125		1
497.25		1
497.375		1
497.5		1
497.625		1
497.75		1
497.875		1
498		1
498.125		1
498.25		1
498.375		1
498.5		1
498.625		1
498.75		1
498.875		1
499		1
499.125		1
499.25		1
499.375		1
499.5		1
499.625		1
499.75		1
499.875		1
500		1
