# Calibration file of tamex_id 0 @ channel 22
# fine_T bin		 Calibration value
0.125		0
0.25		0
0.375		0
0.5		0
0.625		0
0.75		0
0.875		0
1		0
1.125		0
1.25		0
1.375		0
1.5		0
1.625		0
1.75		0
1.875		0
2		0
2.125		0
2.25		0
2.375		0
2.5		0
2.625		0
2.75		0
2.875		0
3		0
3.125		0
3.25		0
3.375		0
3.5		0
3.625		0
3.75		0
3.875		0
4		0
4.125		0
4.25		0
4.375		0
4.5		0
4.625		0
4.75		0
4.875		0
5		0
5.125		0
5.25		0
5.375		0
5.5		0
5.625		0
5.75		0
5.875		0
6		0
6.125		0
6.25		0
6.375		0
6.5		0
6.625		0
6.75		0
6.875		0
7		0
7.125		0
7.25		0
7.375		0
7.5		0
7.625		0
7.75		0
7.875		0
8		0
8.125		0
8.25		0
8.375		0
8.5		0
8.625		0
8.75		0
8.875		0
9		0
9.125		0
9.25		0
9.375		0
9.5		0
9.625		0
9.75		0
9.875		0
10		0
10.125		0
10.25		0
10.375		0
10.5		0
10.625		0
10.75		0
10.875		0
11		0
11.125		0
11.25		0
11.375		0
11.5		0
11.625		0
11.75		0
11.875		0
12		0
12.125		0
12.25		0
12.375		0
12.5		0
12.625		0
12.75		0
12.875		0
13		0
13.125		0
13.25		0
13.375		0
13.5		0
13.625		0
13.75		0
13.875		0
14		0
14.125		0
14.25		0
14.375		0
14.5		0
14.625		0
14.75		0
14.875		0
15		0
15.125		0
15.25		0
15.375		0
15.5		0
15.625		0
15.75		0
15.875		0
16		0
16.125		0
16.25		0
16.375		0
16.5		0
16.625		0
16.75		0
16.875		0
17		0
17.125		0
17.25		0
17.375		0
17.5		0
17.625		0
17.75		0
17.875		0
18		0
18.125		0
18.25		0
18.375		0
18.5		0
18.625		0
18.75		0
18.875		0
19		0
19.125		0
19.25		0
19.375		0
19.5		0
19.625		0
19.75		0
19.875		0
20		0
20.125		0
20.25		0
20.375		0
20.5		0
20.625		0
20.75		0
20.875		0
21		0
21.125		0
21.25		0
21.375		0
21.5		0
21.625		0
21.75		0
21.875		0
22		0
22.125		0
22.25		0
22.375		0
22.5		0
22.625		0
22.75		0
22.875		0
23		0
23.125		0
23.25		0
23.375		0
23.5		0
23.625		0
23.75		0
23.875		0
24		0
24.125		0
24.25		0
24.375		0
24.5		0
24.625		0
24.75		0
24.875		0
25		0
25.125		0
25.25		0
25.375		0
25.5		0
25.625		0
25.75		0
25.875		0
26		0
26.125		0
26.25		0
26.375		0
26.5		0
26.625		0
26.75		0
26.875		0
27		0
27.125		0
27.25		0
27.375		0
27.5		0
27.625		0
27.75		0
27.875		0
28		0
28.125		0
28.25		0
28.375		0
28.5		0
28.625		0
28.75		0
28.875		0
29		0
29.125		0
29.25		0
29.375		0
29.5		0
29.625		0
29.75		0
29.875		0
30		0
30.125		0
30.25		0
30.375		0
30.5		0
30.625		0
30.75		0
30.875		0
31		0
31.125		0
31.25		0
31.375		0
31.5		0
31.625		0
31.75		0
31.875		0
32		0
32.125		0
32.25		0
32.375		0
32.5		0
32.625		0
32.75		0
32.875		0
33		0
33.125		0
33.25		0
33.375		0
33.5		0
33.625		0
33.75		0
33.875		0
34		0
34.125		0
34.25		0
34.375		0
34.5		0
34.625		0
34.75		0
34.875		0
35		0
35.125		0
35.25		0
35.375		0
35.5		0
35.625		0
35.75		0
35.875		0
36		0
36.125		0
36.25		0
36.375		0
36.5		0
36.625		0
36.75		0
36.875		0
37		0
37.125		0
37.25		0
37.375		0
37.5		0
37.625		0
37.75		0
37.875		0
38		0
38.125		0
38.25		0
38.375		0
38.5		0
38.625		0
38.75		0
38.875		0
39		0
39.125		0
39.25		0
39.375		0
39.5		0
39.625		0
39.75		0
39.875		0
40		0
40.125		0
40.25		0
40.375		0
40.5		0
40.625		0
40.75		0
40.875		0
41		0
41.125		0
41.25		0
41.375		0
41.5		0
41.625		0
41.75		0
41.875		0
42		0
42.125		0
42.25		0
42.375		0
42.5		0
42.625		0
42.75		0
42.875		0
43		0
43.125		0
43.25		0
43.375		0
43.5		0
43.625		0
43.75		0
43.875		0
44		0
44.125		0
44.25		0
44.375		0
44.5		0
44.625		0
44.75		0
44.875		0
45		0
45.125		0
45.25		0
45.375		0
45.5		0
45.625		0
45.75		0
45.875		0
46		0
46.125		0
46.25		0
46.375		0
46.5		0
46.625		0
46.75		0
46.875		0
47		0
47.125		0
47.25		0
47.375		0
47.5		0
47.625		0
47.75		0
47.875		0
48		0
48.125		0
48.25		0
48.375		0
48.5		0
48.625		0
48.75		0
48.875		0
49		0
49.125		0
49.25		0
49.375		0
49.5		0
49.625		0
49.75		0
49.875		0
50		0
50.125		0
50.25		0
50.375		0
50.5		0
50.625		0
50.75		0
50.875		0
51		0
51.125		0
51.25		0
51.375		0
51.5		0
51.625		0
51.75		0
51.875		0
52		0
52.125		0
52.25		0
52.375		0
52.5		0
52.625		0
52.75		0
52.875		0
53		0
53.125		0
53.25		0
53.375		0
53.5		0
53.625		0
53.75		0
53.875		0
54		0
54.125		0
54.25		0
54.375		0
54.5		0
54.625		0
54.75		0
54.875		0
55		0
55.125		0
55.25		0
55.375		0
55.5		0
55.625		0
55.75		0
55.875		0
56		0
56.125		0
56.25		0
56.375		0
56.5		0
56.625		0
56.75		0
56.875		0
57		0
57.125		0
57.25		0
57.375		0
57.5		0
57.625		0
57.75		0
57.875		0
58		0
58.125		0
58.25		0
58.375		0
58.5		0
58.625		0
58.75		0
58.875		0
59		0
59.125		0
59.25		0
59.375		0
59.5		0
59.625		0
59.75		0
59.875		0
60		0
60.125		0
60.25		0
60.375		0
60.5		0
60.625		0
60.75		0
60.875		0
61		0
61.125		0
61.25		0
61.375		0
61.5		0
61.625		0
61.75		0
61.875		0
62		0
62.125		0
62.25		0
62.375		0
62.5		0
62.625		0
62.75		0
62.875		0
63		0
63.125		0
63.25		0
63.375		0
63.5		0
63.625		0
63.75		0
63.875		0
64		0
64.125		0
64.25		0
64.375		0
64.5		0
64.625		0
64.75		0
64.875		0
65		0
65.125		0
65.25		0
65.375		0
65.5		0
65.625		0
65.75		0
65.875		0
66		0
66.125		0
66.25		0
66.375		0
66.5		0
66.625		0
66.75		0
66.875		0
67		0
67.125		0
67.25		0
67.375		0
67.5		0
67.625		0
67.75		0
67.875		0
68		0
68.125		0
68.25		0
68.375		0
68.5		0
68.625		0
68.75		0
68.875		0
69		0
69.125		0
69.25		0
69.375		0
69.5		0
69.625		0
69.75		0
69.875		0
70		0
70.125		0
70.25		0
70.375		0
70.5		0
70.625		0
70.75		0
70.875		0
71		0
71.125		0
71.25		0
71.375		0
71.5		0
71.625		0
71.75		0
71.875		0
72		0
72.125		0
72.25		0
72.375		0
72.5		0
72.625		0
72.75		0
72.875		0
73		0
73.125		0
73.25		0
73.375		0
73.5		0
73.625		0
73.75		0
73.875		0
74		0
74.125		0
74.25		0
74.375		0
74.5		0
74.625		0
74.75		0
74.875		0
75		0
75.125		0
75.25		0
75.375		0
75.5		0
75.625		0
75.75		0
75.875		0
76		0
76.125		0
76.25		0
76.375		0
76.5		0
76.625		0
76.75		0
76.875		0
77		0
77.125		0
77.25		0
77.375		0
77.5		0
77.625		0
77.75		0
77.875		0
78		0
78.125		0
78.25		0
78.375		0
78.5		0
78.625		0
78.75		0
78.875		0
79		0
79.125		0
79.25		0
79.375		0
79.5		0
79.625		0
79.75		0
79.875		0
80		0
80.125		0
80.25		0
80.375		0
80.5		0
80.625		0
80.75		0
80.875		0
81		0
81.125		0
81.25		0
81.375		0
81.5		0
81.625		0
81.75		0
81.875		0
82		0
82.125		0
82.25		0
82.375		0
82.5		0
82.625		0
82.75		0
82.875		0
83		0
83.125		0
83.25		0
83.375		0
83.5		0
83.625		0
83.75		0
83.875		0
84		0
84.125		0
84.25		0
84.375		0
84.5		0
84.625		0
84.75		0
84.875		0
85		0
85.125		0.0167688
85.25		0.0167688
85.375		0.0167688
85.5		0.0167688
85.625		0.0167688
85.75		0.0167688
85.875		0.0167688
86		0.0167688
86.125		0.0167688
86.25		0.0167688
86.375		0.0167688
86.5		0.0167688
86.625		0.0167688
86.75		0.0167688
86.875		0.0167688
87		0.0167688
87.125		0.0167688
87.25		0.0167688
87.375		0.0167688
87.5		0.0167688
87.625		0.0167688
87.75		0.0167688
87.875		0.0167688
88		0.0167688
88.125		0.0167688
88.25		0.0167688
88.375		0.0167688
88.5		0.0167688
88.625		0.0167688
88.75		0.0167688
88.875		0.0167688
89		0.0167688
89.125		0.0167688
89.25		0.0167688
89.375		0.0167688
89.5		0.0167688
89.625		0.0167688
89.75		0.0167688
89.875		0.0167688
90		0.0167688
90.125		0.0466203
90.25		0.0466203
90.375		0.0466203
90.5		0.0466203
90.625		0.0466203
90.75		0.0466203
90.875		0.0466203
91		0.0466203
91.125		0.0466203
91.25		0.0466203
91.375		0.0466203
91.5		0.0466203
91.625		0.0466203
91.75		0.0466203
91.875		0.0466203
92		0.0466203
92.125		0.0466203
92.25		0.0466203
92.375		0.0466203
92.5		0.0466203
92.625		0.0466203
92.75		0.0466203
92.875		0.0466203
93		0.0466203
93.125		0.0466203
93.25		0.0466203
93.375		0.0466203
93.5		0.0466203
93.625		0.0466203
93.75		0.0466203
93.875		0.0466203
94		0.0466203
94.125		0.0466203
94.25		0.0466203
94.375		0.0466203
94.5		0.0466203
94.625		0.0466203
94.75		0.0466203
94.875		0.0466203
95		0.0466203
95.125		0.0533174
95.25		0.0533174
95.375		0.0533174
95.5		0.0533174
95.625		0.0533174
95.75		0.0533174
95.875		0.0533174
96		0.0533174
96.125		0.0533174
96.25		0.0533174
96.375		0.0533174
96.5		0.0533174
96.625		0.0533174
96.75		0.0533174
96.875		0.0533174
97		0.0533174
97.125		0.0533174
97.25		0.0533174
97.375		0.0533174
97.5		0.0533174
97.625		0.0533174
97.75		0.0533174
97.875		0.0533174
98		0.0533174
98.125		0.0533174
98.25		0.0533174
98.375		0.0533174
98.5		0.0533174
98.625		0.0533174
98.75		0.0533174
98.875		0.0533174
99		0.0533174
99.125		0.0533174
99.25		0.0533174
99.375		0.0533174
99.5		0.0533174
99.625		0.0533174
99.75		0.0533174
99.875		0.0533174
100		0.0533174
100.125		0.0672308
100.25		0.0672308
100.375		0.0672308
100.5		0.0672308
100.625		0.0672308
100.75		0.0672308
100.875		0.0672308
101		0.0672308
101.125		0.0672308
101.25		0.0672308
101.375		0.0672308
101.5		0.0672308
101.625		0.0672308
101.75		0.0672308
101.875		0.0672308
102		0.0672308
102.125		0.0672308
102.25		0.0672308
102.375		0.0672308
102.5		0.0672308
102.625		0.0672308
102.75		0.0672308
102.875		0.0672308
103		0.0672308
103.125		0.0672308
103.25		0.0672308
103.375		0.0672308
103.5		0.0672308
103.625		0.0672308
103.75		0.0672308
103.875		0.0672308
104		0.0672308
104.125		0.0672308
104.25		0.0672308
104.375		0.0672308
104.5		0.0672308
104.625		0.0672308
104.75		0.0672308
104.875		0.0672308
105		0.0672308
105.125		0.073305
105.25		0.073305
105.375		0.073305
105.5		0.073305
105.625		0.073305
105.75		0.073305
105.875		0.073305
106		0.073305
106.125		0.073305
106.25		0.073305
106.375		0.073305
106.5		0.073305
106.625		0.073305
106.75		0.073305
106.875		0.073305
107		0.073305
107.125		0.073305
107.25		0.073305
107.375		0.073305
107.5		0.073305
107.625		0.073305
107.75		0.073305
107.875		0.073305
108		0.073305
108.125		0.073305
108.25		0.073305
108.375		0.073305
108.5		0.073305
108.625		0.073305
108.75		0.073305
108.875		0.073305
109		0.073305
109.125		0.073305
109.25		0.073305
109.375		0.073305
109.5		0.073305
109.625		0.073305
109.75		0.073305
109.875		0.073305
110		0.073305
110.125		0.0941231
110.25		0.0941231
110.375		0.0941231
110.5		0.0941231
110.625		0.0941231
110.75		0.0941231
110.875		0.0941231
111		0.0941231
111.125		0.0941231
111.25		0.0941231
111.375		0.0941231
111.5		0.0941231
111.625		0.0941231
111.75		0.0941231
111.875		0.0941231
112		0.0941231
112.125		0.0941231
112.25		0.0941231
112.375		0.0941231
112.5		0.0941231
112.625		0.0941231
112.75		0.0941231
112.875		0.0941231
113		0.0941231
113.125		0.0941231
113.25		0.0941231
113.375		0.0941231
113.5		0.0941231
113.625		0.0941231
113.75		0.0941231
113.875		0.0941231
114		0.0941231
114.125		0.0941231
114.25		0.0941231
114.375		0.0941231
114.5		0.0941231
114.625		0.0941231
114.75		0.0941231
114.875		0.0941231
115		0.0941231
115.125		0.100665
115.25		0.100665
115.375		0.100665
115.5		0.100665
115.625		0.100665
115.75		0.100665
115.875		0.100665
116		0.100665
116.125		0.100665
116.25		0.100665
116.375		0.100665
116.5		0.100665
116.625		0.100665
116.75		0.100665
116.875		0.100665
117		0.100665
117.125		0.100665
117.25		0.100665
117.375		0.100665
117.5		0.100665
117.625		0.100665
117.75		0.100665
117.875		0.100665
118		0.100665
118.125		0.100665
118.25		0.100665
118.375		0.100665
118.5		0.100665
118.625		0.100665
118.75		0.100665
118.875		0.100665
119		0.100665
119.125		0.100665
119.25		0.100665
119.375		0.100665
119.5		0.100665
119.625		0.100665
119.75		0.100665
119.875		0.100665
120		0.100665
120.125		0.101703
120.25		0.101703
120.375		0.101703
120.5		0.101703
120.625		0.101703
120.75		0.101703
120.875		0.101703
121		0.101703
121.125		0.101703
121.25		0.101703
121.375		0.101703
121.5		0.101703
121.625		0.101703
121.75		0.101703
121.875		0.101703
122		0.101703
122.125		0.101703
122.25		0.101703
122.375		0.101703
122.5		0.101703
122.625		0.101703
122.75		0.101703
122.875		0.101703
123		0.101703
123.125		0.101703
123.25		0.101703
123.375		0.101703
123.5		0.101703
123.625		0.101703
123.75		0.101703
123.875		0.101703
124		0.101703
124.125		0.101703
124.25		0.101703
124.375		0.101703
124.5		0.101703
124.625		0.101703
124.75		0.101703
124.875		0.101703
125		0.101703
125.125		0.121067
125.25		0.121067
125.375		0.121067
125.5		0.121067
125.625		0.121067
125.75		0.121067
125.875		0.121067
126		0.121067
126.125		0.121067
126.25		0.121067
126.375		0.121067
126.5		0.121067
126.625		0.121067
126.75		0.121067
126.875		0.121067
127		0.121067
127.125		0.121067
127.25		0.121067
127.375		0.121067
127.5		0.121067
127.625		0.121067
127.75		0.121067
127.875		0.121067
128		0.121067
128.125		0.121067
128.25		0.121067
128.375		0.121067
128.5		0.121067
128.625		0.121067
128.75		0.121067
128.875		0.121067
129		0.121067
129.125		0.121067
129.25		0.121067
129.375		0.121067
129.5		0.121067
129.625		0.121067
129.75		0.121067
129.875		0.121067
130		0.121067
130.125		0.136434
130.25		0.136434
130.375		0.136434
130.5		0.136434
130.625		0.136434
130.75		0.136434
130.875		0.136434
131		0.136434
131.125		0.136434
131.25		0.136434
131.375		0.136434
131.5		0.136434
131.625		0.136434
131.75		0.136434
131.875		0.136434
132		0.136434
132.125		0.136434
132.25		0.136434
132.375		0.136434
132.5		0.136434
132.625		0.136434
132.75		0.136434
132.875		0.136434
133		0.136434
133.125		0.136434
133.25		0.136434
133.375		0.136434
133.5		0.136434
133.625		0.136434
133.75		0.136434
133.875		0.136434
134		0.136434
134.125		0.136434
134.25		0.136434
134.375		0.136434
134.5		0.136434
134.625		0.136434
134.75		0.136434
134.875		0.136434
135		0.136434
135.125		0.146714
135.25		0.146714
135.375		0.146714
135.5		0.146714
135.625		0.146714
135.75		0.146714
135.875		0.146714
136		0.146714
136.125		0.146714
136.25		0.146714
136.375		0.146714
136.5		0.146714
136.625		0.146714
136.75		0.146714
136.875		0.146714
137		0.146714
137.125		0.146714
137.25		0.146714
137.375		0.146714
137.5		0.146714
137.625		0.146714
137.75		0.146714
137.875		0.146714
138		0.146714
138.125		0.146714
138.25		0.146714
138.375		0.146714
138.5		0.146714
138.625		0.146714
138.75		0.146714
138.875		0.146714
139		0.146714
139.125		0.146714
139.25		0.146714
139.375		0.146714
139.5		0.146714
139.625		0.146714
139.75		0.146714
139.875		0.146714
140		0.146714
140.125		0.147544
140.25		0.147544
140.375		0.147544
140.5		0.147544
140.625		0.147544
140.75		0.147544
140.875		0.147544
141		0.147544
141.125		0.147544
141.25		0.147544
141.375		0.147544
141.5		0.147544
141.625		0.147544
141.75		0.147544
141.875		0.147544
142		0.147544
142.125		0.147544
142.25		0.147544
142.375		0.147544
142.5		0.147544
142.625		0.147544
142.75		0.147544
142.875		0.147544
143		0.147544
143.125		0.147544
143.25		0.147544
143.375		0.147544
143.5		0.147544
143.625		0.147544
143.75		0.147544
143.875		0.147544
144		0.147544
144.125		0.147544
144.25		0.147544
144.375		0.147544
144.5		0.147544
144.625		0.147544
144.75		0.147544
144.875		0.147544
145		0.147544
145.125		0.157928
145.25		0.157928
145.375		0.157928
145.5		0.157928
145.625		0.157928
145.75		0.157928
145.875		0.157928
146		0.157928
146.125		0.157928
146.25		0.157928
146.375		0.157928
146.5		0.157928
146.625		0.157928
146.75		0.157928
146.875		0.157928
147		0.157928
147.125		0.157928
147.25		0.157928
147.375		0.157928
147.5		0.157928
147.625		0.157928
147.75		0.157928
147.875		0.157928
148		0.157928
148.125		0.157928
148.25		0.157928
148.375		0.157928
148.5		0.157928
148.625		0.157928
148.75		0.157928
148.875		0.157928
149		0.157928
149.125		0.157928
149.25		0.157928
149.375		0.157928
149.5		0.157928
149.625		0.157928
149.75		0.157928
149.875		0.157928
150		0.157928
150.125		0.185079
150.25		0.185079
150.375		0.185079
150.5		0.185079
150.625		0.185079
150.75		0.185079
150.875		0.185079
151		0.185079
151.125		0.185079
151.25		0.185079
151.375		0.185079
151.5		0.185079
151.625		0.185079
151.75		0.185079
151.875		0.185079
152		0.185079
152.125		0.185079
152.25		0.185079
152.375		0.185079
152.5		0.185079
152.625		0.185079
152.75		0.185079
152.875		0.185079
153		0.185079
153.125		0.185079
153.25		0.185079
153.375		0.185079
153.5		0.185079
153.625		0.185079
153.75		0.185079
153.875		0.185079
154		0.185079
154.125		0.185079
154.25		0.185079
154.375		0.185079
154.5		0.185079
154.625		0.185079
154.75		0.185079
154.875		0.185079
155		0.185079
155.125		0.186481
155.25		0.186481
155.375		0.186481
155.5		0.186481
155.625		0.186481
155.75		0.186481
155.875		0.186481
156		0.186481
156.125		0.186481
156.25		0.186481
156.375		0.186481
156.5		0.186481
156.625		0.186481
156.75		0.186481
156.875		0.186481
157		0.186481
157.125		0.186481
157.25		0.186481
157.375		0.186481
157.5		0.186481
157.625		0.186481
157.75		0.186481
157.875		0.186481
158		0.186481
158.125		0.186481
158.25		0.186481
158.375		0.186481
158.5		0.186481
158.625		0.186481
158.75		0.186481
158.875		0.186481
159		0.186481
159.125		0.186481
159.25		0.186481
159.375		0.186481
159.5		0.186481
159.625		0.186481
159.75		0.186481
159.875		0.186481
160		0.186481
160.125		0.190063
160.25		0.190063
160.375		0.190063
160.5		0.190063
160.625		0.190063
160.75		0.190063
160.875		0.190063
161		0.190063
161.125		0.190063
161.25		0.190063
161.375		0.190063
161.5		0.190063
161.625		0.190063
161.75		0.190063
161.875		0.190063
162		0.190063
162.125		0.190063
162.25		0.190063
162.375		0.190063
162.5		0.190063
162.625		0.190063
162.75		0.190063
162.875		0.190063
163		0.190063
163.125		0.190063
163.25		0.190063
163.375		0.190063
163.5		0.190063
163.625		0.190063
163.75		0.190063
163.875		0.190063
164		0.190063
164.125		0.190063
164.25		0.190063
164.375		0.190063
164.5		0.190063
164.625		0.190063
164.75		0.190063
164.875		0.190063
165		0.190063
165.125		0.199927
165.25		0.199927
165.375		0.199927
165.5		0.199927
165.625		0.199927
165.75		0.199927
165.875		0.199927
166		0.199927
166.125		0.199927
166.25		0.199927
166.375		0.199927
166.5		0.199927
166.625		0.199927
166.75		0.199927
166.875		0.199927
167		0.199927
167.125		0.199927
167.25		0.199927
167.375		0.199927
167.5		0.199927
167.625		0.199927
167.75		0.199927
167.875		0.199927
168		0.199927
168.125		0.199927
168.25		0.199927
168.375		0.199927
168.5		0.199927
168.625		0.199927
168.75		0.199927
168.875		0.199927
169		0.199927
169.125		0.199927
169.25		0.199927
169.375		0.199927
169.5		0.199927
169.625		0.199927
169.75		0.199927
169.875		0.199927
170		0.199927
170.125		0.219863
170.25		0.219863
170.375		0.219863
170.5		0.219863
170.625		0.219863
170.75		0.219863
170.875		0.219863
171		0.219863
171.125		0.219863
171.25		0.219863
171.375		0.219863
171.5		0.219863
171.625		0.219863
171.75		0.219863
171.875		0.219863
172		0.219863
172.125		0.219863
172.25		0.219863
172.375		0.219863
172.5		0.219863
172.625		0.219863
172.75		0.219863
172.875		0.219863
173		0.219863
173.125		0.219863
173.25		0.219863
173.375		0.219863
173.5		0.219863
173.625		0.219863
173.75		0.219863
173.875		0.219863
174		0.219863
174.125		0.219863
174.25		0.219863
174.375		0.219863
174.5		0.219863
174.625		0.219863
174.75		0.219863
174.875		0.219863
175		0.219863
175.125		0.228014
175.25		0.228014
175.375		0.228014
175.5		0.228014
175.625		0.228014
175.75		0.228014
175.875		0.228014
176		0.228014
176.125		0.228014
176.25		0.228014
176.375		0.228014
176.5		0.228014
176.625		0.228014
176.75		0.228014
176.875		0.228014
177		0.228014
177.125		0.228014
177.25		0.228014
177.375		0.228014
177.5		0.228014
177.625		0.228014
177.75		0.228014
177.875		0.228014
178		0.228014
178.125		0.228014
178.25		0.228014
178.375		0.228014
178.5		0.228014
178.625		0.228014
178.75		0.228014
178.875		0.228014
179		0.228014
179.125		0.228014
179.25		0.228014
179.375		0.228014
179.5		0.228014
179.625		0.228014
179.75		0.228014
179.875		0.228014
180		0.228014
180.125		0.239643
180.25		0.239643
180.375		0.239643
180.5		0.239643
180.625		0.239643
180.75		0.239643
180.875		0.239643
181		0.239643
181.125		0.239643
181.25		0.239643
181.375		0.239643
181.5		0.239643
181.625		0.239643
181.75		0.239643
181.875		0.239643
182		0.239643
182.125		0.239643
182.25		0.239643
182.375		0.239643
182.5		0.239643
182.625		0.239643
182.75		0.239643
182.875		0.239643
183		0.239643
183.125		0.239643
183.25		0.239643
183.375		0.239643
183.5		0.239643
183.625		0.239643
183.75		0.239643
183.875		0.239643
184		0.239643
184.125		0.239643
184.25		0.239643
184.375		0.239643
184.5		0.239643
184.625		0.239643
184.75		0.239643
184.875		0.239643
185		0.239643
185.125		0.245977
185.25		0.245977
185.375		0.245977
185.5		0.245977
185.625		0.245977
185.75		0.245977
185.875		0.245977
186		0.245977
186.125		0.245977
186.25		0.245977
186.375		0.245977
186.5		0.245977
186.625		0.245977
186.75		0.245977
186.875		0.245977
187		0.245977
187.125		0.245977
187.25		0.245977
187.375		0.245977
187.5		0.245977
187.625		0.245977
187.75		0.245977
187.875		0.245977
188		0.245977
188.125		0.245977
188.25		0.245977
188.375		0.245977
188.5		0.245977
188.625		0.245977
188.75		0.245977
188.875		0.245977
189		0.245977
189.125		0.245977
189.25		0.245977
189.375		0.245977
189.5		0.245977
189.625		0.245977
189.75		0.245977
189.875		0.245977
190		0.245977
190.125		0.258592
190.25		0.258592
190.375		0.258592
190.5		0.258592
190.625		0.258592
190.75		0.258592
190.875		0.258592
191		0.258592
191.125		0.258592
191.25		0.258592
191.375		0.258592
191.5		0.258592
191.625		0.258592
191.75		0.258592
191.875		0.258592
192		0.258592
192.125		0.258592
192.25		0.258592
192.375		0.258592
192.5		0.258592
192.625		0.258592
192.75		0.258592
192.875		0.258592
193		0.258592
193.125		0.258592
193.25		0.258592
193.375		0.258592
193.5		0.258592
193.625		0.258592
193.75		0.258592
193.875		0.258592
194		0.258592
194.125		0.258592
194.25		0.258592
194.375		0.258592
194.5		0.258592
194.625		0.258592
194.75		0.258592
194.875		0.258592
195		0.258592
195.125		0.266639
195.25		0.266639
195.375		0.266639
195.5		0.266639
195.625		0.266639
195.75		0.266639
195.875		0.266639
196		0.266639
196.125		0.266639
196.25		0.266639
196.375		0.266639
196.5		0.266639
196.625		0.266639
196.75		0.266639
196.875		0.266639
197		0.266639
197.125		0.266639
197.25		0.266639
197.375		0.266639
197.5		0.266639
197.625		0.266639
197.75		0.266639
197.875		0.266639
198		0.266639
198.125		0.266639
198.25		0.266639
198.375		0.266639
198.5		0.266639
198.625		0.266639
198.75		0.266639
198.875		0.266639
199		0.266639
199.125		0.266639
199.25		0.266639
199.375		0.266639
199.5		0.266639
199.625		0.266639
199.75		0.266639
199.875		0.266639
200		0.266639
200.125		0.278528
200.25		0.278528
200.375		0.278528
200.5		0.278528
200.625		0.278528
200.75		0.278528
200.875		0.278528
201		0.278528
201.125		0.278528
201.25		0.278528
201.375		0.278528
201.5		0.278528
201.625		0.278528
201.75		0.278528
201.875		0.278528
202		0.278528
202.125		0.278528
202.25		0.278528
202.375		0.278528
202.5		0.278528
202.625		0.278528
202.75		0.278528
202.875		0.278528
203		0.278528
203.125		0.278528
203.25		0.278528
203.375		0.278528
203.5		0.278528
203.625		0.278528
203.75		0.278528
203.875		0.278528
204		0.278528
204.125		0.278528
204.25		0.278528
204.375		0.278528
204.5		0.278528
204.625		0.278528
204.75		0.278528
204.875		0.278528
205		0.278528
205.125		0.28076
205.25		0.28076
205.375		0.28076
205.5		0.28076
205.625		0.28076
205.75		0.28076
205.875		0.28076
206		0.28076
206.125		0.28076
206.25		0.28076
206.375		0.28076
206.5		0.28076
206.625		0.28076
206.75		0.28076
206.875		0.28076
207		0.28076
207.125		0.28076
207.25		0.28076
207.375		0.28076
207.5		0.28076
207.625		0.28076
207.75		0.28076
207.875		0.28076
208		0.28076
208.125		0.28076
208.25		0.28076
208.375		0.28076
208.5		0.28076
208.625		0.28076
208.75		0.28076
208.875		0.28076
209		0.28076
209.125		0.28076
209.25		0.28076
209.375		0.28076
209.5		0.28076
209.625		0.28076
209.75		0.28076
209.875		0.28076
210		0.28076
210.125		0.303811
210.25		0.303811
210.375		0.303811
210.5		0.303811
210.625		0.303811
210.75		0.303811
210.875		0.303811
211		0.303811
211.125		0.303811
211.25		0.303811
211.375		0.303811
211.5		0.303811
211.625		0.303811
211.75		0.303811
211.875		0.303811
212		0.303811
212.125		0.303811
212.25		0.303811
212.375		0.303811
212.5		0.303811
212.625		0.303811
212.75		0.303811
212.875		0.303811
213		0.303811
213.125		0.303811
213.25		0.303811
213.375		0.303811
213.5		0.303811
213.625		0.303811
213.75		0.303811
213.875		0.303811
214		0.303811
214.125		0.303811
214.25		0.303811
214.375		0.303811
214.5		0.303811
214.625		0.303811
214.75		0.303811
214.875		0.303811
215		0.303811
215.125		0.312013
215.25		0.312013
215.375		0.312013
215.5		0.312013
215.625		0.312013
215.75		0.312013
215.875		0.312013
216		0.312013
216.125		0.312013
216.25		0.312013
216.375		0.312013
216.5		0.312013
216.625		0.312013
216.75		0.312013
216.875		0.312013
217		0.312013
217.125		0.312013
217.25		0.312013
217.375		0.312013
217.5		0.312013
217.625		0.312013
217.75		0.312013
217.875		0.312013
218		0.312013
218.125		0.312013
218.25		0.312013
218.375		0.312013
218.5		0.312013
218.625		0.312013
218.75		0.312013
218.875		0.312013
219		0.312013
219.125		0.312013
219.25		0.312013
219.375		0.312013
219.5		0.312013
219.625		0.312013
219.75		0.312013
219.875		0.312013
220		0.312013
220.125		0.315024
220.25		0.315024
220.375		0.315024
220.5		0.315024
220.625		0.315024
220.75		0.315024
220.875		0.315024
221		0.315024
221.125		0.315024
221.25		0.315024
221.375		0.315024
221.5		0.315024
221.625		0.315024
221.75		0.315024
221.875		0.315024
222		0.315024
222.125		0.315024
222.25		0.315024
222.375		0.315024
222.5		0.315024
222.625		0.315024
222.75		0.315024
222.875		0.315024
223		0.315024
223.125		0.315024
223.25		0.315024
223.375		0.315024
223.5		0.315024
223.625		0.315024
223.75		0.315024
223.875		0.315024
224		0.315024
224.125		0.315024
224.25		0.315024
224.375		0.315024
224.5		0.315024
224.625		0.315024
224.75		0.315024
224.875		0.315024
225		0.315024
225.125		0.321566
225.25		0.321566
225.375		0.321566
225.5		0.321566
225.625		0.321566
225.75		0.321566
225.875		0.321566
226		0.321566
226.125		0.321566
226.25		0.321566
226.375		0.321566
226.5		0.321566
226.625		0.321566
226.75		0.321566
226.875		0.321566
227		0.321566
227.125		0.321566
227.25		0.321566
227.375		0.321566
227.5		0.321566
227.625		0.321566
227.75		0.321566
227.875		0.321566
228		0.321566
228.125		0.321566
228.25		0.321566
228.375		0.321566
228.5		0.321566
228.625		0.321566
228.75		0.321566
228.875		0.321566
229		0.321566
229.125		0.321566
229.25		0.321566
229.375		0.321566
229.5		0.321566
229.625		0.321566
229.75		0.321566
229.875		0.321566
230		0.321566
230.125		0.350587
230.25		0.350587
230.375		0.350587
230.5		0.350587
230.625		0.350587
230.75		0.350587
230.875		0.350587
231		0.350587
231.125		0.350587
231.25		0.350587
231.375		0.350587
231.5		0.350587
231.625		0.350587
231.75		0.350587
231.875		0.350587
232		0.350587
232.125		0.350587
232.25		0.350587
232.375		0.350587
232.5		0.350587
232.625		0.350587
232.75		0.350587
232.875		0.350587
233		0.350587
233.125		0.350587
233.25		0.350587
233.375		0.350587
233.5		0.350587
233.625		0.350587
233.75		0.350587
233.875		0.350587
234		0.350587
234.125		0.350587
234.25		0.350587
234.375		0.350587
234.5		0.350587
234.625		0.350587
234.75		0.350587
234.875		0.350587
235		0.350587
235.125		0.361489
235.25		0.361489
235.375		0.361489
235.5		0.361489
235.625		0.361489
235.75		0.361489
235.875		0.361489
236		0.361489
236.125		0.361489
236.25		0.361489
236.375		0.361489
236.5		0.361489
236.625		0.361489
236.75		0.361489
236.875		0.361489
237		0.361489
237.125		0.361489
237.25		0.361489
237.375		0.361489
237.5		0.361489
237.625		0.361489
237.75		0.361489
237.875		0.361489
238		0.361489
238.125		0.361489
238.25		0.361489
238.375		0.361489
238.5		0.361489
238.625		0.361489
238.75		0.361489
238.875		0.361489
239		0.361489
239.125		0.361489
239.25		0.361489
239.375		0.361489
239.5		0.361489
239.625		0.361489
239.75		0.361489
239.875		0.361489
240		0.361489
240.125		0.366732
240.25		0.366732
240.375		0.366732
240.5		0.366732
240.625		0.366732
240.75		0.366732
240.875		0.366732
241		0.366732
241.125		0.366732
241.25		0.366732
241.375		0.366732
241.5		0.366732
241.625		0.366732
241.75		0.366732
241.875		0.366732
242		0.366732
242.125		0.366732
242.25		0.366732
242.375		0.366732
242.5		0.366732
242.625		0.366732
242.75		0.366732
242.875		0.366732
243		0.366732
243.125		0.366732
243.25		0.366732
243.375		0.366732
243.5		0.366732
243.625		0.366732
243.75		0.366732
243.875		0.366732
244		0.366732
244.125		0.366732
244.25		0.366732
244.375		0.366732
244.5		0.366732
244.625		0.366732
244.75		0.366732
244.875		0.366732
245		0.366732
245.125		0.373533
245.25		0.373533
245.375		0.373533
245.5		0.373533
245.625		0.373533
245.75		0.373533
245.875		0.373533
246		0.373533
246.125		0.373533
246.25		0.373533
246.375		0.373533
246.5		0.373533
246.625		0.373533
246.75		0.373533
246.875		0.373533
247		0.373533
247.125		0.373533
247.25		0.373533
247.375		0.373533
247.5		0.373533
247.625		0.373533
247.75		0.373533
247.875		0.373533
248		0.373533
248.125		0.373533
248.25		0.373533
248.375		0.373533
248.5		0.373533
248.625		0.373533
248.75		0.373533
248.875		0.373533
249		0.373533
249.125		0.373533
249.25		0.373533
249.375		0.373533
249.5		0.373533
249.625		0.373533
249.75		0.373533
249.875		0.373533
250		0.373533
250.125		0.38428
250.25		0.38428
250.375		0.38428
250.5		0.38428
250.625		0.38428
250.75		0.38428
250.875		0.38428
251		0.38428
251.125		0.38428
251.25		0.38428
251.375		0.38428
251.5		0.38428
251.625		0.38428
251.75		0.38428
251.875		0.38428
252		0.38428
252.125		0.38428
252.25		0.38428
252.375		0.38428
252.5		0.38428
252.625		0.38428
252.75		0.38428
252.875		0.38428
253		0.38428
253.125		0.38428
253.25		0.38428
253.375		0.38428
253.5		0.38428
253.625		0.38428
253.75		0.38428
253.875		0.38428
254		0.38428
254.125		0.38428
254.25		0.38428
254.375		0.38428
254.5		0.38428
254.625		0.38428
254.75		0.38428
254.875		0.38428
255		0.38428
255.125		0.403073
255.25		0.403073
255.375		0.403073
255.5		0.403073
255.625		0.403073
255.75		0.403073
255.875		0.403073
256		0.403073
256.125		0.403073
256.25		0.403073
256.375		0.403073
256.5		0.403073
256.625		0.403073
256.75		0.403073
256.875		0.403073
257		0.403073
257.125		0.403073
257.25		0.403073
257.375		0.403073
257.5		0.403073
257.625		0.403073
257.75		0.403073
257.875		0.403073
258		0.403073
258.125		0.403073
258.25		0.403073
258.375		0.403073
258.5		0.403073
258.625		0.403073
258.75		0.403073
258.875		0.403073
259		0.403073
259.125		0.403073
259.25		0.403073
259.375		0.403073
259.5		0.403073
259.625		0.403073
259.75		0.403073
259.875		0.403073
260		0.403073
260.125		0.419427
260.25		0.419427
260.375		0.419427
260.5		0.419427
260.625		0.419427
260.75		0.419427
260.875		0.419427
261		0.419427
261.125		0.419427
261.25		0.419427
261.375		0.419427
261.5		0.419427
261.625		0.419427
261.75		0.419427
261.875		0.419427
262		0.419427
262.125		0.419427
262.25		0.419427
262.375		0.419427
262.5		0.419427
262.625		0.419427
262.75		0.419427
262.875		0.419427
263		0.419427
263.125		0.419427
263.25		0.419427
263.375		0.419427
263.5		0.419427
263.625		0.419427
263.75		0.419427
263.875		0.419427
264		0.419427
264.125		0.419427
264.25		0.419427
264.375		0.419427
264.5		0.419427
264.625		0.419427
264.75		0.419427
264.875		0.419427
265		0.419427
265.125		0.429239
265.25		0.429239
265.375		0.429239
265.5		0.429239
265.625		0.429239
265.75		0.429239
265.875		0.429239
266		0.429239
266.125		0.429239
266.25		0.429239
266.375		0.429239
266.5		0.429239
266.625		0.429239
266.75		0.429239
266.875		0.429239
267		0.429239
267.125		0.429239
267.25		0.429239
267.375		0.429239
267.5		0.429239
267.625		0.429239
267.75		0.429239
267.875		0.429239
268		0.429239
268.125		0.429239
268.25		0.429239
268.375		0.429239
268.5		0.429239
268.625		0.429239
268.75		0.429239
268.875		0.429239
269		0.429239
269.125		0.429239
269.25		0.429239
269.375		0.429239
269.5		0.429239
269.625		0.429239
269.75		0.429239
269.875		0.429239
270		0.429239
270.125		0.431575
270.25		0.431575
270.375		0.431575
270.5		0.431575
270.625		0.431575
270.75		0.431575
270.875		0.431575
271		0.431575
271.125		0.431575
271.25		0.431575
271.375		0.431575
271.5		0.431575
271.625		0.431575
271.75		0.431575
271.875		0.431575
272		0.431575
272.125		0.431575
272.25		0.431575
272.375		0.431575
272.5		0.431575
272.625		0.431575
272.75		0.431575
272.875		0.431575
273		0.431575
273.125		0.431575
273.25		0.431575
273.375		0.431575
273.5		0.431575
273.625		0.431575
273.75		0.431575
273.875		0.431575
274		0.431575
274.125		0.431575
274.25		0.431575
274.375		0.431575
274.5		0.431575
274.625		0.431575
274.75		0.431575
274.875		0.431575
275		0.431575
275.125		0.434586
275.25		0.434586
275.375		0.434586
275.5		0.434586
275.625		0.434586
275.75		0.434586
275.875		0.434586
276		0.434586
276.125		0.434586
276.25		0.434586
276.375		0.434586
276.5		0.434586
276.625		0.434586
276.75		0.434586
276.875		0.434586
277		0.434586
277.125		0.434586
277.25		0.434586
277.375		0.434586
277.5		0.434586
277.625		0.434586
277.75		0.434586
277.875		0.434586
278		0.434586
278.125		0.434586
278.25		0.434586
278.375		0.434586
278.5		0.434586
278.625		0.434586
278.75		0.434586
278.875		0.434586
279		0.434586
279.125		0.434586
279.25		0.434586
279.375		0.434586
279.5		0.434586
279.625		0.434586
279.75		0.434586
279.875		0.434586
280		0.434586
280.125		0.465995
280.25		0.465995
280.375		0.465995
280.5		0.465995
280.625		0.465995
280.75		0.465995
280.875		0.465995
281		0.465995
281.125		0.465995
281.25		0.465995
281.375		0.465995
281.5		0.465995
281.625		0.465995
281.75		0.465995
281.875		0.465995
282		0.465995
282.125		0.465995
282.25		0.465995
282.375		0.465995
282.5		0.465995
282.625		0.465995
282.75		0.465995
282.875		0.465995
283		0.465995
283.125		0.465995
283.25		0.465995
283.375		0.465995
283.5		0.465995
283.625		0.465995
283.75		0.465995
283.875		0.465995
284		0.465995
284.125		0.465995
284.25		0.465995
284.375		0.465995
284.5		0.465995
284.625		0.465995
284.75		0.465995
284.875		0.465995
285		0.465995
285.125		0.483698
285.25		0.483698
285.375		0.483698
285.5		0.483698
285.625		0.483698
285.75		0.483698
285.875		0.483698
286		0.483698
286.125		0.483698
286.25		0.483698
286.375		0.483698
286.5		0.483698
286.625		0.483698
286.75		0.483698
286.875		0.483698
287		0.483698
287.125		0.483698
287.25		0.483698
287.375		0.483698
287.5		0.483698
287.625		0.483698
287.75		0.483698
287.875		0.483698
288		0.483698
288.125		0.483698
288.25		0.483698
288.375		0.483698
288.5		0.483698
288.625		0.483698
288.75		0.483698
288.875		0.483698
289		0.483698
289.125		0.483698
289.25		0.483698
289.375		0.483698
289.5		0.483698
289.625		0.483698
289.75		0.483698
289.875		0.483698
290		0.483698
290.125		0.485827
290.25		0.485827
290.375		0.485827
290.5		0.485827
290.625		0.485827
290.75		0.485827
290.875		0.485827
291		0.485827
291.125		0.485827
291.25		0.485827
291.375		0.485827
291.5		0.485827
291.625		0.485827
291.75		0.485827
291.875		0.485827
292		0.485827
292.125		0.485827
292.25		0.485827
292.375		0.485827
292.5		0.485827
292.625		0.485827
292.75		0.485827
292.875		0.485827
293		0.485827
293.125		0.485827
293.25		0.485827
293.375		0.485827
293.5		0.485827
293.625		0.485827
293.75		0.485827
293.875		0.485827
294		0.485827
294.125		0.485827
294.25		0.485827
294.375		0.485827
294.5		0.485827
294.625		0.485827
294.75		0.485827
294.875		0.485827
295		0.485827
295.125		0.487748
295.25		0.487748
295.375		0.487748
295.5		0.487748
295.625		0.487748
295.75		0.487748
295.875		0.487748
296		0.487748
296.125		0.487748
296.25		0.487748
296.375		0.487748
296.5		0.487748
296.625		0.487748
296.75		0.487748
296.875		0.487748
297		0.487748
297.125		0.487748
297.25		0.487748
297.375		0.487748
297.5		0.487748
297.625		0.487748
297.75		0.487748
297.875		0.487748
298		0.487748
298.125		0.487748
298.25		0.487748
298.375		0.487748
298.5		0.487748
298.625		0.487748
298.75		0.487748
298.875		0.487748
299		0.487748
299.125		0.487748
299.25		0.487748
299.375		0.487748
299.5		0.487748
299.625		0.487748
299.75		0.487748
299.875		0.487748
300		0.487748
300.125		0.506282
300.25		0.506282
300.375		0.506282
300.5		0.506282
300.625		0.506282
300.75		0.506282
300.875		0.506282
301		0.506282
301.125		0.506282
301.25		0.506282
301.375		0.506282
301.5		0.506282
301.625		0.506282
301.75		0.506282
301.875		0.506282
302		0.506282
302.125		0.506282
302.25		0.506282
302.375		0.506282
302.5		0.506282
302.625		0.506282
302.75		0.506282
302.875		0.506282
303		0.506282
303.125		0.506282
303.25		0.506282
303.375		0.506282
303.5		0.506282
303.625		0.506282
303.75		0.506282
303.875		0.506282
304		0.506282
304.125		0.506282
304.25		0.506282
304.375		0.506282
304.5		0.506282
304.625		0.506282
304.75		0.506282
304.875		0.506282
305		0.506282
305.125		0.517755
305.25		0.517755
305.375		0.517755
305.5		0.517755
305.625		0.517755
305.75		0.517755
305.875		0.517755
306		0.517755
306.125		0.517755
306.25		0.517755
306.375		0.517755
306.5		0.517755
306.625		0.517755
306.75		0.517755
306.875		0.517755
307		0.517755
307.125		0.517755
307.25		0.517755
307.375		0.517755
307.5		0.517755
307.625		0.517755
307.75		0.517755
307.875		0.517755
308		0.517755
308.125		0.517755
308.25		0.517755
308.375		0.517755
308.5		0.517755
308.625		0.517755
308.75		0.517755
308.875		0.517755
309		0.517755
309.125		0.517755
309.25		0.517755
309.375		0.517755
309.5		0.517755
309.625		0.517755
309.75		0.517755
309.875		0.517755
310		0.517755
310.125		0.529332
310.25		0.529332
310.375		0.529332
310.5		0.529332
310.625		0.529332
310.75		0.529332
310.875		0.529332
311		0.529332
311.125		0.529332
311.25		0.529332
311.375		0.529332
311.5		0.529332
311.625		0.529332
311.75		0.529332
311.875		0.529332
312		0.529332
312.125		0.529332
312.25		0.529332
312.375		0.529332
312.5		0.529332
312.625		0.529332
312.75		0.529332
312.875		0.529332
313		0.529332
313.125		0.529332
313.25		0.529332
313.375		0.529332
313.5		0.529332
313.625		0.529332
313.75		0.529332
313.875		0.529332
314		0.529332
314.125		0.529332
314.25		0.529332
314.375		0.529332
314.5		0.529332
314.625		0.529332
314.75		0.529332
314.875		0.529332
315		0.529332
315.125		0.54688
315.25		0.54688
315.375		0.54688
315.5		0.54688
315.625		0.54688
315.75		0.54688
315.875		0.54688
316		0.54688
316.125		0.54688
316.25		0.54688
316.375		0.54688
316.5		0.54688
316.625		0.54688
316.75		0.54688
316.875		0.54688
317		0.54688
317.125		0.54688
317.25		0.54688
317.375		0.54688
317.5		0.54688
317.625		0.54688
317.75		0.54688
317.875		0.54688
318		0.54688
318.125		0.54688
318.25		0.54688
318.375		0.54688
318.5		0.54688
318.625		0.54688
318.75		0.54688
318.875		0.54688
319		0.54688
319.125		0.54688
319.25		0.54688
319.375		0.54688
319.5		0.54688
319.625		0.54688
319.75		0.54688
319.875		0.54688
320		0.54688
320.125		0.557055
320.25		0.557055
320.375		0.557055
320.5		0.557055
320.625		0.557055
320.75		0.557055
320.875		0.557055
321		0.557055
321.125		0.557055
321.25		0.557055
321.375		0.557055
321.5		0.557055
321.625		0.557055
321.75		0.557055
321.875		0.557055
322		0.557055
322.125		0.557055
322.25		0.557055
322.375		0.557055
322.5		0.557055
322.625		0.557055
322.75		0.557055
322.875		0.557055
323		0.557055
323.125		0.557055
323.25		0.557055
323.375		0.557055
323.5		0.557055
323.625		0.557055
323.75		0.557055
323.875		0.557055
324		0.557055
324.125		0.557055
324.25		0.557055
324.375		0.557055
324.5		0.557055
324.625		0.557055
324.75		0.557055
324.875		0.557055
325		0.557055
325.125		0.568269
325.25		0.568269
325.375		0.568269
325.5		0.568269
325.625		0.568269
325.75		0.568269
325.875		0.568269
326		0.568269
326.125		0.568269
326.25		0.568269
326.375		0.568269
326.5		0.568269
326.625		0.568269
326.75		0.568269
326.875		0.568269
327		0.568269
327.125		0.568269
327.25		0.568269
327.375		0.568269
327.5		0.568269
327.625		0.568269
327.75		0.568269
327.875		0.568269
328		0.568269
328.125		0.568269
328.25		0.568269
328.375		0.568269
328.5		0.568269
328.625		0.568269
328.75		0.568269
328.875		0.568269
329		0.568269
329.125		0.568269
329.25		0.568269
329.375		0.568269
329.5		0.568269
329.625		0.568269
329.75		0.568269
329.875		0.568269
330		0.568269
330.125		0.578445
330.25		0.578445
330.375		0.578445
330.5		0.578445
330.625		0.578445
330.75		0.578445
330.875		0.578445
331		0.578445
331.125		0.578445
331.25		0.578445
331.375		0.578445
331.5		0.578445
331.625		0.578445
331.75		0.578445
331.875		0.578445
332		0.578445
332.125		0.578445
332.25		0.578445
332.375		0.578445
332.5		0.578445
332.625		0.578445
332.75		0.578445
332.875		0.578445
333		0.578445
333.125		0.578445
333.25		0.578445
333.375		0.578445
333.5		0.578445
333.625		0.578445
333.75		0.578445
333.875		0.578445
334		0.578445
334.125		0.578445
334.25		0.578445
334.375		0.578445
334.5		0.578445
334.625		0.578445
334.75		0.578445
334.875		0.578445
335		0.578445
335.125		0.579691
335.25		0.579691
335.375		0.579691
335.5		0.579691
335.625		0.579691
335.75		0.579691
335.875		0.579691
336		0.579691
336.125		0.579691
336.25		0.579691
336.375		0.579691
336.5		0.579691
336.625		0.579691
336.75		0.579691
336.875		0.579691
337		0.579691
337.125		0.579691
337.25		0.579691
337.375		0.579691
337.5		0.579691
337.625		0.579691
337.75		0.579691
337.875		0.579691
338		0.579691
338.125		0.579691
338.25		0.579691
338.375		0.579691
338.5		0.579691
338.625		0.579691
338.75		0.579691
338.875		0.579691
339		0.579691
339.125		0.579691
339.25		0.579691
339.375		0.579691
339.5		0.579691
339.625		0.579691
339.75		0.579691
339.875		0.579691
340		0.579691
340.125		0.60487
340.25		0.60487
340.375		0.60487
340.5		0.60487
340.625		0.60487
340.75		0.60487
340.875		0.60487
341		0.60487
341.125		0.60487
341.25		0.60487
341.375		0.60487
341.5		0.60487
341.625		0.60487
341.75		0.60487
341.875		0.60487
342		0.60487
342.125		0.60487
342.25		0.60487
342.375		0.60487
342.5		0.60487
342.625		0.60487
342.75		0.60487
342.875		0.60487
343		0.60487
343.125		0.60487
343.25		0.60487
343.375		0.60487
343.5		0.60487
343.625		0.60487
343.75		0.60487
343.875		0.60487
344		0.60487
344.125		0.60487
344.25		0.60487
344.375		0.60487
344.5		0.60487
344.625		0.60487
344.75		0.60487
344.875		0.60487
345		0.60487
345.125		0.616758
345.25		0.616758
345.375		0.616758
345.5		0.616758
345.625		0.616758
345.75		0.616758
345.875		0.616758
346		0.616758
346.125		0.616758
346.25		0.616758
346.375		0.616758
346.5		0.616758
346.625		0.616758
346.75		0.616758
346.875		0.616758
347		0.616758
347.125		0.616758
347.25		0.616758
347.375		0.616758
347.5		0.616758
347.625		0.616758
347.75		0.616758
347.875		0.616758
348		0.616758
348.125		0.616758
348.25		0.616758
348.375		0.616758
348.5		0.616758
348.625		0.616758
348.75		0.616758
348.875		0.616758
349		0.616758
349.125		0.616758
349.25		0.616758
349.375		0.616758
349.5		0.616758
349.625		0.616758
349.75		0.616758
349.875		0.616758
350		0.616758
350.125		0.623352
350.25		0.623352
350.375		0.623352
350.5		0.623352
350.625		0.623352
350.75		0.623352
350.875		0.623352
351		0.623352
351.125		0.623352
351.25		0.623352
351.375		0.623352
351.5		0.623352
351.625		0.623352
351.75		0.623352
351.875		0.623352
352		0.623352
352.125		0.623352
352.25		0.623352
352.375		0.623352
352.5		0.623352
352.625		0.623352
352.75		0.623352
352.875		0.623352
353		0.623352
353.125		0.623352
353.25		0.623352
353.375		0.623352
353.5		0.623352
353.625		0.623352
353.75		0.623352
353.875		0.623352
354		0.623352
354.125		0.623352
354.25		0.623352
354.375		0.623352
354.5		0.623352
354.625		0.623352
354.75		0.623352
354.875		0.623352
355		0.623352
355.125		0.63197
355.25		0.63197
355.375		0.63197
355.5		0.63197
355.625		0.63197
355.75		0.63197
355.875		0.63197
356		0.63197
356.125		0.63197
356.25		0.63197
356.375		0.63197
356.5		0.63197
356.625		0.63197
356.75		0.63197
356.875		0.63197
357		0.63197
357.125		0.63197
357.25		0.63197
357.375		0.63197
357.5		0.63197
357.625		0.63197
357.75		0.63197
357.875		0.63197
358		0.63197
358.125		0.63197
358.25		0.63197
358.375		0.63197
358.5		0.63197
358.625		0.63197
358.75		0.63197
358.875		0.63197
359		0.63197
359.125		0.63197
359.25		0.63197
359.375		0.63197
359.5		0.63197
359.625		0.63197
359.75		0.63197
359.875		0.63197
360		0.63197
360.125		0.65419
360.25		0.65419
360.375		0.65419
360.5		0.65419
360.625		0.65419
360.75		0.65419
360.875		0.65419
361		0.65419
361.125		0.65419
361.25		0.65419
361.375		0.65419
361.5		0.65419
361.625		0.65419
361.75		0.65419
361.875		0.65419
362		0.65419
362.125		0.65419
362.25		0.65419
362.375		0.65419
362.5		0.65419
362.625		0.65419
362.75		0.65419
362.875		0.65419
363		0.65419
363.125		0.65419
363.25		0.65419
363.375		0.65419
363.5		0.65419
363.625		0.65419
363.75		0.65419
363.875		0.65419
364		0.65419
364.125		0.65419
364.25		0.65419
364.375		0.65419
364.5		0.65419
364.625		0.65419
364.75		0.65419
364.875		0.65419
365		0.65419
365.125		0.669712
365.25		0.669712
365.375		0.669712
365.5		0.669712
365.625		0.669712
365.75		0.669712
365.875		0.669712
366		0.669712
366.125		0.669712
366.25		0.669712
366.375		0.669712
366.5		0.669712
366.625		0.669712
366.75		0.669712
366.875		0.669712
367		0.669712
367.125		0.669712
367.25		0.669712
367.375		0.669712
367.5		0.669712
367.625		0.669712
367.75		0.669712
367.875		0.669712
368		0.669712
368.125		0.669712
368.25		0.669712
368.375		0.669712
368.5		0.669712
368.625		0.669712
368.75		0.669712
368.875		0.669712
369		0.669712
369.125		0.669712
369.25		0.669712
369.375		0.669712
369.5		0.669712
369.625		0.669712
369.75		0.669712
369.875		0.669712
370		0.669712
370.125		0.674229
370.25		0.674229
370.375		0.674229
370.5		0.674229
370.625		0.674229
370.75		0.674229
370.875		0.674229
371		0.674229
371.125		0.674229
371.25		0.674229
371.375		0.674229
371.5		0.674229
371.625		0.674229
371.75		0.674229
371.875		0.674229
372		0.674229
372.125		0.674229
372.25		0.674229
372.375		0.674229
372.5		0.674229
372.625		0.674229
372.75		0.674229
372.875		0.674229
373		0.674229
373.125		0.674229
373.25		0.674229
373.375		0.674229
373.5		0.674229
373.625		0.674229
373.75		0.674229
373.875		0.674229
374		0.674229
374.125		0.674229
374.25		0.674229
374.375		0.674229
374.5		0.674229
374.625		0.674229
374.75		0.674229
374.875		0.674229
375		0.674229
375.125		0.67724
375.25		0.67724
375.375		0.67724
375.5		0.67724
375.625		0.67724
375.75		0.67724
375.875		0.67724
376		0.67724
376.125		0.67724
376.25		0.67724
376.375		0.67724
376.5		0.67724
376.625		0.67724
376.75		0.67724
376.875		0.67724
377		0.67724
377.125		0.67724
377.25		0.67724
377.375		0.67724
377.5		0.67724
377.625		0.67724
377.75		0.67724
377.875		0.67724
378		0.67724
378.125		0.67724
378.25		0.67724
378.375		0.67724
378.5		0.67724
378.625		0.67724
378.75		0.67724
378.875		0.67724
379		0.67724
379.125		0.67724
379.25		0.67724
379.375		0.67724
379.5		0.67724
379.625		0.67724
379.75		0.67724
379.875		0.67724
380		0.67724
380.125		0.704496
380.25		0.704496
380.375		0.704496
380.5		0.704496
380.625		0.704496
380.75		0.704496
380.875		0.704496
381		0.704496
381.125		0.704496
381.25		0.704496
381.375		0.704496
381.5		0.704496
381.625		0.704496
381.75		0.704496
381.875		0.704496
382		0.704496
382.125		0.704496
382.25		0.704496
382.375		0.704496
382.5		0.704496
382.625		0.704496
382.75		0.704496
382.875		0.704496
383		0.704496
383.125		0.704496
383.25		0.704496
383.375		0.704496
383.5		0.704496
383.625		0.704496
383.75		0.704496
383.875		0.704496
384		0.704496
384.125		0.704496
384.25		0.704496
384.375		0.704496
384.5		0.704496
384.625		0.704496
384.75		0.704496
384.875		0.704496
385		0.704496
385.125		0.717423
385.25		0.717423
385.375		0.717423
385.5		0.717423
385.625		0.717423
385.75		0.717423
385.875		0.717423
386		0.717423
386.125		0.717423
386.25		0.717423
386.375		0.717423
386.5		0.717423
386.625		0.717423
386.75		0.717423
386.875		0.717423
387		0.717423
387.125		0.717423
387.25		0.717423
387.375		0.717423
387.5		0.717423
387.625		0.717423
387.75		0.717423
387.875		0.717423
388		0.717423
388.125		0.717423
388.25		0.717423
388.375		0.717423
388.5		0.717423
388.625		0.717423
388.75		0.717423
388.875		0.717423
389		0.717423
389.125		0.717423
389.25		0.717423
389.375		0.717423
389.5		0.717423
389.625		0.717423
389.75		0.717423
389.875		0.717423
390		0.717423
390.125		0.720694
390.25		0.720694
390.375		0.720694
390.5		0.720694
390.625		0.720694
390.75		0.720694
390.875		0.720694
391		0.720694
391.125		0.720694
391.25		0.720694
391.375		0.720694
391.5		0.720694
391.625		0.720694
391.75		0.720694
391.875		0.720694
392		0.720694
392.125		0.720694
392.25		0.720694
392.375		0.720694
392.5		0.720694
392.625		0.720694
392.75		0.720694
392.875		0.720694
393		0.720694
393.125		0.720694
393.25		0.720694
393.375		0.720694
393.5		0.720694
393.625		0.720694
393.75		0.720694
393.875		0.720694
394		0.720694
394.125		0.720694
394.25		0.720694
394.375		0.720694
394.5		0.720694
394.625		0.720694
394.75		0.720694
394.875		0.720694
395		0.720694
395.125		0.730921
395.25		0.730921
395.375		0.730921
395.5		0.730921
395.625		0.730921
395.75		0.730921
395.875		0.730921
396		0.730921
396.125		0.730921
396.25		0.730921
396.375		0.730921
396.5		0.730921
396.625		0.730921
396.75		0.730921
396.875		0.730921
397		0.730921
397.125		0.730921
397.25		0.730921
397.375		0.730921
397.5		0.730921
397.625		0.730921
397.75		0.730921
397.875		0.730921
398		0.730921
398.125		0.730921
398.25		0.730921
398.375		0.730921
398.5		0.730921
398.625		0.730921
398.75		0.730921
398.875		0.730921
399		0.730921
399.125		0.730921
399.25		0.730921
399.375		0.730921
399.5		0.730921
399.625		0.730921
399.75		0.730921
399.875		0.730921
400		0.730921
400.125		0.732115
400.25		0.732115
400.375		0.732115
400.5		0.732115
400.625		0.732115
400.75		0.732115
400.875		0.732115
401		0.732115
401.125		0.732115
401.25		0.732115
401.375		0.732115
401.5		0.732115
401.625		0.732115
401.75		0.732115
401.875		0.732115
402		0.732115
402.125		0.732115
402.25		0.732115
402.375		0.732115
402.5		0.732115
402.625		0.732115
402.75		0.732115
402.875		0.732115
403		0.732115
403.125		0.732115
403.25		0.732115
403.375		0.732115
403.5		0.732115
403.625		0.732115
403.75		0.732115
403.875		0.732115
404		0.732115
404.125		0.732115
404.25		0.732115
404.375		0.732115
404.5		0.732115
404.625		0.732115
404.75		0.732115
404.875		0.732115
405		0.732115
405.125		0.765756
405.25		0.765756
405.375		0.765756
405.5		0.765756
405.625		0.765756
405.75		0.765756
405.875		0.765756
406		0.765756
406.125		0.765756
406.25		0.765756
406.375		0.765756
406.5		0.765756
406.625		0.765756
406.75		0.765756
406.875		0.765756
407		0.765756
407.125		0.765756
407.25		0.765756
407.375		0.765756
407.5		0.765756
407.625		0.765756
407.75		0.765756
407.875		0.765756
408		0.765756
408.125		0.765756
408.25		0.765756
408.375		0.765756
408.5		0.765756
408.625		0.765756
408.75		0.765756
408.875		0.765756
409		0.765756
409.125		0.765756
409.25		0.765756
409.375		0.765756
409.5		0.765756
409.625		0.765756
409.75		0.765756
409.875		0.765756
410		0.765756
410.125		0.769235
410.25		0.769235
410.375		0.769235
410.5		0.769235
410.625		0.769235
410.75		0.769235
410.875		0.769235
411		0.769235
411.125		0.769235
411.25		0.769235
411.375		0.769235
411.5		0.769235
411.625		0.769235
411.75		0.769235
411.875		0.769235
412		0.769235
412.125		0.769235
412.25		0.769235
412.375		0.769235
412.5		0.769235
412.625		0.769235
412.75		0.769235
412.875		0.769235
413		0.769235
413.125		0.769235
413.25		0.769235
413.375		0.769235
413.5		0.769235
413.625		0.769235
413.75		0.769235
413.875		0.769235
414		0.769235
414.125		0.769235
414.25		0.769235
414.375		0.769235
414.5		0.769235
414.625		0.769235
414.75		0.769235
414.875		0.769235
415		0.769235
415.125		0.77235
415.25		0.77235
415.375		0.77235
415.5		0.77235
415.625		0.77235
415.75		0.77235
415.875		0.77235
416		0.77235
416.125		0.77235
416.25		0.77235
416.375		0.77235
416.5		0.77235
416.625		0.77235
416.75		0.77235
416.875		0.77235
417		0.77235
417.125		0.77235
417.25		0.77235
417.375		0.77235
417.5		0.77235
417.625		0.77235
417.75		0.77235
417.875		0.77235
418		0.77235
418.125		0.77235
418.25		0.77235
418.375		0.77235
418.5		0.77235
418.625		0.77235
418.75		0.77235
418.875		0.77235
419		0.77235
419.125		0.77235
419.25		0.77235
419.375		0.77235
419.5		0.77235
419.625		0.77235
419.75		0.77235
419.875		0.77235
420		0.77235
420.125		0.77806
420.25		0.77806
420.375		0.77806
420.5		0.77806
420.625		0.77806
420.75		0.77806
420.875		0.77806
421		0.77806
421.125		0.77806
421.25		0.77806
421.375		0.77806
421.5		0.77806
421.625		0.77806
421.75		0.77806
421.875		0.77806
422		0.77806
422.125		0.77806
422.25		0.77806
422.375		0.77806
422.5		0.77806
422.625		0.77806
422.75		0.77806
422.875		0.77806
423		0.77806
423.125		0.77806
423.25		0.77806
423.375		0.77806
423.5		0.77806
423.625		0.77806
423.75		0.77806
423.875		0.77806
424		0.77806
424.125		0.77806
424.25		0.77806
424.375		0.77806
424.5		0.77806
424.625		0.77806
424.75		0.77806
424.875		0.77806
425		0.77806
425.125		0.803759
425.25		0.803759
425.375		0.803759
425.5		0.803759
425.625		0.803759
425.75		0.803759
425.875		0.803759
426		0.803759
426.125		0.803759
426.25		0.803759
426.375		0.803759
426.5		0.803759
426.625		0.803759
426.75		0.803759
426.875		0.803759
427		0.803759
427.125		0.803759
427.25		0.803759
427.375		0.803759
427.5		0.803759
427.625		0.803759
427.75		0.803759
427.875		0.803759
428		0.803759
428.125		0.803759
428.25		0.803759
428.375		0.803759
428.5		0.803759
428.625		0.803759
428.75		0.803759
428.875		0.803759
429		0.803759
429.125		0.803759
429.25		0.803759
429.375		0.803759
429.5		0.803759
429.625		0.803759
429.75		0.803759
429.875		0.803759
430		0.803759
430.125		0.826654
430.25		0.826654
430.375		0.826654
430.5		0.826654
430.625		0.826654
430.75		0.826654
430.875		0.826654
431		0.826654
431.125		0.826654
431.25		0.826654
431.375		0.826654
431.5		0.826654
431.625		0.826654
431.75		0.826654
431.875		0.826654
432		0.826654
432.125		0.826654
432.25		0.826654
432.375		0.826654
432.5		0.826654
432.625		0.826654
432.75		0.826654
432.875		0.826654
433		0.826654
433.125		0.826654
433.25		0.826654
433.375		0.826654
433.5		0.826654
433.625		0.826654
433.75		0.826654
433.875		0.826654
434		0.826654
434.125		0.826654
434.25		0.826654
434.375		0.826654
434.5		0.826654
434.625		0.826654
434.75		0.826654
434.875		0.826654
435		0.826654
435.125		0.833039
435.25		0.833039
435.375		0.833039
435.5		0.833039
435.625		0.833039
435.75		0.833039
435.875		0.833039
436		0.833039
436.125		0.833039
436.25		0.833039
436.375		0.833039
436.5		0.833039
436.625		0.833039
436.75		0.833039
436.875		0.833039
437		0.833039
437.125		0.833039
437.25		0.833039
437.375		0.833039
437.5		0.833039
437.625		0.833039
437.75		0.833039
437.875		0.833039
438		0.833039
438.125		0.833039
438.25		0.833039
438.375		0.833039
438.5		0.833039
438.625		0.833039
438.75		0.833039
438.875		0.833039
439		0.833039
439.125		0.833039
439.25		0.833039
439.375		0.833039
439.5		0.833039
439.625		0.833039
439.75		0.833039
439.875		0.833039
440		0.833039
440.125		0.83714
440.25		0.83714
440.375		0.83714
440.5		0.83714
440.625		0.83714
440.75		0.83714
440.875		0.83714
441		0.83714
441.125		0.83714
441.25		0.83714
441.375		0.83714
441.5		0.83714
441.625		0.83714
441.75		0.83714
441.875		0.83714
442		0.83714
442.125		0.83714
442.25		0.83714
442.375		0.83714
442.5		0.83714
442.625		0.83714
442.75		0.83714
442.875		0.83714
443		0.83714
443.125		0.83714
443.25		0.83714
443.375		0.83714
443.5		0.83714
443.625		0.83714
443.75		0.83714
443.875		0.83714
444		0.83714
444.125		0.83714
444.25		0.83714
444.375		0.83714
444.5		0.83714
444.625		0.83714
444.75		0.83714
444.875		0.83714
445		0.83714
445.125		0.837504
445.25		0.837504
445.375		0.837504
445.5		0.837504
445.625		0.837504
445.75		0.837504
445.875		0.837504
446		0.837504
446.125		0.837504
446.25		0.837504
446.375		0.837504
446.5		0.837504
446.625		0.837504
446.75		0.837504
446.875		0.837504
447		0.837504
447.125		0.837504
447.25		0.837504
447.375		0.837504
447.5		0.837504
447.625		0.837504
447.75		0.837504
447.875		0.837504
448		0.837504
448.125		0.837504
448.25		0.837504
448.375		0.837504
448.5		0.837504
448.625		0.837504
448.75		0.837504
448.875		0.837504
449		0.837504
449.125		0.837504
449.25		0.837504
449.375		0.837504
449.5		0.837504
449.625		0.837504
449.75		0.837504
449.875		0.837504
450		0.837504
450.125		0.880957
450.25		0.880957
450.375		0.880957
450.5		0.880957
450.625		0.880957
450.75		0.880957
450.875		0.880957
451		0.880957
451.125		0.880957
451.25		0.880957
451.375		0.880957
451.5		0.880957
451.625		0.880957
451.75		0.880957
451.875		0.880957
452		0.880957
452.125		0.880957
452.25		0.880957
452.375		0.880957
452.5		0.880957
452.625		0.880957
452.75		0.880957
452.875		0.880957
453		0.880957
453.125		0.880957
453.25		0.880957
453.375		0.880957
453.5		0.880957
453.625		0.880957
453.75		0.880957
453.875		0.880957
454		0.880957
454.125		0.880957
454.25		0.880957
454.375		0.880957
454.5		0.880957
454.625		0.880957
454.75		0.880957
454.875		0.880957
455		0.880957
455.125		0.882826
455.25		0.882826
455.375		0.882826
455.5		0.882826
455.625		0.882826
455.75		0.882826
455.875		0.882826
456		0.882826
456.125		0.882826
456.25		0.882826
456.375		0.882826
456.5		0.882826
456.625		0.882826
456.75		0.882826
456.875		0.882826
457		0.882826
457.125		0.882826
457.25		0.882826
457.375		0.882826
457.5		0.882826
457.625		0.882826
457.75		0.882826
457.875		0.882826
458		0.882826
458.125		0.882826
458.25		0.882826
458.375		0.882826
458.5		0.882826
458.625		0.882826
458.75		0.882826
458.875		0.882826
459		0.882826
459.125		0.882826
459.25		0.882826
459.375		0.882826
459.5		0.882826
459.625		0.882826
459.75		0.882826
459.875		0.882826
460		0.882826
460.125		0.898401
460.25		0.898401
460.375		0.898401
460.5		0.898401
460.625		0.898401
460.75		0.898401
460.875		0.898401
461		0.898401
461.125		0.898401
461.25		0.898401
461.375		0.898401
461.5		0.898401
461.625		0.898401
461.75		0.898401
461.875		0.898401
462		0.898401
462.125		0.898401
462.25		0.898401
462.375		0.898401
462.5		0.898401
462.625		0.898401
462.75		0.898401
462.875		0.898401
463		0.898401
463.125		0.898401
463.25		0.898401
463.375		0.898401
463.5		0.898401
463.625		0.898401
463.75		0.898401
463.875		0.898401
464		0.898401
464.125		0.898401
464.25		0.898401
464.375		0.898401
464.5		0.898401
464.625		0.898401
464.75		0.898401
464.875		0.898401
465		0.898401
465.125		0.905358
465.25		0.905358
465.375		0.905358
465.5		0.905358
465.625		0.905358
465.75		0.905358
465.875		0.905358
466		0.905358
466.125		0.905358
466.25		0.905358
466.375		0.905358
466.5		0.905358
466.625		0.905358
466.75		0.905358
466.875		0.905358
467		0.905358
467.125		0.905358
467.25		0.905358
467.375		0.905358
467.5		0.905358
467.625		0.905358
467.75		0.905358
467.875		0.905358
468		0.905358
468.125		0.905358
468.25		0.905358
468.375		0.905358
468.5		0.905358
468.625		0.905358
468.75		0.905358
468.875		0.905358
469		0.905358
469.125		0.905358
469.25		0.905358
469.375		0.905358
469.5		0.905358
469.625		0.905358
469.75		0.905358
469.875		0.905358
470		0.905358
470.125		0.932562
470.25		0.932562
470.375		0.932562
470.5		0.932562
470.625		0.932562
470.75		0.932562
470.875		0.932562
471		0.932562
471.125		0.932562
471.25		0.932562
471.375		0.932562
471.5		0.932562
471.625		0.932562
471.75		0.932562
471.875		0.932562
472		0.932562
472.125		0.932562
472.25		0.932562
472.375		0.932562
472.5		0.932562
472.625		0.932562
472.75		0.932562
472.875		0.932562
473		0.932562
473.125		0.932562
473.25		0.932562
473.375		0.932562
473.5		0.932562
473.625		0.932562
473.75		0.932562
473.875		0.932562
474		0.932562
474.125		0.932562
474.25		0.932562
474.375		0.932562
474.5		0.932562
474.625		0.932562
474.75		0.932562
474.875		0.932562
475		0.932562
475.125		0.940245
475.25		0.940245
475.375		0.940245
475.5		0.940245
475.625		0.940245
475.75		0.940245
475.875		0.940245
476		0.940245
476.125		0.940245
476.25		0.940245
476.375		0.940245
476.5		0.940245
476.625		0.940245
476.75		0.940245
476.875		0.940245
477		0.940245
477.125		0.940245
477.25		0.940245
477.375		0.940245
477.5		0.940245
477.625		0.940245
477.75		0.940245
477.875		0.940245
478		0.940245
478.125		0.940245
478.25		0.940245
478.375		0.940245
478.5		0.940245
478.625		0.940245
478.75		0.940245
478.875		0.940245
479		0.940245
479.125		0.940245
479.25		0.940245
479.375		0.940245
479.5		0.940245
479.625		0.940245
479.75		0.940245
479.875		0.940245
480		0.940245
480.125		0.942374
480.25		0.942374
480.375		0.942374
480.5		0.942374
480.625		0.942374
480.75		0.942374
480.875		0.942374
481		0.942374
481.125		0.942374
481.25		0.942374
481.375		0.942374
481.5		0.942374
481.625		0.942374
481.75		0.942374
481.875		0.942374
482		0.942374
482.125		0.942374
482.25		0.942374
482.375		0.942374
482.5		0.942374
482.625		0.942374
482.75		0.942374
482.875		0.942374
483		0.942374
483.125		0.942374
483.25		0.942374
483.375		0.942374
483.5		0.942374
483.625		0.942374
483.75		0.942374
483.875		0.942374
484		0.942374
484.125		0.942374
484.25		0.942374
484.375		0.942374
484.5		0.942374
484.625		0.942374
484.75		0.942374
484.875		0.942374
485		0.942374
485.125		0.958935
485.25		0.958935
485.375		0.958935
485.5		0.958935
485.625		0.958935
485.75		0.958935
485.875		0.958935
486		0.958935
486.125		0.958935
486.25		0.958935
486.375		0.958935
486.5		0.958935
486.625		0.958935
486.75		0.958935
486.875		0.958935
487		0.958935
487.125		0.958935
487.25		0.958935
487.375		0.958935
487.5		0.958935
487.625		0.958935
487.75		0.958935
487.875		0.958935
488		0.958935
488.125		0.958935
488.25		0.958935
488.375		0.958935
488.5		0.958935
488.625		0.958935
488.75		0.958935
488.875		0.958935
489		0.958935
489.125		0.958935
489.25		0.958935
489.375		0.958935
489.5		0.958935
489.625		0.958935
489.75		0.958935
489.875		0.958935
490		0.958935
490.125		0.982972
490.25		0.982972
490.375		0.982972
490.5		0.982972
490.625		0.982972
490.75		0.982972
490.875		0.982972
491		0.982972
491.125		0.982972
491.25		0.982972
491.375		0.982972
491.5		0.982972
491.625		0.982972
491.75		0.982972
491.875		0.982972
492		0.982972
492.125		0.982972
492.25		0.982972
492.375		0.982972
492.5		0.982972
492.625		0.982972
492.75		0.982972
492.875		0.982972
493		0.982972
493.125		0.982972
493.25		0.982972
493.375		0.982972
493.5		0.982972
493.625		0.982972
493.75		0.982972
493.875		0.982972
494		0.982972
494.125		0.982972
494.25		0.982972
494.375		0.982972
494.5		0.982972
494.625		0.982972
494.75		0.982972
494.875		0.982972
495		0.982972
495.125		1
495.25		1
495.375		1
495.5		1
495.625		1
495.75		1
495.875		1
496		1
496.125		1
496.25		1
496.375		1
496.5		1
496.625		1
496.75		1
496.875		1
497		1
497.125		1
497.25		1
497.375		1
497.5		1
497.625		1
497.75		1
497.875		1
498		1
498.125		1
498.25		1
498.375		1
498.5		1
498.625		1
498.75		1
498.875		1
499		1
499.125		1
499.25		1
499.375		1
499.5		1
499.625		1
499.75		1
499.875		1
500		1
