# Calibration file of tamex_id 0 @ channel 21
# fine_T bin		 Calibration value
0.125		0
0.25		0
0.375		0
0.5		0
0.625		0
0.75		0
0.875		0
1		0
1.125		0
1.25		0
1.375		0
1.5		0
1.625		0
1.75		0
1.875		0
2		0
2.125		0
2.25		0
2.375		0
2.5		0
2.625		0
2.75		0
2.875		0
3		0
3.125		0
3.25		0
3.375		0
3.5		0
3.625		0
3.75		0
3.875		0
4		0
4.125		0
4.25		0
4.375		0
4.5		0
4.625		0
4.75		0
4.875		0
5		0
5.125		0
5.25		0
5.375		0
5.5		0
5.625		0
5.75		0
5.875		0
6		0
6.125		0
6.25		0
6.375		0
6.5		0
6.625		0
6.75		0
6.875		0
7		0
7.125		0
7.25		0
7.375		0
7.5		0
7.625		0
7.75		0
7.875		0
8		0
8.125		0
8.25		0
8.375		0
8.5		0
8.625		0
8.75		0
8.875		0
9		0
9.125		0
9.25		0
9.375		0
9.5		0
9.625		0
9.75		0
9.875		0
10		0
10.125		0
10.25		0
10.375		0
10.5		0
10.625		0
10.75		0
10.875		0
11		0
11.125		0
11.25		0
11.375		0
11.5		0
11.625		0
11.75		0
11.875		0
12		0
12.125		0
12.25		0
12.375		0
12.5		0
12.625		0
12.75		0
12.875		0
13		0
13.125		0
13.25		0
13.375		0
13.5		0
13.625		0
13.75		0
13.875		0
14		0
14.125		0
14.25		0
14.375		0
14.5		0
14.625		0
14.75		0
14.875		0
15		0
15.125		0
15.25		0
15.375		0
15.5		0
15.625		0
15.75		0
15.875		0
16		0
16.125		0
16.25		0
16.375		0
16.5		0
16.625		0
16.75		0
16.875		0
17		0
17.125		0
17.25		0
17.375		0
17.5		0
17.625		0
17.75		0
17.875		0
18		0
18.125		0
18.25		0
18.375		0
18.5		0
18.625		0
18.75		0
18.875		0
19		0
19.125		0
19.25		0
19.375		0
19.5		0
19.625		0
19.75		0
19.875		0
20		0
20.125		0
20.25		0
20.375		0
20.5		0
20.625		0
20.75		0
20.875		0
21		0
21.125		0
21.25		0
21.375		0
21.5		0
21.625		0
21.75		0
21.875		0
22		0
22.125		0
22.25		0
22.375		0
22.5		0
22.625		0
22.75		0
22.875		0
23		0
23.125		0
23.25		0
23.375		0
23.5		0
23.625		0
23.75		0
23.875		0
24		0
24.125		0
24.25		0
24.375		0
24.5		0
24.625		0
24.75		0
24.875		0
25		0
25.125		0
25.25		0
25.375		0
25.5		0
25.625		0
25.75		0
25.875		0
26		0
26.125		0
26.25		0
26.375		0
26.5		0
26.625		0
26.75		0
26.875		0
27		0
27.125		0
27.25		0
27.375		0
27.5		0
27.625		0
27.75		0
27.875		0
28		0
28.125		0
28.25		0
28.375		0
28.5		0
28.625		0
28.75		0
28.875		0
29		0
29.125		0
29.25		0
29.375		0
29.5		0
29.625		0
29.75		0
29.875		0
30		0
30.125		0
30.25		0
30.375		0
30.5		0
30.625		0
30.75		0
30.875		0
31		0
31.125		0
31.25		0
31.375		0
31.5		0
31.625		0
31.75		0
31.875		0
32		0
32.125		0
32.25		0
32.375		0
32.5		0
32.625		0
32.75		0
32.875		0
33		0
33.125		0
33.25		0
33.375		0
33.5		0
33.625		0
33.75		0
33.875		0
34		0
34.125		0
34.25		0
34.375		0
34.5		0
34.625		0
34.75		0
34.875		0
35		0
35.125		0
35.25		0
35.375		0
35.5		0
35.625		0
35.75		0
35.875		0
36		0
36.125		0
36.25		0
36.375		0
36.5		0
36.625		0
36.75		0
36.875		0
37		0
37.125		0
37.25		0
37.375		0
37.5		0
37.625		0
37.75		0
37.875		0
38		0
38.125		0
38.25		0
38.375		0
38.5		0
38.625		0
38.75		0
38.875		0
39		0
39.125		0
39.25		0
39.375		0
39.5		0
39.625		0
39.75		0
39.875		0
40		0
40.125		0
40.25		0
40.375		0
40.5		0
40.625		0
40.75		0
40.875		0
41		0
41.125		0
41.25		0
41.375		0
41.5		0
41.625		0
41.75		0
41.875		0
42		0
42.125		0
42.25		0
42.375		0
42.5		0
42.625		0
42.75		0
42.875		0
43		0
43.125		0
43.25		0
43.375		0
43.5		0
43.625		0
43.75		0
43.875		0
44		0
44.125		0
44.25		0
44.375		0
44.5		0
44.625		0
44.75		0
44.875		0
45		0
45.125		0
45.25		0
45.375		0
45.5		0
45.625		0
45.75		0
45.875		0
46		0
46.125		0
46.25		0
46.375		0
46.5		0
46.625		0
46.75		0
46.875		0
47		0
47.125		0
47.25		0
47.375		0
47.5		0
47.625		0
47.75		0
47.875		0
48		0
48.125		0
48.25		0
48.375		0
48.5		0
48.625		0
48.75		0
48.875		0
49		0
49.125		0
49.25		0
49.375		0
49.5		0
49.625		0
49.75		0
49.875		0
50		0
50.125		0
50.25		0
50.375		0
50.5		0
50.625		0
50.75		0
50.875		0
51		0
51.125		0
51.25		0
51.375		0
51.5		0
51.625		0
51.75		0
51.875		0
52		0
52.125		0
52.25		0
52.375		0
52.5		0
52.625		0
52.75		0
52.875		0
53		0
53.125		0
53.25		0
53.375		0
53.5		0
53.625		0
53.75		0
53.875		0
54		0
54.125		0
54.25		0
54.375		0
54.5		0
54.625		0
54.75		0
54.875		0
55		0
55.125		0
55.25		0
55.375		0
55.5		0
55.625		0
55.75		0
55.875		0
56		0
56.125		0
56.25		0
56.375		0
56.5		0
56.625		0
56.75		0
56.875		0
57		0
57.125		0
57.25		0
57.375		0
57.5		0
57.625		0
57.75		0
57.875		0
58		0
58.125		0
58.25		0
58.375		0
58.5		0
58.625		0
58.75		0
58.875		0
59		0
59.125		0
59.25		0
59.375		0
59.5		0
59.625		0
59.75		0
59.875		0
60		0
60.125		0
60.25		0
60.375		0
60.5		0
60.625		0
60.75		0
60.875		0
61		0
61.125		0
61.25		0
61.375		0
61.5		0
61.625		0
61.75		0
61.875		0
62		0
62.125		0
62.25		0
62.375		0
62.5		0
62.625		0
62.75		0
62.875		0
63		0
63.125		0
63.25		0
63.375		0
63.5		0
63.625		0
63.75		0
63.875		0
64		0
64.125		0
64.25		0
64.375		0
64.5		0
64.625		0
64.75		0
64.875		0
65		0
65.125		0
65.25		0
65.375		0
65.5		0
65.625		0
65.75		0
65.875		0
66		0
66.125		0
66.25		0
66.375		0
66.5		0
66.625		0
66.75		0
66.875		0
67		0
67.125		0
67.25		0
67.375		0
67.5		0
67.625		0
67.75		0
67.875		0
68		0
68.125		0
68.25		0
68.375		0
68.5		0
68.625		0
68.75		0
68.875		0
69		0
69.125		0
69.25		0
69.375		0
69.5		0
69.625		0
69.75		0
69.875		0
70		0
70.125		0
70.25		0
70.375		0
70.5		0
70.625		0
70.75		0
70.875		0
71		0
71.125		0
71.25		0
71.375		0
71.5		0
71.625		0
71.75		0
71.875		0
72		0
72.125		0
72.25		0
72.375		0
72.5		0
72.625		0
72.75		0
72.875		0
73		0
73.125		0
73.25		0
73.375		0
73.5		0
73.625		0
73.75		0
73.875		0
74		0
74.125		0
74.25		0
74.375		0
74.5		0
74.625		0
74.75		0
74.875		0
75		0
75.125		0
75.25		0
75.375		0
75.5		0
75.625		0
75.75		0
75.875		0
76		0
76.125		0
76.25		0
76.375		0
76.5		0
76.625		0
76.75		0
76.875		0
77		0
77.125		0
77.25		0
77.375		0
77.5		0
77.625		0
77.75		0
77.875		0
78		0
78.125		0
78.25		0
78.375		0
78.5		0
78.625		0
78.75		0
78.875		0
79		0
79.125		0
79.25		0
79.375		0
79.5		0
79.625		0
79.75		0
79.875		0
80		0
80.125		0.0324251
80.25		0.0324251
80.375		0.0324251
80.5		0.0324251
80.625		0.0324251
80.75		0.0324251
80.875		0.0324251
81		0.0324251
81.125		0.0324251
81.25		0.0324251
81.375		0.0324251
81.5		0.0324251
81.625		0.0324251
81.75		0.0324251
81.875		0.0324251
82		0.0324251
82.125		0.0324251
82.25		0.0324251
82.375		0.0324251
82.5		0.0324251
82.625		0.0324251
82.75		0.0324251
82.875		0.0324251
83		0.0324251
83.125		0.0324251
83.25		0.0324251
83.375		0.0324251
83.5		0.0324251
83.625		0.0324251
83.75		0.0324251
83.875		0.0324251
84		0.0324251
84.125		0.0324251
84.25		0.0324251
84.375		0.0324251
84.5		0.0324251
84.625		0.0324251
84.75		0.0324251
84.875		0.0324251
85		0.0324251
85.125		0.0344753
85.25		0.0344753
85.375		0.0344753
85.5		0.0344753
85.625		0.0344753
85.75		0.0344753
85.875		0.0344753
86		0.0344753
86.125		0.0344753
86.25		0.0344753
86.375		0.0344753
86.5		0.0344753
86.625		0.0344753
86.75		0.0344753
86.875		0.0344753
87		0.0344753
87.125		0.0344753
87.25		0.0344753
87.375		0.0344753
87.5		0.0344753
87.625		0.0344753
87.75		0.0344753
87.875		0.0344753
88		0.0344753
88.125		0.0344753
88.25		0.0344753
88.375		0.0344753
88.5		0.0344753
88.625		0.0344753
88.75		0.0344753
88.875		0.0344753
89		0.0344753
89.125		0.0344753
89.25		0.0344753
89.375		0.0344753
89.5		0.0344753
89.625		0.0344753
89.75		0.0344753
89.875		0.0344753
90		0.0344753
90.125		0.0478554
90.25		0.0478554
90.375		0.0478554
90.5		0.0478554
90.625		0.0478554
90.75		0.0478554
90.875		0.0478554
91		0.0478554
91.125		0.0478554
91.25		0.0478554
91.375		0.0478554
91.5		0.0478554
91.625		0.0478554
91.75		0.0478554
91.875		0.0478554
92		0.0478554
92.125		0.0478554
92.25		0.0478554
92.375		0.0478554
92.5		0.0478554
92.625		0.0478554
92.75		0.0478554
92.875		0.0478554
93		0.0478554
93.125		0.0478554
93.25		0.0478554
93.375		0.0478554
93.5		0.0478554
93.625		0.0478554
93.75		0.0478554
93.875		0.0478554
94		0.0478554
94.125		0.0478554
94.25		0.0478554
94.375		0.0478554
94.5		0.0478554
94.625		0.0478554
94.75		0.0478554
94.875		0.0478554
95		0.0478554
95.125		0.0780146
95.25		0.0780146
95.375		0.0780146
95.5		0.0780146
95.625		0.0780146
95.75		0.0780146
95.875		0.0780146
96		0.0780146
96.125		0.0780146
96.25		0.0780146
96.375		0.0780146
96.5		0.0780146
96.625		0.0780146
96.75		0.0780146
96.875		0.0780146
97		0.0780146
97.125		0.0780146
97.25		0.0780146
97.375		0.0780146
97.5		0.0780146
97.625		0.0780146
97.75		0.0780146
97.875		0.0780146
98		0.0780146
98.125		0.0780146
98.25		0.0780146
98.375		0.0780146
98.5		0.0780146
98.625		0.0780146
98.75		0.0780146
98.875		0.0780146
99		0.0780146
99.125		0.0780146
99.25		0.0780146
99.375		0.0780146
99.5		0.0780146
99.625		0.0780146
99.75		0.0780146
99.875		0.0780146
100		0.0780146
100.125		0.100782
100.25		0.100782
100.375		0.100782
100.5		0.100782
100.625		0.100782
100.75		0.100782
100.875		0.100782
101		0.100782
101.125		0.100782
101.25		0.100782
101.375		0.100782
101.5		0.100782
101.625		0.100782
101.75		0.100782
101.875		0.100782
102		0.100782
102.125		0.100782
102.25		0.100782
102.375		0.100782
102.5		0.100782
102.625		0.100782
102.75		0.100782
102.875		0.100782
103		0.100782
103.125		0.100782
103.25		0.100782
103.375		0.100782
103.5		0.100782
103.625		0.100782
103.75		0.100782
103.875		0.100782
104		0.100782
104.125		0.100782
104.25		0.100782
104.375		0.100782
104.5		0.100782
104.625		0.100782
104.75		0.100782
104.875		0.100782
105		0.100782
105.125		0.104991
105.25		0.104991
105.375		0.104991
105.5		0.104991
105.625		0.104991
105.75		0.104991
105.875		0.104991
106		0.104991
106.125		0.104991
106.25		0.104991
106.375		0.104991
106.5		0.104991
106.625		0.104991
106.75		0.104991
106.875		0.104991
107		0.104991
107.125		0.104991
107.25		0.104991
107.375		0.104991
107.5		0.104991
107.625		0.104991
107.75		0.104991
107.875		0.104991
108		0.104991
108.125		0.104991
108.25		0.104991
108.375		0.104991
108.5		0.104991
108.625		0.104991
108.75		0.104991
108.875		0.104991
109		0.104991
109.125		0.104991
109.25		0.104991
109.375		0.104991
109.5		0.104991
109.625		0.104991
109.75		0.104991
109.875		0.104991
110		0.104991
110.125		0.112274
110.25		0.112274
110.375		0.112274
110.5		0.112274
110.625		0.112274
110.75		0.112274
110.875		0.112274
111		0.112274
111.125		0.112274
111.25		0.112274
111.375		0.112274
111.5		0.112274
111.625		0.112274
111.75		0.112274
111.875		0.112274
112		0.112274
112.125		0.112274
112.25		0.112274
112.375		0.112274
112.5		0.112274
112.625		0.112274
112.75		0.112274
112.875		0.112274
113		0.112274
113.125		0.112274
113.25		0.112274
113.375		0.112274
113.5		0.112274
113.625		0.112274
113.75		0.112274
113.875		0.112274
114		0.112274
114.125		0.112274
114.25		0.112274
114.375		0.112274
114.5		0.112274
114.625		0.112274
114.75		0.112274
114.875		0.112274
115		0.112274
115.125		0.115889
115.25		0.115889
115.375		0.115889
115.5		0.115889
115.625		0.115889
115.75		0.115889
115.875		0.115889
116		0.115889
116.125		0.115889
116.25		0.115889
116.375		0.115889
116.5		0.115889
116.625		0.115889
116.75		0.115889
116.875		0.115889
117		0.115889
117.125		0.115889
117.25		0.115889
117.375		0.115889
117.5		0.115889
117.625		0.115889
117.75		0.115889
117.875		0.115889
118		0.115889
118.125		0.115889
118.25		0.115889
118.375		0.115889
118.5		0.115889
118.625		0.115889
118.75		0.115889
118.875		0.115889
119		0.115889
119.125		0.115889
119.25		0.115889
119.375		0.115889
119.5		0.115889
119.625		0.115889
119.75		0.115889
119.875		0.115889
120		0.115889
120.125		0.145508
120.25		0.145508
120.375		0.145508
120.5		0.145508
120.625		0.145508
120.75		0.145508
120.875		0.145508
121		0.145508
121.125		0.145508
121.25		0.145508
121.375		0.145508
121.5		0.145508
121.625		0.145508
121.75		0.145508
121.875		0.145508
122		0.145508
122.125		0.145508
122.25		0.145508
122.375		0.145508
122.5		0.145508
122.625		0.145508
122.75		0.145508
122.875		0.145508
123		0.145508
123.125		0.145508
123.25		0.145508
123.375		0.145508
123.5		0.145508
123.625		0.145508
123.75		0.145508
123.875		0.145508
124		0.145508
124.125		0.145508
124.25		0.145508
124.375		0.145508
124.5		0.145508
124.625		0.145508
124.75		0.145508
124.875		0.145508
125		0.145508
125.125		0.156677
125.25		0.156677
125.375		0.156677
125.5		0.156677
125.625		0.156677
125.75		0.156677
125.875		0.156677
126		0.156677
126.125		0.156677
126.25		0.156677
126.375		0.156677
126.5		0.156677
126.625		0.156677
126.75		0.156677
126.875		0.156677
127		0.156677
127.125		0.156677
127.25		0.156677
127.375		0.156677
127.5		0.156677
127.625		0.156677
127.75		0.156677
127.875		0.156677
128		0.156677
128.125		0.156677
128.25		0.156677
128.375		0.156677
128.5		0.156677
128.625		0.156677
128.75		0.156677
128.875		0.156677
129		0.156677
129.125		0.156677
129.25		0.156677
129.375		0.156677
129.5		0.156677
129.625		0.156677
129.75		0.156677
129.875		0.156677
130		0.156677
130.125		0.157648
130.25		0.157648
130.375		0.157648
130.5		0.157648
130.625		0.157648
130.75		0.157648
130.875		0.157648
131		0.157648
131.125		0.157648
131.25		0.157648
131.375		0.157648
131.5		0.157648
131.625		0.157648
131.75		0.157648
131.875		0.157648
132		0.157648
132.125		0.157648
132.25		0.157648
132.375		0.157648
132.5		0.157648
132.625		0.157648
132.75		0.157648
132.875		0.157648
133		0.157648
133.125		0.157648
133.25		0.157648
133.375		0.157648
133.5		0.157648
133.625		0.157648
133.75		0.157648
133.875		0.157648
134		0.157648
134.125		0.157648
134.25		0.157648
134.375		0.157648
134.5		0.157648
134.625		0.157648
134.75		0.157648
134.875		0.157648
135		0.157648
135.125		0.163421
135.25		0.163421
135.375		0.163421
135.5		0.163421
135.625		0.163421
135.75		0.163421
135.875		0.163421
136		0.163421
136.125		0.163421
136.25		0.163421
136.375		0.163421
136.5		0.163421
136.625		0.163421
136.75		0.163421
136.875		0.163421
137		0.163421
137.125		0.163421
137.25		0.163421
137.375		0.163421
137.5		0.163421
137.625		0.163421
137.75		0.163421
137.875		0.163421
138		0.163421
138.125		0.163421
138.25		0.163421
138.375		0.163421
138.5		0.163421
138.625		0.163421
138.75		0.163421
138.875		0.163421
139		0.163421
139.125		0.163421
139.25		0.163421
139.375		0.163421
139.5		0.163421
139.625		0.163421
139.75		0.163421
139.875		0.163421
140		0.163421
140.125		0.188077
140.25		0.188077
140.375		0.188077
140.5		0.188077
140.625		0.188077
140.75		0.188077
140.875		0.188077
141		0.188077
141.125		0.188077
141.25		0.188077
141.375		0.188077
141.5		0.188077
141.625		0.188077
141.75		0.188077
141.875		0.188077
142		0.188077
142.125		0.188077
142.25		0.188077
142.375		0.188077
142.5		0.188077
142.625		0.188077
142.75		0.188077
142.875		0.188077
143		0.188077
143.125		0.188077
143.25		0.188077
143.375		0.188077
143.5		0.188077
143.625		0.188077
143.75		0.188077
143.875		0.188077
144		0.188077
144.125		0.188077
144.25		0.188077
144.375		0.188077
144.5		0.188077
144.625		0.188077
144.75		0.188077
144.875		0.188077
145		0.188077
145.125		0.197087
145.25		0.197087
145.375		0.197087
145.5		0.197087
145.625		0.197087
145.75		0.197087
145.875		0.197087
146		0.197087
146.125		0.197087
146.25		0.197087
146.375		0.197087
146.5		0.197087
146.625		0.197087
146.75		0.197087
146.875		0.197087
147		0.197087
147.125		0.197087
147.25		0.197087
147.375		0.197087
147.5		0.197087
147.625		0.197087
147.75		0.197087
147.875		0.197087
148		0.197087
148.125		0.197087
148.25		0.197087
148.375		0.197087
148.5		0.197087
148.625		0.197087
148.75		0.197087
148.875		0.197087
149		0.197087
149.125		0.197087
149.25		0.197087
149.375		0.197087
149.5		0.197087
149.625		0.197087
149.75		0.197087
149.875		0.197087
150		0.197087
150.125		0.214459
150.25		0.214459
150.375		0.214459
150.5		0.214459
150.625		0.214459
150.75		0.214459
150.875		0.214459
151		0.214459
151.125		0.214459
151.25		0.214459
151.375		0.214459
151.5		0.214459
151.625		0.214459
151.75		0.214459
151.875		0.214459
152		0.214459
152.125		0.214459
152.25		0.214459
152.375		0.214459
152.5		0.214459
152.625		0.214459
152.75		0.214459
152.875		0.214459
153		0.214459
153.125		0.214459
153.25		0.214459
153.375		0.214459
153.5		0.214459
153.625		0.214459
153.75		0.214459
153.875		0.214459
154		0.214459
154.125		0.214459
154.25		0.214459
154.375		0.214459
154.5		0.214459
154.625		0.214459
154.75		0.214459
154.875		0.214459
155		0.214459
155.125		0.221203
155.25		0.221203
155.375		0.221203
155.5		0.221203
155.625		0.221203
155.75		0.221203
155.875		0.221203
156		0.221203
156.125		0.221203
156.25		0.221203
156.375		0.221203
156.5		0.221203
156.625		0.221203
156.75		0.221203
156.875		0.221203
157		0.221203
157.125		0.221203
157.25		0.221203
157.375		0.221203
157.5		0.221203
157.625		0.221203
157.75		0.221203
157.875		0.221203
158		0.221203
158.125		0.221203
158.25		0.221203
158.375		0.221203
158.5		0.221203
158.625		0.221203
158.75		0.221203
158.875		0.221203
159		0.221203
159.125		0.221203
159.25		0.221203
159.375		0.221203
159.5		0.221203
159.625		0.221203
159.75		0.221203
159.875		0.221203
160		0.221203
160.125		0.224332
160.25		0.224332
160.375		0.224332
160.5		0.224332
160.625		0.224332
160.75		0.224332
160.875		0.224332
161		0.224332
161.125		0.224332
161.25		0.224332
161.375		0.224332
161.5		0.224332
161.625		0.224332
161.75		0.224332
161.875		0.224332
162		0.224332
162.125		0.224332
162.25		0.224332
162.375		0.224332
162.5		0.224332
162.625		0.224332
162.75		0.224332
162.875		0.224332
163		0.224332
163.125		0.224332
163.25		0.224332
163.375		0.224332
163.5		0.224332
163.625		0.224332
163.75		0.224332
163.875		0.224332
164		0.224332
164.125		0.224332
164.25		0.224332
164.375		0.224332
164.5		0.224332
164.625		0.224332
164.75		0.224332
164.875		0.224332
165		0.224332
165.125		0.241489
165.25		0.241489
165.375		0.241489
165.5		0.241489
165.625		0.241489
165.75		0.241489
165.875		0.241489
166		0.241489
166.125		0.241489
166.25		0.241489
166.375		0.241489
166.5		0.241489
166.625		0.241489
166.75		0.241489
166.875		0.241489
167		0.241489
167.125		0.241489
167.25		0.241489
167.375		0.241489
167.5		0.241489
167.625		0.241489
167.75		0.241489
167.875		0.241489
168		0.241489
168.125		0.241489
168.25		0.241489
168.375		0.241489
168.5		0.241489
168.625		0.241489
168.75		0.241489
168.875		0.241489
169		0.241489
169.125		0.241489
169.25		0.241489
169.375		0.241489
169.5		0.241489
169.625		0.241489
169.75		0.241489
169.875		0.241489
170		0.241489
170.125		0.258322
170.25		0.258322
170.375		0.258322
170.5		0.258322
170.625		0.258322
170.75		0.258322
170.875		0.258322
171		0.258322
171.125		0.258322
171.25		0.258322
171.375		0.258322
171.5		0.258322
171.625		0.258322
171.75		0.258322
171.875		0.258322
172		0.258322
172.125		0.258322
172.25		0.258322
172.375		0.258322
172.5		0.258322
172.625		0.258322
172.75		0.258322
172.875		0.258322
173		0.258322
173.125		0.258322
173.25		0.258322
173.375		0.258322
173.5		0.258322
173.625		0.258322
173.75		0.258322
173.875		0.258322
174		0.258322
174.125		0.258322
174.25		0.258322
174.375		0.258322
174.5		0.258322
174.625		0.258322
174.75		0.258322
174.875		0.258322
175		0.258322
175.125		0.259347
175.25		0.259347
175.375		0.259347
175.5		0.259347
175.625		0.259347
175.75		0.259347
175.875		0.259347
176		0.259347
176.125		0.259347
176.25		0.259347
176.375		0.259347
176.5		0.259347
176.625		0.259347
176.75		0.259347
176.875		0.259347
177		0.259347
177.125		0.259347
177.25		0.259347
177.375		0.259347
177.5		0.259347
177.625		0.259347
177.75		0.259347
177.875		0.259347
178		0.259347
178.125		0.259347
178.25		0.259347
178.375		0.259347
178.5		0.259347
178.625		0.259347
178.75		0.259347
178.875		0.259347
179		0.259347
179.125		0.259347
179.25		0.259347
179.375		0.259347
179.5		0.259347
179.625		0.259347
179.75		0.259347
179.875		0.259347
180		0.259347
180.125		0.271918
180.25		0.271918
180.375		0.271918
180.5		0.271918
180.625		0.271918
180.75		0.271918
180.875		0.271918
181		0.271918
181.125		0.271918
181.25		0.271918
181.375		0.271918
181.5		0.271918
181.625		0.271918
181.75		0.271918
181.875		0.271918
182		0.271918
182.125		0.271918
182.25		0.271918
182.375		0.271918
182.5		0.271918
182.625		0.271918
182.75		0.271918
182.875		0.271918
183		0.271918
183.125		0.271918
183.25		0.271918
183.375		0.271918
183.5		0.271918
183.625		0.271918
183.75		0.271918
183.875		0.271918
184		0.271918
184.125		0.271918
184.25		0.271918
184.375		0.271918
184.5		0.271918
184.625		0.271918
184.75		0.271918
184.875		0.271918
185		0.271918
185.125		0.280874
185.25		0.280874
185.375		0.280874
185.5		0.280874
185.625		0.280874
185.75		0.280874
185.875		0.280874
186		0.280874
186.125		0.280874
186.25		0.280874
186.375		0.280874
186.5		0.280874
186.625		0.280874
186.75		0.280874
186.875		0.280874
187		0.280874
187.125		0.280874
187.25		0.280874
187.375		0.280874
187.5		0.280874
187.625		0.280874
187.75		0.280874
187.875		0.280874
188		0.280874
188.125		0.280874
188.25		0.280874
188.375		0.280874
188.5		0.280874
188.625		0.280874
188.75		0.280874
188.875		0.280874
189		0.280874
189.125		0.280874
189.25		0.280874
189.375		0.280874
189.5		0.280874
189.625		0.280874
189.75		0.280874
189.875		0.280874
190		0.280874
190.125		0.283302
190.25		0.283302
190.375		0.283302
190.5		0.283302
190.625		0.283302
190.75		0.283302
190.875		0.283302
191		0.283302
191.125		0.283302
191.25		0.283302
191.375		0.283302
191.5		0.283302
191.625		0.283302
191.75		0.283302
191.875		0.283302
192		0.283302
192.125		0.283302
192.25		0.283302
192.375		0.283302
192.5		0.283302
192.625		0.283302
192.75		0.283302
192.875		0.283302
193		0.283302
193.125		0.283302
193.25		0.283302
193.375		0.283302
193.5		0.283302
193.625		0.283302
193.75		0.283302
193.875		0.283302
194		0.283302
194.125		0.283302
194.25		0.283302
194.375		0.283302
194.5		0.283302
194.625		0.283302
194.75		0.283302
194.875		0.283302
195		0.283302
195.125		0.285676
195.25		0.285676
195.375		0.285676
195.5		0.285676
195.625		0.285676
195.75		0.285676
195.875		0.285676
196		0.285676
196.125		0.285676
196.25		0.285676
196.375		0.285676
196.5		0.285676
196.625		0.285676
196.75		0.285676
196.875		0.285676
197		0.285676
197.125		0.285676
197.25		0.285676
197.375		0.285676
197.5		0.285676
197.625		0.285676
197.75		0.285676
197.875		0.285676
198		0.285676
198.125		0.285676
198.25		0.285676
198.375		0.285676
198.5		0.285676
198.625		0.285676
198.75		0.285676
198.875		0.285676
199		0.285676
199.125		0.285676
199.25		0.285676
199.375		0.285676
199.5		0.285676
199.625		0.285676
199.75		0.285676
199.875		0.285676
200		0.285676
200.125		0.31918
200.25		0.31918
200.375		0.31918
200.5		0.31918
200.625		0.31918
200.75		0.31918
200.875		0.31918
201		0.31918
201.125		0.31918
201.25		0.31918
201.375		0.31918
201.5		0.31918
201.625		0.31918
201.75		0.31918
201.875		0.31918
202		0.31918
202.125		0.31918
202.25		0.31918
202.375		0.31918
202.5		0.31918
202.625		0.31918
202.75		0.31918
202.875		0.31918
203		0.31918
203.125		0.31918
203.25		0.31918
203.375		0.31918
203.5		0.31918
203.625		0.31918
203.75		0.31918
203.875		0.31918
204		0.31918
204.125		0.31918
204.25		0.31918
204.375		0.31918
204.5		0.31918
204.625		0.31918
204.75		0.31918
204.875		0.31918
205		0.31918
205.125		0.337146
205.25		0.337146
205.375		0.337146
205.5		0.337146
205.625		0.337146
205.75		0.337146
205.875		0.337146
206		0.337146
206.125		0.337146
206.25		0.337146
206.375		0.337146
206.5		0.337146
206.625		0.337146
206.75		0.337146
206.875		0.337146
207		0.337146
207.125		0.337146
207.25		0.337146
207.375		0.337146
207.5		0.337146
207.625		0.337146
207.75		0.337146
207.875		0.337146
208		0.337146
208.125		0.337146
208.25		0.337146
208.375		0.337146
208.5		0.337146
208.625		0.337146
208.75		0.337146
208.875		0.337146
209		0.337146
209.125		0.337146
209.25		0.337146
209.375		0.337146
209.5		0.337146
209.625		0.337146
209.75		0.337146
209.875		0.337146
210		0.337146
210.125		0.339304
210.25		0.339304
210.375		0.339304
210.5		0.339304
210.625		0.339304
210.75		0.339304
210.875		0.339304
211		0.339304
211.125		0.339304
211.25		0.339304
211.375		0.339304
211.5		0.339304
211.625		0.339304
211.75		0.339304
211.875		0.339304
212		0.339304
212.125		0.339304
212.25		0.339304
212.375		0.339304
212.5		0.339304
212.625		0.339304
212.75		0.339304
212.875		0.339304
213		0.339304
213.125		0.339304
213.25		0.339304
213.375		0.339304
213.5		0.339304
213.625		0.339304
213.75		0.339304
213.875		0.339304
214		0.339304
214.125		0.339304
214.25		0.339304
214.375		0.339304
214.5		0.339304
214.625		0.339304
214.75		0.339304
214.875		0.339304
215		0.339304
215.125		0.340329
215.25		0.340329
215.375		0.340329
215.5		0.340329
215.625		0.340329
215.75		0.340329
215.875		0.340329
216		0.340329
216.125		0.340329
216.25		0.340329
216.375		0.340329
216.5		0.340329
216.625		0.340329
216.75		0.340329
216.875		0.340329
217		0.340329
217.125		0.340329
217.25		0.340329
217.375		0.340329
217.5		0.340329
217.625		0.340329
217.75		0.340329
217.875		0.340329
218		0.340329
218.125		0.340329
218.25		0.340329
218.375		0.340329
218.5		0.340329
218.625		0.340329
218.75		0.340329
218.875		0.340329
219		0.340329
219.125		0.340329
219.25		0.340329
219.375		0.340329
219.5		0.340329
219.625		0.340329
219.75		0.340329
219.875		0.340329
220		0.340329
220.125		0.348314
220.25		0.348314
220.375		0.348314
220.5		0.348314
220.625		0.348314
220.75		0.348314
220.875		0.348314
221		0.348314
221.125		0.348314
221.25		0.348314
221.375		0.348314
221.5		0.348314
221.625		0.348314
221.75		0.348314
221.875		0.348314
222		0.348314
222.125		0.348314
222.25		0.348314
222.375		0.348314
222.5		0.348314
222.625		0.348314
222.75		0.348314
222.875		0.348314
223		0.348314
223.125		0.348314
223.25		0.348314
223.375		0.348314
223.5		0.348314
223.625		0.348314
223.75		0.348314
223.875		0.348314
224		0.348314
224.125		0.348314
224.25		0.348314
224.375		0.348314
224.5		0.348314
224.625		0.348314
224.75		0.348314
224.875		0.348314
225		0.348314
225.125		0.354465
225.25		0.354465
225.375		0.354465
225.5		0.354465
225.625		0.354465
225.75		0.354465
225.875		0.354465
226		0.354465
226.125		0.354465
226.25		0.354465
226.375		0.354465
226.5		0.354465
226.625		0.354465
226.75		0.354465
226.875		0.354465
227		0.354465
227.125		0.354465
227.25		0.354465
227.375		0.354465
227.5		0.354465
227.625		0.354465
227.75		0.354465
227.875		0.354465
228		0.354465
228.125		0.354465
228.25		0.354465
228.375		0.354465
228.5		0.354465
228.625		0.354465
228.75		0.354465
228.875		0.354465
229		0.354465
229.125		0.354465
229.25		0.354465
229.375		0.354465
229.5		0.354465
229.625		0.354465
229.75		0.354465
229.875		0.354465
230		0.354465
230.125		0.396008
230.25		0.396008
230.375		0.396008
230.5		0.396008
230.625		0.396008
230.75		0.396008
230.875		0.396008
231		0.396008
231.125		0.396008
231.25		0.396008
231.375		0.396008
231.5		0.396008
231.625		0.396008
231.75		0.396008
231.875		0.396008
232		0.396008
232.125		0.396008
232.25		0.396008
232.375		0.396008
232.5		0.396008
232.625		0.396008
232.75		0.396008
232.875		0.396008
233		0.396008
233.125		0.396008
233.25		0.396008
233.375		0.396008
233.5		0.396008
233.625		0.396008
233.75		0.396008
233.875		0.396008
234		0.396008
234.125		0.396008
234.25		0.396008
234.375		0.396008
234.5		0.396008
234.625		0.396008
234.75		0.396008
234.875		0.396008
235		0.396008
235.125		0.402104
235.25		0.402104
235.375		0.402104
235.5		0.402104
235.625		0.402104
235.75		0.402104
235.875		0.402104
236		0.402104
236.125		0.402104
236.25		0.402104
236.375		0.402104
236.5		0.402104
236.625		0.402104
236.75		0.402104
236.875		0.402104
237		0.402104
237.125		0.402104
237.25		0.402104
237.375		0.402104
237.5		0.402104
237.625		0.402104
237.75		0.402104
237.875		0.402104
238		0.402104
238.125		0.402104
238.25		0.402104
238.375		0.402104
238.5		0.402104
238.625		0.402104
238.75		0.402104
238.875		0.402104
239		0.402104
239.125		0.402104
239.25		0.402104
239.375		0.402104
239.5		0.402104
239.625		0.402104
239.75		0.402104
239.875		0.402104
240		0.402104
240.125		0.405935
240.25		0.405935
240.375		0.405935
240.5		0.405935
240.625		0.405935
240.75		0.405935
240.875		0.405935
241		0.405935
241.125		0.405935
241.25		0.405935
241.375		0.405935
241.5		0.405935
241.625		0.405935
241.75		0.405935
241.875		0.405935
242		0.405935
242.125		0.405935
242.25		0.405935
242.375		0.405935
242.5		0.405935
242.625		0.405935
242.75		0.405935
242.875		0.405935
243		0.405935
243.125		0.405935
243.25		0.405935
243.375		0.405935
243.5		0.405935
243.625		0.405935
243.75		0.405935
243.875		0.405935
244		0.405935
244.125		0.405935
244.25		0.405935
244.375		0.405935
244.5		0.405935
244.625		0.405935
244.75		0.405935
244.875		0.405935
245		0.405935
245.125		0.407068
245.25		0.407068
245.375		0.407068
245.5		0.407068
245.625		0.407068
245.75		0.407068
245.875		0.407068
246		0.407068
246.125		0.407068
246.25		0.407068
246.375		0.407068
246.5		0.407068
246.625		0.407068
246.75		0.407068
246.875		0.407068
247		0.407068
247.125		0.407068
247.25		0.407068
247.375		0.407068
247.5		0.407068
247.625		0.407068
247.75		0.407068
247.875		0.407068
248		0.407068
248.125		0.407068
248.25		0.407068
248.375		0.407068
248.5		0.407068
248.625		0.407068
248.75		0.407068
248.875		0.407068
249		0.407068
249.125		0.407068
249.25		0.407068
249.375		0.407068
249.5		0.407068
249.625		0.407068
249.75		0.407068
249.875		0.407068
250		0.407068
250.125		0.432965
250.25		0.432965
250.375		0.432965
250.5		0.432965
250.625		0.432965
250.75		0.432965
250.875		0.432965
251		0.432965
251.125		0.432965
251.25		0.432965
251.375		0.432965
251.5		0.432965
251.625		0.432965
251.75		0.432965
251.875		0.432965
252		0.432965
252.125		0.432965
252.25		0.432965
252.375		0.432965
252.5		0.432965
252.625		0.432965
252.75		0.432965
252.875		0.432965
253		0.432965
253.125		0.432965
253.25		0.432965
253.375		0.432965
253.5		0.432965
253.625		0.432965
253.75		0.432965
253.875		0.432965
254		0.432965
254.125		0.432965
254.25		0.432965
254.375		0.432965
254.5		0.432965
254.625		0.432965
254.75		0.432965
254.875		0.432965
255		0.432965
255.125		0.443162
255.25		0.443162
255.375		0.443162
255.5		0.443162
255.625		0.443162
255.75		0.443162
255.875		0.443162
256		0.443162
256.125		0.443162
256.25		0.443162
256.375		0.443162
256.5		0.443162
256.625		0.443162
256.75		0.443162
256.875		0.443162
257		0.443162
257.125		0.443162
257.25		0.443162
257.375		0.443162
257.5		0.443162
257.625		0.443162
257.75		0.443162
257.875		0.443162
258		0.443162
258.125		0.443162
258.25		0.443162
258.375		0.443162
258.5		0.443162
258.625		0.443162
258.75		0.443162
258.875		0.443162
259		0.443162
259.125		0.443162
259.25		0.443162
259.375		0.443162
259.5		0.443162
259.625		0.443162
259.75		0.443162
259.875		0.443162
260		0.443162
260.125		0.46744
260.25		0.46744
260.375		0.46744
260.5		0.46744
260.625		0.46744
260.75		0.46744
260.875		0.46744
261		0.46744
261.125		0.46744
261.25		0.46744
261.375		0.46744
261.5		0.46744
261.625		0.46744
261.75		0.46744
261.875		0.46744
262		0.46744
262.125		0.46744
262.25		0.46744
262.375		0.46744
262.5		0.46744
262.625		0.46744
262.75		0.46744
262.875		0.46744
263		0.46744
263.125		0.46744
263.25		0.46744
263.375		0.46744
263.5		0.46744
263.625		0.46744
263.75		0.46744
263.875		0.46744
264		0.46744
264.125		0.46744
264.25		0.46744
264.375		0.46744
264.5		0.46744
264.625		0.46744
264.75		0.46744
264.875		0.46744
265		0.46744
265.125		0.469598
265.25		0.469598
265.375		0.469598
265.5		0.469598
265.625		0.469598
265.75		0.469598
265.875		0.469598
266		0.469598
266.125		0.469598
266.25		0.469598
266.375		0.469598
266.5		0.469598
266.625		0.469598
266.75		0.469598
266.875		0.469598
267		0.469598
267.125		0.469598
267.25		0.469598
267.375		0.469598
267.5		0.469598
267.625		0.469598
267.75		0.469598
267.875		0.469598
268		0.469598
268.125		0.469598
268.25		0.469598
268.375		0.469598
268.5		0.469598
268.625		0.469598
268.75		0.469598
268.875		0.469598
269		0.469598
269.125		0.469598
269.25		0.469598
269.375		0.469598
269.5		0.469598
269.625		0.469598
269.75		0.469598
269.875		0.469598
270		0.469598
270.125		0.48136
270.25		0.48136
270.375		0.48136
270.5		0.48136
270.625		0.48136
270.75		0.48136
270.875		0.48136
271		0.48136
271.125		0.48136
271.25		0.48136
271.375		0.48136
271.5		0.48136
271.625		0.48136
271.75		0.48136
271.875		0.48136
272		0.48136
272.125		0.48136
272.25		0.48136
272.375		0.48136
272.5		0.48136
272.625		0.48136
272.75		0.48136
272.875		0.48136
273		0.48136
273.125		0.48136
273.25		0.48136
273.375		0.48136
273.5		0.48136
273.625		0.48136
273.75		0.48136
273.875		0.48136
274		0.48136
274.125		0.48136
274.25		0.48136
274.375		0.48136
274.5		0.48136
274.625		0.48136
274.75		0.48136
274.875		0.48136
275		0.48136
275.125		0.487294
275.25		0.487294
275.375		0.487294
275.5		0.487294
275.625		0.487294
275.75		0.487294
275.875		0.487294
276		0.487294
276.125		0.487294
276.25		0.487294
276.375		0.487294
276.5		0.487294
276.625		0.487294
276.75		0.487294
276.875		0.487294
277		0.487294
277.125		0.487294
277.25		0.487294
277.375		0.487294
277.5		0.487294
277.625		0.487294
277.75		0.487294
277.875		0.487294
278		0.487294
278.125		0.487294
278.25		0.487294
278.375		0.487294
278.5		0.487294
278.625		0.487294
278.75		0.487294
278.875		0.487294
279		0.487294
279.125		0.487294
279.25		0.487294
279.375		0.487294
279.5		0.487294
279.625		0.487294
279.75		0.487294
279.875		0.487294
280		0.487294
280.125		0.489668
280.25		0.489668
280.375		0.489668
280.5		0.489668
280.625		0.489668
280.75		0.489668
280.875		0.489668
281		0.489668
281.125		0.489668
281.25		0.489668
281.375		0.489668
281.5		0.489668
281.625		0.489668
281.75		0.489668
281.875		0.489668
282		0.489668
282.125		0.489668
282.25		0.489668
282.375		0.489668
282.5		0.489668
282.625		0.489668
282.75		0.489668
282.875		0.489668
283		0.489668
283.125		0.489668
283.25		0.489668
283.375		0.489668
283.5		0.489668
283.625		0.489668
283.75		0.489668
283.875		0.489668
284		0.489668
284.125		0.489668
284.25		0.489668
284.375		0.489668
284.5		0.489668
284.625		0.489668
284.75		0.489668
284.875		0.489668
285		0.489668
285.125		0.507688
285.25		0.507688
285.375		0.507688
285.5		0.507688
285.625		0.507688
285.75		0.507688
285.875		0.507688
286		0.507688
286.125		0.507688
286.25		0.507688
286.375		0.507688
286.5		0.507688
286.625		0.507688
286.75		0.507688
286.875		0.507688
287		0.507688
287.125		0.507688
287.25		0.507688
287.375		0.507688
287.5		0.507688
287.625		0.507688
287.75		0.507688
287.875		0.507688
288		0.507688
288.125		0.507688
288.25		0.507688
288.375		0.507688
288.5		0.507688
288.625		0.507688
288.75		0.507688
288.875		0.507688
289		0.507688
289.125		0.507688
289.25		0.507688
289.375		0.507688
289.5		0.507688
289.625		0.507688
289.75		0.507688
289.875		0.507688
290		0.507688
290.125		0.523928
290.25		0.523928
290.375		0.523928
290.5		0.523928
290.625		0.523928
290.75		0.523928
290.875		0.523928
291		0.523928
291.125		0.523928
291.25		0.523928
291.375		0.523928
291.5		0.523928
291.625		0.523928
291.75		0.523928
291.875		0.523928
292		0.523928
292.125		0.523928
292.25		0.523928
292.375		0.523928
292.5		0.523928
292.625		0.523928
292.75		0.523928
292.875		0.523928
293		0.523928
293.125		0.523928
293.25		0.523928
293.375		0.523928
293.5		0.523928
293.625		0.523928
293.75		0.523928
293.875		0.523928
294		0.523928
294.125		0.523928
294.25		0.523928
294.375		0.523928
294.5		0.523928
294.625		0.523928
294.75		0.523928
294.875		0.523928
295		0.523928
295.125		0.531265
295.25		0.531265
295.375		0.531265
295.5		0.531265
295.625		0.531265
295.75		0.531265
295.875		0.531265
296		0.531265
296.125		0.531265
296.25		0.531265
296.375		0.531265
296.5		0.531265
296.625		0.531265
296.75		0.531265
296.875		0.531265
297		0.531265
297.125		0.531265
297.25		0.531265
297.375		0.531265
297.5		0.531265
297.625		0.531265
297.75		0.531265
297.875		0.531265
298		0.531265
298.125		0.531265
298.25		0.531265
298.375		0.531265
298.5		0.531265
298.625		0.531265
298.75		0.531265
298.875		0.531265
299		0.531265
299.125		0.531265
299.25		0.531265
299.375		0.531265
299.5		0.531265
299.625		0.531265
299.75		0.531265
299.875		0.531265
300		0.531265
300.125		0.546857
300.25		0.546857
300.375		0.546857
300.5		0.546857
300.625		0.546857
300.75		0.546857
300.875		0.546857
301		0.546857
301.125		0.546857
301.25		0.546857
301.375		0.546857
301.5		0.546857
301.625		0.546857
301.75		0.546857
301.875		0.546857
302		0.546857
302.125		0.546857
302.25		0.546857
302.375		0.546857
302.5		0.546857
302.625		0.546857
302.75		0.546857
302.875		0.546857
303		0.546857
303.125		0.546857
303.25		0.546857
303.375		0.546857
303.5		0.546857
303.625		0.546857
303.75		0.546857
303.875		0.546857
304		0.546857
304.125		0.546857
304.25		0.546857
304.375		0.546857
304.5		0.546857
304.625		0.546857
304.75		0.546857
304.875		0.546857
305		0.546857
305.125		0.54826
305.25		0.54826
305.375		0.54826
305.5		0.54826
305.625		0.54826
305.75		0.54826
305.875		0.54826
306		0.54826
306.125		0.54826
306.25		0.54826
306.375		0.54826
306.5		0.54826
306.625		0.54826
306.75		0.54826
306.875		0.54826
307		0.54826
307.125		0.54826
307.25		0.54826
307.375		0.54826
307.5		0.54826
307.625		0.54826
307.75		0.54826
307.875		0.54826
308		0.54826
308.125		0.54826
308.25		0.54826
308.375		0.54826
308.5		0.54826
308.625		0.54826
308.75		0.54826
308.875		0.54826
309		0.54826
309.125		0.54826
309.25		0.54826
309.375		0.54826
309.5		0.54826
309.625		0.54826
309.75		0.54826
309.875		0.54826
310		0.54826
310.125		0.555328
310.25		0.555328
310.375		0.555328
310.5		0.555328
310.625		0.555328
310.75		0.555328
310.875		0.555328
311		0.555328
311.125		0.555328
311.25		0.555328
311.375		0.555328
311.5		0.555328
311.625		0.555328
311.75		0.555328
311.875		0.555328
312		0.555328
312.125		0.555328
312.25		0.555328
312.375		0.555328
312.5		0.555328
312.625		0.555328
312.75		0.555328
312.875		0.555328
313		0.555328
313.125		0.555328
313.25		0.555328
313.375		0.555328
313.5		0.555328
313.625		0.555328
313.75		0.555328
313.875		0.555328
314		0.555328
314.125		0.555328
314.25		0.555328
314.375		0.555328
314.5		0.555328
314.625		0.555328
314.75		0.555328
314.875		0.555328
315		0.555328
315.125		0.579714
315.25		0.579714
315.375		0.579714
315.5		0.579714
315.625		0.579714
315.75		0.579714
315.875		0.579714
316		0.579714
316.125		0.579714
316.25		0.579714
316.375		0.579714
316.5		0.579714
316.625		0.579714
316.75		0.579714
316.875		0.579714
317		0.579714
317.125		0.579714
317.25		0.579714
317.375		0.579714
317.5		0.579714
317.625		0.579714
317.75		0.579714
317.875		0.579714
318		0.579714
318.125		0.579714
318.25		0.579714
318.375		0.579714
318.5		0.579714
318.625		0.579714
318.75		0.579714
318.875		0.579714
319		0.579714
319.125		0.579714
319.25		0.579714
319.375		0.579714
319.5		0.579714
319.625		0.579714
319.75		0.579714
319.875		0.579714
320		0.579714
320.125		0.581764
320.25		0.581764
320.375		0.581764
320.5		0.581764
320.625		0.581764
320.75		0.581764
320.875		0.581764
321		0.581764
321.125		0.581764
321.25		0.581764
321.375		0.581764
321.5		0.581764
321.625		0.581764
321.75		0.581764
321.875		0.581764
322		0.581764
322.125		0.581764
322.25		0.581764
322.375		0.581764
322.5		0.581764
322.625		0.581764
322.75		0.581764
322.875		0.581764
323		0.581764
323.125		0.581764
323.25		0.581764
323.375		0.581764
323.5		0.581764
323.625		0.581764
323.75		0.581764
323.875		0.581764
324		0.581764
324.125		0.581764
324.25		0.581764
324.375		0.581764
324.5		0.581764
324.625		0.581764
324.75		0.581764
324.875		0.581764
325		0.581764
325.125		0.602482
325.25		0.602482
325.375		0.602482
325.5		0.602482
325.625		0.602482
325.75		0.602482
325.875		0.602482
326		0.602482
326.125		0.602482
326.25		0.602482
326.375		0.602482
326.5		0.602482
326.625		0.602482
326.75		0.602482
326.875		0.602482
327		0.602482
327.125		0.602482
327.25		0.602482
327.375		0.602482
327.5		0.602482
327.625		0.602482
327.75		0.602482
327.875		0.602482
328		0.602482
328.125		0.602482
328.25		0.602482
328.375		0.602482
328.5		0.602482
328.625		0.602482
328.75		0.602482
328.875		0.602482
329		0.602482
329.125		0.602482
329.25		0.602482
329.375		0.602482
329.5		0.602482
329.625		0.602482
329.75		0.602482
329.875		0.602482
330		0.602482
330.125		0.621149
330.25		0.621149
330.375		0.621149
330.5		0.621149
330.625		0.621149
330.75		0.621149
330.875		0.621149
331		0.621149
331.125		0.621149
331.25		0.621149
331.375		0.621149
331.5		0.621149
331.625		0.621149
331.75		0.621149
331.875		0.621149
332		0.621149
332.125		0.621149
332.25		0.621149
332.375		0.621149
332.5		0.621149
332.625		0.621149
332.75		0.621149
332.875		0.621149
333		0.621149
333.125		0.621149
333.25		0.621149
333.375		0.621149
333.5		0.621149
333.625		0.621149
333.75		0.621149
333.875		0.621149
334		0.621149
334.125		0.621149
334.25		0.621149
334.375		0.621149
334.5		0.621149
334.625		0.621149
334.75		0.621149
334.875		0.621149
335		0.621149
335.125		0.622336
335.25		0.622336
335.375		0.622336
335.5		0.622336
335.625		0.622336
335.75		0.622336
335.875		0.622336
336		0.622336
336.125		0.622336
336.25		0.622336
336.375		0.622336
336.5		0.622336
336.625		0.622336
336.75		0.622336
336.875		0.622336
337		0.622336
337.125		0.622336
337.25		0.622336
337.375		0.622336
337.5		0.622336
337.625		0.622336
337.75		0.622336
337.875		0.622336
338		0.622336
338.125		0.622336
338.25		0.622336
338.375		0.622336
338.5		0.622336
338.625		0.622336
338.75		0.622336
338.875		0.622336
339		0.622336
339.125		0.622336
339.25		0.622336
339.375		0.622336
339.5		0.622336
339.625		0.622336
339.75		0.622336
339.875		0.622336
340		0.622336
340.125		0.633342
340.25		0.633342
340.375		0.633342
340.5		0.633342
340.625		0.633342
340.75		0.633342
340.875		0.633342
341		0.633342
341.125		0.633342
341.25		0.633342
341.375		0.633342
341.5		0.633342
341.625		0.633342
341.75		0.633342
341.875		0.633342
342		0.633342
342.125		0.633342
342.25		0.633342
342.375		0.633342
342.5		0.633342
342.625		0.633342
342.75		0.633342
342.875		0.633342
343		0.633342
343.125		0.633342
343.25		0.633342
343.375		0.633342
343.5		0.633342
343.625		0.633342
343.75		0.633342
343.875		0.633342
344		0.633342
344.125		0.633342
344.25		0.633342
344.375		0.633342
344.5		0.633342
344.625		0.633342
344.75		0.633342
344.875		0.633342
345		0.633342
345.125		0.641327
345.25		0.641327
345.375		0.641327
345.5		0.641327
345.625		0.641327
345.75		0.641327
345.875		0.641327
346		0.641327
346.125		0.641327
346.25		0.641327
346.375		0.641327
346.5		0.641327
346.625		0.641327
346.75		0.641327
346.875		0.641327
347		0.641327
347.125		0.641327
347.25		0.641327
347.375		0.641327
347.5		0.641327
347.625		0.641327
347.75		0.641327
347.875		0.641327
348		0.641327
348.125		0.641327
348.25		0.641327
348.375		0.641327
348.5		0.641327
348.625		0.641327
348.75		0.641327
348.875		0.641327
349		0.641327
349.125		0.641327
349.25		0.641327
349.375		0.641327
349.5		0.641327
349.625		0.641327
349.75		0.641327
349.875		0.641327
350		0.641327
350.125		0.647586
350.25		0.647586
350.375		0.647586
350.5		0.647586
350.625		0.647586
350.75		0.647586
350.875		0.647586
351		0.647586
351.125		0.647586
351.25		0.647586
351.375		0.647586
351.5		0.647586
351.625		0.647586
351.75		0.647586
351.875		0.647586
352		0.647586
352.125		0.647586
352.25		0.647586
352.375		0.647586
352.5		0.647586
352.625		0.647586
352.75		0.647586
352.875		0.647586
353		0.647586
353.125		0.647586
353.25		0.647586
353.375		0.647586
353.5		0.647586
353.625		0.647586
353.75		0.647586
353.875		0.647586
354		0.647586
354.125		0.647586
354.25		0.647586
354.375		0.647586
354.5		0.647586
354.625		0.647586
354.75		0.647586
354.875		0.647586
355		0.647586
355.125		0.665767
355.25		0.665767
355.375		0.665767
355.5		0.665767
355.625		0.665767
355.75		0.665767
355.875		0.665767
356		0.665767
356.125		0.665767
356.25		0.665767
356.375		0.665767
356.5		0.665767
356.625		0.665767
356.75		0.665767
356.875		0.665767
357		0.665767
357.125		0.665767
357.25		0.665767
357.375		0.665767
357.5		0.665767
357.625		0.665767
357.75		0.665767
357.875		0.665767
358		0.665767
358.125		0.665767
358.25		0.665767
358.375		0.665767
358.5		0.665767
358.625		0.665767
358.75		0.665767
358.875		0.665767
359		0.665767
359.125		0.665767
359.25		0.665767
359.375		0.665767
359.5		0.665767
359.625		0.665767
359.75		0.665767
359.875		0.665767
360		0.665767
360.125		0.689398
360.25		0.689398
360.375		0.689398
360.5		0.689398
360.625		0.689398
360.75		0.689398
360.875		0.689398
361		0.689398
361.125		0.689398
361.25		0.689398
361.375		0.689398
361.5		0.689398
361.625		0.689398
361.75		0.689398
361.875		0.689398
362		0.689398
362.125		0.689398
362.25		0.689398
362.375		0.689398
362.5		0.689398
362.625		0.689398
362.75		0.689398
362.875		0.689398
363		0.689398
363.125		0.689398
363.25		0.689398
363.375		0.689398
363.5		0.689398
363.625		0.689398
363.75		0.689398
363.875		0.689398
364		0.689398
364.125		0.689398
364.25		0.689398
364.375		0.689398
364.5		0.689398
364.625		0.689398
364.75		0.689398
364.875		0.689398
365		0.689398
365.125		0.698894
365.25		0.698894
365.375		0.698894
365.5		0.698894
365.625		0.698894
365.75		0.698894
365.875		0.698894
366		0.698894
366.125		0.698894
366.25		0.698894
366.375		0.698894
366.5		0.698894
366.625		0.698894
366.75		0.698894
366.875		0.698894
367		0.698894
367.125		0.698894
367.25		0.698894
367.375		0.698894
367.5		0.698894
367.625		0.698894
367.75		0.698894
367.875		0.698894
368		0.698894
368.125		0.698894
368.25		0.698894
368.375		0.698894
368.5		0.698894
368.625		0.698894
368.75		0.698894
368.875		0.698894
369		0.698894
369.125		0.698894
369.25		0.698894
369.375		0.698894
369.5		0.698894
369.625		0.698894
369.75		0.698894
369.875		0.698894
370		0.698894
370.125		0.709145
370.25		0.709145
370.375		0.709145
370.5		0.709145
370.625		0.709145
370.75		0.709145
370.875		0.709145
371		0.709145
371.125		0.709145
371.25		0.709145
371.375		0.709145
371.5		0.709145
371.625		0.709145
371.75		0.709145
371.875		0.709145
372		0.709145
372.125		0.709145
372.25		0.709145
372.375		0.709145
372.5		0.709145
372.625		0.709145
372.75		0.709145
372.875		0.709145
373		0.709145
373.125		0.709145
373.25		0.709145
373.375		0.709145
373.5		0.709145
373.625		0.709145
373.75		0.709145
373.875		0.709145
374		0.709145
374.125		0.709145
374.25		0.709145
374.375		0.709145
374.5		0.709145
374.625		0.709145
374.75		0.709145
374.875		0.709145
375		0.709145
375.125		0.719989
375.25		0.719989
375.375		0.719989
375.5		0.719989
375.625		0.719989
375.75		0.719989
375.875		0.719989
376		0.719989
376.125		0.719989
376.25		0.719989
376.375		0.719989
376.5		0.719989
376.625		0.719989
376.75		0.719989
376.875		0.719989
377		0.719989
377.125		0.719989
377.25		0.719989
377.375		0.719989
377.5		0.719989
377.625		0.719989
377.75		0.719989
377.875		0.719989
378		0.719989
378.125		0.719989
378.25		0.719989
378.375		0.719989
378.5		0.719989
378.625		0.719989
378.75		0.719989
378.875		0.719989
379		0.719989
379.125		0.719989
379.25		0.719989
379.375		0.719989
379.5		0.719989
379.625		0.719989
379.75		0.719989
379.875		0.719989
380		0.719989
380.125		0.724305
380.25		0.724305
380.375		0.724305
380.5		0.724305
380.625		0.724305
380.75		0.724305
380.875		0.724305
381		0.724305
381.125		0.724305
381.25		0.724305
381.375		0.724305
381.5		0.724305
381.625		0.724305
381.75		0.724305
381.875		0.724305
382		0.724305
382.125		0.724305
382.25		0.724305
382.375		0.724305
382.5		0.724305
382.625		0.724305
382.75		0.724305
382.875		0.724305
383		0.724305
383.125		0.724305
383.25		0.724305
383.375		0.724305
383.5		0.724305
383.625		0.724305
383.75		0.724305
383.875		0.724305
384		0.724305
384.125		0.724305
384.25		0.724305
384.375		0.724305
384.5		0.724305
384.625		0.724305
384.75		0.724305
384.875		0.724305
385		0.724305
385.125		0.737146
385.25		0.737146
385.375		0.737146
385.5		0.737146
385.625		0.737146
385.75		0.737146
385.875		0.737146
386		0.737146
386.125		0.737146
386.25		0.737146
386.375		0.737146
386.5		0.737146
386.625		0.737146
386.75		0.737146
386.875		0.737146
387		0.737146
387.125		0.737146
387.25		0.737146
387.375		0.737146
387.5		0.737146
387.625		0.737146
387.75		0.737146
387.875		0.737146
388		0.737146
388.125		0.737146
388.25		0.737146
388.375		0.737146
388.5		0.737146
388.625		0.737146
388.75		0.737146
388.875		0.737146
389		0.737146
389.125		0.737146
389.25		0.737146
389.375		0.737146
389.5		0.737146
389.625		0.737146
389.75		0.737146
389.875		0.737146
390		0.737146
390.125		0.742056
390.25		0.742056
390.375		0.742056
390.5		0.742056
390.625		0.742056
390.75		0.742056
390.875		0.742056
391		0.742056
391.125		0.742056
391.25		0.742056
391.375		0.742056
391.5		0.742056
391.625		0.742056
391.75		0.742056
391.875		0.742056
392		0.742056
392.125		0.742056
392.25		0.742056
392.375		0.742056
392.5		0.742056
392.625		0.742056
392.75		0.742056
392.875		0.742056
393		0.742056
393.125		0.742056
393.25		0.742056
393.375		0.742056
393.5		0.742056
393.625		0.742056
393.75		0.742056
393.875		0.742056
394		0.742056
394.125		0.742056
394.25		0.742056
394.375		0.742056
394.5		0.742056
394.625		0.742056
394.75		0.742056
394.875		0.742056
395		0.742056
395.125		0.771513
395.25		0.771513
395.375		0.771513
395.5		0.771513
395.625		0.771513
395.75		0.771513
395.875		0.771513
396		0.771513
396.125		0.771513
396.25		0.771513
396.375		0.771513
396.5		0.771513
396.625		0.771513
396.75		0.771513
396.875		0.771513
397		0.771513
397.125		0.771513
397.25		0.771513
397.375		0.771513
397.5		0.771513
397.625		0.771513
397.75		0.771513
397.875		0.771513
398		0.771513
398.125		0.771513
398.25		0.771513
398.375		0.771513
398.5		0.771513
398.625		0.771513
398.75		0.771513
398.875		0.771513
399		0.771513
399.125		0.771513
399.25		0.771513
399.375		0.771513
399.5		0.771513
399.625		0.771513
399.75		0.771513
399.875		0.771513
400		0.771513
400.125		0.77993
400.25		0.77993
400.375		0.77993
400.5		0.77993
400.625		0.77993
400.75		0.77993
400.875		0.77993
401		0.77993
401.125		0.77993
401.25		0.77993
401.375		0.77993
401.5		0.77993
401.625		0.77993
401.75		0.77993
401.875		0.77993
402		0.77993
402.125		0.77993
402.25		0.77993
402.375		0.77993
402.5		0.77993
402.625		0.77993
402.75		0.77993
402.875		0.77993
403		0.77993
403.125		0.77993
403.25		0.77993
403.375		0.77993
403.5		0.77993
403.625		0.77993
403.75		0.77993
403.875		0.77993
404		0.77993
404.125		0.77993
404.25		0.77993
404.375		0.77993
404.5		0.77993
404.625		0.77993
404.75		0.77993
404.875		0.77993
405		0.77993
405.125		0.780955
405.25		0.780955
405.375		0.780955
405.5		0.780955
405.625		0.780955
405.75		0.780955
405.875		0.780955
406		0.780955
406.125		0.780955
406.25		0.780955
406.375		0.780955
406.5		0.780955
406.625		0.780955
406.75		0.780955
406.875		0.780955
407		0.780955
407.125		0.780955
407.25		0.780955
407.375		0.780955
407.5		0.780955
407.625		0.780955
407.75		0.780955
407.875		0.780955
408		0.780955
408.125		0.780955
408.25		0.780955
408.375		0.780955
408.5		0.780955
408.625		0.780955
408.75		0.780955
408.875		0.780955
409		0.780955
409.125		0.780955
409.25		0.780955
409.375		0.780955
409.5		0.780955
409.625		0.780955
409.75		0.780955
409.875		0.780955
410		0.780955
410.125		0.784516
410.25		0.784516
410.375		0.784516
410.5		0.784516
410.625		0.784516
410.75		0.784516
410.875		0.784516
411		0.784516
411.125		0.784516
411.25		0.784516
411.375		0.784516
411.5		0.784516
411.625		0.784516
411.75		0.784516
411.875		0.784516
412		0.784516
412.125		0.784516
412.25		0.784516
412.375		0.784516
412.5		0.784516
412.625		0.784516
412.75		0.784516
412.875		0.784516
413		0.784516
413.125		0.784516
413.25		0.784516
413.375		0.784516
413.5		0.784516
413.625		0.784516
413.75		0.784516
413.875		0.784516
414		0.784516
414.125		0.784516
414.25		0.784516
414.375		0.784516
414.5		0.784516
414.625		0.784516
414.75		0.784516
414.875		0.784516
415		0.784516
415.125		0.80901
415.25		0.80901
415.375		0.80901
415.5		0.80901
415.625		0.80901
415.75		0.80901
415.875		0.80901
416		0.80901
416.125		0.80901
416.25		0.80901
416.375		0.80901
416.5		0.80901
416.625		0.80901
416.75		0.80901
416.875		0.80901
417		0.80901
417.125		0.80901
417.25		0.80901
417.375		0.80901
417.5		0.80901
417.625		0.80901
417.75		0.80901
417.875		0.80901
418		0.80901
418.125		0.80901
418.25		0.80901
418.375		0.80901
418.5		0.80901
418.625		0.80901
418.75		0.80901
418.875		0.80901
419		0.80901
419.125		0.80901
419.25		0.80901
419.375		0.80901
419.5		0.80901
419.625		0.80901
419.75		0.80901
419.875		0.80901
420		0.80901
420.125		0.8157
420.25		0.8157
420.375		0.8157
420.5		0.8157
420.625		0.8157
420.75		0.8157
420.875		0.8157
421		0.8157
421.125		0.8157
421.25		0.8157
421.375		0.8157
421.5		0.8157
421.625		0.8157
421.75		0.8157
421.875		0.8157
422		0.8157
422.125		0.8157
422.25		0.8157
422.375		0.8157
422.5		0.8157
422.625		0.8157
422.75		0.8157
422.875		0.8157
423		0.8157
423.125		0.8157
423.25		0.8157
423.375		0.8157
423.5		0.8157
423.625		0.8157
423.75		0.8157
423.875		0.8157
424		0.8157
424.125		0.8157
424.25		0.8157
424.375		0.8157
424.5		0.8157
424.625		0.8157
424.75		0.8157
424.875		0.8157
425		0.8157
425.125		0.840896
425.25		0.840896
425.375		0.840896
425.5		0.840896
425.625		0.840896
425.75		0.840896
425.875		0.840896
426		0.840896
426.125		0.840896
426.25		0.840896
426.375		0.840896
426.5		0.840896
426.625		0.840896
426.75		0.840896
426.875		0.840896
427		0.840896
427.125		0.840896
427.25		0.840896
427.375		0.840896
427.5		0.840896
427.625		0.840896
427.75		0.840896
427.875		0.840896
428		0.840896
428.125		0.840896
428.25		0.840896
428.375		0.840896
428.5		0.840896
428.625		0.840896
428.75		0.840896
428.875		0.840896
429		0.840896
429.125		0.840896
429.25		0.840896
429.375		0.840896
429.5		0.840896
429.625		0.840896
429.75		0.840896
429.875		0.840896
430		0.840896
430.125		0.845643
430.25		0.845643
430.375		0.845643
430.5		0.845643
430.625		0.845643
430.75		0.845643
430.875		0.845643
431		0.845643
431.125		0.845643
431.25		0.845643
431.375		0.845643
431.5		0.845643
431.625		0.845643
431.75		0.845643
431.875		0.845643
432		0.845643
432.125		0.845643
432.25		0.845643
432.375		0.845643
432.5		0.845643
432.625		0.845643
432.75		0.845643
432.875		0.845643
433		0.845643
433.125		0.845643
433.25		0.845643
433.375		0.845643
433.5		0.845643
433.625		0.845643
433.75		0.845643
433.875		0.845643
434		0.845643
434.125		0.845643
434.25		0.845643
434.375		0.845643
434.5		0.845643
434.625		0.845643
434.75		0.845643
434.875		0.845643
435		0.845643
435.125		0.847154
435.25		0.847154
435.375		0.847154
435.5		0.847154
435.625		0.847154
435.75		0.847154
435.875		0.847154
436		0.847154
436.125		0.847154
436.25		0.847154
436.375		0.847154
436.5		0.847154
436.625		0.847154
436.75		0.847154
436.875		0.847154
437		0.847154
437.125		0.847154
437.25		0.847154
437.375		0.847154
437.5		0.847154
437.625		0.847154
437.75		0.847154
437.875		0.847154
438		0.847154
438.125		0.847154
438.25		0.847154
438.375		0.847154
438.5		0.847154
438.625		0.847154
438.75		0.847154
438.875		0.847154
439		0.847154
439.125		0.847154
439.25		0.847154
439.375		0.847154
439.5		0.847154
439.625		0.847154
439.75		0.847154
439.875		0.847154
440		0.847154
440.125		0.848341
440.25		0.848341
440.375		0.848341
440.5		0.848341
440.625		0.848341
440.75		0.848341
440.875		0.848341
441		0.848341
441.125		0.848341
441.25		0.848341
441.375		0.848341
441.5		0.848341
441.625		0.848341
441.75		0.848341
441.875		0.848341
442		0.848341
442.125		0.848341
442.25		0.848341
442.375		0.848341
442.5		0.848341
442.625		0.848341
442.75		0.848341
442.875		0.848341
443		0.848341
443.125		0.848341
443.25		0.848341
443.375		0.848341
443.5		0.848341
443.625		0.848341
443.75		0.848341
443.875		0.848341
444		0.848341
444.125		0.848341
444.25		0.848341
444.375		0.848341
444.5		0.848341
444.625		0.848341
444.75		0.848341
444.875		0.848341
445		0.848341
445.125		0.86075
445.25		0.86075
445.375		0.86075
445.5		0.86075
445.625		0.86075
445.75		0.86075
445.875		0.86075
446		0.86075
446.125		0.86075
446.25		0.86075
446.375		0.86075
446.5		0.86075
446.625		0.86075
446.75		0.86075
446.875		0.86075
447		0.86075
447.125		0.86075
447.25		0.86075
447.375		0.86075
447.5		0.86075
447.625		0.86075
447.75		0.86075
447.875		0.86075
448		0.86075
448.125		0.86075
448.25		0.86075
448.375		0.86075
448.5		0.86075
448.625		0.86075
448.75		0.86075
448.875		0.86075
449		0.86075
449.125		0.86075
449.25		0.86075
449.375		0.86075
449.5		0.86075
449.625		0.86075
449.75		0.86075
449.875		0.86075
450		0.86075
450.125		0.885946
450.25		0.885946
450.375		0.885946
450.5		0.885946
450.625		0.885946
450.75		0.885946
450.875		0.885946
451		0.885946
451.125		0.885946
451.25		0.885946
451.375		0.885946
451.5		0.885946
451.625		0.885946
451.75		0.885946
451.875		0.885946
452		0.885946
452.125		0.885946
452.25		0.885946
452.375		0.885946
452.5		0.885946
452.625		0.885946
452.75		0.885946
452.875		0.885946
453		0.885946
453.125		0.885946
453.25		0.885946
453.375		0.885946
453.5		0.885946
453.625		0.885946
453.75		0.885946
453.875		0.885946
454		0.885946
454.125		0.885946
454.25		0.885946
454.375		0.885946
454.5		0.885946
454.625		0.885946
454.75		0.885946
454.875		0.885946
455		0.885946
455.125		0.900189
455.25		0.900189
455.375		0.900189
455.5		0.900189
455.625		0.900189
455.75		0.900189
455.875		0.900189
456		0.900189
456.125		0.900189
456.25		0.900189
456.375		0.900189
456.5		0.900189
456.625		0.900189
456.75		0.900189
456.875		0.900189
457		0.900189
457.125		0.900189
457.25		0.900189
457.375		0.900189
457.5		0.900189
457.625		0.900189
457.75		0.900189
457.875		0.900189
458		0.900189
458.125		0.900189
458.25		0.900189
458.375		0.900189
458.5		0.900189
458.625		0.900189
458.75		0.900189
458.875		0.900189
459		0.900189
459.125		0.900189
459.25		0.900189
459.375		0.900189
459.5		0.900189
459.625		0.900189
459.75		0.900189
459.875		0.900189
460		0.900189
460.125		0.909469
460.25		0.909469
460.375		0.909469
460.5		0.909469
460.625		0.909469
460.75		0.909469
460.875		0.909469
461		0.909469
461.125		0.909469
461.25		0.909469
461.375		0.909469
461.5		0.909469
461.625		0.909469
461.75		0.909469
461.875		0.909469
462		0.909469
462.125		0.909469
462.25		0.909469
462.375		0.909469
462.5		0.909469
462.625		0.909469
462.75		0.909469
462.875		0.909469
463		0.909469
463.125		0.909469
463.25		0.909469
463.375		0.909469
463.5		0.909469
463.625		0.909469
463.75		0.909469
463.875		0.909469
464		0.909469
464.125		0.909469
464.25		0.909469
464.375		0.909469
464.5		0.909469
464.625		0.909469
464.75		0.909469
464.875		0.909469
465		0.909469
465.125		0.910763
465.25		0.910763
465.375		0.910763
465.5		0.910763
465.625		0.910763
465.75		0.910763
465.875		0.910763
466		0.910763
466.125		0.910763
466.25		0.910763
466.375		0.910763
466.5		0.910763
466.625		0.910763
466.75		0.910763
466.875		0.910763
467		0.910763
467.125		0.910763
467.25		0.910763
467.375		0.910763
467.5		0.910763
467.625		0.910763
467.75		0.910763
467.875		0.910763
468		0.910763
468.125		0.910763
468.25		0.910763
468.375		0.910763
468.5		0.910763
468.625		0.910763
468.75		0.910763
468.875		0.910763
469		0.910763
469.125		0.910763
469.25		0.910763
469.375		0.910763
469.5		0.910763
469.625		0.910763
469.75		0.910763
469.875		0.910763
470		0.910763
470.125		0.932344
470.25		0.932344
470.375		0.932344
470.5		0.932344
470.625		0.932344
470.75		0.932344
470.875		0.932344
471		0.932344
471.125		0.932344
471.25		0.932344
471.375		0.932344
471.5		0.932344
471.625		0.932344
471.75		0.932344
471.875		0.932344
472		0.932344
472.125		0.932344
472.25		0.932344
472.375		0.932344
472.5		0.932344
472.625		0.932344
472.75		0.932344
472.875		0.932344
473		0.932344
473.125		0.932344
473.25		0.932344
473.375		0.932344
473.5		0.932344
473.625		0.932344
473.75		0.932344
473.875		0.932344
474		0.932344
474.125		0.932344
474.25		0.932344
474.375		0.932344
474.5		0.932344
474.625		0.932344
474.75		0.932344
474.875		0.932344
475		0.932344
475.125		0.933801
475.25		0.933801
475.375		0.933801
475.5		0.933801
475.625		0.933801
475.75		0.933801
475.875		0.933801
476		0.933801
476.125		0.933801
476.25		0.933801
476.375		0.933801
476.5		0.933801
476.625		0.933801
476.75		0.933801
476.875		0.933801
477		0.933801
477.125		0.933801
477.25		0.933801
477.375		0.933801
477.5		0.933801
477.625		0.933801
477.75		0.933801
477.875		0.933801
478		0.933801
478.125		0.933801
478.25		0.933801
478.375		0.933801
478.5		0.933801
478.625		0.933801
478.75		0.933801
478.875		0.933801
479		0.933801
479.125		0.933801
479.25		0.933801
479.375		0.933801
479.5		0.933801
479.625		0.933801
479.75		0.933801
479.875		0.933801
480		0.933801
480.125		0.955651
480.25		0.955651
480.375		0.955651
480.5		0.955651
480.625		0.955651
480.75		0.955651
480.875		0.955651
481		0.955651
481.125		0.955651
481.25		0.955651
481.375		0.955651
481.5		0.955651
481.625		0.955651
481.75		0.955651
481.875		0.955651
482		0.955651
482.125		0.955651
482.25		0.955651
482.375		0.955651
482.5		0.955651
482.625		0.955651
482.75		0.955651
482.875		0.955651
483		0.955651
483.125		0.955651
483.25		0.955651
483.375		0.955651
483.5		0.955651
483.625		0.955651
483.75		0.955651
483.875		0.955651
484		0.955651
484.125		0.955651
484.25		0.955651
484.375		0.955651
484.5		0.955651
484.625		0.955651
484.75		0.955651
484.875		0.955651
485		0.955651
485.125		0.966064
485.25		0.966064
485.375		0.966064
485.5		0.966064
485.625		0.966064
485.75		0.966064
485.875		0.966064
486		0.966064
486.125		0.966064
486.25		0.966064
486.375		0.966064
486.5		0.966064
486.625		0.966064
486.75		0.966064
486.875		0.966064
487		0.966064
487.125		0.966064
487.25		0.966064
487.375		0.966064
487.5		0.966064
487.625		0.966064
487.75		0.966064
487.875		0.966064
488		0.966064
488.125		0.966064
488.25		0.966064
488.375		0.966064
488.5		0.966064
488.625		0.966064
488.75		0.966064
488.875		0.966064
489		0.966064
489.125		0.966064
489.25		0.966064
489.375		0.966064
489.5		0.966064
489.625		0.966064
489.75		0.966064
489.875		0.966064
490		0.966064
490.125		0.967089
490.25		0.967089
490.375		0.967089
490.5		0.967089
490.625		0.967089
490.75		0.967089
490.875		0.967089
491		0.967089
491.125		0.967089
491.25		0.967089
491.375		0.967089
491.5		0.967089
491.625		0.967089
491.75		0.967089
491.875		0.967089
492		0.967089
492.125		0.967089
492.25		0.967089
492.375		0.967089
492.5		0.967089
492.625		0.967089
492.75		0.967089
492.875		0.967089
493		0.967089
493.125		0.967089
493.25		0.967089
493.375		0.967089
493.5		0.967089
493.625		0.967089
493.75		0.967089
493.875		0.967089
494		0.967089
494.125		0.967089
494.25		0.967089
494.375		0.967089
494.5		0.967089
494.625		0.967089
494.75		0.967089
494.875		0.967089
495		0.967089
495.125		1
495.25		1
495.375		1
495.5		1
495.625		1
495.75		1
495.875		1
496		1
496.125		1
496.25		1
496.375		1
496.5		1
496.625		1
496.75		1
496.875		1
497		1
497.125		1
497.25		1
497.375		1
497.5		1
497.625		1
497.75		1
497.875		1
498		1
498.125		1
498.25		1
498.375		1
498.5		1
498.625		1
498.75		1
498.875		1
499		1
499.125		1
499.25		1
499.375		1
499.5		1
499.625		1
499.75		1
499.875		1
500		1
