# Calibration file of tamex_id 1 @ channel 2
# fine_T bin		 Calibration value
0.125		0
0.25		0
0.375		0
0.5		0
0.625		0
0.75		0
0.875		0
1		0
1.125		0
1.25		0
1.375		0
1.5		0
1.625		0
1.75		0
1.875		0
2		0
2.125		0
2.25		0
2.375		0
2.5		0
2.625		0
2.75		0
2.875		0
3		0
3.125		0
3.25		0
3.375		0
3.5		0
3.625		0
3.75		0
3.875		0
4		0
4.125		0
4.25		0
4.375		0
4.5		0
4.625		0
4.75		0
4.875		0
5		0
5.125		0
5.25		0
5.375		0
5.5		0
5.625		0
5.75		0
5.875		0
6		0
6.125		0
6.25		0
6.375		0
6.5		0
6.625		0
6.75		0
6.875		0
7		0
7.125		0
7.25		0
7.375		0
7.5		0
7.625		0
7.75		0
7.875		0
8		0
8.125		0
8.25		0
8.375		0
8.5		0
8.625		0
8.75		0
8.875		0
9		0
9.125		0
9.25		0
9.375		0
9.5		0
9.625		0
9.75		0
9.875		0
10		0
10.125		0
10.25		0
10.375		0
10.5		0
10.625		0
10.75		0
10.875		0
11		0
11.125		0
11.25		0
11.375		0
11.5		0
11.625		0
11.75		0
11.875		0
12		0
12.125		0
12.25		0
12.375		0
12.5		0
12.625		0
12.75		0
12.875		0
13		0
13.125		0
13.25		0
13.375		0
13.5		0
13.625		0
13.75		0
13.875		0
14		0
14.125		0
14.25		0
14.375		0
14.5		0
14.625		0
14.75		0
14.875		0
15		0
15.125		0
15.25		0
15.375		0
15.5		0
15.625		0
15.75		0
15.875		0
16		0
16.125		0
16.25		0
16.375		0
16.5		0
16.625		0
16.75		0
16.875		0
17		0
17.125		0
17.25		0
17.375		0
17.5		0
17.625		0
17.75		0
17.875		0
18		0
18.125		0
18.25		0
18.375		0
18.5		0
18.625		0
18.75		0
18.875		0
19		0
19.125		0
19.25		0
19.375		0
19.5		0
19.625		0
19.75		0
19.875		0
20		0
20.125		0
20.25		0
20.375		0
20.5		0
20.625		0
20.75		0
20.875		0
21		0
21.125		0
21.25		0
21.375		0
21.5		0
21.625		0
21.75		0
21.875		0
22		0
22.125		0
22.25		0
22.375		0
22.5		0
22.625		0
22.75		0
22.875		0
23		0
23.125		0
23.25		0
23.375		0
23.5		0
23.625		0
23.75		0
23.875		0
24		0
24.125		0
24.25		0
24.375		0
24.5		0
24.625		0
24.75		0
24.875		0
25		0
25.125		0
25.25		0
25.375		0
25.5		0
25.625		0
25.75		0
25.875		0
26		0
26.125		0
26.25		0
26.375		0
26.5		0
26.625		0
26.75		0
26.875		0
27		0
27.125		0
27.25		0
27.375		0
27.5		0
27.625		0
27.75		0
27.875		0
28		0
28.125		0
28.25		0
28.375		0
28.5		0
28.625		0
28.75		0
28.875		0
29		0
29.125		0
29.25		0
29.375		0
29.5		0
29.625		0
29.75		0
29.875		0
30		0
30.125		0
30.25		0
30.375		0
30.5		0
30.625		0
30.75		0
30.875		0
31		0
31.125		0
31.25		0
31.375		0
31.5		0
31.625		0
31.75		0
31.875		0
32		0
32.125		0
32.25		0
32.375		0
32.5		0
32.625		0
32.75		0
32.875		0
33		0
33.125		0
33.25		0
33.375		0
33.5		0
33.625		0
33.75		0
33.875		0
34		0
34.125		0
34.25		0
34.375		0
34.5		0
34.625		0
34.75		0
34.875		0
35		0
35.125		0
35.25		0
35.375		0
35.5		0
35.625		0
35.75		0
35.875		0
36		0
36.125		0
36.25		0
36.375		0
36.5		0
36.625		0
36.75		0
36.875		0
37		0
37.125		0
37.25		0
37.375		0
37.5		0
37.625		0
37.75		0
37.875		0
38		0
38.125		0
38.25		0
38.375		0
38.5		0
38.625		0
38.75		0
38.875		0
39		0
39.125		0
39.25		0
39.375		0
39.5		0
39.625		0
39.75		0
39.875		0
40		0
40.125		0
40.25		0
40.375		0
40.5		0
40.625		0
40.75		0
40.875		0
41		0
41.125		0
41.25		0
41.375		0
41.5		0
41.625		0
41.75		0
41.875		0
42		0
42.125		0
42.25		0
42.375		0
42.5		0
42.625		0
42.75		0
42.875		0
43		0
43.125		0
43.25		0
43.375		0
43.5		0
43.625		0
43.75		0
43.875		0
44		0
44.125		0
44.25		0
44.375		0
44.5		0
44.625		0
44.75		0
44.875		0
45		0
45.125		0
45.25		0
45.375		0
45.5		0
45.625		0
45.75		0
45.875		0
46		0
46.125		0
46.25		0
46.375		0
46.5		0
46.625		0
46.75		0
46.875		0
47		0
47.125		0
47.25		0
47.375		0
47.5		0
47.625		0
47.75		0
47.875		0
48		0
48.125		0
48.25		0
48.375		0
48.5		0
48.625		0
48.75		0
48.875		0
49		0
49.125		0
49.25		0
49.375		0
49.5		0
49.625		0
49.75		0
49.875		0
50		0
50.125		0
50.25		0
50.375		0
50.5		0
50.625		0
50.75		0
50.875		0
51		0
51.125		0
51.25		0
51.375		0
51.5		0
51.625		0
51.75		0
51.875		0
52		0
52.125		0
52.25		0
52.375		0
52.5		0
52.625		0
52.75		0
52.875		0
53		0
53.125		0
53.25		0
53.375		0
53.5		0
53.625		0
53.75		0
53.875		0
54		0
54.125		0
54.25		0
54.375		0
54.5		0
54.625		0
54.75		0
54.875		0
55		0
55.125		0
55.25		0
55.375		0
55.5		0
55.625		0
55.75		0
55.875		0
56		0
56.125		0
56.25		0
56.375		0
56.5		0
56.625		0
56.75		0
56.875		0
57		0
57.125		0
57.25		0
57.375		0
57.5		0
57.625		0
57.75		0
57.875		0
58		0
58.125		0
58.25		0
58.375		0
58.5		0
58.625		0
58.75		0
58.875		0
59		0
59.125		0
59.25		0
59.375		0
59.5		0
59.625		0
59.75		0
59.875		0
60		0
60.125		0
60.25		0
60.375		0
60.5		0
60.625		0
60.75		0
60.875		0
61		0
61.125		0
61.25		0
61.375		0
61.5		0
61.625		0
61.75		0
61.875		0
62		0
62.125		0
62.25		0
62.375		0
62.5		0
62.625		0
62.75		0
62.875		0
63		0
63.125		0
63.25		0
63.375		0
63.5		0
63.625		0
63.75		0
63.875		0
64		0
64.125		0
64.25		0
64.375		0
64.5		0
64.625		0
64.75		0
64.875		0
65		0
65.125		0
65.25		0
65.375		0
65.5		0
65.625		0
65.75		0
65.875		0
66		0
66.125		0
66.25		0
66.375		0
66.5		0
66.625		0
66.75		0
66.875		0
67		0
67.125		0
67.25		0
67.375		0
67.5		0
67.625		0
67.75		0
67.875		0
68		0
68.125		0
68.25		0
68.375		0
68.5		0
68.625		0
68.75		0
68.875		0
69		0
69.125		0
69.25		0
69.375		0
69.5		0
69.625		0
69.75		0
69.875		0
70		0
70.125		0
70.25		0
70.375		0
70.5		0
70.625		0
70.75		0
70.875		0
71		0
71.125		0
71.25		0
71.375		0
71.5		0
71.625		0
71.75		0
71.875		0
72		0
72.125		0
72.25		0
72.375		0
72.5		0
72.625		0
72.75		0
72.875		0
73		0
73.125		0
73.25		0
73.375		0
73.5		0
73.625		0
73.75		0
73.875		0
74		0
74.125		0
74.25		0
74.375		0
74.5		0
74.625		0
74.75		0
74.875		0
75		0
75.125		0
75.25		0
75.375		0
75.5		0
75.625		0
75.75		0
75.875		0
76		0
76.125		0
76.25		0
76.375		0
76.5		0
76.625		0
76.75		0
76.875		0
77		0
77.125		0
77.25		0
77.375		0
77.5		0
77.625		0
77.75		0
77.875		0
78		0
78.125		0
78.25		0
78.375		0
78.5		0
78.625		0
78.75		0
78.875		0
79		0
79.125		0
79.25		0
79.375		0
79.5		0
79.625		0
79.75		0
79.875		0
80		0
80.125		0.0385207
80.25		0.0385207
80.375		0.0385207
80.5		0.0385207
80.625		0.0385207
80.75		0.0385207
80.875		0.0385207
81		0.0385207
81.125		0.0385207
81.25		0.0385207
81.375		0.0385207
81.5		0.0385207
81.625		0.0385207
81.75		0.0385207
81.875		0.0385207
82		0.0385207
82.125		0.0385207
82.25		0.0385207
82.375		0.0385207
82.5		0.0385207
82.625		0.0385207
82.75		0.0385207
82.875		0.0385207
83		0.0385207
83.125		0.0385207
83.25		0.0385207
83.375		0.0385207
83.5		0.0385207
83.625		0.0385207
83.75		0.0385207
83.875		0.0385207
84		0.0385207
84.125		0.0385207
84.25		0.0385207
84.375		0.0385207
84.5		0.0385207
84.625		0.0385207
84.75		0.0385207
84.875		0.0385207
85		0.0385207
85.125		0.0547862
85.25		0.0547862
85.375		0.0547862
85.5		0.0547862
85.625		0.0547862
85.75		0.0547862
85.875		0.0547862
86		0.0547862
86.125		0.0547862
86.25		0.0547862
86.375		0.0547862
86.5		0.0547862
86.625		0.0547862
86.75		0.0547862
86.875		0.0547862
87		0.0547862
87.125		0.0547862
87.25		0.0547862
87.375		0.0547862
87.5		0.0547862
87.625		0.0547862
87.75		0.0547862
87.875		0.0547862
88		0.0547862
88.125		0.0547862
88.25		0.0547862
88.375		0.0547862
88.5		0.0547862
88.625		0.0547862
88.75		0.0547862
88.875		0.0547862
89		0.0547862
89.125		0.0547862
89.25		0.0547862
89.375		0.0547862
89.5		0.0547862
89.625		0.0547862
89.75		0.0547862
89.875		0.0547862
90		0.0547862
90.125		0.0575338
90.25		0.0575338
90.375		0.0575338
90.5		0.0575338
90.625		0.0575338
90.75		0.0575338
90.875		0.0575338
91		0.0575338
91.125		0.0575338
91.25		0.0575338
91.375		0.0575338
91.5		0.0575338
91.625		0.0575338
91.75		0.0575338
91.875		0.0575338
92		0.0575338
92.125		0.0575338
92.25		0.0575338
92.375		0.0575338
92.5		0.0575338
92.625		0.0575338
92.75		0.0575338
92.875		0.0575338
93		0.0575338
93.125		0.0575338
93.25		0.0575338
93.375		0.0575338
93.5		0.0575338
93.625		0.0575338
93.75		0.0575338
93.875		0.0575338
94		0.0575338
94.125		0.0575338
94.25		0.0575338
94.375		0.0575338
94.5		0.0575338
94.625		0.0575338
94.75		0.0575338
94.875		0.0575338
95		0.0575338
95.125		0.0825915
95.25		0.0825915
95.375		0.0825915
95.5		0.0825915
95.625		0.0825915
95.75		0.0825915
95.875		0.0825915
96		0.0825915
96.125		0.0825915
96.25		0.0825915
96.375		0.0825915
96.5		0.0825915
96.625		0.0825915
96.75		0.0825915
96.875		0.0825915
97		0.0825915
97.125		0.0825915
97.25		0.0825915
97.375		0.0825915
97.5		0.0825915
97.625		0.0825915
97.75		0.0825915
97.875		0.0825915
98		0.0825915
98.125		0.0825915
98.25		0.0825915
98.375		0.0825915
98.5		0.0825915
98.625		0.0825915
98.75		0.0825915
98.875		0.0825915
99		0.0825915
99.125		0.0825915
99.25		0.0825915
99.375		0.0825915
99.5		0.0825915
99.625		0.0825915
99.75		0.0825915
99.875		0.0825915
100		0.0825915
100.125		0.103308
100.25		0.103308
100.375		0.103308
100.5		0.103308
100.625		0.103308
100.75		0.103308
100.875		0.103308
101		0.103308
101.125		0.103308
101.25		0.103308
101.375		0.103308
101.5		0.103308
101.625		0.103308
101.75		0.103308
101.875		0.103308
102		0.103308
102.125		0.103308
102.25		0.103308
102.375		0.103308
102.5		0.103308
102.625		0.103308
102.75		0.103308
102.875		0.103308
103		0.103308
103.125		0.103308
103.25		0.103308
103.375		0.103308
103.5		0.103308
103.625		0.103308
103.75		0.103308
103.875		0.103308
104		0.103308
104.125		0.103308
104.25		0.103308
104.375		0.103308
104.5		0.103308
104.625		0.103308
104.75		0.103308
104.875		0.103308
105		0.103308
105.125		0.122981
105.25		0.122981
105.375		0.122981
105.5		0.122981
105.625		0.122981
105.75		0.122981
105.875		0.122981
106		0.122981
106.125		0.122981
106.25		0.122981
106.375		0.122981
106.5		0.122981
106.625		0.122981
106.75		0.122981
106.875		0.122981
107		0.122981
107.125		0.122981
107.25		0.122981
107.375		0.122981
107.5		0.122981
107.625		0.122981
107.75		0.122981
107.875		0.122981
108		0.122981
108.125		0.122981
108.25		0.122981
108.375		0.122981
108.5		0.122981
108.625		0.122981
108.75		0.122981
108.875		0.122981
109		0.122981
109.125		0.122981
109.25		0.122981
109.375		0.122981
109.5		0.122981
109.625		0.122981
109.75		0.122981
109.875		0.122981
110		0.122981
110.125		0.124849
110.25		0.124849
110.375		0.124849
110.5		0.124849
110.625		0.124849
110.75		0.124849
110.875		0.124849
111		0.124849
111.125		0.124849
111.25		0.124849
111.375		0.124849
111.5		0.124849
111.625		0.124849
111.75		0.124849
111.875		0.124849
112		0.124849
112.125		0.124849
112.25		0.124849
112.375		0.124849
112.5		0.124849
112.625		0.124849
112.75		0.124849
112.875		0.124849
113		0.124849
113.125		0.124849
113.25		0.124849
113.375		0.124849
113.5		0.124849
113.625		0.124849
113.75		0.124849
113.875		0.124849
114		0.124849
114.125		0.124849
114.25		0.124849
114.375		0.124849
114.5		0.124849
114.625		0.124849
114.75		0.124849
114.875		0.124849
115		0.124849
115.125		0.143642
115.25		0.143642
115.375		0.143642
115.5		0.143642
115.625		0.143642
115.75		0.143642
115.875		0.143642
116		0.143642
116.125		0.143642
116.25		0.143642
116.375		0.143642
116.5		0.143642
116.625		0.143642
116.75		0.143642
116.875		0.143642
117		0.143642
117.125		0.143642
117.25		0.143642
117.375		0.143642
117.5		0.143642
117.625		0.143642
117.75		0.143642
117.875		0.143642
118		0.143642
118.125		0.143642
118.25		0.143642
118.375		0.143642
118.5		0.143642
118.625		0.143642
118.75		0.143642
118.875		0.143642
119		0.143642
119.125		0.143642
119.25		0.143642
119.375		0.143642
119.5		0.143642
119.625		0.143642
119.75		0.143642
119.875		0.143642
120		0.143642
120.125		0.161831
120.25		0.161831
120.375		0.161831
120.5		0.161831
120.625		0.161831
120.75		0.161831
120.875		0.161831
121		0.161831
121.125		0.161831
121.25		0.161831
121.375		0.161831
121.5		0.161831
121.625		0.161831
121.75		0.161831
121.875		0.161831
122		0.161831
122.125		0.161831
122.25		0.161831
122.375		0.161831
122.5		0.161831
122.625		0.161831
122.75		0.161831
122.875		0.161831
123		0.161831
123.125		0.161831
123.25		0.161831
123.375		0.161831
123.5		0.161831
123.625		0.161831
123.75		0.161831
123.875		0.161831
124		0.161831
124.125		0.161831
124.25		0.161831
124.375		0.161831
124.5		0.161831
124.625		0.161831
124.75		0.161831
124.875		0.161831
125		0.161831
125.125		0.165293
125.25		0.165293
125.375		0.165293
125.5		0.165293
125.625		0.165293
125.75		0.165293
125.875		0.165293
126		0.165293
126.125		0.165293
126.25		0.165293
126.375		0.165293
126.5		0.165293
126.625		0.165293
126.75		0.165293
126.875		0.165293
127		0.165293
127.125		0.165293
127.25		0.165293
127.375		0.165293
127.5		0.165293
127.625		0.165293
127.75		0.165293
127.875		0.165293
128		0.165293
128.125		0.165293
128.25		0.165293
128.375		0.165293
128.5		0.165293
128.625		0.165293
128.75		0.165293
128.875		0.165293
129		0.165293
129.125		0.165293
129.25		0.165293
129.375		0.165293
129.5		0.165293
129.625		0.165293
129.75		0.165293
129.875		0.165293
130		0.165293
130.125		0.169359
130.25		0.169359
130.375		0.169359
130.5		0.169359
130.625		0.169359
130.75		0.169359
130.875		0.169359
131		0.169359
131.125		0.169359
131.25		0.169359
131.375		0.169359
131.5		0.169359
131.625		0.169359
131.75		0.169359
131.875		0.169359
132		0.169359
132.125		0.169359
132.25		0.169359
132.375		0.169359
132.5		0.169359
132.625		0.169359
132.75		0.169359
132.875		0.169359
133		0.169359
133.125		0.169359
133.25		0.169359
133.375		0.169359
133.5		0.169359
133.625		0.169359
133.75		0.169359
133.875		0.169359
134		0.169359
134.125		0.169359
134.25		0.169359
134.375		0.169359
134.5		0.169359
134.625		0.169359
134.75		0.169359
134.875		0.169359
135		0.169359
135.125		0.185405
135.25		0.185405
135.375		0.185405
135.5		0.185405
135.625		0.185405
135.75		0.185405
135.875		0.185405
136		0.185405
136.125		0.185405
136.25		0.185405
136.375		0.185405
136.5		0.185405
136.625		0.185405
136.75		0.185405
136.875		0.185405
137		0.185405
137.125		0.185405
137.25		0.185405
137.375		0.185405
137.5		0.185405
137.625		0.185405
137.75		0.185405
137.875		0.185405
138		0.185405
138.125		0.185405
138.25		0.185405
138.375		0.185405
138.5		0.185405
138.625		0.185405
138.75		0.185405
138.875		0.185405
139		0.185405
139.125		0.185405
139.25		0.185405
139.375		0.185405
139.5		0.185405
139.625		0.185405
139.75		0.185405
139.875		0.185405
140		0.185405
140.125		0.196945
140.25		0.196945
140.375		0.196945
140.5		0.196945
140.625		0.196945
140.75		0.196945
140.875		0.196945
141		0.196945
141.125		0.196945
141.25		0.196945
141.375		0.196945
141.5		0.196945
141.625		0.196945
141.75		0.196945
141.875		0.196945
142		0.196945
142.125		0.196945
142.25		0.196945
142.375		0.196945
142.5		0.196945
142.625		0.196945
142.75		0.196945
142.875		0.196945
143		0.196945
143.125		0.196945
143.25		0.196945
143.375		0.196945
143.5		0.196945
143.625		0.196945
143.75		0.196945
143.875		0.196945
144		0.196945
144.125		0.196945
144.25		0.196945
144.375		0.196945
144.5		0.196945
144.625		0.196945
144.75		0.196945
144.875		0.196945
145		0.196945
145.125		0.204693
145.25		0.204693
145.375		0.204693
145.5		0.204693
145.625		0.204693
145.75		0.204693
145.875		0.204693
146		0.204693
146.125		0.204693
146.25		0.204693
146.375		0.204693
146.5		0.204693
146.625		0.204693
146.75		0.204693
146.875		0.204693
147		0.204693
147.125		0.204693
147.25		0.204693
147.375		0.204693
147.5		0.204693
147.625		0.204693
147.75		0.204693
147.875		0.204693
148		0.204693
148.125		0.204693
148.25		0.204693
148.375		0.204693
148.5		0.204693
148.625		0.204693
148.75		0.204693
148.875		0.204693
149		0.204693
149.125		0.204693
149.25		0.204693
149.375		0.204693
149.5		0.204693
149.625		0.204693
149.75		0.204693
149.875		0.204693
150		0.204693
150.125		0.205572
150.25		0.205572
150.375		0.205572
150.5		0.205572
150.625		0.205572
150.75		0.205572
150.875		0.205572
151		0.205572
151.125		0.205572
151.25		0.205572
151.375		0.205572
151.5		0.205572
151.625		0.205572
151.75		0.205572
151.875		0.205572
152		0.205572
152.125		0.205572
152.25		0.205572
152.375		0.205572
152.5		0.205572
152.625		0.205572
152.75		0.205572
152.875		0.205572
153		0.205572
153.125		0.205572
153.25		0.205572
153.375		0.205572
153.5		0.205572
153.625		0.205572
153.75		0.205572
153.875		0.205572
154		0.205572
154.125		0.205572
154.25		0.205572
154.375		0.205572
154.5		0.205572
154.625		0.205572
154.75		0.205572
154.875		0.205572
155		0.205572
155.125		0.224475
155.25		0.224475
155.375		0.224475
155.5		0.224475
155.625		0.224475
155.75		0.224475
155.875		0.224475
156		0.224475
156.125		0.224475
156.25		0.224475
156.375		0.224475
156.5		0.224475
156.625		0.224475
156.75		0.224475
156.875		0.224475
157		0.224475
157.125		0.224475
157.25		0.224475
157.375		0.224475
157.5		0.224475
157.625		0.224475
157.75		0.224475
157.875		0.224475
158		0.224475
158.125		0.224475
158.25		0.224475
158.375		0.224475
158.5		0.224475
158.625		0.224475
158.75		0.224475
158.875		0.224475
159		0.224475
159.125		0.224475
159.25		0.224475
159.375		0.224475
159.5		0.224475
159.625		0.224475
159.75		0.224475
159.875		0.224475
160		0.224475
160.125		0.239971
160.25		0.239971
160.375		0.239971
160.5		0.239971
160.625		0.239971
160.75		0.239971
160.875		0.239971
161		0.239971
161.125		0.239971
161.25		0.239971
161.375		0.239971
161.5		0.239971
161.625		0.239971
161.75		0.239971
161.875		0.239971
162		0.239971
162.125		0.239971
162.25		0.239971
162.375		0.239971
162.5		0.239971
162.625		0.239971
162.75		0.239971
162.875		0.239971
163		0.239971
163.125		0.239971
163.25		0.239971
163.375		0.239971
163.5		0.239971
163.625		0.239971
163.75		0.239971
163.875		0.239971
164		0.239971
164.125		0.239971
164.25		0.239971
164.375		0.239971
164.5		0.239971
164.625		0.239971
164.75		0.239971
164.875		0.239971
165		0.239971
165.125		0.248269
165.25		0.248269
165.375		0.248269
165.5		0.248269
165.625		0.248269
165.75		0.248269
165.875		0.248269
166		0.248269
166.125		0.248269
166.25		0.248269
166.375		0.248269
166.5		0.248269
166.625		0.248269
166.75		0.248269
166.875		0.248269
167		0.248269
167.125		0.248269
167.25		0.248269
167.375		0.248269
167.5		0.248269
167.625		0.248269
167.75		0.248269
167.875		0.248269
168		0.248269
168.125		0.248269
168.25		0.248269
168.375		0.248269
168.5		0.248269
168.625		0.248269
168.75		0.248269
168.875		0.248269
169		0.248269
169.125		0.248269
169.25		0.248269
169.375		0.248269
169.5		0.248269
169.625		0.248269
169.75		0.248269
169.875		0.248269
170		0.248269
170.125		0.252445
170.25		0.252445
170.375		0.252445
170.5		0.252445
170.625		0.252445
170.75		0.252445
170.875		0.252445
171		0.252445
171.125		0.252445
171.25		0.252445
171.375		0.252445
171.5		0.252445
171.625		0.252445
171.75		0.252445
171.875		0.252445
172		0.252445
172.125		0.252445
172.25		0.252445
172.375		0.252445
172.5		0.252445
172.625		0.252445
172.75		0.252445
172.875		0.252445
173		0.252445
173.125		0.252445
173.25		0.252445
173.375		0.252445
173.5		0.252445
173.625		0.252445
173.75		0.252445
173.875		0.252445
174		0.252445
174.125		0.252445
174.25		0.252445
174.375		0.252445
174.5		0.252445
174.625		0.252445
174.75		0.252445
174.875		0.252445
175		0.252445
175.125		0.257885
175.25		0.257885
175.375		0.257885
175.5		0.257885
175.625		0.257885
175.75		0.257885
175.875		0.257885
176		0.257885
176.125		0.257885
176.25		0.257885
176.375		0.257885
176.5		0.257885
176.625		0.257885
176.75		0.257885
176.875		0.257885
177		0.257885
177.125		0.257885
177.25		0.257885
177.375		0.257885
177.5		0.257885
177.625		0.257885
177.75		0.257885
177.875		0.257885
178		0.257885
178.125		0.257885
178.25		0.257885
178.375		0.257885
178.5		0.257885
178.625		0.257885
178.75		0.257885
178.875		0.257885
179		0.257885
179.125		0.257885
179.25		0.257885
179.375		0.257885
179.5		0.257885
179.625		0.257885
179.75		0.257885
179.875		0.257885
180		0.257885
180.125		0.288383
180.25		0.288383
180.375		0.288383
180.5		0.288383
180.625		0.288383
180.75		0.288383
180.875		0.288383
181		0.288383
181.125		0.288383
181.25		0.288383
181.375		0.288383
181.5		0.288383
181.625		0.288383
181.75		0.288383
181.875		0.288383
182		0.288383
182.125		0.288383
182.25		0.288383
182.375		0.288383
182.5		0.288383
182.625		0.288383
182.75		0.288383
182.875		0.288383
183		0.288383
183.125		0.288383
183.25		0.288383
183.375		0.288383
183.5		0.288383
183.625		0.288383
183.75		0.288383
183.875		0.288383
184		0.288383
184.125		0.288383
184.25		0.288383
184.375		0.288383
184.5		0.288383
184.625		0.288383
184.75		0.288383
184.875		0.288383
185		0.288383
185.125		0.296626
185.25		0.296626
185.375		0.296626
185.5		0.296626
185.625		0.296626
185.75		0.296626
185.875		0.296626
186		0.296626
186.125		0.296626
186.25		0.296626
186.375		0.296626
186.5		0.296626
186.625		0.296626
186.75		0.296626
186.875		0.296626
187		0.296626
187.125		0.296626
187.25		0.296626
187.375		0.296626
187.5		0.296626
187.625		0.296626
187.75		0.296626
187.875		0.296626
188		0.296626
188.125		0.296626
188.25		0.296626
188.375		0.296626
188.5		0.296626
188.625		0.296626
188.75		0.296626
188.875		0.296626
189		0.296626
189.125		0.296626
189.25		0.296626
189.375		0.296626
189.5		0.296626
189.625		0.296626
189.75		0.296626
189.875		0.296626
190		0.296626
190.125		0.301627
190.25		0.301627
190.375		0.301627
190.5		0.301627
190.625		0.301627
190.75		0.301627
190.875		0.301627
191		0.301627
191.125		0.301627
191.25		0.301627
191.375		0.301627
191.5		0.301627
191.625		0.301627
191.75		0.301627
191.875		0.301627
192		0.301627
192.125		0.301627
192.25		0.301627
192.375		0.301627
192.5		0.301627
192.625		0.301627
192.75		0.301627
192.875		0.301627
193		0.301627
193.125		0.301627
193.25		0.301627
193.375		0.301627
193.5		0.301627
193.625		0.301627
193.75		0.301627
193.875		0.301627
194		0.301627
194.125		0.301627
194.25		0.301627
194.375		0.301627
194.5		0.301627
194.625		0.301627
194.75		0.301627
194.875		0.301627
195		0.301627
195.125		0.310364
195.25		0.310364
195.375		0.310364
195.5		0.310364
195.625		0.310364
195.75		0.310364
195.875		0.310364
196		0.310364
196.125		0.310364
196.25		0.310364
196.375		0.310364
196.5		0.310364
196.625		0.310364
196.75		0.310364
196.875		0.310364
197		0.310364
197.125		0.310364
197.25		0.310364
197.375		0.310364
197.5		0.310364
197.625		0.310364
197.75		0.310364
197.875		0.310364
198		0.310364
198.125		0.310364
198.25		0.310364
198.375		0.310364
198.5		0.310364
198.625		0.310364
198.75		0.310364
198.875		0.310364
199		0.310364
199.125		0.310364
199.25		0.310364
199.375		0.310364
199.5		0.310364
199.625		0.310364
199.75		0.310364
199.875		0.310364
200		0.310364
200.125		0.319376
200.25		0.319376
200.375		0.319376
200.5		0.319376
200.625		0.319376
200.75		0.319376
200.875		0.319376
201		0.319376
201.125		0.319376
201.25		0.319376
201.375		0.319376
201.5		0.319376
201.625		0.319376
201.75		0.319376
201.875		0.319376
202		0.319376
202.125		0.319376
202.25		0.319376
202.375		0.319376
202.5		0.319376
202.625		0.319376
202.75		0.319376
202.875		0.319376
203		0.319376
203.125		0.319376
203.25		0.319376
203.375		0.319376
203.5		0.319376
203.625		0.319376
203.75		0.319376
203.875		0.319376
204		0.319376
204.125		0.319376
204.25		0.319376
204.375		0.319376
204.5		0.319376
204.625		0.319376
204.75		0.319376
204.875		0.319376
205		0.319376
205.125		0.341686
205.25		0.341686
205.375		0.341686
205.5		0.341686
205.625		0.341686
205.75		0.341686
205.875		0.341686
206		0.341686
206.125		0.341686
206.25		0.341686
206.375		0.341686
206.5		0.341686
206.625		0.341686
206.75		0.341686
206.875		0.341686
207		0.341686
207.125		0.341686
207.25		0.341686
207.375		0.341686
207.5		0.341686
207.625		0.341686
207.75		0.341686
207.875		0.341686
208		0.341686
208.125		0.341686
208.25		0.341686
208.375		0.341686
208.5		0.341686
208.625		0.341686
208.75		0.341686
208.875		0.341686
209		0.341686
209.125		0.341686
209.25		0.341686
209.375		0.341686
209.5		0.341686
209.625		0.341686
209.75		0.341686
209.875		0.341686
210		0.341686
210.125		0.349269
210.25		0.349269
210.375		0.349269
210.5		0.349269
210.625		0.349269
210.75		0.349269
210.875		0.349269
211		0.349269
211.125		0.349269
211.25		0.349269
211.375		0.349269
211.5		0.349269
211.625		0.349269
211.75		0.349269
211.875		0.349269
212		0.349269
212.125		0.349269
212.25		0.349269
212.375		0.349269
212.5		0.349269
212.625		0.349269
212.75		0.349269
212.875		0.349269
213		0.349269
213.125		0.349269
213.25		0.349269
213.375		0.349269
213.5		0.349269
213.625		0.349269
213.75		0.349269
213.875		0.349269
214		0.349269
214.125		0.349269
214.25		0.349269
214.375		0.349269
214.5		0.349269
214.625		0.349269
214.75		0.349269
214.875		0.349269
215		0.349269
215.125		0.353775
215.25		0.353775
215.375		0.353775
215.5		0.353775
215.625		0.353775
215.75		0.353775
215.875		0.353775
216		0.353775
216.125		0.353775
216.25		0.353775
216.375		0.353775
216.5		0.353775
216.625		0.353775
216.75		0.353775
216.875		0.353775
217		0.353775
217.125		0.353775
217.25		0.353775
217.375		0.353775
217.5		0.353775
217.625		0.353775
217.75		0.353775
217.875		0.353775
218		0.353775
218.125		0.353775
218.25		0.353775
218.375		0.353775
218.5		0.353775
218.625		0.353775
218.75		0.353775
218.875		0.353775
219		0.353775
219.125		0.353775
219.25		0.353775
219.375		0.353775
219.5		0.353775
219.625		0.353775
219.75		0.353775
219.875		0.353775
220		0.353775
220.125		0.370206
220.25		0.370206
220.375		0.370206
220.5		0.370206
220.625		0.370206
220.75		0.370206
220.875		0.370206
221		0.370206
221.125		0.370206
221.25		0.370206
221.375		0.370206
221.5		0.370206
221.625		0.370206
221.75		0.370206
221.875		0.370206
222		0.370206
222.125		0.370206
222.25		0.370206
222.375		0.370206
222.5		0.370206
222.625		0.370206
222.75		0.370206
222.875		0.370206
223		0.370206
223.125		0.370206
223.25		0.370206
223.375		0.370206
223.5		0.370206
223.625		0.370206
223.75		0.370206
223.875		0.370206
224		0.370206
224.125		0.370206
224.25		0.370206
224.375		0.370206
224.5		0.370206
224.625		0.370206
224.75		0.370206
224.875		0.370206
225		0.370206
225.125		0.378668
225.25		0.378668
225.375		0.378668
225.5		0.378668
225.625		0.378668
225.75		0.378668
225.875		0.378668
226		0.378668
226.125		0.378668
226.25		0.378668
226.375		0.378668
226.5		0.378668
226.625		0.378668
226.75		0.378668
226.875		0.378668
227		0.378668
227.125		0.378668
227.25		0.378668
227.375		0.378668
227.5		0.378668
227.625		0.378668
227.75		0.378668
227.875		0.378668
228		0.378668
228.125		0.378668
228.25		0.378668
228.375		0.378668
228.5		0.378668
228.625		0.378668
228.75		0.378668
228.875		0.378668
229		0.378668
229.125		0.378668
229.25		0.378668
229.375		0.378668
229.5		0.378668
229.625		0.378668
229.75		0.378668
229.875		0.378668
230		0.378668
230.125		0.394219
230.25		0.394219
230.375		0.394219
230.5		0.394219
230.625		0.394219
230.75		0.394219
230.875		0.394219
231		0.394219
231.125		0.394219
231.25		0.394219
231.375		0.394219
231.5		0.394219
231.625		0.394219
231.75		0.394219
231.875		0.394219
232		0.394219
232.125		0.394219
232.25		0.394219
232.375		0.394219
232.5		0.394219
232.625		0.394219
232.75		0.394219
232.875		0.394219
233		0.394219
233.125		0.394219
233.25		0.394219
233.375		0.394219
233.5		0.394219
233.625		0.394219
233.75		0.394219
233.875		0.394219
234		0.394219
234.125		0.394219
234.25		0.394219
234.375		0.394219
234.5		0.394219
234.625		0.394219
234.75		0.394219
234.875		0.394219
235		0.394219
235.125		0.403781
235.25		0.403781
235.375		0.403781
235.5		0.403781
235.625		0.403781
235.75		0.403781
235.875		0.403781
236		0.403781
236.125		0.403781
236.25		0.403781
236.375		0.403781
236.5		0.403781
236.625		0.403781
236.75		0.403781
236.875		0.403781
237		0.403781
237.125		0.403781
237.25		0.403781
237.375		0.403781
237.5		0.403781
237.625		0.403781
237.75		0.403781
237.875		0.403781
238		0.403781
238.125		0.403781
238.25		0.403781
238.375		0.403781
238.5		0.403781
238.625		0.403781
238.75		0.403781
238.875		0.403781
239		0.403781
239.125		0.403781
239.25		0.403781
239.375		0.403781
239.5		0.403781
239.625		0.403781
239.75		0.403781
239.875		0.403781
240		0.403781
240.125		0.408506
240.25		0.408506
240.375		0.408506
240.5		0.408506
240.625		0.408506
240.75		0.408506
240.875		0.408506
241		0.408506
241.125		0.408506
241.25		0.408506
241.375		0.408506
241.5		0.408506
241.625		0.408506
241.75		0.408506
241.875		0.408506
242		0.408506
242.125		0.408506
242.25		0.408506
242.375		0.408506
242.5		0.408506
242.625		0.408506
242.75		0.408506
242.875		0.408506
243		0.408506
243.125		0.408506
243.25		0.408506
243.375		0.408506
243.5		0.408506
243.625		0.408506
243.75		0.408506
243.875		0.408506
244		0.408506
244.125		0.408506
244.25		0.408506
244.375		0.408506
244.5		0.408506
244.625		0.408506
244.75		0.408506
244.875		0.408506
245		0.408506
245.125		0.426201
245.25		0.426201
245.375		0.426201
245.5		0.426201
245.625		0.426201
245.75		0.426201
245.875		0.426201
246		0.426201
246.125		0.426201
246.25		0.426201
246.375		0.426201
246.5		0.426201
246.625		0.426201
246.75		0.426201
246.875		0.426201
247		0.426201
247.125		0.426201
247.25		0.426201
247.375		0.426201
247.5		0.426201
247.625		0.426201
247.75		0.426201
247.875		0.426201
248		0.426201
248.125		0.426201
248.25		0.426201
248.375		0.426201
248.5		0.426201
248.625		0.426201
248.75		0.426201
248.875		0.426201
249		0.426201
249.125		0.426201
249.25		0.426201
249.375		0.426201
249.5		0.426201
249.625		0.426201
249.75		0.426201
249.875		0.426201
250		0.426201
250.125		0.439609
250.25		0.439609
250.375		0.439609
250.5		0.439609
250.625		0.439609
250.75		0.439609
250.875		0.439609
251		0.439609
251.125		0.439609
251.25		0.439609
251.375		0.439609
251.5		0.439609
251.625		0.439609
251.75		0.439609
251.875		0.439609
252		0.439609
252.125		0.439609
252.25		0.439609
252.375		0.439609
252.5		0.439609
252.625		0.439609
252.75		0.439609
252.875		0.439609
253		0.439609
253.125		0.439609
253.25		0.439609
253.375		0.439609
253.5		0.439609
253.625		0.439609
253.75		0.439609
253.875		0.439609
254		0.439609
254.125		0.439609
254.25		0.439609
254.375		0.439609
254.5		0.439609
254.625		0.439609
254.75		0.439609
254.875		0.439609
255		0.439609
255.125		0.452193
255.25		0.452193
255.375		0.452193
255.5		0.452193
255.625		0.452193
255.75		0.452193
255.875		0.452193
256		0.452193
256.125		0.452193
256.25		0.452193
256.375		0.452193
256.5		0.452193
256.625		0.452193
256.75		0.452193
256.875		0.452193
257		0.452193
257.125		0.452193
257.25		0.452193
257.375		0.452193
257.5		0.452193
257.625		0.452193
257.75		0.452193
257.875		0.452193
258		0.452193
258.125		0.452193
258.25		0.452193
258.375		0.452193
258.5		0.452193
258.625		0.452193
258.75		0.452193
258.875		0.452193
259		0.452193
259.125		0.452193
259.25		0.452193
259.375		0.452193
259.5		0.452193
259.625		0.452193
259.75		0.452193
259.875		0.452193
260		0.452193
260.125		0.456204
260.25		0.456204
260.375		0.456204
260.5		0.456204
260.625		0.456204
260.75		0.456204
260.875		0.456204
261		0.456204
261.125		0.456204
261.25		0.456204
261.375		0.456204
261.5		0.456204
261.625		0.456204
261.75		0.456204
261.875		0.456204
262		0.456204
262.125		0.456204
262.25		0.456204
262.375		0.456204
262.5		0.456204
262.625		0.456204
262.75		0.456204
262.875		0.456204
263		0.456204
263.125		0.456204
263.25		0.456204
263.375		0.456204
263.5		0.456204
263.625		0.456204
263.75		0.456204
263.875		0.456204
264		0.456204
264.125		0.456204
264.25		0.456204
264.375		0.456204
264.5		0.456204
264.625		0.456204
264.75		0.456204
264.875		0.456204
265		0.456204
265.125		0.462084
265.25		0.462084
265.375		0.462084
265.5		0.462084
265.625		0.462084
265.75		0.462084
265.875		0.462084
266		0.462084
266.125		0.462084
266.25		0.462084
266.375		0.462084
266.5		0.462084
266.625		0.462084
266.75		0.462084
266.875		0.462084
267		0.462084
267.125		0.462084
267.25		0.462084
267.375		0.462084
267.5		0.462084
267.625		0.462084
267.75		0.462084
267.875		0.462084
268		0.462084
268.125		0.462084
268.25		0.462084
268.375		0.462084
268.5		0.462084
268.625		0.462084
268.75		0.462084
268.875		0.462084
269		0.462084
269.125		0.462084
269.25		0.462084
269.375		0.462084
269.5		0.462084
269.625		0.462084
269.75		0.462084
269.875		0.462084
270		0.462084
270.125		0.478569
270.25		0.478569
270.375		0.478569
270.5		0.478569
270.625		0.478569
270.75		0.478569
270.875		0.478569
271		0.478569
271.125		0.478569
271.25		0.478569
271.375		0.478569
271.5		0.478569
271.625		0.478569
271.75		0.478569
271.875		0.478569
272		0.478569
272.125		0.478569
272.25		0.478569
272.375		0.478569
272.5		0.478569
272.625		0.478569
272.75		0.478569
272.875		0.478569
273		0.478569
273.125		0.478569
273.25		0.478569
273.375		0.478569
273.5		0.478569
273.625		0.478569
273.75		0.478569
273.875		0.478569
274		0.478569
274.125		0.478569
274.25		0.478569
274.375		0.478569
274.5		0.478569
274.625		0.478569
274.75		0.478569
274.875		0.478569
275		0.478569
275.125		0.49489
275.25		0.49489
275.375		0.49489
275.5		0.49489
275.625		0.49489
275.75		0.49489
275.875		0.49489
276		0.49489
276.125		0.49489
276.25		0.49489
276.375		0.49489
276.5		0.49489
276.625		0.49489
276.75		0.49489
276.875		0.49489
277		0.49489
277.125		0.49489
277.25		0.49489
277.375		0.49489
277.5		0.49489
277.625		0.49489
277.75		0.49489
277.875		0.49489
278		0.49489
278.125		0.49489
278.25		0.49489
278.375		0.49489
278.5		0.49489
278.625		0.49489
278.75		0.49489
278.875		0.49489
279		0.49489
279.125		0.49489
279.25		0.49489
279.375		0.49489
279.5		0.49489
279.625		0.49489
279.75		0.49489
279.875		0.49489
280		0.49489
280.125		0.50033
280.25		0.50033
280.375		0.50033
280.5		0.50033
280.625		0.50033
280.75		0.50033
280.875		0.50033
281		0.50033
281.125		0.50033
281.25		0.50033
281.375		0.50033
281.5		0.50033
281.625		0.50033
281.75		0.50033
281.875		0.50033
282		0.50033
282.125		0.50033
282.25		0.50033
282.375		0.50033
282.5		0.50033
282.625		0.50033
282.75		0.50033
282.875		0.50033
283		0.50033
283.125		0.50033
283.25		0.50033
283.375		0.50033
283.5		0.50033
283.625		0.50033
283.75		0.50033
283.875		0.50033
284		0.50033
284.125		0.50033
284.25		0.50033
284.375		0.50033
284.5		0.50033
284.625		0.50033
284.75		0.50033
284.875		0.50033
285		0.50033
285.125		0.503407
285.25		0.503407
285.375		0.503407
285.5		0.503407
285.625		0.503407
285.75		0.503407
285.875		0.503407
286		0.503407
286.125		0.503407
286.25		0.503407
286.375		0.503407
286.5		0.503407
286.625		0.503407
286.75		0.503407
286.875		0.503407
287		0.503407
287.125		0.503407
287.25		0.503407
287.375		0.503407
287.5		0.503407
287.625		0.503407
287.75		0.503407
287.875		0.503407
288		0.503407
288.125		0.503407
288.25		0.503407
288.375		0.503407
288.5		0.503407
288.625		0.503407
288.75		0.503407
288.875		0.503407
289		0.503407
289.125		0.503407
289.25		0.503407
289.375		0.503407
289.5		0.503407
289.625		0.503407
289.75		0.503407
289.875		0.503407
290		0.503407
290.125		0.540059
290.25		0.540059
290.375		0.540059
290.5		0.540059
290.625		0.540059
290.75		0.540059
290.875		0.540059
291		0.540059
291.125		0.540059
291.25		0.540059
291.375		0.540059
291.5		0.540059
291.625		0.540059
291.75		0.540059
291.875		0.540059
292		0.540059
292.125		0.540059
292.25		0.540059
292.375		0.540059
292.5		0.540059
292.625		0.540059
292.75		0.540059
292.875		0.540059
293		0.540059
293.125		0.540059
293.25		0.540059
293.375		0.540059
293.5		0.540059
293.625		0.540059
293.75		0.540059
293.875		0.540059
294		0.540059
294.125		0.540059
294.25		0.540059
294.375		0.540059
294.5		0.540059
294.625		0.540059
294.75		0.540059
294.875		0.540059
295		0.540059
295.125		0.541158
295.25		0.541158
295.375		0.541158
295.5		0.541158
295.625		0.541158
295.75		0.541158
295.875		0.541158
296		0.541158
296.125		0.541158
296.25		0.541158
296.375		0.541158
296.5		0.541158
296.625		0.541158
296.75		0.541158
296.875		0.541158
297		0.541158
297.125		0.541158
297.25		0.541158
297.375		0.541158
297.5		0.541158
297.625		0.541158
297.75		0.541158
297.875		0.541158
298		0.541158
298.125		0.541158
298.25		0.541158
298.375		0.541158
298.5		0.541158
298.625		0.541158
298.75		0.541158
298.875		0.541158
299		0.541158
299.125		0.541158
299.25		0.541158
299.375		0.541158
299.5		0.541158
299.625		0.541158
299.75		0.541158
299.875		0.541158
300		0.541158
300.125		0.543356
300.25		0.543356
300.375		0.543356
300.5		0.543356
300.625		0.543356
300.75		0.543356
300.875		0.543356
301		0.543356
301.125		0.543356
301.25		0.543356
301.375		0.543356
301.5		0.543356
301.625		0.543356
301.75		0.543356
301.875		0.543356
302		0.543356
302.125		0.543356
302.25		0.543356
302.375		0.543356
302.5		0.543356
302.625		0.543356
302.75		0.543356
302.875		0.543356
303		0.543356
303.125		0.543356
303.25		0.543356
303.375		0.543356
303.5		0.543356
303.625		0.543356
303.75		0.543356
303.875		0.543356
304		0.543356
304.125		0.543356
304.25		0.543356
304.375		0.543356
304.5		0.543356
304.625		0.543356
304.75		0.543356
304.875		0.543356
305		0.543356
305.125		0.553412
305.25		0.553412
305.375		0.553412
305.5		0.553412
305.625		0.553412
305.75		0.553412
305.875		0.553412
306		0.553412
306.125		0.553412
306.25		0.553412
306.375		0.553412
306.5		0.553412
306.625		0.553412
306.75		0.553412
306.875		0.553412
307		0.553412
307.125		0.553412
307.25		0.553412
307.375		0.553412
307.5		0.553412
307.625		0.553412
307.75		0.553412
307.875		0.553412
308		0.553412
308.125		0.553412
308.25		0.553412
308.375		0.553412
308.5		0.553412
308.625		0.553412
308.75		0.553412
308.875		0.553412
309		0.553412
309.125		0.553412
309.25		0.553412
309.375		0.553412
309.5		0.553412
309.625		0.553412
309.75		0.553412
309.875		0.553412
310		0.553412
310.125		0.570392
310.25		0.570392
310.375		0.570392
310.5		0.570392
310.625		0.570392
310.75		0.570392
310.875		0.570392
311		0.570392
311.125		0.570392
311.25		0.570392
311.375		0.570392
311.5		0.570392
311.625		0.570392
311.75		0.570392
311.875		0.570392
312		0.570392
312.125		0.570392
312.25		0.570392
312.375		0.570392
312.5		0.570392
312.625		0.570392
312.75		0.570392
312.875		0.570392
313		0.570392
313.125		0.570392
313.25		0.570392
313.375		0.570392
313.5		0.570392
313.625		0.570392
313.75		0.570392
313.875		0.570392
314		0.570392
314.125		0.570392
314.25		0.570392
314.375		0.570392
314.5		0.570392
314.625		0.570392
314.75		0.570392
314.875		0.570392
315		0.570392
315.125		0.581657
315.25		0.581657
315.375		0.581657
315.5		0.581657
315.625		0.581657
315.75		0.581657
315.875		0.581657
316		0.581657
316.125		0.581657
316.25		0.581657
316.375		0.581657
316.5		0.581657
316.625		0.581657
316.75		0.581657
316.875		0.581657
317		0.581657
317.125		0.581657
317.25		0.581657
317.375		0.581657
317.5		0.581657
317.625		0.581657
317.75		0.581657
317.875		0.581657
318		0.581657
318.125		0.581657
318.25		0.581657
318.375		0.581657
318.5		0.581657
318.625		0.581657
318.75		0.581657
318.875		0.581657
319		0.581657
319.125		0.581657
319.25		0.581657
319.375		0.581657
319.5		0.581657
319.625		0.581657
319.75		0.581657
319.875		0.581657
320		0.581657
320.125		0.60144
320.25		0.60144
320.375		0.60144
320.5		0.60144
320.625		0.60144
320.75		0.60144
320.875		0.60144
321		0.60144
321.125		0.60144
321.25		0.60144
321.375		0.60144
321.5		0.60144
321.625		0.60144
321.75		0.60144
321.875		0.60144
322		0.60144
322.125		0.60144
322.25		0.60144
322.375		0.60144
322.5		0.60144
322.625		0.60144
322.75		0.60144
322.875		0.60144
323		0.60144
323.125		0.60144
323.25		0.60144
323.375		0.60144
323.5		0.60144
323.625		0.60144
323.75		0.60144
323.875		0.60144
324		0.60144
324.125		0.60144
324.25		0.60144
324.375		0.60144
324.5		0.60144
324.625		0.60144
324.75		0.60144
324.875		0.60144
325		0.60144
325.125		0.60677
325.25		0.60677
325.375		0.60677
325.5		0.60677
325.625		0.60677
325.75		0.60677
325.875		0.60677
326		0.60677
326.125		0.60677
326.25		0.60677
326.375		0.60677
326.5		0.60677
326.625		0.60677
326.75		0.60677
326.875		0.60677
327		0.60677
327.125		0.60677
327.25		0.60677
327.375		0.60677
327.5		0.60677
327.625		0.60677
327.75		0.60677
327.875		0.60677
328		0.60677
328.125		0.60677
328.25		0.60677
328.375		0.60677
328.5		0.60677
328.625		0.60677
328.75		0.60677
328.875		0.60677
329		0.60677
329.125		0.60677
329.25		0.60677
329.375		0.60677
329.5		0.60677
329.625		0.60677
329.75		0.60677
329.875		0.60677
330		0.60677
330.125		0.626223
330.25		0.626223
330.375		0.626223
330.5		0.626223
330.625		0.626223
330.75		0.626223
330.875		0.626223
331		0.626223
331.125		0.626223
331.25		0.626223
331.375		0.626223
331.5		0.626223
331.625		0.626223
331.75		0.626223
331.875		0.626223
332		0.626223
332.125		0.626223
332.25		0.626223
332.375		0.626223
332.5		0.626223
332.625		0.626223
332.75		0.626223
332.875		0.626223
333		0.626223
333.125		0.626223
333.25		0.626223
333.375		0.626223
333.5		0.626223
333.625		0.626223
333.75		0.626223
333.875		0.626223
334		0.626223
334.125		0.626223
334.25		0.626223
334.375		0.626223
334.5		0.626223
334.625		0.626223
334.75		0.626223
334.875		0.626223
335		0.626223
335.125		0.629904
335.25		0.629904
335.375		0.629904
335.5		0.629904
335.625		0.629904
335.75		0.629904
335.875		0.629904
336		0.629904
336.125		0.629904
336.25		0.629904
336.375		0.629904
336.5		0.629904
336.625		0.629904
336.75		0.629904
336.875		0.629904
337		0.629904
337.125		0.629904
337.25		0.629904
337.375		0.629904
337.5		0.629904
337.625		0.629904
337.75		0.629904
337.875		0.629904
338		0.629904
338.125		0.629904
338.25		0.629904
338.375		0.629904
338.5		0.629904
338.625		0.629904
338.75		0.629904
338.875		0.629904
339		0.629904
339.125		0.629904
339.25		0.629904
339.375		0.629904
339.5		0.629904
339.625		0.629904
339.75		0.629904
339.875		0.629904
340		0.629904
340.125		0.635235
340.25		0.635235
340.375		0.635235
340.5		0.635235
340.625		0.635235
340.75		0.635235
340.875		0.635235
341		0.635235
341.125		0.635235
341.25		0.635235
341.375		0.635235
341.5		0.635235
341.625		0.635235
341.75		0.635235
341.875		0.635235
342		0.635235
342.125		0.635235
342.25		0.635235
342.375		0.635235
342.5		0.635235
342.625		0.635235
342.75		0.635235
342.875		0.635235
343		0.635235
343.125		0.635235
343.25		0.635235
343.375		0.635235
343.5		0.635235
343.625		0.635235
343.75		0.635235
343.875		0.635235
344		0.635235
344.125		0.635235
344.25		0.635235
344.375		0.635235
344.5		0.635235
344.625		0.635235
344.75		0.635235
344.875		0.635235
345		0.635235
345.125		0.655292
345.25		0.655292
345.375		0.655292
345.5		0.655292
345.625		0.655292
345.75		0.655292
345.875		0.655292
346		0.655292
346.125		0.655292
346.25		0.655292
346.375		0.655292
346.5		0.655292
346.625		0.655292
346.75		0.655292
346.875		0.655292
347		0.655292
347.125		0.655292
347.25		0.655292
347.375		0.655292
347.5		0.655292
347.625		0.655292
347.75		0.655292
347.875		0.655292
348		0.655292
348.125		0.655292
348.25		0.655292
348.375		0.655292
348.5		0.655292
348.625		0.655292
348.75		0.655292
348.875		0.655292
349		0.655292
349.125		0.655292
349.25		0.655292
349.375		0.655292
349.5		0.655292
349.625		0.655292
349.75		0.655292
349.875		0.655292
350		0.655292
350.125		0.680349
350.25		0.680349
350.375		0.680349
350.5		0.680349
350.625		0.680349
350.75		0.680349
350.875		0.680349
351		0.680349
351.125		0.680349
351.25		0.680349
351.375		0.680349
351.5		0.680349
351.625		0.680349
351.75		0.680349
351.875		0.680349
352		0.680349
352.125		0.680349
352.25		0.680349
352.375		0.680349
352.5		0.680349
352.625		0.680349
352.75		0.680349
352.875		0.680349
353		0.680349
353.125		0.680349
353.25		0.680349
353.375		0.680349
353.5		0.680349
353.625		0.680349
353.75		0.680349
353.875		0.680349
354		0.680349
354.125		0.680349
354.25		0.680349
354.375		0.680349
354.5		0.680349
354.625		0.680349
354.75		0.680349
354.875		0.680349
355		0.680349
355.125		0.690625
355.25		0.690625
355.375		0.690625
355.5		0.690625
355.625		0.690625
355.75		0.690625
355.875		0.690625
356		0.690625
356.125		0.690625
356.25		0.690625
356.375		0.690625
356.5		0.690625
356.625		0.690625
356.75		0.690625
356.875		0.690625
357		0.690625
357.125		0.690625
357.25		0.690625
357.375		0.690625
357.5		0.690625
357.625		0.690625
357.75		0.690625
357.875		0.690625
358		0.690625
358.125		0.690625
358.25		0.690625
358.375		0.690625
358.5		0.690625
358.625		0.690625
358.75		0.690625
358.875		0.690625
359		0.690625
359.125		0.690625
359.25		0.690625
359.375		0.690625
359.5		0.690625
359.625		0.690625
359.75		0.690625
359.875		0.690625
360		0.690625
360.125		0.69645
360.25		0.69645
360.375		0.69645
360.5		0.69645
360.625		0.69645
360.75		0.69645
360.875		0.69645
361		0.69645
361.125		0.69645
361.25		0.69645
361.375		0.69645
361.5		0.69645
361.625		0.69645
361.75		0.69645
361.875		0.69645
362		0.69645
362.125		0.69645
362.25		0.69645
362.375		0.69645
362.5		0.69645
362.625		0.69645
362.75		0.69645
362.875		0.69645
363		0.69645
363.125		0.69645
363.25		0.69645
363.375		0.69645
363.5		0.69645
363.625		0.69645
363.75		0.69645
363.875		0.69645
364		0.69645
364.125		0.69645
364.25		0.69645
364.375		0.69645
364.5		0.69645
364.625		0.69645
364.75		0.69645
364.875		0.69645
365		0.69645
365.125		0.708429
365.25		0.708429
365.375		0.708429
365.5		0.708429
365.625		0.708429
365.75		0.708429
365.875		0.708429
366		0.708429
366.125		0.708429
366.25		0.708429
366.375		0.708429
366.5		0.708429
366.625		0.708429
366.75		0.708429
366.875		0.708429
367		0.708429
367.125		0.708429
367.25		0.708429
367.375		0.708429
367.5		0.708429
367.625		0.708429
367.75		0.708429
367.875		0.708429
368		0.708429
368.125		0.708429
368.25		0.708429
368.375		0.708429
368.5		0.708429
368.625		0.708429
368.75		0.708429
368.875		0.708429
369		0.708429
369.125		0.708429
369.25		0.708429
369.375		0.708429
369.5		0.708429
369.625		0.708429
369.75		0.708429
369.875		0.708429
370		0.708429
370.125		0.710737
370.25		0.710737
370.375		0.710737
370.5		0.710737
370.625		0.710737
370.75		0.710737
370.875		0.710737
371		0.710737
371.125		0.710737
371.25		0.710737
371.375		0.710737
371.5		0.710737
371.625		0.710737
371.75		0.710737
371.875		0.710737
372		0.710737
372.125		0.710737
372.25		0.710737
372.375		0.710737
372.5		0.710737
372.625		0.710737
372.75		0.710737
372.875		0.710737
373		0.710737
373.125		0.710737
373.25		0.710737
373.375		0.710737
373.5		0.710737
373.625		0.710737
373.75		0.710737
373.875		0.710737
374		0.710737
374.125		0.710737
374.25		0.710737
374.375		0.710737
374.5		0.710737
374.625		0.710737
374.75		0.710737
374.875		0.710737
375		0.710737
375.125		0.725464
375.25		0.725464
375.375		0.725464
375.5		0.725464
375.625		0.725464
375.75		0.725464
375.875		0.725464
376		0.725464
376.125		0.725464
376.25		0.725464
376.375		0.725464
376.5		0.725464
376.625		0.725464
376.75		0.725464
376.875		0.725464
377		0.725464
377.125		0.725464
377.25		0.725464
377.375		0.725464
377.5		0.725464
377.625		0.725464
377.75		0.725464
377.875		0.725464
378		0.725464
378.125		0.725464
378.25		0.725464
378.375		0.725464
378.5		0.725464
378.625		0.725464
378.75		0.725464
378.875		0.725464
379		0.725464
379.125		0.725464
379.25		0.725464
379.375		0.725464
379.5		0.725464
379.625		0.725464
379.75		0.725464
379.875		0.725464
380		0.725464
380.125		0.740851
380.25		0.740851
380.375		0.740851
380.5		0.740851
380.625		0.740851
380.75		0.740851
380.875		0.740851
381		0.740851
381.125		0.740851
381.25		0.740851
381.375		0.740851
381.5		0.740851
381.625		0.740851
381.75		0.740851
381.875		0.740851
382		0.740851
382.125		0.740851
382.25		0.740851
382.375		0.740851
382.5		0.740851
382.625		0.740851
382.75		0.740851
382.875		0.740851
383		0.740851
383.125		0.740851
383.25		0.740851
383.375		0.740851
383.5		0.740851
383.625		0.740851
383.75		0.740851
383.875		0.740851
384		0.740851
384.125		0.740851
384.25		0.740851
384.375		0.740851
384.5		0.740851
384.625		0.740851
384.75		0.740851
384.875		0.740851
385		0.740851
385.125		0.753654
385.25		0.753654
385.375		0.753654
385.5		0.753654
385.625		0.753654
385.75		0.753654
385.875		0.753654
386		0.753654
386.125		0.753654
386.25		0.753654
386.375		0.753654
386.5		0.753654
386.625		0.753654
386.75		0.753654
386.875		0.753654
387		0.753654
387.125		0.753654
387.25		0.753654
387.375		0.753654
387.5		0.753654
387.625		0.753654
387.75		0.753654
387.875		0.753654
388		0.753654
388.125		0.753654
388.25		0.753654
388.375		0.753654
388.5		0.753654
388.625		0.753654
388.75		0.753654
388.875		0.753654
389		0.753654
389.125		0.753654
389.25		0.753654
389.375		0.753654
389.5		0.753654
389.625		0.753654
389.75		0.753654
389.875		0.753654
390		0.753654
390.125		0.755852
390.25		0.755852
390.375		0.755852
390.5		0.755852
390.625		0.755852
390.75		0.755852
390.875		0.755852
391		0.755852
391.125		0.755852
391.25		0.755852
391.375		0.755852
391.5		0.755852
391.625		0.755852
391.75		0.755852
391.875		0.755852
392		0.755852
392.125		0.755852
392.25		0.755852
392.375		0.755852
392.5		0.755852
392.625		0.755852
392.75		0.755852
392.875		0.755852
393		0.755852
393.125		0.755852
393.25		0.755852
393.375		0.755852
393.5		0.755852
393.625		0.755852
393.75		0.755852
393.875		0.755852
394		0.755852
394.125		0.755852
394.25		0.755852
394.375		0.755852
394.5		0.755852
394.625		0.755852
394.75		0.755852
394.875		0.755852
395		0.755852
395.125		0.769975
395.25		0.769975
395.375		0.769975
395.5		0.769975
395.625		0.769975
395.75		0.769975
395.875		0.769975
396		0.769975
396.125		0.769975
396.25		0.769975
396.375		0.769975
396.5		0.769975
396.625		0.769975
396.75		0.769975
396.875		0.769975
397		0.769975
397.125		0.769975
397.25		0.769975
397.375		0.769975
397.5		0.769975
397.625		0.769975
397.75		0.769975
397.875		0.769975
398		0.769975
398.125		0.769975
398.25		0.769975
398.375		0.769975
398.5		0.769975
398.625		0.769975
398.75		0.769975
398.875		0.769975
399		0.769975
399.125		0.769975
399.25		0.769975
399.375		0.769975
399.5		0.769975
399.625		0.769975
399.75		0.769975
399.875		0.769975
400		0.769975
400.125		0.793714
400.25		0.793714
400.375		0.793714
400.5		0.793714
400.625		0.793714
400.75		0.793714
400.875		0.793714
401		0.793714
401.125		0.793714
401.25		0.793714
401.375		0.793714
401.5		0.793714
401.625		0.793714
401.75		0.793714
401.875		0.793714
402		0.793714
402.125		0.793714
402.25		0.793714
402.375		0.793714
402.5		0.793714
402.625		0.793714
402.75		0.793714
402.875		0.793714
403		0.793714
403.125		0.793714
403.25		0.793714
403.375		0.793714
403.5		0.793714
403.625		0.793714
403.75		0.793714
403.875		0.793714
404		0.793714
404.125		0.793714
404.25		0.793714
404.375		0.793714
404.5		0.793714
404.625		0.793714
404.75		0.793714
404.875		0.793714
405		0.793714
405.125		0.796791
405.25		0.796791
405.375		0.796791
405.5		0.796791
405.625		0.796791
405.75		0.796791
405.875		0.796791
406		0.796791
406.125		0.796791
406.25		0.796791
406.375		0.796791
406.5		0.796791
406.625		0.796791
406.75		0.796791
406.875		0.796791
407		0.796791
407.125		0.796791
407.25		0.796791
407.375		0.796791
407.5		0.796791
407.625		0.796791
407.75		0.796791
407.875		0.796791
408		0.796791
408.125		0.796791
408.25		0.796791
408.375		0.796791
408.5		0.796791
408.625		0.796791
408.75		0.796791
408.875		0.796791
409		0.796791
409.125		0.796791
409.25		0.796791
409.375		0.796791
409.5		0.796791
409.625		0.796791
409.75		0.796791
409.875		0.796791
410		0.796791
410.125		0.811573
410.25		0.811573
410.375		0.811573
410.5		0.811573
410.625		0.811573
410.75		0.811573
410.875		0.811573
411		0.811573
411.125		0.811573
411.25		0.811573
411.375		0.811573
411.5		0.811573
411.625		0.811573
411.75		0.811573
411.875		0.811573
412		0.811573
412.125		0.811573
412.25		0.811573
412.375		0.811573
412.5		0.811573
412.625		0.811573
412.75		0.811573
412.875		0.811573
413		0.811573
413.125		0.811573
413.25		0.811573
413.375		0.811573
413.5		0.811573
413.625		0.811573
413.75		0.811573
413.875		0.811573
414		0.811573
414.125		0.811573
414.25		0.811573
414.375		0.811573
414.5		0.811573
414.625		0.811573
414.75		0.811573
414.875		0.811573
415		0.811573
415.125		0.837455
415.25		0.837455
415.375		0.837455
415.5		0.837455
415.625		0.837455
415.75		0.837455
415.875		0.837455
416		0.837455
416.125		0.837455
416.25		0.837455
416.375		0.837455
416.5		0.837455
416.625		0.837455
416.75		0.837455
416.875		0.837455
417		0.837455
417.125		0.837455
417.25		0.837455
417.375		0.837455
417.5		0.837455
417.625		0.837455
417.75		0.837455
417.875		0.837455
418		0.837455
418.125		0.837455
418.25		0.837455
418.375		0.837455
418.5		0.837455
418.625		0.837455
418.75		0.837455
418.875		0.837455
419		0.837455
419.125		0.837455
419.25		0.837455
419.375		0.837455
419.5		0.837455
419.625		0.837455
419.75		0.837455
419.875		0.837455
420		0.837455
420.125		0.844379
420.25		0.844379
420.375		0.844379
420.5		0.844379
420.625		0.844379
420.75		0.844379
420.875		0.844379
421		0.844379
421.125		0.844379
421.25		0.844379
421.375		0.844379
421.5		0.844379
421.625		0.844379
421.75		0.844379
421.875		0.844379
422		0.844379
422.125		0.844379
422.25		0.844379
422.375		0.844379
422.5		0.844379
422.625		0.844379
422.75		0.844379
422.875		0.844379
423		0.844379
423.125		0.844379
423.25		0.844379
423.375		0.844379
423.5		0.844379
423.625		0.844379
423.75		0.844379
423.875		0.844379
424		0.844379
424.125		0.844379
424.25		0.844379
424.375		0.844379
424.5		0.844379
424.625		0.844379
424.75		0.844379
424.875		0.844379
425		0.844379
425.125		0.84817
425.25		0.84817
425.375		0.84817
425.5		0.84817
425.625		0.84817
425.75		0.84817
425.875		0.84817
426		0.84817
426.125		0.84817
426.25		0.84817
426.375		0.84817
426.5		0.84817
426.625		0.84817
426.75		0.84817
426.875		0.84817
427		0.84817
427.125		0.84817
427.25		0.84817
427.375		0.84817
427.5		0.84817
427.625		0.84817
427.75		0.84817
427.875		0.84817
428		0.84817
428.125		0.84817
428.25		0.84817
428.375		0.84817
428.5		0.84817
428.625		0.84817
428.75		0.84817
428.875		0.84817
429		0.84817
429.125		0.84817
429.25		0.84817
429.375		0.84817
429.5		0.84817
429.625		0.84817
429.75		0.84817
429.875		0.84817
430		0.84817
430.125		0.868007
430.25		0.868007
430.375		0.868007
430.5		0.868007
430.625		0.868007
430.75		0.868007
430.875		0.868007
431		0.868007
431.125		0.868007
431.25		0.868007
431.375		0.868007
431.5		0.868007
431.625		0.868007
431.75		0.868007
431.875		0.868007
432		0.868007
432.125		0.868007
432.25		0.868007
432.375		0.868007
432.5		0.868007
432.625		0.868007
432.75		0.868007
432.875		0.868007
433		0.868007
433.125		0.868007
433.25		0.868007
433.375		0.868007
433.5		0.868007
433.625		0.868007
433.75		0.868007
433.875		0.868007
434		0.868007
434.125		0.868007
434.25		0.868007
434.375		0.868007
434.5		0.868007
434.625		0.868007
434.75		0.868007
434.875		0.868007
435		0.868007
435.125		0.873558
435.25		0.873558
435.375		0.873558
435.5		0.873558
435.625		0.873558
435.75		0.873558
435.875		0.873558
436		0.873558
436.125		0.873558
436.25		0.873558
436.375		0.873558
436.5		0.873558
436.625		0.873558
436.75		0.873558
436.875		0.873558
437		0.873558
437.125		0.873558
437.25		0.873558
437.375		0.873558
437.5		0.873558
437.625		0.873558
437.75		0.873558
437.875		0.873558
438		0.873558
438.125		0.873558
438.25		0.873558
438.375		0.873558
438.5		0.873558
438.625		0.873558
438.75		0.873558
438.875		0.873558
439		0.873558
439.125		0.873558
439.25		0.873558
439.375		0.873558
439.5		0.873558
439.625		0.873558
439.75		0.873558
439.875		0.873558
440		0.873558
440.125		0.900319
440.25		0.900319
440.375		0.900319
440.5		0.900319
440.625		0.900319
440.75		0.900319
440.875		0.900319
441		0.900319
441.125		0.900319
441.25		0.900319
441.375		0.900319
441.5		0.900319
441.625		0.900319
441.75		0.900319
441.875		0.900319
442		0.900319
442.125		0.900319
442.25		0.900319
442.375		0.900319
442.5		0.900319
442.625		0.900319
442.75		0.900319
442.875		0.900319
443		0.900319
443.125		0.900319
443.25		0.900319
443.375		0.900319
443.5		0.900319
443.625		0.900319
443.75		0.900319
443.875		0.900319
444		0.900319
444.125		0.900319
444.25		0.900319
444.375		0.900319
444.5		0.900319
444.625		0.900319
444.75		0.900319
444.875		0.900319
445		0.900319
445.125		0.908067
445.25		0.908067
445.375		0.908067
445.5		0.908067
445.625		0.908067
445.75		0.908067
445.875		0.908067
446		0.908067
446.125		0.908067
446.25		0.908067
446.375		0.908067
446.5		0.908067
446.625		0.908067
446.75		0.908067
446.875		0.908067
447		0.908067
447.125		0.908067
447.25		0.908067
447.375		0.908067
447.5		0.908067
447.625		0.908067
447.75		0.908067
447.875		0.908067
448		0.908067
448.125		0.908067
448.25		0.908067
448.375		0.908067
448.5		0.908067
448.625		0.908067
448.75		0.908067
448.875		0.908067
449		0.908067
449.125		0.908067
449.25		0.908067
449.375		0.908067
449.5		0.908067
449.625		0.908067
449.75		0.908067
449.875		0.908067
450		0.908067
450.125		0.919222
450.25		0.919222
450.375		0.919222
450.5		0.919222
450.625		0.919222
450.75		0.919222
450.875		0.919222
451		0.919222
451.125		0.919222
451.25		0.919222
451.375		0.919222
451.5		0.919222
451.625		0.919222
451.75		0.919222
451.875		0.919222
452		0.919222
452.125		0.919222
452.25		0.919222
452.375		0.919222
452.5		0.919222
452.625		0.919222
452.75		0.919222
452.875		0.919222
453		0.919222
453.125		0.919222
453.25		0.919222
453.375		0.919222
453.5		0.919222
453.625		0.919222
453.75		0.919222
453.875		0.919222
454		0.919222
454.125		0.919222
454.25		0.919222
454.375		0.919222
454.5		0.919222
454.625		0.919222
454.75		0.919222
454.875		0.919222
455		0.919222
455.125		0.928344
455.25		0.928344
455.375		0.928344
455.5		0.928344
455.625		0.928344
455.75		0.928344
455.875		0.928344
456		0.928344
456.125		0.928344
456.25		0.928344
456.375		0.928344
456.5		0.928344
456.625		0.928344
456.75		0.928344
456.875		0.928344
457		0.928344
457.125		0.928344
457.25		0.928344
457.375		0.928344
457.5		0.928344
457.625		0.928344
457.75		0.928344
457.875		0.928344
458		0.928344
458.125		0.928344
458.25		0.928344
458.375		0.928344
458.5		0.928344
458.625		0.928344
458.75		0.928344
458.875		0.928344
459		0.928344
459.125		0.928344
459.25		0.928344
459.375		0.928344
459.5		0.928344
459.625		0.928344
459.75		0.928344
459.875		0.928344
460		0.928344
460.125		0.930047
460.25		0.930047
460.375		0.930047
460.5		0.930047
460.625		0.930047
460.75		0.930047
460.875		0.930047
461		0.930047
461.125		0.930047
461.25		0.930047
461.375		0.930047
461.5		0.930047
461.625		0.930047
461.75		0.930047
461.875		0.930047
462		0.930047
462.125		0.930047
462.25		0.930047
462.375		0.930047
462.5		0.930047
462.625		0.930047
462.75		0.930047
462.875		0.930047
463		0.930047
463.125		0.930047
463.25		0.930047
463.375		0.930047
463.5		0.930047
463.625		0.930047
463.75		0.930047
463.875		0.930047
464		0.930047
464.125		0.930047
464.25		0.930047
464.375		0.930047
464.5		0.930047
464.625		0.930047
464.75		0.930047
464.875		0.930047
465		0.930047
465.125		0.931586
465.25		0.931586
465.375		0.931586
465.5		0.931586
465.625		0.931586
465.75		0.931586
465.875		0.931586
466		0.931586
466.125		0.931586
466.25		0.931586
466.375		0.931586
466.5		0.931586
466.625		0.931586
466.75		0.931586
466.875		0.931586
467		0.931586
467.125		0.931586
467.25		0.931586
467.375		0.931586
467.5		0.931586
467.625		0.931586
467.75		0.931586
467.875		0.931586
468		0.931586
468.125		0.931586
468.25		0.931586
468.375		0.931586
468.5		0.931586
468.625		0.931586
468.75		0.931586
468.875		0.931586
469		0.931586
469.125		0.931586
469.25		0.931586
469.375		0.931586
469.5		0.931586
469.625		0.931586
469.75		0.931586
469.875		0.931586
470		0.931586
470.125		0.954665
470.25		0.954665
470.375		0.954665
470.5		0.954665
470.625		0.954665
470.75		0.954665
470.875		0.954665
471		0.954665
471.125		0.954665
471.25		0.954665
471.375		0.954665
471.5		0.954665
471.625		0.954665
471.75		0.954665
471.875		0.954665
472		0.954665
472.125		0.954665
472.25		0.954665
472.375		0.954665
472.5		0.954665
472.625		0.954665
472.75		0.954665
472.875		0.954665
473		0.954665
473.125		0.954665
473.25		0.954665
473.375		0.954665
473.5		0.954665
473.625		0.954665
473.75		0.954665
473.875		0.954665
474		0.954665
474.125		0.954665
474.25		0.954665
474.375		0.954665
474.5		0.954665
474.625		0.954665
474.75		0.954665
474.875		0.954665
475		0.954665
475.125		0.982306
475.25		0.982306
475.375		0.982306
475.5		0.982306
475.625		0.982306
475.75		0.982306
475.875		0.982306
476		0.982306
476.125		0.982306
476.25		0.982306
476.375		0.982306
476.5		0.982306
476.625		0.982306
476.75		0.982306
476.875		0.982306
477		0.982306
477.125		0.982306
477.25		0.982306
477.375		0.982306
477.5		0.982306
477.625		0.982306
477.75		0.982306
477.875		0.982306
478		0.982306
478.125		0.982306
478.25		0.982306
478.375		0.982306
478.5		0.982306
478.625		0.982306
478.75		0.982306
478.875		0.982306
479		0.982306
479.125		0.982306
479.25		0.982306
479.375		0.982306
479.5		0.982306
479.625		0.982306
479.75		0.982306
479.875		0.982306
480		0.982306
480.125		0.984888
480.25		0.984888
480.375		0.984888
480.5		0.984888
480.625		0.984888
480.75		0.984888
480.875		0.984888
481		0.984888
481.125		0.984888
481.25		0.984888
481.375		0.984888
481.5		0.984888
481.625		0.984888
481.75		0.984888
481.875		0.984888
482		0.984888
482.125		0.984888
482.25		0.984888
482.375		0.984888
482.5		0.984888
482.625		0.984888
482.75		0.984888
482.875		0.984888
483		0.984888
483.125		0.984888
483.25		0.984888
483.375		0.984888
483.5		0.984888
483.625		0.984888
483.75		0.984888
483.875		0.984888
484		0.984888
484.125		0.984888
484.25		0.984888
484.375		0.984888
484.5		0.984888
484.625		0.984888
484.75		0.984888
484.875		0.984888
485		0.984888
485.125		0.989559
485.25		0.989559
485.375		0.989559
485.5		0.989559
485.625		0.989559
485.75		0.989559
485.875		0.989559
486		0.989559
486.125		0.989559
486.25		0.989559
486.375		0.989559
486.5		0.989559
486.625		0.989559
486.75		0.989559
486.875		0.989559
487		0.989559
487.125		0.989559
487.25		0.989559
487.375		0.989559
487.5		0.989559
487.625		0.989559
487.75		0.989559
487.875		0.989559
488		0.989559
488.125		0.989559
488.25		0.989559
488.375		0.989559
488.5		0.989559
488.625		0.989559
488.75		0.989559
488.875		0.989559
489		0.989559
489.125		0.989559
489.25		0.989559
489.375		0.989559
489.5		0.989559
489.625		0.989559
489.75		0.989559
489.875		0.989559
490		0.989559
490.125		0.994285
490.25		0.994285
490.375		0.994285
490.5		0.994285
490.625		0.994285
490.75		0.994285
490.875		0.994285
491		0.994285
491.125		0.994285
491.25		0.994285
491.375		0.994285
491.5		0.994285
491.625		0.994285
491.75		0.994285
491.875		0.994285
492		0.994285
492.125		0.994285
492.25		0.994285
492.375		0.994285
492.5		0.994285
492.625		0.994285
492.75		0.994285
492.875		0.994285
493		0.994285
493.125		0.994285
493.25		0.994285
493.375		0.994285
493.5		0.994285
493.625		0.994285
493.75		0.994285
493.875		0.994285
494		0.994285
494.125		0.994285
494.25		0.994285
494.375		0.994285
494.5		0.994285
494.625		0.994285
494.75		0.994285
494.875		0.994285
495		0.994285
495.125		1
495.25		1
495.375		1
495.5		1
495.625		1
495.75		1
495.875		1
496		1
496.125		1
496.25		1
496.375		1
496.5		1
496.625		1
496.75		1
496.875		1
497		1
497.125		1
497.25		1
497.375		1
497.5		1
497.625		1
497.75		1
497.875		1
498		1
498.125		1
498.25		1
498.375		1
498.5		1
498.625		1
498.75		1
498.875		1
499		1
499.125		1
499.25		1
499.375		1
499.5		1
499.625		1
499.75		1
499.875		1
500		1
