# Calibration file of tamex_id 1 @ channel 24
# fine_T bin		 Calibration value
0.125		0
0.25		0
0.375		0
0.5		0
0.625		0
0.75		0
0.875		0
1		0
1.125		0
1.25		0
1.375		0
1.5		0
1.625		0
1.75		0
1.875		0
2		0
2.125		0
2.25		0
2.375		0
2.5		0
2.625		0
2.75		0
2.875		0
3		0
3.125		0
3.25		0
3.375		0
3.5		0
3.625		0
3.75		0
3.875		0
4		0
4.125		0
4.25		0
4.375		0
4.5		0
4.625		0
4.75		0
4.875		0
5		0
5.125		0
5.25		0
5.375		0
5.5		0
5.625		0
5.75		0
5.875		0
6		0
6.125		0
6.25		0
6.375		0
6.5		0
6.625		0
6.75		0
6.875		0
7		0
7.125		0
7.25		0
7.375		0
7.5		0
7.625		0
7.75		0
7.875		0
8		0
8.125		0
8.25		0
8.375		0
8.5		0
8.625		0
8.75		0
8.875		0
9		0
9.125		0
9.25		0
9.375		0
9.5		0
9.625		0
9.75		0
9.875		0
10		0
10.125		0
10.25		0
10.375		0
10.5		0
10.625		0
10.75		0
10.875		0
11		0
11.125		0
11.25		0
11.375		0
11.5		0
11.625		0
11.75		0
11.875		0
12		0
12.125		0
12.25		0
12.375		0
12.5		0
12.625		0
12.75		0
12.875		0
13		0
13.125		0
13.25		0
13.375		0
13.5		0
13.625		0
13.75		0
13.875		0
14		0
14.125		0
14.25		0
14.375		0
14.5		0
14.625		0
14.75		0
14.875		0
15		0
15.125		0
15.25		0
15.375		0
15.5		0
15.625		0
15.75		0
15.875		0
16		0
16.125		0
16.25		0
16.375		0
16.5		0
16.625		0
16.75		0
16.875		0
17		0
17.125		0
17.25		0
17.375		0
17.5		0
17.625		0
17.75		0
17.875		0
18		0
18.125		0
18.25		0
18.375		0
18.5		0
18.625		0
18.75		0
18.875		0
19		0
19.125		0
19.25		0
19.375		0
19.5		0
19.625		0
19.75		0
19.875		0
20		0
20.125		0
20.25		0
20.375		0
20.5		0
20.625		0
20.75		0
20.875		0
21		0
21.125		0
21.25		0
21.375		0
21.5		0
21.625		0
21.75		0
21.875		0
22		0
22.125		0
22.25		0
22.375		0
22.5		0
22.625		0
22.75		0
22.875		0
23		0
23.125		0
23.25		0
23.375		0
23.5		0
23.625		0
23.75		0
23.875		0
24		0
24.125		0
24.25		0
24.375		0
24.5		0
24.625		0
24.75		0
24.875		0
25		0
25.125		0
25.25		0
25.375		0
25.5		0
25.625		0
25.75		0
25.875		0
26		0
26.125		0
26.25		0
26.375		0
26.5		0
26.625		0
26.75		0
26.875		0
27		0
27.125		0
27.25		0
27.375		0
27.5		0
27.625		0
27.75		0
27.875		0
28		0
28.125		0
28.25		0
28.375		0
28.5		0
28.625		0
28.75		0
28.875		0
29		0
29.125		0
29.25		0
29.375		0
29.5		0
29.625		0
29.75		0
29.875		0
30		0
30.125		0
30.25		0
30.375		0
30.5		0
30.625		0
30.75		0
30.875		0
31		0
31.125		0
31.25		0
31.375		0
31.5		0
31.625		0
31.75		0
31.875		0
32		0
32.125		0
32.25		0
32.375		0
32.5		0
32.625		0
32.75		0
32.875		0
33		0
33.125		0
33.25		0
33.375		0
33.5		0
33.625		0
33.75		0
33.875		0
34		0
34.125		0
34.25		0
34.375		0
34.5		0
34.625		0
34.75		0
34.875		0
35		0
35.125		0
35.25		0
35.375		0
35.5		0
35.625		0
35.75		0
35.875		0
36		0
36.125		0
36.25		0
36.375		0
36.5		0
36.625		0
36.75		0
36.875		0
37		0
37.125		0
37.25		0
37.375		0
37.5		0
37.625		0
37.75		0
37.875		0
38		0
38.125		0
38.25		0
38.375		0
38.5		0
38.625		0
38.75		0
38.875		0
39		0
39.125		0
39.25		0
39.375		0
39.5		0
39.625		0
39.75		0
39.875		0
40		0
40.125		0
40.25		0
40.375		0
40.5		0
40.625		0
40.75		0
40.875		0
41		0
41.125		0
41.25		0
41.375		0
41.5		0
41.625		0
41.75		0
41.875		0
42		0
42.125		0
42.25		0
42.375		0
42.5		0
42.625		0
42.75		0
42.875		0
43		0
43.125		0
43.25		0
43.375		0
43.5		0
43.625		0
43.75		0
43.875		0
44		0
44.125		0
44.25		0
44.375		0
44.5		0
44.625		0
44.75		0
44.875		0
45		0
45.125		0
45.25		0
45.375		0
45.5		0
45.625		0
45.75		0
45.875		0
46		0
46.125		0
46.25		0
46.375		0
46.5		0
46.625		0
46.75		0
46.875		0
47		0
47.125		0
47.25		0
47.375		0
47.5		0
47.625		0
47.75		0
47.875		0
48		0
48.125		0
48.25		0
48.375		0
48.5		0
48.625		0
48.75		0
48.875		0
49		0
49.125		0
49.25		0
49.375		0
49.5		0
49.625		0
49.75		0
49.875		0
50		0
50.125		0
50.25		0
50.375		0
50.5		0
50.625		0
50.75		0
50.875		0
51		0
51.125		0
51.25		0
51.375		0
51.5		0
51.625		0
51.75		0
51.875		0
52		0
52.125		0
52.25		0
52.375		0
52.5		0
52.625		0
52.75		0
52.875		0
53		0
53.125		0
53.25		0
53.375		0
53.5		0
53.625		0
53.75		0
53.875		0
54		0
54.125		0
54.25		0
54.375		0
54.5		0
54.625		0
54.75		0
54.875		0
55		0
55.125		0
55.25		0
55.375		0
55.5		0
55.625		0
55.75		0
55.875		0
56		0
56.125		0
56.25		0
56.375		0
56.5		0
56.625		0
56.75		0
56.875		0
57		0
57.125		0
57.25		0
57.375		0
57.5		0
57.625		0
57.75		0
57.875		0
58		0
58.125		0
58.25		0
58.375		0
58.5		0
58.625		0
58.75		0
58.875		0
59		0
59.125		0
59.25		0
59.375		0
59.5		0
59.625		0
59.75		0
59.875		0
60		0
60.125		0
60.25		0
60.375		0
60.5		0
60.625		0
60.75		0
60.875		0
61		0
61.125		0
61.25		0
61.375		0
61.5		0
61.625		0
61.75		0
61.875		0
62		0
62.125		0
62.25		0
62.375		0
62.5		0
62.625		0
62.75		0
62.875		0
63		0
63.125		0
63.25		0
63.375		0
63.5		0
63.625		0
63.75		0
63.875		0
64		0
64.125		0
64.25		0
64.375		0
64.5		0
64.625		0
64.75		0
64.875		0
65		0
65.125		0
65.25		0
65.375		0
65.5		0
65.625		0
65.75		0
65.875		0
66		0
66.125		0
66.25		0
66.375		0
66.5		0
66.625		0
66.75		0
66.875		0
67		0
67.125		0
67.25		0
67.375		0
67.5		0
67.625		0
67.75		0
67.875		0
68		0
68.125		0
68.25		0
68.375		0
68.5		0
68.625		0
68.75		0
68.875		0
69		0
69.125		0
69.25		0
69.375		0
69.5		0
69.625		0
69.75		0
69.875		0
70		0
70.125		0
70.25		0
70.375		0
70.5		0
70.625		0
70.75		0
70.875		0
71		0
71.125		0
71.25		0
71.375		0
71.5		0
71.625		0
71.75		0
71.875		0
72		0
72.125		0
72.25		0
72.375		0
72.5		0
72.625		0
72.75		0
72.875		0
73		0
73.125		0
73.25		0
73.375		0
73.5		0
73.625		0
73.75		0
73.875		0
74		0
74.125		0
74.25		0
74.375		0
74.5		0
74.625		0
74.75		0
74.875		0
75		0
75.125		0
75.25		0
75.375		0
75.5		0
75.625		0
75.75		0
75.875		0
76		0
76.125		0
76.25		0
76.375		0
76.5		0
76.625		0
76.75		0
76.875		0
77		0
77.125		0
77.25		0
77.375		0
77.5		0
77.625		0
77.75		0
77.875		0
78		0
78.125		0
78.25		0
78.375		0
78.5		0
78.625		0
78.75		0
78.875		0
79		0
79.125		0
79.25		0
79.375		0
79.5		0
79.625		0
79.75		0
79.875		0
80		0
80.125		0.0392857
80.25		0.0392857
80.375		0.0392857
80.5		0.0392857
80.625		0.0392857
80.75		0.0392857
80.875		0.0392857
81		0.0392857
81.125		0.0392857
81.25		0.0392857
81.375		0.0392857
81.5		0.0392857
81.625		0.0392857
81.75		0.0392857
81.875		0.0392857
82		0.0392857
82.125		0.0392857
82.25		0.0392857
82.375		0.0392857
82.5		0.0392857
82.625		0.0392857
82.75		0.0392857
82.875		0.0392857
83		0.0392857
83.125		0.0392857
83.25		0.0392857
83.375		0.0392857
83.5		0.0392857
83.625		0.0392857
83.75		0.0392857
83.875		0.0392857
84		0.0392857
84.125		0.0392857
84.25		0.0392857
84.375		0.0392857
84.5		0.0392857
84.625		0.0392857
84.75		0.0392857
84.875		0.0392857
85		0.0392857
85.125		0.0660714
85.25		0.0660714
85.375		0.0660714
85.5		0.0660714
85.625		0.0660714
85.75		0.0660714
85.875		0.0660714
86		0.0660714
86.125		0.0660714
86.25		0.0660714
86.375		0.0660714
86.5		0.0660714
86.625		0.0660714
86.75		0.0660714
86.875		0.0660714
87		0.0660714
87.125		0.0660714
87.25		0.0660714
87.375		0.0660714
87.5		0.0660714
87.625		0.0660714
87.75		0.0660714
87.875		0.0660714
88		0.0660714
88.125		0.0660714
88.25		0.0660714
88.375		0.0660714
88.5		0.0660714
88.625		0.0660714
88.75		0.0660714
88.875		0.0660714
89		0.0660714
89.125		0.0660714
89.25		0.0660714
89.375		0.0660714
89.5		0.0660714
89.625		0.0660714
89.75		0.0660714
89.875		0.0660714
90		0.0660714
90.125		0.0732143
90.25		0.0732143
90.375		0.0732143
90.5		0.0732143
90.625		0.0732143
90.75		0.0732143
90.875		0.0732143
91		0.0732143
91.125		0.0732143
91.25		0.0732143
91.375		0.0732143
91.5		0.0732143
91.625		0.0732143
91.75		0.0732143
91.875		0.0732143
92		0.0732143
92.125		0.0732143
92.25		0.0732143
92.375		0.0732143
92.5		0.0732143
92.625		0.0732143
92.75		0.0732143
92.875		0.0732143
93		0.0732143
93.125		0.0732143
93.25		0.0732143
93.375		0.0732143
93.5		0.0732143
93.625		0.0732143
93.75		0.0732143
93.875		0.0732143
94		0.0732143
94.125		0.0732143
94.25		0.0732143
94.375		0.0732143
94.5		0.0732143
94.625		0.0732143
94.75		0.0732143
94.875		0.0732143
95		0.0732143
95.125		0.0803571
95.25		0.0803571
95.375		0.0803571
95.5		0.0803571
95.625		0.0803571
95.75		0.0803571
95.875		0.0803571
96		0.0803571
96.125		0.0803571
96.25		0.0803571
96.375		0.0803571
96.5		0.0803571
96.625		0.0803571
96.75		0.0803571
96.875		0.0803571
97		0.0803571
97.125		0.0803571
97.25		0.0803571
97.375		0.0803571
97.5		0.0803571
97.625		0.0803571
97.75		0.0803571
97.875		0.0803571
98		0.0803571
98.125		0.0803571
98.25		0.0803571
98.375		0.0803571
98.5		0.0803571
98.625		0.0803571
98.75		0.0803571
98.875		0.0803571
99		0.0803571
99.125		0.0803571
99.25		0.0803571
99.375		0.0803571
99.5		0.0803571
99.625		0.0803571
99.75		0.0803571
99.875		0.0803571
100		0.0803571
100.125		0.117857
100.25		0.117857
100.375		0.117857
100.5		0.117857
100.625		0.117857
100.75		0.117857
100.875		0.117857
101		0.117857
101.125		0.117857
101.25		0.117857
101.375		0.117857
101.5		0.117857
101.625		0.117857
101.75		0.117857
101.875		0.117857
102		0.117857
102.125		0.117857
102.25		0.117857
102.375		0.117857
102.5		0.117857
102.625		0.117857
102.75		0.117857
102.875		0.117857
103		0.117857
103.125		0.117857
103.25		0.117857
103.375		0.117857
103.5		0.117857
103.625		0.117857
103.75		0.117857
103.875		0.117857
104		0.117857
104.125		0.117857
104.25		0.117857
104.375		0.117857
104.5		0.117857
104.625		0.117857
104.75		0.117857
104.875		0.117857
105		0.117857
105.125		0.125
105.25		0.125
105.375		0.125
105.5		0.125
105.625		0.125
105.75		0.125
105.875		0.125
106		0.125
106.125		0.125
106.25		0.125
106.375		0.125
106.5		0.125
106.625		0.125
106.75		0.125
106.875		0.125
107		0.125
107.125		0.125
107.25		0.125
107.375		0.125
107.5		0.125
107.625		0.125
107.75		0.125
107.875		0.125
108		0.125
108.125		0.125
108.25		0.125
108.375		0.125
108.5		0.125
108.625		0.125
108.75		0.125
108.875		0.125
109		0.125
109.125		0.125
109.25		0.125
109.375		0.125
109.5		0.125
109.625		0.125
109.75		0.125
109.875		0.125
110		0.125
110.125		0.126786
110.25		0.126786
110.375		0.126786
110.5		0.126786
110.625		0.126786
110.75		0.126786
110.875		0.126786
111		0.126786
111.125		0.126786
111.25		0.126786
111.375		0.126786
111.5		0.126786
111.625		0.126786
111.75		0.126786
111.875		0.126786
112		0.126786
112.125		0.126786
112.25		0.126786
112.375		0.126786
112.5		0.126786
112.625		0.126786
112.75		0.126786
112.875		0.126786
113		0.126786
113.125		0.126786
113.25		0.126786
113.375		0.126786
113.5		0.126786
113.625		0.126786
113.75		0.126786
113.875		0.126786
114		0.126786
114.125		0.126786
114.25		0.126786
114.375		0.126786
114.5		0.126786
114.625		0.126786
114.75		0.126786
114.875		0.126786
115		0.126786
115.125		0.128571
115.25		0.128571
115.375		0.128571
115.5		0.128571
115.625		0.128571
115.75		0.128571
115.875		0.128571
116		0.128571
116.125		0.128571
116.25		0.128571
116.375		0.128571
116.5		0.128571
116.625		0.128571
116.75		0.128571
116.875		0.128571
117		0.128571
117.125		0.128571
117.25		0.128571
117.375		0.128571
117.5		0.128571
117.625		0.128571
117.75		0.128571
117.875		0.128571
118		0.128571
118.125		0.128571
118.25		0.128571
118.375		0.128571
118.5		0.128571
118.625		0.128571
118.75		0.128571
118.875		0.128571
119		0.128571
119.125		0.128571
119.25		0.128571
119.375		0.128571
119.5		0.128571
119.625		0.128571
119.75		0.128571
119.875		0.128571
120		0.128571
120.125		0.166071
120.25		0.166071
120.375		0.166071
120.5		0.166071
120.625		0.166071
120.75		0.166071
120.875		0.166071
121		0.166071
121.125		0.166071
121.25		0.166071
121.375		0.166071
121.5		0.166071
121.625		0.166071
121.75		0.166071
121.875		0.166071
122		0.166071
122.125		0.166071
122.25		0.166071
122.375		0.166071
122.5		0.166071
122.625		0.166071
122.75		0.166071
122.875		0.166071
123		0.166071
123.125		0.166071
123.25		0.166071
123.375		0.166071
123.5		0.166071
123.625		0.166071
123.75		0.166071
123.875		0.166071
124		0.166071
124.125		0.166071
124.25		0.166071
124.375		0.166071
124.5		0.166071
124.625		0.166071
124.75		0.166071
124.875		0.166071
125		0.166071
125.125		0.178571
125.25		0.178571
125.375		0.178571
125.5		0.178571
125.625		0.178571
125.75		0.178571
125.875		0.178571
126		0.178571
126.125		0.178571
126.25		0.178571
126.375		0.178571
126.5		0.178571
126.625		0.178571
126.75		0.178571
126.875		0.178571
127		0.178571
127.125		0.178571
127.25		0.178571
127.375		0.178571
127.5		0.178571
127.625		0.178571
127.75		0.178571
127.875		0.178571
128		0.178571
128.125		0.178571
128.25		0.178571
128.375		0.178571
128.5		0.178571
128.625		0.178571
128.75		0.178571
128.875		0.178571
129		0.178571
129.125		0.178571
129.25		0.178571
129.375		0.178571
129.5		0.178571
129.625		0.178571
129.75		0.178571
129.875		0.178571
130		0.178571
130.125		0.178571
130.25		0.178571
130.375		0.178571
130.5		0.178571
130.625		0.178571
130.75		0.178571
130.875		0.178571
131		0.178571
131.125		0.178571
131.25		0.178571
131.375		0.178571
131.5		0.178571
131.625		0.178571
131.75		0.178571
131.875		0.178571
132		0.178571
132.125		0.178571
132.25		0.178571
132.375		0.178571
132.5		0.178571
132.625		0.178571
132.75		0.178571
132.875		0.178571
133		0.178571
133.125		0.178571
133.25		0.178571
133.375		0.178571
133.5		0.178571
133.625		0.178571
133.75		0.178571
133.875		0.178571
134		0.178571
134.125		0.178571
134.25		0.178571
134.375		0.178571
134.5		0.178571
134.625		0.178571
134.75		0.178571
134.875		0.178571
135		0.178571
135.125		0.214286
135.25		0.214286
135.375		0.214286
135.5		0.214286
135.625		0.214286
135.75		0.214286
135.875		0.214286
136		0.214286
136.125		0.214286
136.25		0.214286
136.375		0.214286
136.5		0.214286
136.625		0.214286
136.75		0.214286
136.875		0.214286
137		0.214286
137.125		0.214286
137.25		0.214286
137.375		0.214286
137.5		0.214286
137.625		0.214286
137.75		0.214286
137.875		0.214286
138		0.214286
138.125		0.214286
138.25		0.214286
138.375		0.214286
138.5		0.214286
138.625		0.214286
138.75		0.214286
138.875		0.214286
139		0.214286
139.125		0.214286
139.25		0.214286
139.375		0.214286
139.5		0.214286
139.625		0.214286
139.75		0.214286
139.875		0.214286
140		0.214286
140.125		0.216071
140.25		0.216071
140.375		0.216071
140.5		0.216071
140.625		0.216071
140.75		0.216071
140.875		0.216071
141		0.216071
141.125		0.216071
141.25		0.216071
141.375		0.216071
141.5		0.216071
141.625		0.216071
141.75		0.216071
141.875		0.216071
142		0.216071
142.125		0.216071
142.25		0.216071
142.375		0.216071
142.5		0.216071
142.625		0.216071
142.75		0.216071
142.875		0.216071
143		0.216071
143.125		0.216071
143.25		0.216071
143.375		0.216071
143.5		0.216071
143.625		0.216071
143.75		0.216071
143.875		0.216071
144		0.216071
144.125		0.216071
144.25		0.216071
144.375		0.216071
144.5		0.216071
144.625		0.216071
144.75		0.216071
144.875		0.216071
145		0.216071
145.125		0.235714
145.25		0.235714
145.375		0.235714
145.5		0.235714
145.625		0.235714
145.75		0.235714
145.875		0.235714
146		0.235714
146.125		0.235714
146.25		0.235714
146.375		0.235714
146.5		0.235714
146.625		0.235714
146.75		0.235714
146.875		0.235714
147		0.235714
147.125		0.235714
147.25		0.235714
147.375		0.235714
147.5		0.235714
147.625		0.235714
147.75		0.235714
147.875		0.235714
148		0.235714
148.125		0.235714
148.25		0.235714
148.375		0.235714
148.5		0.235714
148.625		0.235714
148.75		0.235714
148.875		0.235714
149		0.235714
149.125		0.235714
149.25		0.235714
149.375		0.235714
149.5		0.235714
149.625		0.235714
149.75		0.235714
149.875		0.235714
150		0.235714
150.125		0.235714
150.25		0.235714
150.375		0.235714
150.5		0.235714
150.625		0.235714
150.75		0.235714
150.875		0.235714
151		0.235714
151.125		0.235714
151.25		0.235714
151.375		0.235714
151.5		0.235714
151.625		0.235714
151.75		0.235714
151.875		0.235714
152		0.235714
152.125		0.235714
152.25		0.235714
152.375		0.235714
152.5		0.235714
152.625		0.235714
152.75		0.235714
152.875		0.235714
153		0.235714
153.125		0.235714
153.25		0.235714
153.375		0.235714
153.5		0.235714
153.625		0.235714
153.75		0.235714
153.875		0.235714
154		0.235714
154.125		0.235714
154.25		0.235714
154.375		0.235714
154.5		0.235714
154.625		0.235714
154.75		0.235714
154.875		0.235714
155		0.235714
155.125		0.244643
155.25		0.244643
155.375		0.244643
155.5		0.244643
155.625		0.244643
155.75		0.244643
155.875		0.244643
156		0.244643
156.125		0.244643
156.25		0.244643
156.375		0.244643
156.5		0.244643
156.625		0.244643
156.75		0.244643
156.875		0.244643
157		0.244643
157.125		0.244643
157.25		0.244643
157.375		0.244643
157.5		0.244643
157.625		0.244643
157.75		0.244643
157.875		0.244643
158		0.244643
158.125		0.244643
158.25		0.244643
158.375		0.244643
158.5		0.244643
158.625		0.244643
158.75		0.244643
158.875		0.244643
159		0.244643
159.125		0.244643
159.25		0.244643
159.375		0.244643
159.5		0.244643
159.625		0.244643
159.75		0.244643
159.875		0.244643
160		0.244643
160.125		0.253571
160.25		0.253571
160.375		0.253571
160.5		0.253571
160.625		0.253571
160.75		0.253571
160.875		0.253571
161		0.253571
161.125		0.253571
161.25		0.253571
161.375		0.253571
161.5		0.253571
161.625		0.253571
161.75		0.253571
161.875		0.253571
162		0.253571
162.125		0.253571
162.25		0.253571
162.375		0.253571
162.5		0.253571
162.625		0.253571
162.75		0.253571
162.875		0.253571
163		0.253571
163.125		0.253571
163.25		0.253571
163.375		0.253571
163.5		0.253571
163.625		0.253571
163.75		0.253571
163.875		0.253571
164		0.253571
164.125		0.253571
164.25		0.253571
164.375		0.253571
164.5		0.253571
164.625		0.253571
164.75		0.253571
164.875		0.253571
165		0.253571
165.125		0.275
165.25		0.275
165.375		0.275
165.5		0.275
165.625		0.275
165.75		0.275
165.875		0.275
166		0.275
166.125		0.275
166.25		0.275
166.375		0.275
166.5		0.275
166.625		0.275
166.75		0.275
166.875		0.275
167		0.275
167.125		0.275
167.25		0.275
167.375		0.275
167.5		0.275
167.625		0.275
167.75		0.275
167.875		0.275
168		0.275
168.125		0.275
168.25		0.275
168.375		0.275
168.5		0.275
168.625		0.275
168.75		0.275
168.875		0.275
169		0.275
169.125		0.275
169.25		0.275
169.375		0.275
169.5		0.275
169.625		0.275
169.75		0.275
169.875		0.275
170		0.275
170.125		0.289286
170.25		0.289286
170.375		0.289286
170.5		0.289286
170.625		0.289286
170.75		0.289286
170.875		0.289286
171		0.289286
171.125		0.289286
171.25		0.289286
171.375		0.289286
171.5		0.289286
171.625		0.289286
171.75		0.289286
171.875		0.289286
172		0.289286
172.125		0.289286
172.25		0.289286
172.375		0.289286
172.5		0.289286
172.625		0.289286
172.75		0.289286
172.875		0.289286
173		0.289286
173.125		0.289286
173.25		0.289286
173.375		0.289286
173.5		0.289286
173.625		0.289286
173.75		0.289286
173.875		0.289286
174		0.289286
174.125		0.289286
174.25		0.289286
174.375		0.289286
174.5		0.289286
174.625		0.289286
174.75		0.289286
174.875		0.289286
175		0.289286
175.125		0.296429
175.25		0.296429
175.375		0.296429
175.5		0.296429
175.625		0.296429
175.75		0.296429
175.875		0.296429
176		0.296429
176.125		0.296429
176.25		0.296429
176.375		0.296429
176.5		0.296429
176.625		0.296429
176.75		0.296429
176.875		0.296429
177		0.296429
177.125		0.296429
177.25		0.296429
177.375		0.296429
177.5		0.296429
177.625		0.296429
177.75		0.296429
177.875		0.296429
178		0.296429
178.125		0.296429
178.25		0.296429
178.375		0.296429
178.5		0.296429
178.625		0.296429
178.75		0.296429
178.875		0.296429
179		0.296429
179.125		0.296429
179.25		0.296429
179.375		0.296429
179.5		0.296429
179.625		0.296429
179.75		0.296429
179.875		0.296429
180		0.296429
180.125		0.298214
180.25		0.298214
180.375		0.298214
180.5		0.298214
180.625		0.298214
180.75		0.298214
180.875		0.298214
181		0.298214
181.125		0.298214
181.25		0.298214
181.375		0.298214
181.5		0.298214
181.625		0.298214
181.75		0.298214
181.875		0.298214
182		0.298214
182.125		0.298214
182.25		0.298214
182.375		0.298214
182.5		0.298214
182.625		0.298214
182.75		0.298214
182.875		0.298214
183		0.298214
183.125		0.298214
183.25		0.298214
183.375		0.298214
183.5		0.298214
183.625		0.298214
183.75		0.298214
183.875		0.298214
184		0.298214
184.125		0.298214
184.25		0.298214
184.375		0.298214
184.5		0.298214
184.625		0.298214
184.75		0.298214
184.875		0.298214
185		0.298214
185.125		0.317857
185.25		0.317857
185.375		0.317857
185.5		0.317857
185.625		0.317857
185.75		0.317857
185.875		0.317857
186		0.317857
186.125		0.317857
186.25		0.317857
186.375		0.317857
186.5		0.317857
186.625		0.317857
186.75		0.317857
186.875		0.317857
187		0.317857
187.125		0.317857
187.25		0.317857
187.375		0.317857
187.5		0.317857
187.625		0.317857
187.75		0.317857
187.875		0.317857
188		0.317857
188.125		0.317857
188.25		0.317857
188.375		0.317857
188.5		0.317857
188.625		0.317857
188.75		0.317857
188.875		0.317857
189		0.317857
189.125		0.317857
189.25		0.317857
189.375		0.317857
189.5		0.317857
189.625		0.317857
189.75		0.317857
189.875		0.317857
190		0.317857
190.125		0.323214
190.25		0.323214
190.375		0.323214
190.5		0.323214
190.625		0.323214
190.75		0.323214
190.875		0.323214
191		0.323214
191.125		0.323214
191.25		0.323214
191.375		0.323214
191.5		0.323214
191.625		0.323214
191.75		0.323214
191.875		0.323214
192		0.323214
192.125		0.323214
192.25		0.323214
192.375		0.323214
192.5		0.323214
192.625		0.323214
192.75		0.323214
192.875		0.323214
193		0.323214
193.125		0.323214
193.25		0.323214
193.375		0.323214
193.5		0.323214
193.625		0.323214
193.75		0.323214
193.875		0.323214
194		0.323214
194.125		0.323214
194.25		0.323214
194.375		0.323214
194.5		0.323214
194.625		0.323214
194.75		0.323214
194.875		0.323214
195		0.323214
195.125		0.325
195.25		0.325
195.375		0.325
195.5		0.325
195.625		0.325
195.75		0.325
195.875		0.325
196		0.325
196.125		0.325
196.25		0.325
196.375		0.325
196.5		0.325
196.625		0.325
196.75		0.325
196.875		0.325
197		0.325
197.125		0.325
197.25		0.325
197.375		0.325
197.5		0.325
197.625		0.325
197.75		0.325
197.875		0.325
198		0.325
198.125		0.325
198.25		0.325
198.375		0.325
198.5		0.325
198.625		0.325
198.75		0.325
198.875		0.325
199		0.325
199.125		0.325
199.25		0.325
199.375		0.325
199.5		0.325
199.625		0.325
199.75		0.325
199.875		0.325
200		0.325
200.125		0.342857
200.25		0.342857
200.375		0.342857
200.5		0.342857
200.625		0.342857
200.75		0.342857
200.875		0.342857
201		0.342857
201.125		0.342857
201.25		0.342857
201.375		0.342857
201.5		0.342857
201.625		0.342857
201.75		0.342857
201.875		0.342857
202		0.342857
202.125		0.342857
202.25		0.342857
202.375		0.342857
202.5		0.342857
202.625		0.342857
202.75		0.342857
202.875		0.342857
203		0.342857
203.125		0.342857
203.25		0.342857
203.375		0.342857
203.5		0.342857
203.625		0.342857
203.75		0.342857
203.875		0.342857
204		0.342857
204.125		0.342857
204.25		0.342857
204.375		0.342857
204.5		0.342857
204.625		0.342857
204.75		0.342857
204.875		0.342857
205		0.342857
205.125		0.348214
205.25		0.348214
205.375		0.348214
205.5		0.348214
205.625		0.348214
205.75		0.348214
205.875		0.348214
206		0.348214
206.125		0.348214
206.25		0.348214
206.375		0.348214
206.5		0.348214
206.625		0.348214
206.75		0.348214
206.875		0.348214
207		0.348214
207.125		0.348214
207.25		0.348214
207.375		0.348214
207.5		0.348214
207.625		0.348214
207.75		0.348214
207.875		0.348214
208		0.348214
208.125		0.348214
208.25		0.348214
208.375		0.348214
208.5		0.348214
208.625		0.348214
208.75		0.348214
208.875		0.348214
209		0.348214
209.125		0.348214
209.25		0.348214
209.375		0.348214
209.5		0.348214
209.625		0.348214
209.75		0.348214
209.875		0.348214
210		0.348214
210.125		0.375
210.25		0.375
210.375		0.375
210.5		0.375
210.625		0.375
210.75		0.375
210.875		0.375
211		0.375
211.125		0.375
211.25		0.375
211.375		0.375
211.5		0.375
211.625		0.375
211.75		0.375
211.875		0.375
212		0.375
212.125		0.375
212.25		0.375
212.375		0.375
212.5		0.375
212.625		0.375
212.75		0.375
212.875		0.375
213		0.375
213.125		0.375
213.25		0.375
213.375		0.375
213.5		0.375
213.625		0.375
213.75		0.375
213.875		0.375
214		0.375
214.125		0.375
214.25		0.375
214.375		0.375
214.5		0.375
214.625		0.375
214.75		0.375
214.875		0.375
215		0.375
215.125		0.375
215.25		0.375
215.375		0.375
215.5		0.375
215.625		0.375
215.75		0.375
215.875		0.375
216		0.375
216.125		0.375
216.25		0.375
216.375		0.375
216.5		0.375
216.625		0.375
216.75		0.375
216.875		0.375
217		0.375
217.125		0.375
217.25		0.375
217.375		0.375
217.5		0.375
217.625		0.375
217.75		0.375
217.875		0.375
218		0.375
218.125		0.375
218.25		0.375
218.375		0.375
218.5		0.375
218.625		0.375
218.75		0.375
218.875		0.375
219		0.375
219.125		0.375
219.25		0.375
219.375		0.375
219.5		0.375
219.625		0.375
219.75		0.375
219.875		0.375
220		0.375
220.125		0.3875
220.25		0.3875
220.375		0.3875
220.5		0.3875
220.625		0.3875
220.75		0.3875
220.875		0.3875
221		0.3875
221.125		0.3875
221.25		0.3875
221.375		0.3875
221.5		0.3875
221.625		0.3875
221.75		0.3875
221.875		0.3875
222		0.3875
222.125		0.3875
222.25		0.3875
222.375		0.3875
222.5		0.3875
222.625		0.3875
222.75		0.3875
222.875		0.3875
223		0.3875
223.125		0.3875
223.25		0.3875
223.375		0.3875
223.5		0.3875
223.625		0.3875
223.75		0.3875
223.875		0.3875
224		0.3875
224.125		0.3875
224.25		0.3875
224.375		0.3875
224.5		0.3875
224.625		0.3875
224.75		0.3875
224.875		0.3875
225		0.3875
225.125		0.389286
225.25		0.389286
225.375		0.389286
225.5		0.389286
225.625		0.389286
225.75		0.389286
225.875		0.389286
226		0.389286
226.125		0.389286
226.25		0.389286
226.375		0.389286
226.5		0.389286
226.625		0.389286
226.75		0.389286
226.875		0.389286
227		0.389286
227.125		0.389286
227.25		0.389286
227.375		0.389286
227.5		0.389286
227.625		0.389286
227.75		0.389286
227.875		0.389286
228		0.389286
228.125		0.389286
228.25		0.389286
228.375		0.389286
228.5		0.389286
228.625		0.389286
228.75		0.389286
228.875		0.389286
229		0.389286
229.125		0.389286
229.25		0.389286
229.375		0.389286
229.5		0.389286
229.625		0.389286
229.75		0.389286
229.875		0.389286
230		0.389286
230.125		0.410714
230.25		0.410714
230.375		0.410714
230.5		0.410714
230.625		0.410714
230.75		0.410714
230.875		0.410714
231		0.410714
231.125		0.410714
231.25		0.410714
231.375		0.410714
231.5		0.410714
231.625		0.410714
231.75		0.410714
231.875		0.410714
232		0.410714
232.125		0.410714
232.25		0.410714
232.375		0.410714
232.5		0.410714
232.625		0.410714
232.75		0.410714
232.875		0.410714
233		0.410714
233.125		0.410714
233.25		0.410714
233.375		0.410714
233.5		0.410714
233.625		0.410714
233.75		0.410714
233.875		0.410714
234		0.410714
234.125		0.410714
234.25		0.410714
234.375		0.410714
234.5		0.410714
234.625		0.410714
234.75		0.410714
234.875		0.410714
235		0.410714
235.125		0.414286
235.25		0.414286
235.375		0.414286
235.5		0.414286
235.625		0.414286
235.75		0.414286
235.875		0.414286
236		0.414286
236.125		0.414286
236.25		0.414286
236.375		0.414286
236.5		0.414286
236.625		0.414286
236.75		0.414286
236.875		0.414286
237		0.414286
237.125		0.414286
237.25		0.414286
237.375		0.414286
237.5		0.414286
237.625		0.414286
237.75		0.414286
237.875		0.414286
238		0.414286
238.125		0.414286
238.25		0.414286
238.375		0.414286
238.5		0.414286
238.625		0.414286
238.75		0.414286
238.875		0.414286
239		0.414286
239.125		0.414286
239.25		0.414286
239.375		0.414286
239.5		0.414286
239.625		0.414286
239.75		0.414286
239.875		0.414286
240		0.414286
240.125		0.417857
240.25		0.417857
240.375		0.417857
240.5		0.417857
240.625		0.417857
240.75		0.417857
240.875		0.417857
241		0.417857
241.125		0.417857
241.25		0.417857
241.375		0.417857
241.5		0.417857
241.625		0.417857
241.75		0.417857
241.875		0.417857
242		0.417857
242.125		0.417857
242.25		0.417857
242.375		0.417857
242.5		0.417857
242.625		0.417857
242.75		0.417857
242.875		0.417857
243		0.417857
243.125		0.417857
243.25		0.417857
243.375		0.417857
243.5		0.417857
243.625		0.417857
243.75		0.417857
243.875		0.417857
244		0.417857
244.125		0.417857
244.25		0.417857
244.375		0.417857
244.5		0.417857
244.625		0.417857
244.75		0.417857
244.875		0.417857
245		0.417857
245.125		0.419643
245.25		0.419643
245.375		0.419643
245.5		0.419643
245.625		0.419643
245.75		0.419643
245.875		0.419643
246		0.419643
246.125		0.419643
246.25		0.419643
246.375		0.419643
246.5		0.419643
246.625		0.419643
246.75		0.419643
246.875		0.419643
247		0.419643
247.125		0.419643
247.25		0.419643
247.375		0.419643
247.5		0.419643
247.625		0.419643
247.75		0.419643
247.875		0.419643
248		0.419643
248.125		0.419643
248.25		0.419643
248.375		0.419643
248.5		0.419643
248.625		0.419643
248.75		0.419643
248.875		0.419643
249		0.419643
249.125		0.419643
249.25		0.419643
249.375		0.419643
249.5		0.419643
249.625		0.419643
249.75		0.419643
249.875		0.419643
250		0.419643
250.125		0.448214
250.25		0.448214
250.375		0.448214
250.5		0.448214
250.625		0.448214
250.75		0.448214
250.875		0.448214
251		0.448214
251.125		0.448214
251.25		0.448214
251.375		0.448214
251.5		0.448214
251.625		0.448214
251.75		0.448214
251.875		0.448214
252		0.448214
252.125		0.448214
252.25		0.448214
252.375		0.448214
252.5		0.448214
252.625		0.448214
252.75		0.448214
252.875		0.448214
253		0.448214
253.125		0.448214
253.25		0.448214
253.375		0.448214
253.5		0.448214
253.625		0.448214
253.75		0.448214
253.875		0.448214
254		0.448214
254.125		0.448214
254.25		0.448214
254.375		0.448214
254.5		0.448214
254.625		0.448214
254.75		0.448214
254.875		0.448214
255		0.448214
255.125		0.453571
255.25		0.453571
255.375		0.453571
255.5		0.453571
255.625		0.453571
255.75		0.453571
255.875		0.453571
256		0.453571
256.125		0.453571
256.25		0.453571
256.375		0.453571
256.5		0.453571
256.625		0.453571
256.75		0.453571
256.875		0.453571
257		0.453571
257.125		0.453571
257.25		0.453571
257.375		0.453571
257.5		0.453571
257.625		0.453571
257.75		0.453571
257.875		0.453571
258		0.453571
258.125		0.453571
258.25		0.453571
258.375		0.453571
258.5		0.453571
258.625		0.453571
258.75		0.453571
258.875		0.453571
259		0.453571
259.125		0.453571
259.25		0.453571
259.375		0.453571
259.5		0.453571
259.625		0.453571
259.75		0.453571
259.875		0.453571
260		0.453571
260.125		0.457143
260.25		0.457143
260.375		0.457143
260.5		0.457143
260.625		0.457143
260.75		0.457143
260.875		0.457143
261		0.457143
261.125		0.457143
261.25		0.457143
261.375		0.457143
261.5		0.457143
261.625		0.457143
261.75		0.457143
261.875		0.457143
262		0.457143
262.125		0.457143
262.25		0.457143
262.375		0.457143
262.5		0.457143
262.625		0.457143
262.75		0.457143
262.875		0.457143
263		0.457143
263.125		0.457143
263.25		0.457143
263.375		0.457143
263.5		0.457143
263.625		0.457143
263.75		0.457143
263.875		0.457143
264		0.457143
264.125		0.457143
264.25		0.457143
264.375		0.457143
264.5		0.457143
264.625		0.457143
264.75		0.457143
264.875		0.457143
265		0.457143
265.125		0.475
265.25		0.475
265.375		0.475
265.5		0.475
265.625		0.475
265.75		0.475
265.875		0.475
266		0.475
266.125		0.475
266.25		0.475
266.375		0.475
266.5		0.475
266.625		0.475
266.75		0.475
266.875		0.475
267		0.475
267.125		0.475
267.25		0.475
267.375		0.475
267.5		0.475
267.625		0.475
267.75		0.475
267.875		0.475
268		0.475
268.125		0.475
268.25		0.475
268.375		0.475
268.5		0.475
268.625		0.475
268.75		0.475
268.875		0.475
269		0.475
269.125		0.475
269.25		0.475
269.375		0.475
269.5		0.475
269.625		0.475
269.75		0.475
269.875		0.475
270		0.475
270.125		0.483929
270.25		0.483929
270.375		0.483929
270.5		0.483929
270.625		0.483929
270.75		0.483929
270.875		0.483929
271		0.483929
271.125		0.483929
271.25		0.483929
271.375		0.483929
271.5		0.483929
271.625		0.483929
271.75		0.483929
271.875		0.483929
272		0.483929
272.125		0.483929
272.25		0.483929
272.375		0.483929
272.5		0.483929
272.625		0.483929
272.75		0.483929
272.875		0.483929
273		0.483929
273.125		0.483929
273.25		0.483929
273.375		0.483929
273.5		0.483929
273.625		0.483929
273.75		0.483929
273.875		0.483929
274		0.483929
274.125		0.483929
274.25		0.483929
274.375		0.483929
274.5		0.483929
274.625		0.483929
274.75		0.483929
274.875		0.483929
275		0.483929
275.125		0.498214
275.25		0.498214
275.375		0.498214
275.5		0.498214
275.625		0.498214
275.75		0.498214
275.875		0.498214
276		0.498214
276.125		0.498214
276.25		0.498214
276.375		0.498214
276.5		0.498214
276.625		0.498214
276.75		0.498214
276.875		0.498214
277		0.498214
277.125		0.498214
277.25		0.498214
277.375		0.498214
277.5		0.498214
277.625		0.498214
277.75		0.498214
277.875		0.498214
278		0.498214
278.125		0.498214
278.25		0.498214
278.375		0.498214
278.5		0.498214
278.625		0.498214
278.75		0.498214
278.875		0.498214
279		0.498214
279.125		0.498214
279.25		0.498214
279.375		0.498214
279.5		0.498214
279.625		0.498214
279.75		0.498214
279.875		0.498214
280		0.498214
280.125		0.505357
280.25		0.505357
280.375		0.505357
280.5		0.505357
280.625		0.505357
280.75		0.505357
280.875		0.505357
281		0.505357
281.125		0.505357
281.25		0.505357
281.375		0.505357
281.5		0.505357
281.625		0.505357
281.75		0.505357
281.875		0.505357
282		0.505357
282.125		0.505357
282.25		0.505357
282.375		0.505357
282.5		0.505357
282.625		0.505357
282.75		0.505357
282.875		0.505357
283		0.505357
283.125		0.505357
283.25		0.505357
283.375		0.505357
283.5		0.505357
283.625		0.505357
283.75		0.505357
283.875		0.505357
284		0.505357
284.125		0.505357
284.25		0.505357
284.375		0.505357
284.5		0.505357
284.625		0.505357
284.75		0.505357
284.875		0.505357
285		0.505357
285.125		0.5125
285.25		0.5125
285.375		0.5125
285.5		0.5125
285.625		0.5125
285.75		0.5125
285.875		0.5125
286		0.5125
286.125		0.5125
286.25		0.5125
286.375		0.5125
286.5		0.5125
286.625		0.5125
286.75		0.5125
286.875		0.5125
287		0.5125
287.125		0.5125
287.25		0.5125
287.375		0.5125
287.5		0.5125
287.625		0.5125
287.75		0.5125
287.875		0.5125
288		0.5125
288.125		0.5125
288.25		0.5125
288.375		0.5125
288.5		0.5125
288.625		0.5125
288.75		0.5125
288.875		0.5125
289		0.5125
289.125		0.5125
289.25		0.5125
289.375		0.5125
289.5		0.5125
289.625		0.5125
289.75		0.5125
289.875		0.5125
290		0.5125
290.125		0.539286
290.25		0.539286
290.375		0.539286
290.5		0.539286
290.625		0.539286
290.75		0.539286
290.875		0.539286
291		0.539286
291.125		0.539286
291.25		0.539286
291.375		0.539286
291.5		0.539286
291.625		0.539286
291.75		0.539286
291.875		0.539286
292		0.539286
292.125		0.539286
292.25		0.539286
292.375		0.539286
292.5		0.539286
292.625		0.539286
292.75		0.539286
292.875		0.539286
293		0.539286
293.125		0.539286
293.25		0.539286
293.375		0.539286
293.5		0.539286
293.625		0.539286
293.75		0.539286
293.875		0.539286
294		0.539286
294.125		0.539286
294.25		0.539286
294.375		0.539286
294.5		0.539286
294.625		0.539286
294.75		0.539286
294.875		0.539286
295		0.539286
295.125		0.548214
295.25		0.548214
295.375		0.548214
295.5		0.548214
295.625		0.548214
295.75		0.548214
295.875		0.548214
296		0.548214
296.125		0.548214
296.25		0.548214
296.375		0.548214
296.5		0.548214
296.625		0.548214
296.75		0.548214
296.875		0.548214
297		0.548214
297.125		0.548214
297.25		0.548214
297.375		0.548214
297.5		0.548214
297.625		0.548214
297.75		0.548214
297.875		0.548214
298		0.548214
298.125		0.548214
298.25		0.548214
298.375		0.548214
298.5		0.548214
298.625		0.548214
298.75		0.548214
298.875		0.548214
299		0.548214
299.125		0.548214
299.25		0.548214
299.375		0.548214
299.5		0.548214
299.625		0.548214
299.75		0.548214
299.875		0.548214
300		0.548214
300.125		0.55
300.25		0.55
300.375		0.55
300.5		0.55
300.625		0.55
300.75		0.55
300.875		0.55
301		0.55
301.125		0.55
301.25		0.55
301.375		0.55
301.5		0.55
301.625		0.55
301.75		0.55
301.875		0.55
302		0.55
302.125		0.55
302.25		0.55
302.375		0.55
302.5		0.55
302.625		0.55
302.75		0.55
302.875		0.55
303		0.55
303.125		0.55
303.25		0.55
303.375		0.55
303.5		0.55
303.625		0.55
303.75		0.55
303.875		0.55
304		0.55
304.125		0.55
304.25		0.55
304.375		0.55
304.5		0.55
304.625		0.55
304.75		0.55
304.875		0.55
305		0.55
305.125		0.571429
305.25		0.571429
305.375		0.571429
305.5		0.571429
305.625		0.571429
305.75		0.571429
305.875		0.571429
306		0.571429
306.125		0.571429
306.25		0.571429
306.375		0.571429
306.5		0.571429
306.625		0.571429
306.75		0.571429
306.875		0.571429
307		0.571429
307.125		0.571429
307.25		0.571429
307.375		0.571429
307.5		0.571429
307.625		0.571429
307.75		0.571429
307.875		0.571429
308		0.571429
308.125		0.571429
308.25		0.571429
308.375		0.571429
308.5		0.571429
308.625		0.571429
308.75		0.571429
308.875		0.571429
309		0.571429
309.125		0.571429
309.25		0.571429
309.375		0.571429
309.5		0.571429
309.625		0.571429
309.75		0.571429
309.875		0.571429
310		0.571429
310.125		0.575
310.25		0.575
310.375		0.575
310.5		0.575
310.625		0.575
310.75		0.575
310.875		0.575
311		0.575
311.125		0.575
311.25		0.575
311.375		0.575
311.5		0.575
311.625		0.575
311.75		0.575
311.875		0.575
312		0.575
312.125		0.575
312.25		0.575
312.375		0.575
312.5		0.575
312.625		0.575
312.75		0.575
312.875		0.575
313		0.575
313.125		0.575
313.25		0.575
313.375		0.575
313.5		0.575
313.625		0.575
313.75		0.575
313.875		0.575
314		0.575
314.125		0.575
314.25		0.575
314.375		0.575
314.5		0.575
314.625		0.575
314.75		0.575
314.875		0.575
315		0.575
315.125		0.6
315.25		0.6
315.375		0.6
315.5		0.6
315.625		0.6
315.75		0.6
315.875		0.6
316		0.6
316.125		0.6
316.25		0.6
316.375		0.6
316.5		0.6
316.625		0.6
316.75		0.6
316.875		0.6
317		0.6
317.125		0.6
317.25		0.6
317.375		0.6
317.5		0.6
317.625		0.6
317.75		0.6
317.875		0.6
318		0.6
318.125		0.6
318.25		0.6
318.375		0.6
318.5		0.6
318.625		0.6
318.75		0.6
318.875		0.6
319		0.6
319.125		0.6
319.25		0.6
319.375		0.6
319.5		0.6
319.625		0.6
319.75		0.6
319.875		0.6
320		0.6
320.125		0.6125
320.25		0.6125
320.375		0.6125
320.5		0.6125
320.625		0.6125
320.75		0.6125
320.875		0.6125
321		0.6125
321.125		0.6125
321.25		0.6125
321.375		0.6125
321.5		0.6125
321.625		0.6125
321.75		0.6125
321.875		0.6125
322		0.6125
322.125		0.6125
322.25		0.6125
322.375		0.6125
322.5		0.6125
322.625		0.6125
322.75		0.6125
322.875		0.6125
323		0.6125
323.125		0.6125
323.25		0.6125
323.375		0.6125
323.5		0.6125
323.625		0.6125
323.75		0.6125
323.875		0.6125
324		0.6125
324.125		0.6125
324.25		0.6125
324.375		0.6125
324.5		0.6125
324.625		0.6125
324.75		0.6125
324.875		0.6125
325		0.6125
325.125		0.6125
325.25		0.6125
325.375		0.6125
325.5		0.6125
325.625		0.6125
325.75		0.6125
325.875		0.6125
326		0.6125
326.125		0.6125
326.25		0.6125
326.375		0.6125
326.5		0.6125
326.625		0.6125
326.75		0.6125
326.875		0.6125
327		0.6125
327.125		0.6125
327.25		0.6125
327.375		0.6125
327.5		0.6125
327.625		0.6125
327.75		0.6125
327.875		0.6125
328		0.6125
328.125		0.6125
328.25		0.6125
328.375		0.6125
328.5		0.6125
328.625		0.6125
328.75		0.6125
328.875		0.6125
329		0.6125
329.125		0.6125
329.25		0.6125
329.375		0.6125
329.5		0.6125
329.625		0.6125
329.75		0.6125
329.875		0.6125
330		0.6125
330.125		0.632143
330.25		0.632143
330.375		0.632143
330.5		0.632143
330.625		0.632143
330.75		0.632143
330.875		0.632143
331		0.632143
331.125		0.632143
331.25		0.632143
331.375		0.632143
331.5		0.632143
331.625		0.632143
331.75		0.632143
331.875		0.632143
332		0.632143
332.125		0.632143
332.25		0.632143
332.375		0.632143
332.5		0.632143
332.625		0.632143
332.75		0.632143
332.875		0.632143
333		0.632143
333.125		0.632143
333.25		0.632143
333.375		0.632143
333.5		0.632143
333.625		0.632143
333.75		0.632143
333.875		0.632143
334		0.632143
334.125		0.632143
334.25		0.632143
334.375		0.632143
334.5		0.632143
334.625		0.632143
334.75		0.632143
334.875		0.632143
335		0.632143
335.125		0.648214
335.25		0.648214
335.375		0.648214
335.5		0.648214
335.625		0.648214
335.75		0.648214
335.875		0.648214
336		0.648214
336.125		0.648214
336.25		0.648214
336.375		0.648214
336.5		0.648214
336.625		0.648214
336.75		0.648214
336.875		0.648214
337		0.648214
337.125		0.648214
337.25		0.648214
337.375		0.648214
337.5		0.648214
337.625		0.648214
337.75		0.648214
337.875		0.648214
338		0.648214
338.125		0.648214
338.25		0.648214
338.375		0.648214
338.5		0.648214
338.625		0.648214
338.75		0.648214
338.875		0.648214
339		0.648214
339.125		0.648214
339.25		0.648214
339.375		0.648214
339.5		0.648214
339.625		0.648214
339.75		0.648214
339.875		0.648214
340		0.648214
340.125		0.653571
340.25		0.653571
340.375		0.653571
340.5		0.653571
340.625		0.653571
340.75		0.653571
340.875		0.653571
341		0.653571
341.125		0.653571
341.25		0.653571
341.375		0.653571
341.5		0.653571
341.625		0.653571
341.75		0.653571
341.875		0.653571
342		0.653571
342.125		0.653571
342.25		0.653571
342.375		0.653571
342.5		0.653571
342.625		0.653571
342.75		0.653571
342.875		0.653571
343		0.653571
343.125		0.653571
343.25		0.653571
343.375		0.653571
343.5		0.653571
343.625		0.653571
343.75		0.653571
343.875		0.653571
344		0.653571
344.125		0.653571
344.25		0.653571
344.375		0.653571
344.5		0.653571
344.625		0.653571
344.75		0.653571
344.875		0.653571
345		0.653571
345.125		0.658929
345.25		0.658929
345.375		0.658929
345.5		0.658929
345.625		0.658929
345.75		0.658929
345.875		0.658929
346		0.658929
346.125		0.658929
346.25		0.658929
346.375		0.658929
346.5		0.658929
346.625		0.658929
346.75		0.658929
346.875		0.658929
347		0.658929
347.125		0.658929
347.25		0.658929
347.375		0.658929
347.5		0.658929
347.625		0.658929
347.75		0.658929
347.875		0.658929
348		0.658929
348.125		0.658929
348.25		0.658929
348.375		0.658929
348.5		0.658929
348.625		0.658929
348.75		0.658929
348.875		0.658929
349		0.658929
349.125		0.658929
349.25		0.658929
349.375		0.658929
349.5		0.658929
349.625		0.658929
349.75		0.658929
349.875		0.658929
350		0.658929
350.125		0.658929
350.25		0.658929
350.375		0.658929
350.5		0.658929
350.625		0.658929
350.75		0.658929
350.875		0.658929
351		0.658929
351.125		0.658929
351.25		0.658929
351.375		0.658929
351.5		0.658929
351.625		0.658929
351.75		0.658929
351.875		0.658929
352		0.658929
352.125		0.658929
352.25		0.658929
352.375		0.658929
352.5		0.658929
352.625		0.658929
352.75		0.658929
352.875		0.658929
353		0.658929
353.125		0.658929
353.25		0.658929
353.375		0.658929
353.5		0.658929
353.625		0.658929
353.75		0.658929
353.875		0.658929
354		0.658929
354.125		0.658929
354.25		0.658929
354.375		0.658929
354.5		0.658929
354.625		0.658929
354.75		0.658929
354.875		0.658929
355		0.658929
355.125		0.664286
355.25		0.664286
355.375		0.664286
355.5		0.664286
355.625		0.664286
355.75		0.664286
355.875		0.664286
356		0.664286
356.125		0.664286
356.25		0.664286
356.375		0.664286
356.5		0.664286
356.625		0.664286
356.75		0.664286
356.875		0.664286
357		0.664286
357.125		0.664286
357.25		0.664286
357.375		0.664286
357.5		0.664286
357.625		0.664286
357.75		0.664286
357.875		0.664286
358		0.664286
358.125		0.664286
358.25		0.664286
358.375		0.664286
358.5		0.664286
358.625		0.664286
358.75		0.664286
358.875		0.664286
359		0.664286
359.125		0.664286
359.25		0.664286
359.375		0.664286
359.5		0.664286
359.625		0.664286
359.75		0.664286
359.875		0.664286
360		0.664286
360.125		0.689286
360.25		0.689286
360.375		0.689286
360.5		0.689286
360.625		0.689286
360.75		0.689286
360.875		0.689286
361		0.689286
361.125		0.689286
361.25		0.689286
361.375		0.689286
361.5		0.689286
361.625		0.689286
361.75		0.689286
361.875		0.689286
362		0.689286
362.125		0.689286
362.25		0.689286
362.375		0.689286
362.5		0.689286
362.625		0.689286
362.75		0.689286
362.875		0.689286
363		0.689286
363.125		0.689286
363.25		0.689286
363.375		0.689286
363.5		0.689286
363.625		0.689286
363.75		0.689286
363.875		0.689286
364		0.689286
364.125		0.689286
364.25		0.689286
364.375		0.689286
364.5		0.689286
364.625		0.689286
364.75		0.689286
364.875		0.689286
365		0.689286
365.125		0.701786
365.25		0.701786
365.375		0.701786
365.5		0.701786
365.625		0.701786
365.75		0.701786
365.875		0.701786
366		0.701786
366.125		0.701786
366.25		0.701786
366.375		0.701786
366.5		0.701786
366.625		0.701786
366.75		0.701786
366.875		0.701786
367		0.701786
367.125		0.701786
367.25		0.701786
367.375		0.701786
367.5		0.701786
367.625		0.701786
367.75		0.701786
367.875		0.701786
368		0.701786
368.125		0.701786
368.25		0.701786
368.375		0.701786
368.5		0.701786
368.625		0.701786
368.75		0.701786
368.875		0.701786
369		0.701786
369.125		0.701786
369.25		0.701786
369.375		0.701786
369.5		0.701786
369.625		0.701786
369.75		0.701786
369.875		0.701786
370		0.701786
370.125		0.707143
370.25		0.707143
370.375		0.707143
370.5		0.707143
370.625		0.707143
370.75		0.707143
370.875		0.707143
371		0.707143
371.125		0.707143
371.25		0.707143
371.375		0.707143
371.5		0.707143
371.625		0.707143
371.75		0.707143
371.875		0.707143
372		0.707143
372.125		0.707143
372.25		0.707143
372.375		0.707143
372.5		0.707143
372.625		0.707143
372.75		0.707143
372.875		0.707143
373		0.707143
373.125		0.707143
373.25		0.707143
373.375		0.707143
373.5		0.707143
373.625		0.707143
373.75		0.707143
373.875		0.707143
374		0.707143
374.125		0.707143
374.25		0.707143
374.375		0.707143
374.5		0.707143
374.625		0.707143
374.75		0.707143
374.875		0.707143
375		0.707143
375.125		0.708929
375.25		0.708929
375.375		0.708929
375.5		0.708929
375.625		0.708929
375.75		0.708929
375.875		0.708929
376		0.708929
376.125		0.708929
376.25		0.708929
376.375		0.708929
376.5		0.708929
376.625		0.708929
376.75		0.708929
376.875		0.708929
377		0.708929
377.125		0.708929
377.25		0.708929
377.375		0.708929
377.5		0.708929
377.625		0.708929
377.75		0.708929
377.875		0.708929
378		0.708929
378.125		0.708929
378.25		0.708929
378.375		0.708929
378.5		0.708929
378.625		0.708929
378.75		0.708929
378.875		0.708929
379		0.708929
379.125		0.708929
379.25		0.708929
379.375		0.708929
379.5		0.708929
379.625		0.708929
379.75		0.708929
379.875		0.708929
380		0.708929
380.125		0.717857
380.25		0.717857
380.375		0.717857
380.5		0.717857
380.625		0.717857
380.75		0.717857
380.875		0.717857
381		0.717857
381.125		0.717857
381.25		0.717857
381.375		0.717857
381.5		0.717857
381.625		0.717857
381.75		0.717857
381.875		0.717857
382		0.717857
382.125		0.717857
382.25		0.717857
382.375		0.717857
382.5		0.717857
382.625		0.717857
382.75		0.717857
382.875		0.717857
383		0.717857
383.125		0.717857
383.25		0.717857
383.375		0.717857
383.5		0.717857
383.625		0.717857
383.75		0.717857
383.875		0.717857
384		0.717857
384.125		0.717857
384.25		0.717857
384.375		0.717857
384.5		0.717857
384.625		0.717857
384.75		0.717857
384.875		0.717857
385		0.717857
385.125		0.726786
385.25		0.726786
385.375		0.726786
385.5		0.726786
385.625		0.726786
385.75		0.726786
385.875		0.726786
386		0.726786
386.125		0.726786
386.25		0.726786
386.375		0.726786
386.5		0.726786
386.625		0.726786
386.75		0.726786
386.875		0.726786
387		0.726786
387.125		0.726786
387.25		0.726786
387.375		0.726786
387.5		0.726786
387.625		0.726786
387.75		0.726786
387.875		0.726786
388		0.726786
388.125		0.726786
388.25		0.726786
388.375		0.726786
388.5		0.726786
388.625		0.726786
388.75		0.726786
388.875		0.726786
389		0.726786
389.125		0.726786
389.25		0.726786
389.375		0.726786
389.5		0.726786
389.625		0.726786
389.75		0.726786
389.875		0.726786
390		0.726786
390.125		0.742857
390.25		0.742857
390.375		0.742857
390.5		0.742857
390.625		0.742857
390.75		0.742857
390.875		0.742857
391		0.742857
391.125		0.742857
391.25		0.742857
391.375		0.742857
391.5		0.742857
391.625		0.742857
391.75		0.742857
391.875		0.742857
392		0.742857
392.125		0.742857
392.25		0.742857
392.375		0.742857
392.5		0.742857
392.625		0.742857
392.75		0.742857
392.875		0.742857
393		0.742857
393.125		0.742857
393.25		0.742857
393.375		0.742857
393.5		0.742857
393.625		0.742857
393.75		0.742857
393.875		0.742857
394		0.742857
394.125		0.742857
394.25		0.742857
394.375		0.742857
394.5		0.742857
394.625		0.742857
394.75		0.742857
394.875		0.742857
395		0.742857
395.125		0.7625
395.25		0.7625
395.375		0.7625
395.5		0.7625
395.625		0.7625
395.75		0.7625
395.875		0.7625
396		0.7625
396.125		0.7625
396.25		0.7625
396.375		0.7625
396.5		0.7625
396.625		0.7625
396.75		0.7625
396.875		0.7625
397		0.7625
397.125		0.7625
397.25		0.7625
397.375		0.7625
397.5		0.7625
397.625		0.7625
397.75		0.7625
397.875		0.7625
398		0.7625
398.125		0.7625
398.25		0.7625
398.375		0.7625
398.5		0.7625
398.625		0.7625
398.75		0.7625
398.875		0.7625
399		0.7625
399.125		0.7625
399.25		0.7625
399.375		0.7625
399.5		0.7625
399.625		0.7625
399.75		0.7625
399.875		0.7625
400		0.7625
400.125		0.775
400.25		0.775
400.375		0.775
400.5		0.775
400.625		0.775
400.75		0.775
400.875		0.775
401		0.775
401.125		0.775
401.25		0.775
401.375		0.775
401.5		0.775
401.625		0.775
401.75		0.775
401.875		0.775
402		0.775
402.125		0.775
402.25		0.775
402.375		0.775
402.5		0.775
402.625		0.775
402.75		0.775
402.875		0.775
403		0.775
403.125		0.775
403.25		0.775
403.375		0.775
403.5		0.775
403.625		0.775
403.75		0.775
403.875		0.775
404		0.775
404.125		0.775
404.25		0.775
404.375		0.775
404.5		0.775
404.625		0.775
404.75		0.775
404.875		0.775
405		0.775
405.125		0.783929
405.25		0.783929
405.375		0.783929
405.5		0.783929
405.625		0.783929
405.75		0.783929
405.875		0.783929
406		0.783929
406.125		0.783929
406.25		0.783929
406.375		0.783929
406.5		0.783929
406.625		0.783929
406.75		0.783929
406.875		0.783929
407		0.783929
407.125		0.783929
407.25		0.783929
407.375		0.783929
407.5		0.783929
407.625		0.783929
407.75		0.783929
407.875		0.783929
408		0.783929
408.125		0.783929
408.25		0.783929
408.375		0.783929
408.5		0.783929
408.625		0.783929
408.75		0.783929
408.875		0.783929
409		0.783929
409.125		0.783929
409.25		0.783929
409.375		0.783929
409.5		0.783929
409.625		0.783929
409.75		0.783929
409.875		0.783929
410		0.783929
410.125		0.783929
410.25		0.783929
410.375		0.783929
410.5		0.783929
410.625		0.783929
410.75		0.783929
410.875		0.783929
411		0.783929
411.125		0.783929
411.25		0.783929
411.375		0.783929
411.5		0.783929
411.625		0.783929
411.75		0.783929
411.875		0.783929
412		0.783929
412.125		0.783929
412.25		0.783929
412.375		0.783929
412.5		0.783929
412.625		0.783929
412.75		0.783929
412.875		0.783929
413		0.783929
413.125		0.783929
413.25		0.783929
413.375		0.783929
413.5		0.783929
413.625		0.783929
413.75		0.783929
413.875		0.783929
414		0.783929
414.125		0.783929
414.25		0.783929
414.375		0.783929
414.5		0.783929
414.625		0.783929
414.75		0.783929
414.875		0.783929
415		0.783929
415.125		0.803571
415.25		0.803571
415.375		0.803571
415.5		0.803571
415.625		0.803571
415.75		0.803571
415.875		0.803571
416		0.803571
416.125		0.803571
416.25		0.803571
416.375		0.803571
416.5		0.803571
416.625		0.803571
416.75		0.803571
416.875		0.803571
417		0.803571
417.125		0.803571
417.25		0.803571
417.375		0.803571
417.5		0.803571
417.625		0.803571
417.75		0.803571
417.875		0.803571
418		0.803571
418.125		0.803571
418.25		0.803571
418.375		0.803571
418.5		0.803571
418.625		0.803571
418.75		0.803571
418.875		0.803571
419		0.803571
419.125		0.803571
419.25		0.803571
419.375		0.803571
419.5		0.803571
419.625		0.803571
419.75		0.803571
419.875		0.803571
420		0.803571
420.125		0.807143
420.25		0.807143
420.375		0.807143
420.5		0.807143
420.625		0.807143
420.75		0.807143
420.875		0.807143
421		0.807143
421.125		0.807143
421.25		0.807143
421.375		0.807143
421.5		0.807143
421.625		0.807143
421.75		0.807143
421.875		0.807143
422		0.807143
422.125		0.807143
422.25		0.807143
422.375		0.807143
422.5		0.807143
422.625		0.807143
422.75		0.807143
422.875		0.807143
423		0.807143
423.125		0.807143
423.25		0.807143
423.375		0.807143
423.5		0.807143
423.625		0.807143
423.75		0.807143
423.875		0.807143
424		0.807143
424.125		0.807143
424.25		0.807143
424.375		0.807143
424.5		0.807143
424.625		0.807143
424.75		0.807143
424.875		0.807143
425		0.807143
425.125		0.8375
425.25		0.8375
425.375		0.8375
425.5		0.8375
425.625		0.8375
425.75		0.8375
425.875		0.8375
426		0.8375
426.125		0.8375
426.25		0.8375
426.375		0.8375
426.5		0.8375
426.625		0.8375
426.75		0.8375
426.875		0.8375
427		0.8375
427.125		0.8375
427.25		0.8375
427.375		0.8375
427.5		0.8375
427.625		0.8375
427.75		0.8375
427.875		0.8375
428		0.8375
428.125		0.8375
428.25		0.8375
428.375		0.8375
428.5		0.8375
428.625		0.8375
428.75		0.8375
428.875		0.8375
429		0.8375
429.125		0.8375
429.25		0.8375
429.375		0.8375
429.5		0.8375
429.625		0.8375
429.75		0.8375
429.875		0.8375
430		0.8375
430.125		0.855357
430.25		0.855357
430.375		0.855357
430.5		0.855357
430.625		0.855357
430.75		0.855357
430.875		0.855357
431		0.855357
431.125		0.855357
431.25		0.855357
431.375		0.855357
431.5		0.855357
431.625		0.855357
431.75		0.855357
431.875		0.855357
432		0.855357
432.125		0.855357
432.25		0.855357
432.375		0.855357
432.5		0.855357
432.625		0.855357
432.75		0.855357
432.875		0.855357
433		0.855357
433.125		0.855357
433.25		0.855357
433.375		0.855357
433.5		0.855357
433.625		0.855357
433.75		0.855357
433.875		0.855357
434		0.855357
434.125		0.855357
434.25		0.855357
434.375		0.855357
434.5		0.855357
434.625		0.855357
434.75		0.855357
434.875		0.855357
435		0.855357
435.125		0.864286
435.25		0.864286
435.375		0.864286
435.5		0.864286
435.625		0.864286
435.75		0.864286
435.875		0.864286
436		0.864286
436.125		0.864286
436.25		0.864286
436.375		0.864286
436.5		0.864286
436.625		0.864286
436.75		0.864286
436.875		0.864286
437		0.864286
437.125		0.864286
437.25		0.864286
437.375		0.864286
437.5		0.864286
437.625		0.864286
437.75		0.864286
437.875		0.864286
438		0.864286
438.125		0.864286
438.25		0.864286
438.375		0.864286
438.5		0.864286
438.625		0.864286
438.75		0.864286
438.875		0.864286
439		0.864286
439.125		0.864286
439.25		0.864286
439.375		0.864286
439.5		0.864286
439.625		0.864286
439.75		0.864286
439.875		0.864286
440		0.864286
440.125		0.864286
440.25		0.864286
440.375		0.864286
440.5		0.864286
440.625		0.864286
440.75		0.864286
440.875		0.864286
441		0.864286
441.125		0.864286
441.25		0.864286
441.375		0.864286
441.5		0.864286
441.625		0.864286
441.75		0.864286
441.875		0.864286
442		0.864286
442.125		0.864286
442.25		0.864286
442.375		0.864286
442.5		0.864286
442.625		0.864286
442.75		0.864286
442.875		0.864286
443		0.864286
443.125		0.864286
443.25		0.864286
443.375		0.864286
443.5		0.864286
443.625		0.864286
443.75		0.864286
443.875		0.864286
444		0.864286
444.125		0.864286
444.25		0.864286
444.375		0.864286
444.5		0.864286
444.625		0.864286
444.75		0.864286
444.875		0.864286
445		0.864286
445.125		0.9
445.25		0.9
445.375		0.9
445.5		0.9
445.625		0.9
445.75		0.9
445.875		0.9
446		0.9
446.125		0.9
446.25		0.9
446.375		0.9
446.5		0.9
446.625		0.9
446.75		0.9
446.875		0.9
447		0.9
447.125		0.9
447.25		0.9
447.375		0.9
447.5		0.9
447.625		0.9
447.75		0.9
447.875		0.9
448		0.9
448.125		0.9
448.25		0.9
448.375		0.9
448.5		0.9
448.625		0.9
448.75		0.9
448.875		0.9
449		0.9
449.125		0.9
449.25		0.9
449.375		0.9
449.5		0.9
449.625		0.9
449.75		0.9
449.875		0.9
450		0.9
450.125		0.910714
450.25		0.910714
450.375		0.910714
450.5		0.910714
450.625		0.910714
450.75		0.910714
450.875		0.910714
451		0.910714
451.125		0.910714
451.25		0.910714
451.375		0.910714
451.5		0.910714
451.625		0.910714
451.75		0.910714
451.875		0.910714
452		0.910714
452.125		0.910714
452.25		0.910714
452.375		0.910714
452.5		0.910714
452.625		0.910714
452.75		0.910714
452.875		0.910714
453		0.910714
453.125		0.910714
453.25		0.910714
453.375		0.910714
453.5		0.910714
453.625		0.910714
453.75		0.910714
453.875		0.910714
454		0.910714
454.125		0.910714
454.25		0.910714
454.375		0.910714
454.5		0.910714
454.625		0.910714
454.75		0.910714
454.875		0.910714
455		0.910714
455.125		0.914286
455.25		0.914286
455.375		0.914286
455.5		0.914286
455.625		0.914286
455.75		0.914286
455.875		0.914286
456		0.914286
456.125		0.914286
456.25		0.914286
456.375		0.914286
456.5		0.914286
456.625		0.914286
456.75		0.914286
456.875		0.914286
457		0.914286
457.125		0.914286
457.25		0.914286
457.375		0.914286
457.5		0.914286
457.625		0.914286
457.75		0.914286
457.875		0.914286
458		0.914286
458.125		0.914286
458.25		0.914286
458.375		0.914286
458.5		0.914286
458.625		0.914286
458.75		0.914286
458.875		0.914286
459		0.914286
459.125		0.914286
459.25		0.914286
459.375		0.914286
459.5		0.914286
459.625		0.914286
459.75		0.914286
459.875		0.914286
460		0.914286
460.125		0.930357
460.25		0.930357
460.375		0.930357
460.5		0.930357
460.625		0.930357
460.75		0.930357
460.875		0.930357
461		0.930357
461.125		0.930357
461.25		0.930357
461.375		0.930357
461.5		0.930357
461.625		0.930357
461.75		0.930357
461.875		0.930357
462		0.930357
462.125		0.930357
462.25		0.930357
462.375		0.930357
462.5		0.930357
462.625		0.930357
462.75		0.930357
462.875		0.930357
463		0.930357
463.125		0.930357
463.25		0.930357
463.375		0.930357
463.5		0.930357
463.625		0.930357
463.75		0.930357
463.875		0.930357
464		0.930357
464.125		0.930357
464.25		0.930357
464.375		0.930357
464.5		0.930357
464.625		0.930357
464.75		0.930357
464.875		0.930357
465		0.930357
465.125		0.933929
465.25		0.933929
465.375		0.933929
465.5		0.933929
465.625		0.933929
465.75		0.933929
465.875		0.933929
466		0.933929
466.125		0.933929
466.25		0.933929
466.375		0.933929
466.5		0.933929
466.625		0.933929
466.75		0.933929
466.875		0.933929
467		0.933929
467.125		0.933929
467.25		0.933929
467.375		0.933929
467.5		0.933929
467.625		0.933929
467.75		0.933929
467.875		0.933929
468		0.933929
468.125		0.933929
468.25		0.933929
468.375		0.933929
468.5		0.933929
468.625		0.933929
468.75		0.933929
468.875		0.933929
469		0.933929
469.125		0.933929
469.25		0.933929
469.375		0.933929
469.5		0.933929
469.625		0.933929
469.75		0.933929
469.875		0.933929
470		0.933929
470.125		0.942857
470.25		0.942857
470.375		0.942857
470.5		0.942857
470.625		0.942857
470.75		0.942857
470.875		0.942857
471		0.942857
471.125		0.942857
471.25		0.942857
471.375		0.942857
471.5		0.942857
471.625		0.942857
471.75		0.942857
471.875		0.942857
472		0.942857
472.125		0.942857
472.25		0.942857
472.375		0.942857
472.5		0.942857
472.625		0.942857
472.75		0.942857
472.875		0.942857
473		0.942857
473.125		0.942857
473.25		0.942857
473.375		0.942857
473.5		0.942857
473.625		0.942857
473.75		0.942857
473.875		0.942857
474		0.942857
474.125		0.942857
474.25		0.942857
474.375		0.942857
474.5		0.942857
474.625		0.942857
474.75		0.942857
474.875		0.942857
475		0.942857
475.125		0.964286
475.25		0.964286
475.375		0.964286
475.5		0.964286
475.625		0.964286
475.75		0.964286
475.875		0.964286
476		0.964286
476.125		0.964286
476.25		0.964286
476.375		0.964286
476.5		0.964286
476.625		0.964286
476.75		0.964286
476.875		0.964286
477		0.964286
477.125		0.964286
477.25		0.964286
477.375		0.964286
477.5		0.964286
477.625		0.964286
477.75		0.964286
477.875		0.964286
478		0.964286
478.125		0.964286
478.25		0.964286
478.375		0.964286
478.5		0.964286
478.625		0.964286
478.75		0.964286
478.875		0.964286
479		0.964286
479.125		0.964286
479.25		0.964286
479.375		0.964286
479.5		0.964286
479.625		0.964286
479.75		0.964286
479.875		0.964286
480		0.964286
480.125		0.971429
480.25		0.971429
480.375		0.971429
480.5		0.971429
480.625		0.971429
480.75		0.971429
480.875		0.971429
481		0.971429
481.125		0.971429
481.25		0.971429
481.375		0.971429
481.5		0.971429
481.625		0.971429
481.75		0.971429
481.875		0.971429
482		0.971429
482.125		0.971429
482.25		0.971429
482.375		0.971429
482.5		0.971429
482.625		0.971429
482.75		0.971429
482.875		0.971429
483		0.971429
483.125		0.971429
483.25		0.971429
483.375		0.971429
483.5		0.971429
483.625		0.971429
483.75		0.971429
483.875		0.971429
484		0.971429
484.125		0.971429
484.25		0.971429
484.375		0.971429
484.5		0.971429
484.625		0.971429
484.75		0.971429
484.875		0.971429
485		0.971429
485.125		0.980357
485.25		0.980357
485.375		0.980357
485.5		0.980357
485.625		0.980357
485.75		0.980357
485.875		0.980357
486		0.980357
486.125		0.980357
486.25		0.980357
486.375		0.980357
486.5		0.980357
486.625		0.980357
486.75		0.980357
486.875		0.980357
487		0.980357
487.125		0.980357
487.25		0.980357
487.375		0.980357
487.5		0.980357
487.625		0.980357
487.75		0.980357
487.875		0.980357
488		0.980357
488.125		0.980357
488.25		0.980357
488.375		0.980357
488.5		0.980357
488.625		0.980357
488.75		0.980357
488.875		0.980357
489		0.980357
489.125		0.980357
489.25		0.980357
489.375		0.980357
489.5		0.980357
489.625		0.980357
489.75		0.980357
489.875		0.980357
490		0.980357
490.125		0.998214
490.25		0.998214
490.375		0.998214
490.5		0.998214
490.625		0.998214
490.75		0.998214
490.875		0.998214
491		0.998214
491.125		0.998214
491.25		0.998214
491.375		0.998214
491.5		0.998214
491.625		0.998214
491.75		0.998214
491.875		0.998214
492		0.998214
492.125		0.998214
492.25		0.998214
492.375		0.998214
492.5		0.998214
492.625		0.998214
492.75		0.998214
492.875		0.998214
493		0.998214
493.125		0.998214
493.25		0.998214
493.375		0.998214
493.5		0.998214
493.625		0.998214
493.75		0.998214
493.875		0.998214
494		0.998214
494.125		0.998214
494.25		0.998214
494.375		0.998214
494.5		0.998214
494.625		0.998214
494.75		0.998214
494.875		0.998214
495		0.998214
495.125		1
495.25		1
495.375		1
495.5		1
495.625		1
495.75		1
495.875		1
496		1
496.125		1
496.25		1
496.375		1
496.5		1
496.625		1
496.75		1
496.875		1
497		1
497.125		1
497.25		1
497.375		1
497.5		1
497.625		1
497.75		1
497.875		1
498		1
498.125		1
498.25		1
498.375		1
498.5		1
498.625		1
498.75		1
498.875		1
499		1
499.125		1
499.25		1
499.375		1
499.5		1
499.625		1
499.75		1
499.875		1
500		1
