# Calibration file of tamex_id 1 @ channel 31
# fine_T bin		 Calibration value
0.125		0
0.25		0
0.375		0
0.5		0
0.625		0
0.75		0
0.875		0
1		0
1.125		0
1.25		0
1.375		0
1.5		0
1.625		0
1.75		0
1.875		0
2		0
2.125		0
2.25		0
2.375		0
2.5		0
2.625		0
2.75		0
2.875		0
3		0
3.125		0
3.25		0
3.375		0
3.5		0
3.625		0
3.75		0
3.875		0
4		0
4.125		0
4.25		0
4.375		0
4.5		0
4.625		0
4.75		0
4.875		0
5		0
5.125		0
5.25		0
5.375		0
5.5		0
5.625		0
5.75		0
5.875		0
6		0
6.125		0
6.25		0
6.375		0
6.5		0
6.625		0
6.75		0
6.875		0
7		0
7.125		0
7.25		0
7.375		0
7.5		0
7.625		0
7.75		0
7.875		0
8		0
8.125		0
8.25		0
8.375		0
8.5		0
8.625		0
8.75		0
8.875		0
9		0
9.125		0
9.25		0
9.375		0
9.5		0
9.625		0
9.75		0
9.875		0
10		0
10.125		0
10.25		0
10.375		0
10.5		0
10.625		0
10.75		0
10.875		0
11		0
11.125		0
11.25		0
11.375		0
11.5		0
11.625		0
11.75		0
11.875		0
12		0
12.125		0
12.25		0
12.375		0
12.5		0
12.625		0
12.75		0
12.875		0
13		0
13.125		0
13.25		0
13.375		0
13.5		0
13.625		0
13.75		0
13.875		0
14		0
14.125		0
14.25		0
14.375		0
14.5		0
14.625		0
14.75		0
14.875		0
15		0
15.125		0
15.25		0
15.375		0
15.5		0
15.625		0
15.75		0
15.875		0
16		0
16.125		0
16.25		0
16.375		0
16.5		0
16.625		0
16.75		0
16.875		0
17		0
17.125		0
17.25		0
17.375		0
17.5		0
17.625		0
17.75		0
17.875		0
18		0
18.125		0
18.25		0
18.375		0
18.5		0
18.625		0
18.75		0
18.875		0
19		0
19.125		0
19.25		0
19.375		0
19.5		0
19.625		0
19.75		0
19.875		0
20		0
20.125		0
20.25		0
20.375		0
20.5		0
20.625		0
20.75		0
20.875		0
21		0
21.125		0
21.25		0
21.375		0
21.5		0
21.625		0
21.75		0
21.875		0
22		0
22.125		0
22.25		0
22.375		0
22.5		0
22.625		0
22.75		0
22.875		0
23		0
23.125		0
23.25		0
23.375		0
23.5		0
23.625		0
23.75		0
23.875		0
24		0
24.125		0
24.25		0
24.375		0
24.5		0
24.625		0
24.75		0
24.875		0
25		0
25.125		0
25.25		0
25.375		0
25.5		0
25.625		0
25.75		0
25.875		0
26		0
26.125		0
26.25		0
26.375		0
26.5		0
26.625		0
26.75		0
26.875		0
27		0
27.125		0
27.25		0
27.375		0
27.5		0
27.625		0
27.75		0
27.875		0
28		0
28.125		0
28.25		0
28.375		0
28.5		0
28.625		0
28.75		0
28.875		0
29		0
29.125		0
29.25		0
29.375		0
29.5		0
29.625		0
29.75		0
29.875		0
30		0
30.125		0
30.25		0
30.375		0
30.5		0
30.625		0
30.75		0
30.875		0
31		0
31.125		0
31.25		0
31.375		0
31.5		0
31.625		0
31.75		0
31.875		0
32		0
32.125		0
32.25		0
32.375		0
32.5		0
32.625		0
32.75		0
32.875		0
33		0
33.125		0
33.25		0
33.375		0
33.5		0
33.625		0
33.75		0
33.875		0
34		0
34.125		0
34.25		0
34.375		0
34.5		0
34.625		0
34.75		0
34.875		0
35		0
35.125		0
35.25		0
35.375		0
35.5		0
35.625		0
35.75		0
35.875		0
36		0
36.125		0
36.25		0
36.375		0
36.5		0
36.625		0
36.75		0
36.875		0
37		0
37.125		0
37.25		0
37.375		0
37.5		0
37.625		0
37.75		0
37.875		0
38		0
38.125		0
38.25		0
38.375		0
38.5		0
38.625		0
38.75		0
38.875		0
39		0
39.125		0
39.25		0
39.375		0
39.5		0
39.625		0
39.75		0
39.875		0
40		0
40.125		0
40.25		0
40.375		0
40.5		0
40.625		0
40.75		0
40.875		0
41		0
41.125		0
41.25		0
41.375		0
41.5		0
41.625		0
41.75		0
41.875		0
42		0
42.125		0
42.25		0
42.375		0
42.5		0
42.625		0
42.75		0
42.875		0
43		0
43.125		0
43.25		0
43.375		0
43.5		0
43.625		0
43.75		0
43.875		0
44		0
44.125		0
44.25		0
44.375		0
44.5		0
44.625		0
44.75		0
44.875		0
45		0
45.125		0
45.25		0
45.375		0
45.5		0
45.625		0
45.75		0
45.875		0
46		0
46.125		0
46.25		0
46.375		0
46.5		0
46.625		0
46.75		0
46.875		0
47		0
47.125		0
47.25		0
47.375		0
47.5		0
47.625		0
47.75		0
47.875		0
48		0
48.125		0
48.25		0
48.375		0
48.5		0
48.625		0
48.75		0
48.875		0
49		0
49.125		0
49.25		0
49.375		0
49.5		0
49.625		0
49.75		0
49.875		0
50		0
50.125		0
50.25		0
50.375		0
50.5		0
50.625		0
50.75		0
50.875		0
51		0
51.125		0
51.25		0
51.375		0
51.5		0
51.625		0
51.75		0
51.875		0
52		0
52.125		0
52.25		0
52.375		0
52.5		0
52.625		0
52.75		0
52.875		0
53		0
53.125		0
53.25		0
53.375		0
53.5		0
53.625		0
53.75		0
53.875		0
54		0
54.125		0
54.25		0
54.375		0
54.5		0
54.625		0
54.75		0
54.875		0
55		0
55.125		0
55.25		0
55.375		0
55.5		0
55.625		0
55.75		0
55.875		0
56		0
56.125		0
56.25		0
56.375		0
56.5		0
56.625		0
56.75		0
56.875		0
57		0
57.125		0
57.25		0
57.375		0
57.5		0
57.625		0
57.75		0
57.875		0
58		0
58.125		0
58.25		0
58.375		0
58.5		0
58.625		0
58.75		0
58.875		0
59		0
59.125		0
59.25		0
59.375		0
59.5		0
59.625		0
59.75		0
59.875		0
60		0
60.125		0
60.25		0
60.375		0
60.5		0
60.625		0
60.75		0
60.875		0
61		0
61.125		0
61.25		0
61.375		0
61.5		0
61.625		0
61.75		0
61.875		0
62		0
62.125		0
62.25		0
62.375		0
62.5		0
62.625		0
62.75		0
62.875		0
63		0
63.125		0
63.25		0
63.375		0
63.5		0
63.625		0
63.75		0
63.875		0
64		0
64.125		0
64.25		0
64.375		0
64.5		0
64.625		0
64.75		0
64.875		0
65		0
65.125		0
65.25		0
65.375		0
65.5		0
65.625		0
65.75		0
65.875		0
66		0
66.125		0
66.25		0
66.375		0
66.5		0
66.625		0
66.75		0
66.875		0
67		0
67.125		0
67.25		0
67.375		0
67.5		0
67.625		0
67.75		0
67.875		0
68		0
68.125		0
68.25		0
68.375		0
68.5		0
68.625		0
68.75		0
68.875		0
69		0
69.125		0
69.25		0
69.375		0
69.5		0
69.625		0
69.75		0
69.875		0
70		0
70.125		0
70.25		0
70.375		0
70.5		0
70.625		0
70.75		0
70.875		0
71		0
71.125		0
71.25		0
71.375		0
71.5		0
71.625		0
71.75		0
71.875		0
72		0
72.125		0
72.25		0
72.375		0
72.5		0
72.625		0
72.75		0
72.875		0
73		0
73.125		0
73.25		0
73.375		0
73.5		0
73.625		0
73.75		0
73.875		0
74		0
74.125		0
74.25		0
74.375		0
74.5		0
74.625		0
74.75		0
74.875		0
75		0
75.125		0
75.25		0
75.375		0
75.5		0
75.625		0
75.75		0
75.875		0
76		0
76.125		0
76.25		0
76.375		0
76.5		0
76.625		0
76.75		0
76.875		0
77		0
77.125		0
77.25		0
77.375		0
77.5		0
77.625		0
77.75		0
77.875		0
78		0
78.125		0
78.25		0
78.375		0
78.5		0
78.625		0
78.75		0
78.875		0
79		0
79.125		0
79.25		0
79.375		0
79.5		0
79.625		0
79.75		0
79.875		0
80		0
80.125		0.0210084
80.25		0.0210084
80.375		0.0210084
80.5		0.0210084
80.625		0.0210084
80.75		0.0210084
80.875		0.0210084
81		0.0210084
81.125		0.0210084
81.25		0.0210084
81.375		0.0210084
81.5		0.0210084
81.625		0.0210084
81.75		0.0210084
81.875		0.0210084
82		0.0210084
82.125		0.0210084
82.25		0.0210084
82.375		0.0210084
82.5		0.0210084
82.625		0.0210084
82.75		0.0210084
82.875		0.0210084
83		0.0210084
83.125		0.0210084
83.25		0.0210084
83.375		0.0210084
83.5		0.0210084
83.625		0.0210084
83.75		0.0210084
83.875		0.0210084
84		0.0210084
84.125		0.0210084
84.25		0.0210084
84.375		0.0210084
84.5		0.0210084
84.625		0.0210084
84.75		0.0210084
84.875		0.0210084
85		0.0210084
85.125		0.0518207
85.25		0.0518207
85.375		0.0518207
85.5		0.0518207
85.625		0.0518207
85.75		0.0518207
85.875		0.0518207
86		0.0518207
86.125		0.0518207
86.25		0.0518207
86.375		0.0518207
86.5		0.0518207
86.625		0.0518207
86.75		0.0518207
86.875		0.0518207
87		0.0518207
87.125		0.0518207
87.25		0.0518207
87.375		0.0518207
87.5		0.0518207
87.625		0.0518207
87.75		0.0518207
87.875		0.0518207
88		0.0518207
88.125		0.0518207
88.25		0.0518207
88.375		0.0518207
88.5		0.0518207
88.625		0.0518207
88.75		0.0518207
88.875		0.0518207
89		0.0518207
89.125		0.0518207
89.25		0.0518207
89.375		0.0518207
89.5		0.0518207
89.625		0.0518207
89.75		0.0518207
89.875		0.0518207
90		0.0518207
90.125		0.0546218
90.25		0.0546218
90.375		0.0546218
90.5		0.0546218
90.625		0.0546218
90.75		0.0546218
90.875		0.0546218
91		0.0546218
91.125		0.0546218
91.25		0.0546218
91.375		0.0546218
91.5		0.0546218
91.625		0.0546218
91.75		0.0546218
91.875		0.0546218
92		0.0546218
92.125		0.0546218
92.25		0.0546218
92.375		0.0546218
92.5		0.0546218
92.625		0.0546218
92.75		0.0546218
92.875		0.0546218
93		0.0546218
93.125		0.0546218
93.25		0.0546218
93.375		0.0546218
93.5		0.0546218
93.625		0.0546218
93.75		0.0546218
93.875		0.0546218
94		0.0546218
94.125		0.0546218
94.25		0.0546218
94.375		0.0546218
94.5		0.0546218
94.625		0.0546218
94.75		0.0546218
94.875		0.0546218
95		0.0546218
95.125		0.070028
95.25		0.070028
95.375		0.070028
95.5		0.070028
95.625		0.070028
95.75		0.070028
95.875		0.070028
96		0.070028
96.125		0.070028
96.25		0.070028
96.375		0.070028
96.5		0.070028
96.625		0.070028
96.75		0.070028
96.875		0.070028
97		0.070028
97.125		0.070028
97.25		0.070028
97.375		0.070028
97.5		0.070028
97.625		0.070028
97.75		0.070028
97.875		0.070028
98		0.070028
98.125		0.070028
98.25		0.070028
98.375		0.070028
98.5		0.070028
98.625		0.070028
98.75		0.070028
98.875		0.070028
99		0.070028
99.125		0.070028
99.25		0.070028
99.375		0.070028
99.5		0.070028
99.625		0.070028
99.75		0.070028
99.875		0.070028
100		0.070028
100.125		0.0938375
100.25		0.0938375
100.375		0.0938375
100.5		0.0938375
100.625		0.0938375
100.75		0.0938375
100.875		0.0938375
101		0.0938375
101.125		0.0938375
101.25		0.0938375
101.375		0.0938375
101.5		0.0938375
101.625		0.0938375
101.75		0.0938375
101.875		0.0938375
102		0.0938375
102.125		0.0938375
102.25		0.0938375
102.375		0.0938375
102.5		0.0938375
102.625		0.0938375
102.75		0.0938375
102.875		0.0938375
103		0.0938375
103.125		0.0938375
103.25		0.0938375
103.375		0.0938375
103.5		0.0938375
103.625		0.0938375
103.75		0.0938375
103.875		0.0938375
104		0.0938375
104.125		0.0938375
104.25		0.0938375
104.375		0.0938375
104.5		0.0938375
104.625		0.0938375
104.75		0.0938375
104.875		0.0938375
105		0.0938375
105.125		0.103641
105.25		0.103641
105.375		0.103641
105.5		0.103641
105.625		0.103641
105.75		0.103641
105.875		0.103641
106		0.103641
106.125		0.103641
106.25		0.103641
106.375		0.103641
106.5		0.103641
106.625		0.103641
106.75		0.103641
106.875		0.103641
107		0.103641
107.125		0.103641
107.25		0.103641
107.375		0.103641
107.5		0.103641
107.625		0.103641
107.75		0.103641
107.875		0.103641
108		0.103641
108.125		0.103641
108.25		0.103641
108.375		0.103641
108.5		0.103641
108.625		0.103641
108.75		0.103641
108.875		0.103641
109		0.103641
109.125		0.103641
109.25		0.103641
109.375		0.103641
109.5		0.103641
109.625		0.103641
109.75		0.103641
109.875		0.103641
110		0.103641
110.125		0.107843
110.25		0.107843
110.375		0.107843
110.5		0.107843
110.625		0.107843
110.75		0.107843
110.875		0.107843
111		0.107843
111.125		0.107843
111.25		0.107843
111.375		0.107843
111.5		0.107843
111.625		0.107843
111.75		0.107843
111.875		0.107843
112		0.107843
112.125		0.107843
112.25		0.107843
112.375		0.107843
112.5		0.107843
112.625		0.107843
112.75		0.107843
112.875		0.107843
113		0.107843
113.125		0.107843
113.25		0.107843
113.375		0.107843
113.5		0.107843
113.625		0.107843
113.75		0.107843
113.875		0.107843
114		0.107843
114.125		0.107843
114.25		0.107843
114.375		0.107843
114.5		0.107843
114.625		0.107843
114.75		0.107843
114.875		0.107843
115		0.107843
115.125		0.121849
115.25		0.121849
115.375		0.121849
115.5		0.121849
115.625		0.121849
115.75		0.121849
115.875		0.121849
116		0.121849
116.125		0.121849
116.25		0.121849
116.375		0.121849
116.5		0.121849
116.625		0.121849
116.75		0.121849
116.875		0.121849
117		0.121849
117.125		0.121849
117.25		0.121849
117.375		0.121849
117.5		0.121849
117.625		0.121849
117.75		0.121849
117.875		0.121849
118		0.121849
118.125		0.121849
118.25		0.121849
118.375		0.121849
118.5		0.121849
118.625		0.121849
118.75		0.121849
118.875		0.121849
119		0.121849
119.125		0.121849
119.25		0.121849
119.375		0.121849
119.5		0.121849
119.625		0.121849
119.75		0.121849
119.875		0.121849
120		0.121849
120.125		0.137255
120.25		0.137255
120.375		0.137255
120.5		0.137255
120.625		0.137255
120.75		0.137255
120.875		0.137255
121		0.137255
121.125		0.137255
121.25		0.137255
121.375		0.137255
121.5		0.137255
121.625		0.137255
121.75		0.137255
121.875		0.137255
122		0.137255
122.125		0.137255
122.25		0.137255
122.375		0.137255
122.5		0.137255
122.625		0.137255
122.75		0.137255
122.875		0.137255
123		0.137255
123.125		0.137255
123.25		0.137255
123.375		0.137255
123.5		0.137255
123.625		0.137255
123.75		0.137255
123.875		0.137255
124		0.137255
124.125		0.137255
124.25		0.137255
124.375		0.137255
124.5		0.137255
124.625		0.137255
124.75		0.137255
124.875		0.137255
125		0.137255
125.125		0.14986
125.25		0.14986
125.375		0.14986
125.5		0.14986
125.625		0.14986
125.75		0.14986
125.875		0.14986
126		0.14986
126.125		0.14986
126.25		0.14986
126.375		0.14986
126.5		0.14986
126.625		0.14986
126.75		0.14986
126.875		0.14986
127		0.14986
127.125		0.14986
127.25		0.14986
127.375		0.14986
127.5		0.14986
127.625		0.14986
127.75		0.14986
127.875		0.14986
128		0.14986
128.125		0.14986
128.25		0.14986
128.375		0.14986
128.5		0.14986
128.625		0.14986
128.75		0.14986
128.875		0.14986
129		0.14986
129.125		0.14986
129.25		0.14986
129.375		0.14986
129.5		0.14986
129.625		0.14986
129.75		0.14986
129.875		0.14986
130		0.14986
130.125		0.158263
130.25		0.158263
130.375		0.158263
130.5		0.158263
130.625		0.158263
130.75		0.158263
130.875		0.158263
131		0.158263
131.125		0.158263
131.25		0.158263
131.375		0.158263
131.5		0.158263
131.625		0.158263
131.75		0.158263
131.875		0.158263
132		0.158263
132.125		0.158263
132.25		0.158263
132.375		0.158263
132.5		0.158263
132.625		0.158263
132.75		0.158263
132.875		0.158263
133		0.158263
133.125		0.158263
133.25		0.158263
133.375		0.158263
133.5		0.158263
133.625		0.158263
133.75		0.158263
133.875		0.158263
134		0.158263
134.125		0.158263
134.25		0.158263
134.375		0.158263
134.5		0.158263
134.625		0.158263
134.75		0.158263
134.875		0.158263
135		0.158263
135.125		0.179272
135.25		0.179272
135.375		0.179272
135.5		0.179272
135.625		0.179272
135.75		0.179272
135.875		0.179272
136		0.179272
136.125		0.179272
136.25		0.179272
136.375		0.179272
136.5		0.179272
136.625		0.179272
136.75		0.179272
136.875		0.179272
137		0.179272
137.125		0.179272
137.25		0.179272
137.375		0.179272
137.5		0.179272
137.625		0.179272
137.75		0.179272
137.875		0.179272
138		0.179272
138.125		0.179272
138.25		0.179272
138.375		0.179272
138.5		0.179272
138.625		0.179272
138.75		0.179272
138.875		0.179272
139		0.179272
139.125		0.179272
139.25		0.179272
139.375		0.179272
139.5		0.179272
139.625		0.179272
139.75		0.179272
139.875		0.179272
140		0.179272
140.125		0.205882
140.25		0.205882
140.375		0.205882
140.5		0.205882
140.625		0.205882
140.75		0.205882
140.875		0.205882
141		0.205882
141.125		0.205882
141.25		0.205882
141.375		0.205882
141.5		0.205882
141.625		0.205882
141.75		0.205882
141.875		0.205882
142		0.205882
142.125		0.205882
142.25		0.205882
142.375		0.205882
142.5		0.205882
142.625		0.205882
142.75		0.205882
142.875		0.205882
143		0.205882
143.125		0.205882
143.25		0.205882
143.375		0.205882
143.5		0.205882
143.625		0.205882
143.75		0.205882
143.875		0.205882
144		0.205882
144.125		0.205882
144.25		0.205882
144.375		0.205882
144.5		0.205882
144.625		0.205882
144.75		0.205882
144.875		0.205882
145		0.205882
145.125		0.211485
145.25		0.211485
145.375		0.211485
145.5		0.211485
145.625		0.211485
145.75		0.211485
145.875		0.211485
146		0.211485
146.125		0.211485
146.25		0.211485
146.375		0.211485
146.5		0.211485
146.625		0.211485
146.75		0.211485
146.875		0.211485
147		0.211485
147.125		0.211485
147.25		0.211485
147.375		0.211485
147.5		0.211485
147.625		0.211485
147.75		0.211485
147.875		0.211485
148		0.211485
148.125		0.211485
148.25		0.211485
148.375		0.211485
148.5		0.211485
148.625		0.211485
148.75		0.211485
148.875		0.211485
149		0.211485
149.125		0.211485
149.25		0.211485
149.375		0.211485
149.5		0.211485
149.625		0.211485
149.75		0.211485
149.875		0.211485
150		0.211485
150.125		0.211485
150.25		0.211485
150.375		0.211485
150.5		0.211485
150.625		0.211485
150.75		0.211485
150.875		0.211485
151		0.211485
151.125		0.211485
151.25		0.211485
151.375		0.211485
151.5		0.211485
151.625		0.211485
151.75		0.211485
151.875		0.211485
152		0.211485
152.125		0.211485
152.25		0.211485
152.375		0.211485
152.5		0.211485
152.625		0.211485
152.75		0.211485
152.875		0.211485
153		0.211485
153.125		0.211485
153.25		0.211485
153.375		0.211485
153.5		0.211485
153.625		0.211485
153.75		0.211485
153.875		0.211485
154		0.211485
154.125		0.211485
154.25		0.211485
154.375		0.211485
154.5		0.211485
154.625		0.211485
154.75		0.211485
154.875		0.211485
155		0.211485
155.125		0.235294
155.25		0.235294
155.375		0.235294
155.5		0.235294
155.625		0.235294
155.75		0.235294
155.875		0.235294
156		0.235294
156.125		0.235294
156.25		0.235294
156.375		0.235294
156.5		0.235294
156.625		0.235294
156.75		0.235294
156.875		0.235294
157		0.235294
157.125		0.235294
157.25		0.235294
157.375		0.235294
157.5		0.235294
157.625		0.235294
157.75		0.235294
157.875		0.235294
158		0.235294
158.125		0.235294
158.25		0.235294
158.375		0.235294
158.5		0.235294
158.625		0.235294
158.75		0.235294
158.875		0.235294
159		0.235294
159.125		0.235294
159.25		0.235294
159.375		0.235294
159.5		0.235294
159.625		0.235294
159.75		0.235294
159.875		0.235294
160		0.235294
160.125		0.253501
160.25		0.253501
160.375		0.253501
160.5		0.253501
160.625		0.253501
160.75		0.253501
160.875		0.253501
161		0.253501
161.125		0.253501
161.25		0.253501
161.375		0.253501
161.5		0.253501
161.625		0.253501
161.75		0.253501
161.875		0.253501
162		0.253501
162.125		0.253501
162.25		0.253501
162.375		0.253501
162.5		0.253501
162.625		0.253501
162.75		0.253501
162.875		0.253501
163		0.253501
163.125		0.253501
163.25		0.253501
163.375		0.253501
163.5		0.253501
163.625		0.253501
163.75		0.253501
163.875		0.253501
164		0.253501
164.125		0.253501
164.25		0.253501
164.375		0.253501
164.5		0.253501
164.625		0.253501
164.75		0.253501
164.875		0.253501
165		0.253501
165.125		0.256303
165.25		0.256303
165.375		0.256303
165.5		0.256303
165.625		0.256303
165.75		0.256303
165.875		0.256303
166		0.256303
166.125		0.256303
166.25		0.256303
166.375		0.256303
166.5		0.256303
166.625		0.256303
166.75		0.256303
166.875		0.256303
167		0.256303
167.125		0.256303
167.25		0.256303
167.375		0.256303
167.5		0.256303
167.625		0.256303
167.75		0.256303
167.875		0.256303
168		0.256303
168.125		0.256303
168.25		0.256303
168.375		0.256303
168.5		0.256303
168.625		0.256303
168.75		0.256303
168.875		0.256303
169		0.256303
169.125		0.256303
169.25		0.256303
169.375		0.256303
169.5		0.256303
169.625		0.256303
169.75		0.256303
169.875		0.256303
170		0.256303
170.125		0.278711
170.25		0.278711
170.375		0.278711
170.5		0.278711
170.625		0.278711
170.75		0.278711
170.875		0.278711
171		0.278711
171.125		0.278711
171.25		0.278711
171.375		0.278711
171.5		0.278711
171.625		0.278711
171.75		0.278711
171.875		0.278711
172		0.278711
172.125		0.278711
172.25		0.278711
172.375		0.278711
172.5		0.278711
172.625		0.278711
172.75		0.278711
172.875		0.278711
173		0.278711
173.125		0.278711
173.25		0.278711
173.375		0.278711
173.5		0.278711
173.625		0.278711
173.75		0.278711
173.875		0.278711
174		0.278711
174.125		0.278711
174.25		0.278711
174.375		0.278711
174.5		0.278711
174.625		0.278711
174.75		0.278711
174.875		0.278711
175		0.278711
175.125		0.280112
175.25		0.280112
175.375		0.280112
175.5		0.280112
175.625		0.280112
175.75		0.280112
175.875		0.280112
176		0.280112
176.125		0.280112
176.25		0.280112
176.375		0.280112
176.5		0.280112
176.625		0.280112
176.75		0.280112
176.875		0.280112
177		0.280112
177.125		0.280112
177.25		0.280112
177.375		0.280112
177.5		0.280112
177.625		0.280112
177.75		0.280112
177.875		0.280112
178		0.280112
178.125		0.280112
178.25		0.280112
178.375		0.280112
178.5		0.280112
178.625		0.280112
178.75		0.280112
178.875		0.280112
179		0.280112
179.125		0.280112
179.25		0.280112
179.375		0.280112
179.5		0.280112
179.625		0.280112
179.75		0.280112
179.875		0.280112
180		0.280112
180.125		0.315126
180.25		0.315126
180.375		0.315126
180.5		0.315126
180.625		0.315126
180.75		0.315126
180.875		0.315126
181		0.315126
181.125		0.315126
181.25		0.315126
181.375		0.315126
181.5		0.315126
181.625		0.315126
181.75		0.315126
181.875		0.315126
182		0.315126
182.125		0.315126
182.25		0.315126
182.375		0.315126
182.5		0.315126
182.625		0.315126
182.75		0.315126
182.875		0.315126
183		0.315126
183.125		0.315126
183.25		0.315126
183.375		0.315126
183.5		0.315126
183.625		0.315126
183.75		0.315126
183.875		0.315126
184		0.315126
184.125		0.315126
184.25		0.315126
184.375		0.315126
184.5		0.315126
184.625		0.315126
184.75		0.315126
184.875		0.315126
185		0.315126
185.125		0.323529
185.25		0.323529
185.375		0.323529
185.5		0.323529
185.625		0.323529
185.75		0.323529
185.875		0.323529
186		0.323529
186.125		0.323529
186.25		0.323529
186.375		0.323529
186.5		0.323529
186.625		0.323529
186.75		0.323529
186.875		0.323529
187		0.323529
187.125		0.323529
187.25		0.323529
187.375		0.323529
187.5		0.323529
187.625		0.323529
187.75		0.323529
187.875		0.323529
188		0.323529
188.125		0.323529
188.25		0.323529
188.375		0.323529
188.5		0.323529
188.625		0.323529
188.75		0.323529
188.875		0.323529
189		0.323529
189.125		0.323529
189.25		0.323529
189.375		0.323529
189.5		0.323529
189.625		0.323529
189.75		0.323529
189.875		0.323529
190		0.323529
190.125		0.327731
190.25		0.327731
190.375		0.327731
190.5		0.327731
190.625		0.327731
190.75		0.327731
190.875		0.327731
191		0.327731
191.125		0.327731
191.25		0.327731
191.375		0.327731
191.5		0.327731
191.625		0.327731
191.75		0.327731
191.875		0.327731
192		0.327731
192.125		0.327731
192.25		0.327731
192.375		0.327731
192.5		0.327731
192.625		0.327731
192.75		0.327731
192.875		0.327731
193		0.327731
193.125		0.327731
193.25		0.327731
193.375		0.327731
193.5		0.327731
193.625		0.327731
193.75		0.327731
193.875		0.327731
194		0.327731
194.125		0.327731
194.25		0.327731
194.375		0.327731
194.5		0.327731
194.625		0.327731
194.75		0.327731
194.875		0.327731
195		0.327731
195.125		0.333333
195.25		0.333333
195.375		0.333333
195.5		0.333333
195.625		0.333333
195.75		0.333333
195.875		0.333333
196		0.333333
196.125		0.333333
196.25		0.333333
196.375		0.333333
196.5		0.333333
196.625		0.333333
196.75		0.333333
196.875		0.333333
197		0.333333
197.125		0.333333
197.25		0.333333
197.375		0.333333
197.5		0.333333
197.625		0.333333
197.75		0.333333
197.875		0.333333
198		0.333333
198.125		0.333333
198.25		0.333333
198.375		0.333333
198.5		0.333333
198.625		0.333333
198.75		0.333333
198.875		0.333333
199		0.333333
199.125		0.333333
199.25		0.333333
199.375		0.333333
199.5		0.333333
199.625		0.333333
199.75		0.333333
199.875		0.333333
200		0.333333
200.125		0.357143
200.25		0.357143
200.375		0.357143
200.5		0.357143
200.625		0.357143
200.75		0.357143
200.875		0.357143
201		0.357143
201.125		0.357143
201.25		0.357143
201.375		0.357143
201.5		0.357143
201.625		0.357143
201.75		0.357143
201.875		0.357143
202		0.357143
202.125		0.357143
202.25		0.357143
202.375		0.357143
202.5		0.357143
202.625		0.357143
202.75		0.357143
202.875		0.357143
203		0.357143
203.125		0.357143
203.25		0.357143
203.375		0.357143
203.5		0.357143
203.625		0.357143
203.75		0.357143
203.875		0.357143
204		0.357143
204.125		0.357143
204.25		0.357143
204.375		0.357143
204.5		0.357143
204.625		0.357143
204.75		0.357143
204.875		0.357143
205		0.357143
205.125		0.379552
205.25		0.379552
205.375		0.379552
205.5		0.379552
205.625		0.379552
205.75		0.379552
205.875		0.379552
206		0.379552
206.125		0.379552
206.25		0.379552
206.375		0.379552
206.5		0.379552
206.625		0.379552
206.75		0.379552
206.875		0.379552
207		0.379552
207.125		0.379552
207.25		0.379552
207.375		0.379552
207.5		0.379552
207.625		0.379552
207.75		0.379552
207.875		0.379552
208		0.379552
208.125		0.379552
208.25		0.379552
208.375		0.379552
208.5		0.379552
208.625		0.379552
208.75		0.379552
208.875		0.379552
209		0.379552
209.125		0.379552
209.25		0.379552
209.375		0.379552
209.5		0.379552
209.625		0.379552
209.75		0.379552
209.875		0.379552
210		0.379552
210.125		0.382353
210.25		0.382353
210.375		0.382353
210.5		0.382353
210.625		0.382353
210.75		0.382353
210.875		0.382353
211		0.382353
211.125		0.382353
211.25		0.382353
211.375		0.382353
211.5		0.382353
211.625		0.382353
211.75		0.382353
211.875		0.382353
212		0.382353
212.125		0.382353
212.25		0.382353
212.375		0.382353
212.5		0.382353
212.625		0.382353
212.75		0.382353
212.875		0.382353
213		0.382353
213.125		0.382353
213.25		0.382353
213.375		0.382353
213.5		0.382353
213.625		0.382353
213.75		0.382353
213.875		0.382353
214		0.382353
214.125		0.382353
214.25		0.382353
214.375		0.382353
214.5		0.382353
214.625		0.382353
214.75		0.382353
214.875		0.382353
215		0.382353
215.125		0.401961
215.25		0.401961
215.375		0.401961
215.5		0.401961
215.625		0.401961
215.75		0.401961
215.875		0.401961
216		0.401961
216.125		0.401961
216.25		0.401961
216.375		0.401961
216.5		0.401961
216.625		0.401961
216.75		0.401961
216.875		0.401961
217		0.401961
217.125		0.401961
217.25		0.401961
217.375		0.401961
217.5		0.401961
217.625		0.401961
217.75		0.401961
217.875		0.401961
218		0.401961
218.125		0.401961
218.25		0.401961
218.375		0.401961
218.5		0.401961
218.625		0.401961
218.75		0.401961
218.875		0.401961
219		0.401961
219.125		0.401961
219.25		0.401961
219.375		0.401961
219.5		0.401961
219.625		0.401961
219.75		0.401961
219.875		0.401961
220		0.401961
220.125		0.415966
220.25		0.415966
220.375		0.415966
220.5		0.415966
220.625		0.415966
220.75		0.415966
220.875		0.415966
221		0.415966
221.125		0.415966
221.25		0.415966
221.375		0.415966
221.5		0.415966
221.625		0.415966
221.75		0.415966
221.875		0.415966
222		0.415966
222.125		0.415966
222.25		0.415966
222.375		0.415966
222.5		0.415966
222.625		0.415966
222.75		0.415966
222.875		0.415966
223		0.415966
223.125		0.415966
223.25		0.415966
223.375		0.415966
223.5		0.415966
223.625		0.415966
223.75		0.415966
223.875		0.415966
224		0.415966
224.125		0.415966
224.25		0.415966
224.375		0.415966
224.5		0.415966
224.625		0.415966
224.75		0.415966
224.875		0.415966
225		0.415966
225.125		0.431373
225.25		0.431373
225.375		0.431373
225.5		0.431373
225.625		0.431373
225.75		0.431373
225.875		0.431373
226		0.431373
226.125		0.431373
226.25		0.431373
226.375		0.431373
226.5		0.431373
226.625		0.431373
226.75		0.431373
226.875		0.431373
227		0.431373
227.125		0.431373
227.25		0.431373
227.375		0.431373
227.5		0.431373
227.625		0.431373
227.75		0.431373
227.875		0.431373
228		0.431373
228.125		0.431373
228.25		0.431373
228.375		0.431373
228.5		0.431373
228.625		0.431373
228.75		0.431373
228.875		0.431373
229		0.431373
229.125		0.431373
229.25		0.431373
229.375		0.431373
229.5		0.431373
229.625		0.431373
229.75		0.431373
229.875		0.431373
230		0.431373
230.125		0.442577
230.25		0.442577
230.375		0.442577
230.5		0.442577
230.625		0.442577
230.75		0.442577
230.875		0.442577
231		0.442577
231.125		0.442577
231.25		0.442577
231.375		0.442577
231.5		0.442577
231.625		0.442577
231.75		0.442577
231.875		0.442577
232		0.442577
232.125		0.442577
232.25		0.442577
232.375		0.442577
232.5		0.442577
232.625		0.442577
232.75		0.442577
232.875		0.442577
233		0.442577
233.125		0.442577
233.25		0.442577
233.375		0.442577
233.5		0.442577
233.625		0.442577
233.75		0.442577
233.875		0.442577
234		0.442577
234.125		0.442577
234.25		0.442577
234.375		0.442577
234.5		0.442577
234.625		0.442577
234.75		0.442577
234.875		0.442577
235		0.442577
235.125		0.446779
235.25		0.446779
235.375		0.446779
235.5		0.446779
235.625		0.446779
235.75		0.446779
235.875		0.446779
236		0.446779
236.125		0.446779
236.25		0.446779
236.375		0.446779
236.5		0.446779
236.625		0.446779
236.75		0.446779
236.875		0.446779
237		0.446779
237.125		0.446779
237.25		0.446779
237.375		0.446779
237.5		0.446779
237.625		0.446779
237.75		0.446779
237.875		0.446779
238		0.446779
238.125		0.446779
238.25		0.446779
238.375		0.446779
238.5		0.446779
238.625		0.446779
238.75		0.446779
238.875		0.446779
239		0.446779
239.125		0.446779
239.25		0.446779
239.375		0.446779
239.5		0.446779
239.625		0.446779
239.75		0.446779
239.875		0.446779
240		0.446779
240.125		0.44958
240.25		0.44958
240.375		0.44958
240.5		0.44958
240.625		0.44958
240.75		0.44958
240.875		0.44958
241		0.44958
241.125		0.44958
241.25		0.44958
241.375		0.44958
241.5		0.44958
241.625		0.44958
241.75		0.44958
241.875		0.44958
242		0.44958
242.125		0.44958
242.25		0.44958
242.375		0.44958
242.5		0.44958
242.625		0.44958
242.75		0.44958
242.875		0.44958
243		0.44958
243.125		0.44958
243.25		0.44958
243.375		0.44958
243.5		0.44958
243.625		0.44958
243.75		0.44958
243.875		0.44958
244		0.44958
244.125		0.44958
244.25		0.44958
244.375		0.44958
244.5		0.44958
244.625		0.44958
244.75		0.44958
244.875		0.44958
245		0.44958
245.125		0.460784
245.25		0.460784
245.375		0.460784
245.5		0.460784
245.625		0.460784
245.75		0.460784
245.875		0.460784
246		0.460784
246.125		0.460784
246.25		0.460784
246.375		0.460784
246.5		0.460784
246.625		0.460784
246.75		0.460784
246.875		0.460784
247		0.460784
247.125		0.460784
247.25		0.460784
247.375		0.460784
247.5		0.460784
247.625		0.460784
247.75		0.460784
247.875		0.460784
248		0.460784
248.125		0.460784
248.25		0.460784
248.375		0.460784
248.5		0.460784
248.625		0.460784
248.75		0.460784
248.875		0.460784
249		0.460784
249.125		0.460784
249.25		0.460784
249.375		0.460784
249.5		0.460784
249.625		0.460784
249.75		0.460784
249.875		0.460784
250		0.460784
250.125		0.480392
250.25		0.480392
250.375		0.480392
250.5		0.480392
250.625		0.480392
250.75		0.480392
250.875		0.480392
251		0.480392
251.125		0.480392
251.25		0.480392
251.375		0.480392
251.5		0.480392
251.625		0.480392
251.75		0.480392
251.875		0.480392
252		0.480392
252.125		0.480392
252.25		0.480392
252.375		0.480392
252.5		0.480392
252.625		0.480392
252.75		0.480392
252.875		0.480392
253		0.480392
253.125		0.480392
253.25		0.480392
253.375		0.480392
253.5		0.480392
253.625		0.480392
253.75		0.480392
253.875		0.480392
254		0.480392
254.125		0.480392
254.25		0.480392
254.375		0.480392
254.5		0.480392
254.625		0.480392
254.75		0.480392
254.875		0.480392
255		0.480392
255.125		0.494398
255.25		0.494398
255.375		0.494398
255.5		0.494398
255.625		0.494398
255.75		0.494398
255.875		0.494398
256		0.494398
256.125		0.494398
256.25		0.494398
256.375		0.494398
256.5		0.494398
256.625		0.494398
256.75		0.494398
256.875		0.494398
257		0.494398
257.125		0.494398
257.25		0.494398
257.375		0.494398
257.5		0.494398
257.625		0.494398
257.75		0.494398
257.875		0.494398
258		0.494398
258.125		0.494398
258.25		0.494398
258.375		0.494398
258.5		0.494398
258.625		0.494398
258.75		0.494398
258.875		0.494398
259		0.494398
259.125		0.494398
259.25		0.494398
259.375		0.494398
259.5		0.494398
259.625		0.494398
259.75		0.494398
259.875		0.494398
260		0.494398
260.125		0.515406
260.25		0.515406
260.375		0.515406
260.5		0.515406
260.625		0.515406
260.75		0.515406
260.875		0.515406
261		0.515406
261.125		0.515406
261.25		0.515406
261.375		0.515406
261.5		0.515406
261.625		0.515406
261.75		0.515406
261.875		0.515406
262		0.515406
262.125		0.515406
262.25		0.515406
262.375		0.515406
262.5		0.515406
262.625		0.515406
262.75		0.515406
262.875		0.515406
263		0.515406
263.125		0.515406
263.25		0.515406
263.375		0.515406
263.5		0.515406
263.625		0.515406
263.75		0.515406
263.875		0.515406
264		0.515406
264.125		0.515406
264.25		0.515406
264.375		0.515406
264.5		0.515406
264.625		0.515406
264.75		0.515406
264.875		0.515406
265		0.515406
265.125		0.516807
265.25		0.516807
265.375		0.516807
265.5		0.516807
265.625		0.516807
265.75		0.516807
265.875		0.516807
266		0.516807
266.125		0.516807
266.25		0.516807
266.375		0.516807
266.5		0.516807
266.625		0.516807
266.75		0.516807
266.875		0.516807
267		0.516807
267.125		0.516807
267.25		0.516807
267.375		0.516807
267.5		0.516807
267.625		0.516807
267.75		0.516807
267.875		0.516807
268		0.516807
268.125		0.516807
268.25		0.516807
268.375		0.516807
268.5		0.516807
268.625		0.516807
268.75		0.516807
268.875		0.516807
269		0.516807
269.125		0.516807
269.25		0.516807
269.375		0.516807
269.5		0.516807
269.625		0.516807
269.75		0.516807
269.875		0.516807
270		0.516807
270.125		0.529412
270.25		0.529412
270.375		0.529412
270.5		0.529412
270.625		0.529412
270.75		0.529412
270.875		0.529412
271		0.529412
271.125		0.529412
271.25		0.529412
271.375		0.529412
271.5		0.529412
271.625		0.529412
271.75		0.529412
271.875		0.529412
272		0.529412
272.125		0.529412
272.25		0.529412
272.375		0.529412
272.5		0.529412
272.625		0.529412
272.75		0.529412
272.875		0.529412
273		0.529412
273.125		0.529412
273.25		0.529412
273.375		0.529412
273.5		0.529412
273.625		0.529412
273.75		0.529412
273.875		0.529412
274		0.529412
274.125		0.529412
274.25		0.529412
274.375		0.529412
274.5		0.529412
274.625		0.529412
274.75		0.529412
274.875		0.529412
275		0.529412
275.125		0.546218
275.25		0.546218
275.375		0.546218
275.5		0.546218
275.625		0.546218
275.75		0.546218
275.875		0.546218
276		0.546218
276.125		0.546218
276.25		0.546218
276.375		0.546218
276.5		0.546218
276.625		0.546218
276.75		0.546218
276.875		0.546218
277		0.546218
277.125		0.546218
277.25		0.546218
277.375		0.546218
277.5		0.546218
277.625		0.546218
277.75		0.546218
277.875		0.546218
278		0.546218
278.125		0.546218
278.25		0.546218
278.375		0.546218
278.5		0.546218
278.625		0.546218
278.75		0.546218
278.875		0.546218
279		0.546218
279.125		0.546218
279.25		0.546218
279.375		0.546218
279.5		0.546218
279.625		0.546218
279.75		0.546218
279.875		0.546218
280		0.546218
280.125		0.547619
280.25		0.547619
280.375		0.547619
280.5		0.547619
280.625		0.547619
280.75		0.547619
280.875		0.547619
281		0.547619
281.125		0.547619
281.25		0.547619
281.375		0.547619
281.5		0.547619
281.625		0.547619
281.75		0.547619
281.875		0.547619
282		0.547619
282.125		0.547619
282.25		0.547619
282.375		0.547619
282.5		0.547619
282.625		0.547619
282.75		0.547619
282.875		0.547619
283		0.547619
283.125		0.547619
283.25		0.547619
283.375		0.547619
283.5		0.547619
283.625		0.547619
283.75		0.547619
283.875		0.547619
284		0.547619
284.125		0.547619
284.25		0.547619
284.375		0.547619
284.5		0.547619
284.625		0.547619
284.75		0.547619
284.875		0.547619
285		0.547619
285.125		0.54902
285.25		0.54902
285.375		0.54902
285.5		0.54902
285.625		0.54902
285.75		0.54902
285.875		0.54902
286		0.54902
286.125		0.54902
286.25		0.54902
286.375		0.54902
286.5		0.54902
286.625		0.54902
286.75		0.54902
286.875		0.54902
287		0.54902
287.125		0.54902
287.25		0.54902
287.375		0.54902
287.5		0.54902
287.625		0.54902
287.75		0.54902
287.875		0.54902
288		0.54902
288.125		0.54902
288.25		0.54902
288.375		0.54902
288.5		0.54902
288.625		0.54902
288.75		0.54902
288.875		0.54902
289		0.54902
289.125		0.54902
289.25		0.54902
289.375		0.54902
289.5		0.54902
289.625		0.54902
289.75		0.54902
289.875		0.54902
290		0.54902
290.125		0.57423
290.25		0.57423
290.375		0.57423
290.5		0.57423
290.625		0.57423
290.75		0.57423
290.875		0.57423
291		0.57423
291.125		0.57423
291.25		0.57423
291.375		0.57423
291.5		0.57423
291.625		0.57423
291.75		0.57423
291.875		0.57423
292		0.57423
292.125		0.57423
292.25		0.57423
292.375		0.57423
292.5		0.57423
292.625		0.57423
292.75		0.57423
292.875		0.57423
293		0.57423
293.125		0.57423
293.25		0.57423
293.375		0.57423
293.5		0.57423
293.625		0.57423
293.75		0.57423
293.875		0.57423
294		0.57423
294.125		0.57423
294.25		0.57423
294.375		0.57423
294.5		0.57423
294.625		0.57423
294.75		0.57423
294.875		0.57423
295		0.57423
295.125		0.591036
295.25		0.591036
295.375		0.591036
295.5		0.591036
295.625		0.591036
295.75		0.591036
295.875		0.591036
296		0.591036
296.125		0.591036
296.25		0.591036
296.375		0.591036
296.5		0.591036
296.625		0.591036
296.75		0.591036
296.875		0.591036
297		0.591036
297.125		0.591036
297.25		0.591036
297.375		0.591036
297.5		0.591036
297.625		0.591036
297.75		0.591036
297.875		0.591036
298		0.591036
298.125		0.591036
298.25		0.591036
298.375		0.591036
298.5		0.591036
298.625		0.591036
298.75		0.591036
298.875		0.591036
299		0.591036
299.125		0.591036
299.25		0.591036
299.375		0.591036
299.5		0.591036
299.625		0.591036
299.75		0.591036
299.875		0.591036
300		0.591036
300.125		0.592437
300.25		0.592437
300.375		0.592437
300.5		0.592437
300.625		0.592437
300.75		0.592437
300.875		0.592437
301		0.592437
301.125		0.592437
301.25		0.592437
301.375		0.592437
301.5		0.592437
301.625		0.592437
301.75		0.592437
301.875		0.592437
302		0.592437
302.125		0.592437
302.25		0.592437
302.375		0.592437
302.5		0.592437
302.625		0.592437
302.75		0.592437
302.875		0.592437
303		0.592437
303.125		0.592437
303.25		0.592437
303.375		0.592437
303.5		0.592437
303.625		0.592437
303.75		0.592437
303.875		0.592437
304		0.592437
304.125		0.592437
304.25		0.592437
304.375		0.592437
304.5		0.592437
304.625		0.592437
304.75		0.592437
304.875		0.592437
305		0.592437
305.125		0.593838
305.25		0.593838
305.375		0.593838
305.5		0.593838
305.625		0.593838
305.75		0.593838
305.875		0.593838
306		0.593838
306.125		0.593838
306.25		0.593838
306.375		0.593838
306.5		0.593838
306.625		0.593838
306.75		0.593838
306.875		0.593838
307		0.593838
307.125		0.593838
307.25		0.593838
307.375		0.593838
307.5		0.593838
307.625		0.593838
307.75		0.593838
307.875		0.593838
308		0.593838
308.125		0.593838
308.25		0.593838
308.375		0.593838
308.5		0.593838
308.625		0.593838
308.75		0.593838
308.875		0.593838
309		0.593838
309.125		0.593838
309.25		0.593838
309.375		0.593838
309.5		0.593838
309.625		0.593838
309.75		0.593838
309.875		0.593838
310		0.593838
310.125		0.610644
310.25		0.610644
310.375		0.610644
310.5		0.610644
310.625		0.610644
310.75		0.610644
310.875		0.610644
311		0.610644
311.125		0.610644
311.25		0.610644
311.375		0.610644
311.5		0.610644
311.625		0.610644
311.75		0.610644
311.875		0.610644
312		0.610644
312.125		0.610644
312.25		0.610644
312.375		0.610644
312.5		0.610644
312.625		0.610644
312.75		0.610644
312.875		0.610644
313		0.610644
313.125		0.610644
313.25		0.610644
313.375		0.610644
313.5		0.610644
313.625		0.610644
313.75		0.610644
313.875		0.610644
314		0.610644
314.125		0.610644
314.25		0.610644
314.375		0.610644
314.5		0.610644
314.625		0.610644
314.75		0.610644
314.875		0.610644
315		0.610644
315.125		0.617647
315.25		0.617647
315.375		0.617647
315.5		0.617647
315.625		0.617647
315.75		0.617647
315.875		0.617647
316		0.617647
316.125		0.617647
316.25		0.617647
316.375		0.617647
316.5		0.617647
316.625		0.617647
316.75		0.617647
316.875		0.617647
317		0.617647
317.125		0.617647
317.25		0.617647
317.375		0.617647
317.5		0.617647
317.625		0.617647
317.75		0.617647
317.875		0.617647
318		0.617647
318.125		0.617647
318.25		0.617647
318.375		0.617647
318.5		0.617647
318.625		0.617647
318.75		0.617647
318.875		0.617647
319		0.617647
319.125		0.617647
319.25		0.617647
319.375		0.617647
319.5		0.617647
319.625		0.617647
319.75		0.617647
319.875		0.617647
320		0.617647
320.125		0.623249
320.25		0.623249
320.375		0.623249
320.5		0.623249
320.625		0.623249
320.75		0.623249
320.875		0.623249
321		0.623249
321.125		0.623249
321.25		0.623249
321.375		0.623249
321.5		0.623249
321.625		0.623249
321.75		0.623249
321.875		0.623249
322		0.623249
322.125		0.623249
322.25		0.623249
322.375		0.623249
322.5		0.623249
322.625		0.623249
322.75		0.623249
322.875		0.623249
323		0.623249
323.125		0.623249
323.25		0.623249
323.375		0.623249
323.5		0.623249
323.625		0.623249
323.75		0.623249
323.875		0.623249
324		0.623249
324.125		0.623249
324.25		0.623249
324.375		0.623249
324.5		0.623249
324.625		0.623249
324.75		0.623249
324.875		0.623249
325		0.623249
325.125		0.631653
325.25		0.631653
325.375		0.631653
325.5		0.631653
325.625		0.631653
325.75		0.631653
325.875		0.631653
326		0.631653
326.125		0.631653
326.25		0.631653
326.375		0.631653
326.5		0.631653
326.625		0.631653
326.75		0.631653
326.875		0.631653
327		0.631653
327.125		0.631653
327.25		0.631653
327.375		0.631653
327.5		0.631653
327.625		0.631653
327.75		0.631653
327.875		0.631653
328		0.631653
328.125		0.631653
328.25		0.631653
328.375		0.631653
328.5		0.631653
328.625		0.631653
328.75		0.631653
328.875		0.631653
329		0.631653
329.125		0.631653
329.25		0.631653
329.375		0.631653
329.5		0.631653
329.625		0.631653
329.75		0.631653
329.875		0.631653
330		0.631653
330.125		0.651261
330.25		0.651261
330.375		0.651261
330.5		0.651261
330.625		0.651261
330.75		0.651261
330.875		0.651261
331		0.651261
331.125		0.651261
331.25		0.651261
331.375		0.651261
331.5		0.651261
331.625		0.651261
331.75		0.651261
331.875		0.651261
332		0.651261
332.125		0.651261
332.25		0.651261
332.375		0.651261
332.5		0.651261
332.625		0.651261
332.75		0.651261
332.875		0.651261
333		0.651261
333.125		0.651261
333.25		0.651261
333.375		0.651261
333.5		0.651261
333.625		0.651261
333.75		0.651261
333.875		0.651261
334		0.651261
334.125		0.651261
334.25		0.651261
334.375		0.651261
334.5		0.651261
334.625		0.651261
334.75		0.651261
334.875		0.651261
335		0.651261
335.125		0.658263
335.25		0.658263
335.375		0.658263
335.5		0.658263
335.625		0.658263
335.75		0.658263
335.875		0.658263
336		0.658263
336.125		0.658263
336.25		0.658263
336.375		0.658263
336.5		0.658263
336.625		0.658263
336.75		0.658263
336.875		0.658263
337		0.658263
337.125		0.658263
337.25		0.658263
337.375		0.658263
337.5		0.658263
337.625		0.658263
337.75		0.658263
337.875		0.658263
338		0.658263
338.125		0.658263
338.25		0.658263
338.375		0.658263
338.5		0.658263
338.625		0.658263
338.75		0.658263
338.875		0.658263
339		0.658263
339.125		0.658263
339.25		0.658263
339.375		0.658263
339.5		0.658263
339.625		0.658263
339.75		0.658263
339.875		0.658263
340		0.658263
340.125		0.663866
340.25		0.663866
340.375		0.663866
340.5		0.663866
340.625		0.663866
340.75		0.663866
340.875		0.663866
341		0.663866
341.125		0.663866
341.25		0.663866
341.375		0.663866
341.5		0.663866
341.625		0.663866
341.75		0.663866
341.875		0.663866
342		0.663866
342.125		0.663866
342.25		0.663866
342.375		0.663866
342.5		0.663866
342.625		0.663866
342.75		0.663866
342.875		0.663866
343		0.663866
343.125		0.663866
343.25		0.663866
343.375		0.663866
343.5		0.663866
343.625		0.663866
343.75		0.663866
343.875		0.663866
344		0.663866
344.125		0.663866
344.25		0.663866
344.375		0.663866
344.5		0.663866
344.625		0.663866
344.75		0.663866
344.875		0.663866
345		0.663866
345.125		0.663866
345.25		0.663866
345.375		0.663866
345.5		0.663866
345.625		0.663866
345.75		0.663866
345.875		0.663866
346		0.663866
346.125		0.663866
346.25		0.663866
346.375		0.663866
346.5		0.663866
346.625		0.663866
346.75		0.663866
346.875		0.663866
347		0.663866
347.125		0.663866
347.25		0.663866
347.375		0.663866
347.5		0.663866
347.625		0.663866
347.75		0.663866
347.875		0.663866
348		0.663866
348.125		0.663866
348.25		0.663866
348.375		0.663866
348.5		0.663866
348.625		0.663866
348.75		0.663866
348.875		0.663866
349		0.663866
349.125		0.663866
349.25		0.663866
349.375		0.663866
349.5		0.663866
349.625		0.663866
349.75		0.663866
349.875		0.663866
350		0.663866
350.125		0.684874
350.25		0.684874
350.375		0.684874
350.5		0.684874
350.625		0.684874
350.75		0.684874
350.875		0.684874
351		0.684874
351.125		0.684874
351.25		0.684874
351.375		0.684874
351.5		0.684874
351.625		0.684874
351.75		0.684874
351.875		0.684874
352		0.684874
352.125		0.684874
352.25		0.684874
352.375		0.684874
352.5		0.684874
352.625		0.684874
352.75		0.684874
352.875		0.684874
353		0.684874
353.125		0.684874
353.25		0.684874
353.375		0.684874
353.5		0.684874
353.625		0.684874
353.75		0.684874
353.875		0.684874
354		0.684874
354.125		0.684874
354.25		0.684874
354.375		0.684874
354.5		0.684874
354.625		0.684874
354.75		0.684874
354.875		0.684874
355		0.684874
355.125		0.703081
355.25		0.703081
355.375		0.703081
355.5		0.703081
355.625		0.703081
355.75		0.703081
355.875		0.703081
356		0.703081
356.125		0.703081
356.25		0.703081
356.375		0.703081
356.5		0.703081
356.625		0.703081
356.75		0.703081
356.875		0.703081
357		0.703081
357.125		0.703081
357.25		0.703081
357.375		0.703081
357.5		0.703081
357.625		0.703081
357.75		0.703081
357.875		0.703081
358		0.703081
358.125		0.703081
358.25		0.703081
358.375		0.703081
358.5		0.703081
358.625		0.703081
358.75		0.703081
358.875		0.703081
359		0.703081
359.125		0.703081
359.25		0.703081
359.375		0.703081
359.5		0.703081
359.625		0.703081
359.75		0.703081
359.875		0.703081
360		0.703081
360.125		0.705882
360.25		0.705882
360.375		0.705882
360.5		0.705882
360.625		0.705882
360.75		0.705882
360.875		0.705882
361		0.705882
361.125		0.705882
361.25		0.705882
361.375		0.705882
361.5		0.705882
361.625		0.705882
361.75		0.705882
361.875		0.705882
362		0.705882
362.125		0.705882
362.25		0.705882
362.375		0.705882
362.5		0.705882
362.625		0.705882
362.75		0.705882
362.875		0.705882
363		0.705882
363.125		0.705882
363.25		0.705882
363.375		0.705882
363.5		0.705882
363.625		0.705882
363.75		0.705882
363.875		0.705882
364		0.705882
364.125		0.705882
364.25		0.705882
364.375		0.705882
364.5		0.705882
364.625		0.705882
364.75		0.705882
364.875		0.705882
365		0.705882
365.125		0.719888
365.25		0.719888
365.375		0.719888
365.5		0.719888
365.625		0.719888
365.75		0.719888
365.875		0.719888
366		0.719888
366.125		0.719888
366.25		0.719888
366.375		0.719888
366.5		0.719888
366.625		0.719888
366.75		0.719888
366.875		0.719888
367		0.719888
367.125		0.719888
367.25		0.719888
367.375		0.719888
367.5		0.719888
367.625		0.719888
367.75		0.719888
367.875		0.719888
368		0.719888
368.125		0.719888
368.25		0.719888
368.375		0.719888
368.5		0.719888
368.625		0.719888
368.75		0.719888
368.875		0.719888
369		0.719888
369.125		0.719888
369.25		0.719888
369.375		0.719888
369.5		0.719888
369.625		0.719888
369.75		0.719888
369.875		0.719888
370		0.719888
370.125		0.735294
370.25		0.735294
370.375		0.735294
370.5		0.735294
370.625		0.735294
370.75		0.735294
370.875		0.735294
371		0.735294
371.125		0.735294
371.25		0.735294
371.375		0.735294
371.5		0.735294
371.625		0.735294
371.75		0.735294
371.875		0.735294
372		0.735294
372.125		0.735294
372.25		0.735294
372.375		0.735294
372.5		0.735294
372.625		0.735294
372.75		0.735294
372.875		0.735294
373		0.735294
373.125		0.735294
373.25		0.735294
373.375		0.735294
373.5		0.735294
373.625		0.735294
373.75		0.735294
373.875		0.735294
374		0.735294
374.125		0.735294
374.25		0.735294
374.375		0.735294
374.5		0.735294
374.625		0.735294
374.75		0.735294
374.875		0.735294
375		0.735294
375.125		0.739496
375.25		0.739496
375.375		0.739496
375.5		0.739496
375.625		0.739496
375.75		0.739496
375.875		0.739496
376		0.739496
376.125		0.739496
376.25		0.739496
376.375		0.739496
376.5		0.739496
376.625		0.739496
376.75		0.739496
376.875		0.739496
377		0.739496
377.125		0.739496
377.25		0.739496
377.375		0.739496
377.5		0.739496
377.625		0.739496
377.75		0.739496
377.875		0.739496
378		0.739496
378.125		0.739496
378.25		0.739496
378.375		0.739496
378.5		0.739496
378.625		0.739496
378.75		0.739496
378.875		0.739496
379		0.739496
379.125		0.739496
379.25		0.739496
379.375		0.739496
379.5		0.739496
379.625		0.739496
379.75		0.739496
379.875		0.739496
380		0.739496
380.125		0.7493
380.25		0.7493
380.375		0.7493
380.5		0.7493
380.625		0.7493
380.75		0.7493
380.875		0.7493
381		0.7493
381.125		0.7493
381.25		0.7493
381.375		0.7493
381.5		0.7493
381.625		0.7493
381.75		0.7493
381.875		0.7493
382		0.7493
382.125		0.7493
382.25		0.7493
382.375		0.7493
382.5		0.7493
382.625		0.7493
382.75		0.7493
382.875		0.7493
383		0.7493
383.125		0.7493
383.25		0.7493
383.375		0.7493
383.5		0.7493
383.625		0.7493
383.75		0.7493
383.875		0.7493
384		0.7493
384.125		0.7493
384.25		0.7493
384.375		0.7493
384.5		0.7493
384.625		0.7493
384.75		0.7493
384.875		0.7493
385		0.7493
385.125		0.759104
385.25		0.759104
385.375		0.759104
385.5		0.759104
385.625		0.759104
385.75		0.759104
385.875		0.759104
386		0.759104
386.125		0.759104
386.25		0.759104
386.375		0.759104
386.5		0.759104
386.625		0.759104
386.75		0.759104
386.875		0.759104
387		0.759104
387.125		0.759104
387.25		0.759104
387.375		0.759104
387.5		0.759104
387.625		0.759104
387.75		0.759104
387.875		0.759104
388		0.759104
388.125		0.759104
388.25		0.759104
388.375		0.759104
388.5		0.759104
388.625		0.759104
388.75		0.759104
388.875		0.759104
389		0.759104
389.125		0.759104
389.25		0.759104
389.375		0.759104
389.5		0.759104
389.625		0.759104
389.75		0.759104
389.875		0.759104
390		0.759104
390.125		0.768908
390.25		0.768908
390.375		0.768908
390.5		0.768908
390.625		0.768908
390.75		0.768908
390.875		0.768908
391		0.768908
391.125		0.768908
391.25		0.768908
391.375		0.768908
391.5		0.768908
391.625		0.768908
391.75		0.768908
391.875		0.768908
392		0.768908
392.125		0.768908
392.25		0.768908
392.375		0.768908
392.5		0.768908
392.625		0.768908
392.75		0.768908
392.875		0.768908
393		0.768908
393.125		0.768908
393.25		0.768908
393.375		0.768908
393.5		0.768908
393.625		0.768908
393.75		0.768908
393.875		0.768908
394		0.768908
394.125		0.768908
394.25		0.768908
394.375		0.768908
394.5		0.768908
394.625		0.768908
394.75		0.768908
394.875		0.768908
395		0.768908
395.125		0.777311
395.25		0.777311
395.375		0.777311
395.5		0.777311
395.625		0.777311
395.75		0.777311
395.875		0.777311
396		0.777311
396.125		0.777311
396.25		0.777311
396.375		0.777311
396.5		0.777311
396.625		0.777311
396.75		0.777311
396.875		0.777311
397		0.777311
397.125		0.777311
397.25		0.777311
397.375		0.777311
397.5		0.777311
397.625		0.777311
397.75		0.777311
397.875		0.777311
398		0.777311
398.125		0.777311
398.25		0.777311
398.375		0.777311
398.5		0.777311
398.625		0.777311
398.75		0.777311
398.875		0.777311
399		0.777311
399.125		0.777311
399.25		0.777311
399.375		0.777311
399.5		0.777311
399.625		0.777311
399.75		0.777311
399.875		0.777311
400		0.777311
400.125		0.782913
400.25		0.782913
400.375		0.782913
400.5		0.782913
400.625		0.782913
400.75		0.782913
400.875		0.782913
401		0.782913
401.125		0.782913
401.25		0.782913
401.375		0.782913
401.5		0.782913
401.625		0.782913
401.75		0.782913
401.875		0.782913
402		0.782913
402.125		0.782913
402.25		0.782913
402.375		0.782913
402.5		0.782913
402.625		0.782913
402.75		0.782913
402.875		0.782913
403		0.782913
403.125		0.782913
403.25		0.782913
403.375		0.782913
403.5		0.782913
403.625		0.782913
403.75		0.782913
403.875		0.782913
404		0.782913
404.125		0.782913
404.25		0.782913
404.375		0.782913
404.5		0.782913
404.625		0.782913
404.75		0.782913
404.875		0.782913
405		0.782913
405.125		0.788515
405.25		0.788515
405.375		0.788515
405.5		0.788515
405.625		0.788515
405.75		0.788515
405.875		0.788515
406		0.788515
406.125		0.788515
406.25		0.788515
406.375		0.788515
406.5		0.788515
406.625		0.788515
406.75		0.788515
406.875		0.788515
407		0.788515
407.125		0.788515
407.25		0.788515
407.375		0.788515
407.5		0.788515
407.625		0.788515
407.75		0.788515
407.875		0.788515
408		0.788515
408.125		0.788515
408.25		0.788515
408.375		0.788515
408.5		0.788515
408.625		0.788515
408.75		0.788515
408.875		0.788515
409		0.788515
409.125		0.788515
409.25		0.788515
409.375		0.788515
409.5		0.788515
409.625		0.788515
409.75		0.788515
409.875		0.788515
410		0.788515
410.125		0.823529
410.25		0.823529
410.375		0.823529
410.5		0.823529
410.625		0.823529
410.75		0.823529
410.875		0.823529
411		0.823529
411.125		0.823529
411.25		0.823529
411.375		0.823529
411.5		0.823529
411.625		0.823529
411.75		0.823529
411.875		0.823529
412		0.823529
412.125		0.823529
412.25		0.823529
412.375		0.823529
412.5		0.823529
412.625		0.823529
412.75		0.823529
412.875		0.823529
413		0.823529
413.125		0.823529
413.25		0.823529
413.375		0.823529
413.5		0.823529
413.625		0.823529
413.75		0.823529
413.875		0.823529
414		0.823529
414.125		0.823529
414.25		0.823529
414.375		0.823529
414.5		0.823529
414.625		0.823529
414.75		0.823529
414.875		0.823529
415		0.823529
415.125		0.840336
415.25		0.840336
415.375		0.840336
415.5		0.840336
415.625		0.840336
415.75		0.840336
415.875		0.840336
416		0.840336
416.125		0.840336
416.25		0.840336
416.375		0.840336
416.5		0.840336
416.625		0.840336
416.75		0.840336
416.875		0.840336
417		0.840336
417.125		0.840336
417.25		0.840336
417.375		0.840336
417.5		0.840336
417.625		0.840336
417.75		0.840336
417.875		0.840336
418		0.840336
418.125		0.840336
418.25		0.840336
418.375		0.840336
418.5		0.840336
418.625		0.840336
418.75		0.840336
418.875		0.840336
419		0.840336
419.125		0.840336
419.25		0.840336
419.375		0.840336
419.5		0.840336
419.625		0.840336
419.75		0.840336
419.875		0.840336
420		0.840336
420.125		0.844538
420.25		0.844538
420.375		0.844538
420.5		0.844538
420.625		0.844538
420.75		0.844538
420.875		0.844538
421		0.844538
421.125		0.844538
421.25		0.844538
421.375		0.844538
421.5		0.844538
421.625		0.844538
421.75		0.844538
421.875		0.844538
422		0.844538
422.125		0.844538
422.25		0.844538
422.375		0.844538
422.5		0.844538
422.625		0.844538
422.75		0.844538
422.875		0.844538
423		0.844538
423.125		0.844538
423.25		0.844538
423.375		0.844538
423.5		0.844538
423.625		0.844538
423.75		0.844538
423.875		0.844538
424		0.844538
424.125		0.844538
424.25		0.844538
424.375		0.844538
424.5		0.844538
424.625		0.844538
424.75		0.844538
424.875		0.844538
425		0.844538
425.125		0.858543
425.25		0.858543
425.375		0.858543
425.5		0.858543
425.625		0.858543
425.75		0.858543
425.875		0.858543
426		0.858543
426.125		0.858543
426.25		0.858543
426.375		0.858543
426.5		0.858543
426.625		0.858543
426.75		0.858543
426.875		0.858543
427		0.858543
427.125		0.858543
427.25		0.858543
427.375		0.858543
427.5		0.858543
427.625		0.858543
427.75		0.858543
427.875		0.858543
428		0.858543
428.125		0.858543
428.25		0.858543
428.375		0.858543
428.5		0.858543
428.625		0.858543
428.75		0.858543
428.875		0.858543
429		0.858543
429.125		0.858543
429.25		0.858543
429.375		0.858543
429.5		0.858543
429.625		0.858543
429.75		0.858543
429.875		0.858543
430		0.858543
430.125		0.886555
430.25		0.886555
430.375		0.886555
430.5		0.886555
430.625		0.886555
430.75		0.886555
430.875		0.886555
431		0.886555
431.125		0.886555
431.25		0.886555
431.375		0.886555
431.5		0.886555
431.625		0.886555
431.75		0.886555
431.875		0.886555
432		0.886555
432.125		0.886555
432.25		0.886555
432.375		0.886555
432.5		0.886555
432.625		0.886555
432.75		0.886555
432.875		0.886555
433		0.886555
433.125		0.886555
433.25		0.886555
433.375		0.886555
433.5		0.886555
433.625		0.886555
433.75		0.886555
433.875		0.886555
434		0.886555
434.125		0.886555
434.25		0.886555
434.375		0.886555
434.5		0.886555
434.625		0.886555
434.75		0.886555
434.875		0.886555
435		0.886555
435.125		0.886555
435.25		0.886555
435.375		0.886555
435.5		0.886555
435.625		0.886555
435.75		0.886555
435.875		0.886555
436		0.886555
436.125		0.886555
436.25		0.886555
436.375		0.886555
436.5		0.886555
436.625		0.886555
436.75		0.886555
436.875		0.886555
437		0.886555
437.125		0.886555
437.25		0.886555
437.375		0.886555
437.5		0.886555
437.625		0.886555
437.75		0.886555
437.875		0.886555
438		0.886555
438.125		0.886555
438.25		0.886555
438.375		0.886555
438.5		0.886555
438.625		0.886555
438.75		0.886555
438.875		0.886555
439		0.886555
439.125		0.886555
439.25		0.886555
439.375		0.886555
439.5		0.886555
439.625		0.886555
439.75		0.886555
439.875		0.886555
440		0.886555
440.125		0.915966
440.25		0.915966
440.375		0.915966
440.5		0.915966
440.625		0.915966
440.75		0.915966
440.875		0.915966
441		0.915966
441.125		0.915966
441.25		0.915966
441.375		0.915966
441.5		0.915966
441.625		0.915966
441.75		0.915966
441.875		0.915966
442		0.915966
442.125		0.915966
442.25		0.915966
442.375		0.915966
442.5		0.915966
442.625		0.915966
442.75		0.915966
442.875		0.915966
443		0.915966
443.125		0.915966
443.25		0.915966
443.375		0.915966
443.5		0.915966
443.625		0.915966
443.75		0.915966
443.875		0.915966
444		0.915966
444.125		0.915966
444.25		0.915966
444.375		0.915966
444.5		0.915966
444.625		0.915966
444.75		0.915966
444.875		0.915966
445		0.915966
445.125		0.917367
445.25		0.917367
445.375		0.917367
445.5		0.917367
445.625		0.917367
445.75		0.917367
445.875		0.917367
446		0.917367
446.125		0.917367
446.25		0.917367
446.375		0.917367
446.5		0.917367
446.625		0.917367
446.75		0.917367
446.875		0.917367
447		0.917367
447.125		0.917367
447.25		0.917367
447.375		0.917367
447.5		0.917367
447.625		0.917367
447.75		0.917367
447.875		0.917367
448		0.917367
448.125		0.917367
448.25		0.917367
448.375		0.917367
448.5		0.917367
448.625		0.917367
448.75		0.917367
448.875		0.917367
449		0.917367
449.125		0.917367
449.25		0.917367
449.375		0.917367
449.5		0.917367
449.625		0.917367
449.75		0.917367
449.875		0.917367
450		0.917367
450.125		0.92437
450.25		0.92437
450.375		0.92437
450.5		0.92437
450.625		0.92437
450.75		0.92437
450.875		0.92437
451		0.92437
451.125		0.92437
451.25		0.92437
451.375		0.92437
451.5		0.92437
451.625		0.92437
451.75		0.92437
451.875		0.92437
452		0.92437
452.125		0.92437
452.25		0.92437
452.375		0.92437
452.5		0.92437
452.625		0.92437
452.75		0.92437
452.875		0.92437
453		0.92437
453.125		0.92437
453.25		0.92437
453.375		0.92437
453.5		0.92437
453.625		0.92437
453.75		0.92437
453.875		0.92437
454		0.92437
454.125		0.92437
454.25		0.92437
454.375		0.92437
454.5		0.92437
454.625		0.92437
454.75		0.92437
454.875		0.92437
455		0.92437
455.125		0.936975
455.25		0.936975
455.375		0.936975
455.5		0.936975
455.625		0.936975
455.75		0.936975
455.875		0.936975
456		0.936975
456.125		0.936975
456.25		0.936975
456.375		0.936975
456.5		0.936975
456.625		0.936975
456.75		0.936975
456.875		0.936975
457		0.936975
457.125		0.936975
457.25		0.936975
457.375		0.936975
457.5		0.936975
457.625		0.936975
457.75		0.936975
457.875		0.936975
458		0.936975
458.125		0.936975
458.25		0.936975
458.375		0.936975
458.5		0.936975
458.625		0.936975
458.75		0.936975
458.875		0.936975
459		0.936975
459.125		0.936975
459.25		0.936975
459.375		0.936975
459.5		0.936975
459.625		0.936975
459.75		0.936975
459.875		0.936975
460		0.936975
460.125		0.938375
460.25		0.938375
460.375		0.938375
460.5		0.938375
460.625		0.938375
460.75		0.938375
460.875		0.938375
461		0.938375
461.125		0.938375
461.25		0.938375
461.375		0.938375
461.5		0.938375
461.625		0.938375
461.75		0.938375
461.875		0.938375
462		0.938375
462.125		0.938375
462.25		0.938375
462.375		0.938375
462.5		0.938375
462.625		0.938375
462.75		0.938375
462.875		0.938375
463		0.938375
463.125		0.938375
463.25		0.938375
463.375		0.938375
463.5		0.938375
463.625		0.938375
463.75		0.938375
463.875		0.938375
464		0.938375
464.125		0.938375
464.25		0.938375
464.375		0.938375
464.5		0.938375
464.625		0.938375
464.75		0.938375
464.875		0.938375
465		0.938375
465.125		0.939776
465.25		0.939776
465.375		0.939776
465.5		0.939776
465.625		0.939776
465.75		0.939776
465.875		0.939776
466		0.939776
466.125		0.939776
466.25		0.939776
466.375		0.939776
466.5		0.939776
466.625		0.939776
466.75		0.939776
466.875		0.939776
467		0.939776
467.125		0.939776
467.25		0.939776
467.375		0.939776
467.5		0.939776
467.625		0.939776
467.75		0.939776
467.875		0.939776
468		0.939776
468.125		0.939776
468.25		0.939776
468.375		0.939776
468.5		0.939776
468.625		0.939776
468.75		0.939776
468.875		0.939776
469		0.939776
469.125		0.939776
469.25		0.939776
469.375		0.939776
469.5		0.939776
469.625		0.939776
469.75		0.939776
469.875		0.939776
470		0.939776
470.125		0.943978
470.25		0.943978
470.375		0.943978
470.5		0.943978
470.625		0.943978
470.75		0.943978
470.875		0.943978
471		0.943978
471.125		0.943978
471.25		0.943978
471.375		0.943978
471.5		0.943978
471.625		0.943978
471.75		0.943978
471.875		0.943978
472		0.943978
472.125		0.943978
472.25		0.943978
472.375		0.943978
472.5		0.943978
472.625		0.943978
472.75		0.943978
472.875		0.943978
473		0.943978
473.125		0.943978
473.25		0.943978
473.375		0.943978
473.5		0.943978
473.625		0.943978
473.75		0.943978
473.875		0.943978
474		0.943978
474.125		0.943978
474.25		0.943978
474.375		0.943978
474.5		0.943978
474.625		0.943978
474.75		0.943978
474.875		0.943978
475		0.943978
475.125		0.963585
475.25		0.963585
475.375		0.963585
475.5		0.963585
475.625		0.963585
475.75		0.963585
475.875		0.963585
476		0.963585
476.125		0.963585
476.25		0.963585
476.375		0.963585
476.5		0.963585
476.625		0.963585
476.75		0.963585
476.875		0.963585
477		0.963585
477.125		0.963585
477.25		0.963585
477.375		0.963585
477.5		0.963585
477.625		0.963585
477.75		0.963585
477.875		0.963585
478		0.963585
478.125		0.963585
478.25		0.963585
478.375		0.963585
478.5		0.963585
478.625		0.963585
478.75		0.963585
478.875		0.963585
479		0.963585
479.125		0.963585
479.25		0.963585
479.375		0.963585
479.5		0.963585
479.625		0.963585
479.75		0.963585
479.875		0.963585
480		0.963585
480.125		0.983193
480.25		0.983193
480.375		0.983193
480.5		0.983193
480.625		0.983193
480.75		0.983193
480.875		0.983193
481		0.983193
481.125		0.983193
481.25		0.983193
481.375		0.983193
481.5		0.983193
481.625		0.983193
481.75		0.983193
481.875		0.983193
482		0.983193
482.125		0.983193
482.25		0.983193
482.375		0.983193
482.5		0.983193
482.625		0.983193
482.75		0.983193
482.875		0.983193
483		0.983193
483.125		0.983193
483.25		0.983193
483.375		0.983193
483.5		0.983193
483.625		0.983193
483.75		0.983193
483.875		0.983193
484		0.983193
484.125		0.983193
484.25		0.983193
484.375		0.983193
484.5		0.983193
484.625		0.983193
484.75		0.983193
484.875		0.983193
485		0.983193
485.125		0.988796
485.25		0.988796
485.375		0.988796
485.5		0.988796
485.625		0.988796
485.75		0.988796
485.875		0.988796
486		0.988796
486.125		0.988796
486.25		0.988796
486.375		0.988796
486.5		0.988796
486.625		0.988796
486.75		0.988796
486.875		0.988796
487		0.988796
487.125		0.988796
487.25		0.988796
487.375		0.988796
487.5		0.988796
487.625		0.988796
487.75		0.988796
487.875		0.988796
488		0.988796
488.125		0.988796
488.25		0.988796
488.375		0.988796
488.5		0.988796
488.625		0.988796
488.75		0.988796
488.875		0.988796
489		0.988796
489.125		0.988796
489.25		0.988796
489.375		0.988796
489.5		0.988796
489.625		0.988796
489.75		0.988796
489.875		0.988796
490		0.988796
490.125		0.991597
490.25		0.991597
490.375		0.991597
490.5		0.991597
490.625		0.991597
490.75		0.991597
490.875		0.991597
491		0.991597
491.125		0.991597
491.25		0.991597
491.375		0.991597
491.5		0.991597
491.625		0.991597
491.75		0.991597
491.875		0.991597
492		0.991597
492.125		0.991597
492.25		0.991597
492.375		0.991597
492.5		0.991597
492.625		0.991597
492.75		0.991597
492.875		0.991597
493		0.991597
493.125		0.991597
493.25		0.991597
493.375		0.991597
493.5		0.991597
493.625		0.991597
493.75		0.991597
493.875		0.991597
494		0.991597
494.125		0.991597
494.25		0.991597
494.375		0.991597
494.5		0.991597
494.625		0.991597
494.75		0.991597
494.875		0.991597
495		0.991597
495.125		1
495.25		1
495.375		1
495.5		1
495.625		1
495.75		1
495.875		1
496		1
496.125		1
496.25		1
496.375		1
496.5		1
496.625		1
496.75		1
496.875		1
497		1
497.125		1
497.25		1
497.375		1
497.5		1
497.625		1
497.75		1
497.875		1
498		1
498.125		1
498.25		1
498.375		1
498.5		1
498.625		1
498.75		1
498.875		1
499		1
499.125		1
499.25		1
499.375		1
499.5		1
499.625		1
499.75		1
499.875		1
500		1
