# Calibration file of tamex_id 1 @ channel 7
# fine_T bin		 Calibration value
0.125		0
0.25		0
0.375		0
0.5		0
0.625		0
0.75		0
0.875		0
1		0
1.125		0
1.25		0
1.375		0
1.5		0
1.625		0
1.75		0
1.875		0
2		0
2.125		0
2.25		0
2.375		0
2.5		0
2.625		0
2.75		0
2.875		0
3		0
3.125		0
3.25		0
3.375		0
3.5		0
3.625		0
3.75		0
3.875		0
4		0
4.125		0
4.25		0
4.375		0
4.5		0
4.625		0
4.75		0
4.875		0
5		0
5.125		0
5.25		0
5.375		0
5.5		0
5.625		0
5.75		0
5.875		0
6		0
6.125		0
6.25		0
6.375		0
6.5		0
6.625		0
6.75		0
6.875		0
7		0
7.125		0
7.25		0
7.375		0
7.5		0
7.625		0
7.75		0
7.875		0
8		0
8.125		0
8.25		0
8.375		0
8.5		0
8.625		0
8.75		0
8.875		0
9		0
9.125		0
9.25		0
9.375		0
9.5		0
9.625		0
9.75		0
9.875		0
10		0
10.125		0
10.25		0
10.375		0
10.5		0
10.625		0
10.75		0
10.875		0
11		0
11.125		0
11.25		0
11.375		0
11.5		0
11.625		0
11.75		0
11.875		0
12		0
12.125		0
12.25		0
12.375		0
12.5		0
12.625		0
12.75		0
12.875		0
13		0
13.125		0
13.25		0
13.375		0
13.5		0
13.625		0
13.75		0
13.875		0
14		0
14.125		0
14.25		0
14.375		0
14.5		0
14.625		0
14.75		0
14.875		0
15		0
15.125		0
15.25		0
15.375		0
15.5		0
15.625		0
15.75		0
15.875		0
16		0
16.125		0
16.25		0
16.375		0
16.5		0
16.625		0
16.75		0
16.875		0
17		0
17.125		0
17.25		0
17.375		0
17.5		0
17.625		0
17.75		0
17.875		0
18		0
18.125		0
18.25		0
18.375		0
18.5		0
18.625		0
18.75		0
18.875		0
19		0
19.125		0
19.25		0
19.375		0
19.5		0
19.625		0
19.75		0
19.875		0
20		0
20.125		0
20.25		0
20.375		0
20.5		0
20.625		0
20.75		0
20.875		0
21		0
21.125		0
21.25		0
21.375		0
21.5		0
21.625		0
21.75		0
21.875		0
22		0
22.125		0
22.25		0
22.375		0
22.5		0
22.625		0
22.75		0
22.875		0
23		0
23.125		0
23.25		0
23.375		0
23.5		0
23.625		0
23.75		0
23.875		0
24		0
24.125		0
24.25		0
24.375		0
24.5		0
24.625		0
24.75		0
24.875		0
25		0
25.125		0
25.25		0
25.375		0
25.5		0
25.625		0
25.75		0
25.875		0
26		0
26.125		0
26.25		0
26.375		0
26.5		0
26.625		0
26.75		0
26.875		0
27		0
27.125		0
27.25		0
27.375		0
27.5		0
27.625		0
27.75		0
27.875		0
28		0
28.125		0
28.25		0
28.375		0
28.5		0
28.625		0
28.75		0
28.875		0
29		0
29.125		0
29.25		0
29.375		0
29.5		0
29.625		0
29.75		0
29.875		0
30		0
30.125		0
30.25		0
30.375		0
30.5		0
30.625		0
30.75		0
30.875		0
31		0
31.125		0
31.25		0
31.375		0
31.5		0
31.625		0
31.75		0
31.875		0
32		0
32.125		0
32.25		0
32.375		0
32.5		0
32.625		0
32.75		0
32.875		0
33		0
33.125		0
33.25		0
33.375		0
33.5		0
33.625		0
33.75		0
33.875		0
34		0
34.125		0
34.25		0
34.375		0
34.5		0
34.625		0
34.75		0
34.875		0
35		0
35.125		0
35.25		0
35.375		0
35.5		0
35.625		0
35.75		0
35.875		0
36		0
36.125		0
36.25		0
36.375		0
36.5		0
36.625		0
36.75		0
36.875		0
37		0
37.125		0
37.25		0
37.375		0
37.5		0
37.625		0
37.75		0
37.875		0
38		0
38.125		0
38.25		0
38.375		0
38.5		0
38.625		0
38.75		0
38.875		0
39		0
39.125		0
39.25		0
39.375		0
39.5		0
39.625		0
39.75		0
39.875		0
40		0
40.125		0
40.25		0
40.375		0
40.5		0
40.625		0
40.75		0
40.875		0
41		0
41.125		0
41.25		0
41.375		0
41.5		0
41.625		0
41.75		0
41.875		0
42		0
42.125		0
42.25		0
42.375		0
42.5		0
42.625		0
42.75		0
42.875		0
43		0
43.125		0
43.25		0
43.375		0
43.5		0
43.625		0
43.75		0
43.875		0
44		0
44.125		0
44.25		0
44.375		0
44.5		0
44.625		0
44.75		0
44.875		0
45		0
45.125		0
45.25		0
45.375		0
45.5		0
45.625		0
45.75		0
45.875		0
46		0
46.125		0
46.25		0
46.375		0
46.5		0
46.625		0
46.75		0
46.875		0
47		0
47.125		0
47.25		0
47.375		0
47.5		0
47.625		0
47.75		0
47.875		0
48		0
48.125		0
48.25		0
48.375		0
48.5		0
48.625		0
48.75		0
48.875		0
49		0
49.125		0
49.25		0
49.375		0
49.5		0
49.625		0
49.75		0
49.875		0
50		0
50.125		0
50.25		0
50.375		0
50.5		0
50.625		0
50.75		0
50.875		0
51		0
51.125		0
51.25		0
51.375		0
51.5		0
51.625		0
51.75		0
51.875		0
52		0
52.125		0
52.25		0
52.375		0
52.5		0
52.625		0
52.75		0
52.875		0
53		0
53.125		0
53.25		0
53.375		0
53.5		0
53.625		0
53.75		0
53.875		0
54		0
54.125		0
54.25		0
54.375		0
54.5		0
54.625		0
54.75		0
54.875		0
55		0
55.125		0
55.25		0
55.375		0
55.5		0
55.625		0
55.75		0
55.875		0
56		0
56.125		0
56.25		0
56.375		0
56.5		0
56.625		0
56.75		0
56.875		0
57		0
57.125		0
57.25		0
57.375		0
57.5		0
57.625		0
57.75		0
57.875		0
58		0
58.125		0
58.25		0
58.375		0
58.5		0
58.625		0
58.75		0
58.875		0
59		0
59.125		0
59.25		0
59.375		0
59.5		0
59.625		0
59.75		0
59.875		0
60		0
60.125		0
60.25		0
60.375		0
60.5		0
60.625		0
60.75		0
60.875		0
61		0
61.125		0
61.25		0
61.375		0
61.5		0
61.625		0
61.75		0
61.875		0
62		0
62.125		0
62.25		0
62.375		0
62.5		0
62.625		0
62.75		0
62.875		0
63		0
63.125		0
63.25		0
63.375		0
63.5		0
63.625		0
63.75		0
63.875		0
64		0
64.125		0
64.25		0
64.375		0
64.5		0
64.625		0
64.75		0
64.875		0
65		0
65.125		0
65.25		0
65.375		0
65.5		0
65.625		0
65.75		0
65.875		0
66		0
66.125		0
66.25		0
66.375		0
66.5		0
66.625		0
66.75		0
66.875		0
67		0
67.125		0
67.25		0
67.375		0
67.5		0
67.625		0
67.75		0
67.875		0
68		0
68.125		0
68.25		0
68.375		0
68.5		0
68.625		0
68.75		0
68.875		0
69		0
69.125		0
69.25		0
69.375		0
69.5		0
69.625		0
69.75		0
69.875		0
70		0
70.125		0
70.25		0
70.375		0
70.5		0
70.625		0
70.75		0
70.875		0
71		0
71.125		0
71.25		0
71.375		0
71.5		0
71.625		0
71.75		0
71.875		0
72		0
72.125		0
72.25		0
72.375		0
72.5		0
72.625		0
72.75		0
72.875		0
73		0
73.125		0
73.25		0
73.375		0
73.5		0
73.625		0
73.75		0
73.875		0
74		0
74.125		0
74.25		0
74.375		0
74.5		0
74.625		0
74.75		0
74.875		0
75		0
75.125		0
75.25		0
75.375		0
75.5		0
75.625		0
75.75		0
75.875		0
76		0
76.125		0
76.25		0
76.375		0
76.5		0
76.625		0
76.75		0
76.875		0
77		0
77.125		0
77.25		0
77.375		0
77.5		0
77.625		0
77.75		0
77.875		0
78		0
78.125		0
78.25		0
78.375		0
78.5		0
78.625		0
78.75		0
78.875		0
79		0
79.125		0
79.25		0
79.375		0
79.5		0
79.625		0
79.75		0
79.875		0
80		0
80.125		0.0307763
80.25		0.0307763
80.375		0.0307763
80.5		0.0307763
80.625		0.0307763
80.75		0.0307763
80.875		0.0307763
81		0.0307763
81.125		0.0307763
81.25		0.0307763
81.375		0.0307763
81.5		0.0307763
81.625		0.0307763
81.75		0.0307763
81.875		0.0307763
82		0.0307763
82.125		0.0307763
82.25		0.0307763
82.375		0.0307763
82.5		0.0307763
82.625		0.0307763
82.75		0.0307763
82.875		0.0307763
83		0.0307763
83.125		0.0307763
83.25		0.0307763
83.375		0.0307763
83.5		0.0307763
83.625		0.0307763
83.75		0.0307763
83.875		0.0307763
84		0.0307763
84.125		0.0307763
84.25		0.0307763
84.375		0.0307763
84.5		0.0307763
84.625		0.0307763
84.75		0.0307763
84.875		0.0307763
85		0.0307763
85.125		0.0629827
85.25		0.0629827
85.375		0.0629827
85.5		0.0629827
85.625		0.0629827
85.75		0.0629827
85.875		0.0629827
86		0.0629827
86.125		0.0629827
86.25		0.0629827
86.375		0.0629827
86.5		0.0629827
86.625		0.0629827
86.75		0.0629827
86.875		0.0629827
87		0.0629827
87.125		0.0629827
87.25		0.0629827
87.375		0.0629827
87.5		0.0629827
87.625		0.0629827
87.75		0.0629827
87.875		0.0629827
88		0.0629827
88.125		0.0629827
88.25		0.0629827
88.375		0.0629827
88.5		0.0629827
88.625		0.0629827
88.75		0.0629827
88.875		0.0629827
89		0.0629827
89.125		0.0629827
89.25		0.0629827
89.375		0.0629827
89.5		0.0629827
89.625		0.0629827
89.75		0.0629827
89.875		0.0629827
90		0.0629827
90.125		0.0638979
90.25		0.0638979
90.375		0.0638979
90.5		0.0638979
90.625		0.0638979
90.75		0.0638979
90.875		0.0638979
91		0.0638979
91.125		0.0638979
91.25		0.0638979
91.375		0.0638979
91.5		0.0638979
91.625		0.0638979
91.75		0.0638979
91.875		0.0638979
92		0.0638979
92.125		0.0638979
92.25		0.0638979
92.375		0.0638979
92.5		0.0638979
92.625		0.0638979
92.75		0.0638979
92.875		0.0638979
93		0.0638979
93.125		0.0638979
93.25		0.0638979
93.375		0.0638979
93.5		0.0638979
93.625		0.0638979
93.75		0.0638979
93.875		0.0638979
94		0.0638979
94.125		0.0638979
94.25		0.0638979
94.375		0.0638979
94.5		0.0638979
94.625		0.0638979
94.75		0.0638979
94.875		0.0638979
95		0.0638979
95.125		0.0850638
95.25		0.0850638
95.375		0.0850638
95.5		0.0850638
95.625		0.0850638
95.75		0.0850638
95.875		0.0850638
96		0.0850638
96.125		0.0850638
96.25		0.0850638
96.375		0.0850638
96.5		0.0850638
96.625		0.0850638
96.75		0.0850638
96.875		0.0850638
97		0.0850638
97.125		0.0850638
97.25		0.0850638
97.375		0.0850638
97.5		0.0850638
97.625		0.0850638
97.75		0.0850638
97.875		0.0850638
98		0.0850638
98.125		0.0850638
98.25		0.0850638
98.375		0.0850638
98.5		0.0850638
98.625		0.0850638
98.75		0.0850638
98.875		0.0850638
99		0.0850638
99.125		0.0850638
99.25		0.0850638
99.375		0.0850638
99.5		0.0850638
99.625		0.0850638
99.75		0.0850638
99.875		0.0850638
100		0.0850638
100.125		0.111492
100.25		0.111492
100.375		0.111492
100.5		0.111492
100.625		0.111492
100.75		0.111492
100.875		0.111492
101		0.111492
101.125		0.111492
101.25		0.111492
101.375		0.111492
101.5		0.111492
101.625		0.111492
101.75		0.111492
101.875		0.111492
102		0.111492
102.125		0.111492
102.25		0.111492
102.375		0.111492
102.5		0.111492
102.625		0.111492
102.75		0.111492
102.875		0.111492
103		0.111492
103.125		0.111492
103.25		0.111492
103.375		0.111492
103.5		0.111492
103.625		0.111492
103.75		0.111492
103.875		0.111492
104		0.111492
104.125		0.111492
104.25		0.111492
104.375		0.111492
104.5		0.111492
104.625		0.111492
104.75		0.111492
104.875		0.111492
105		0.111492
105.125		0.12608
105.25		0.12608
105.375		0.12608
105.5		0.12608
105.625		0.12608
105.75		0.12608
105.875		0.12608
106		0.12608
106.125		0.12608
106.25		0.12608
106.375		0.12608
106.5		0.12608
106.625		0.12608
106.75		0.12608
106.875		0.12608
107		0.12608
107.125		0.12608
107.25		0.12608
107.375		0.12608
107.5		0.12608
107.625		0.12608
107.75		0.12608
107.875		0.12608
108		0.12608
108.125		0.12608
108.25		0.12608
108.375		0.12608
108.5		0.12608
108.625		0.12608
108.75		0.12608
108.875		0.12608
109		0.12608
109.125		0.12608
109.25		0.12608
109.375		0.12608
109.5		0.12608
109.625		0.12608
109.75		0.12608
109.875		0.12608
110		0.12608
110.125		0.126881
110.25		0.126881
110.375		0.126881
110.5		0.126881
110.625		0.126881
110.75		0.126881
110.875		0.126881
111		0.126881
111.125		0.126881
111.25		0.126881
111.375		0.126881
111.5		0.126881
111.625		0.126881
111.75		0.126881
111.875		0.126881
112		0.126881
112.125		0.126881
112.25		0.126881
112.375		0.126881
112.5		0.126881
112.625		0.126881
112.75		0.126881
112.875		0.126881
113		0.126881
113.125		0.126881
113.25		0.126881
113.375		0.126881
113.5		0.126881
113.625		0.126881
113.75		0.126881
113.875		0.126881
114		0.126881
114.125		0.126881
114.25		0.126881
114.375		0.126881
114.5		0.126881
114.625		0.126881
114.75		0.126881
114.875		0.126881
115		0.126881
115.125		0.148962
115.25		0.148962
115.375		0.148962
115.5		0.148962
115.625		0.148962
115.75		0.148962
115.875		0.148962
116		0.148962
116.125		0.148962
116.25		0.148962
116.375		0.148962
116.5		0.148962
116.625		0.148962
116.75		0.148962
116.875		0.148962
117		0.148962
117.125		0.148962
117.25		0.148962
117.375		0.148962
117.5		0.148962
117.625		0.148962
117.75		0.148962
117.875		0.148962
118		0.148962
118.125		0.148962
118.25		0.148962
118.375		0.148962
118.5		0.148962
118.625		0.148962
118.75		0.148962
118.875		0.148962
119		0.148962
119.125		0.148962
119.25		0.148962
119.375		0.148962
119.5		0.148962
119.625		0.148962
119.75		0.148962
119.875		0.148962
120		0.148962
120.125		0.169613
120.25		0.169613
120.375		0.169613
120.5		0.169613
120.625		0.169613
120.75		0.169613
120.875		0.169613
121		0.169613
121.125		0.169613
121.25		0.169613
121.375		0.169613
121.5		0.169613
121.625		0.169613
121.75		0.169613
121.875		0.169613
122		0.169613
122.125		0.169613
122.25		0.169613
122.375		0.169613
122.5		0.169613
122.625		0.169613
122.75		0.169613
122.875		0.169613
123		0.169613
123.125		0.169613
123.25		0.169613
123.375		0.169613
123.5		0.169613
123.625		0.169613
123.75		0.169613
123.875		0.169613
124		0.169613
124.125		0.169613
124.25		0.169613
124.375		0.169613
124.5		0.169613
124.625		0.169613
124.75		0.169613
124.875		0.169613
125		0.169613
125.125		0.177164
125.25		0.177164
125.375		0.177164
125.5		0.177164
125.625		0.177164
125.75		0.177164
125.875		0.177164
126		0.177164
126.125		0.177164
126.25		0.177164
126.375		0.177164
126.5		0.177164
126.625		0.177164
126.75		0.177164
126.875		0.177164
127		0.177164
127.125		0.177164
127.25		0.177164
127.375		0.177164
127.5		0.177164
127.625		0.177164
127.75		0.177164
127.875		0.177164
128		0.177164
128.125		0.177164
128.25		0.177164
128.375		0.177164
128.5		0.177164
128.625		0.177164
128.75		0.177164
128.875		0.177164
129		0.177164
129.125		0.177164
129.25		0.177164
129.375		0.177164
129.5		0.177164
129.625		0.177164
129.75		0.177164
129.875		0.177164
130		0.177164
130.125		0.180825
130.25		0.180825
130.375		0.180825
130.5		0.180825
130.625		0.180825
130.75		0.180825
130.875		0.180825
131		0.180825
131.125		0.180825
131.25		0.180825
131.375		0.180825
131.5		0.180825
131.625		0.180825
131.75		0.180825
131.875		0.180825
132		0.180825
132.125		0.180825
132.25		0.180825
132.375		0.180825
132.5		0.180825
132.625		0.180825
132.75		0.180825
132.875		0.180825
133		0.180825
133.125		0.180825
133.25		0.180825
133.375		0.180825
133.5		0.180825
133.625		0.180825
133.75		0.180825
133.875		0.180825
134		0.180825
134.125		0.180825
134.25		0.180825
134.375		0.180825
134.5		0.180825
134.625		0.180825
134.75		0.180825
134.875		0.180825
135		0.180825
135.125		0.191579
135.25		0.191579
135.375		0.191579
135.5		0.191579
135.625		0.191579
135.75		0.191579
135.875		0.191579
136		0.191579
136.125		0.191579
136.25		0.191579
136.375		0.191579
136.5		0.191579
136.625		0.191579
136.75		0.191579
136.875		0.191579
137		0.191579
137.125		0.191579
137.25		0.191579
137.375		0.191579
137.5		0.191579
137.625		0.191579
137.75		0.191579
137.875		0.191579
138		0.191579
138.125		0.191579
138.25		0.191579
138.375		0.191579
138.5		0.191579
138.625		0.191579
138.75		0.191579
138.875		0.191579
139		0.191579
139.125		0.191579
139.25		0.191579
139.375		0.191579
139.5		0.191579
139.625		0.191579
139.75		0.191579
139.875		0.191579
140		0.191579
140.125		0.20897
140.25		0.20897
140.375		0.20897
140.5		0.20897
140.625		0.20897
140.75		0.20897
140.875		0.20897
141		0.20897
141.125		0.20897
141.25		0.20897
141.375		0.20897
141.5		0.20897
141.625		0.20897
141.75		0.20897
141.875		0.20897
142		0.20897
142.125		0.20897
142.25		0.20897
142.375		0.20897
142.5		0.20897
142.625		0.20897
142.75		0.20897
142.875		0.20897
143		0.20897
143.125		0.20897
143.25		0.20897
143.375		0.20897
143.5		0.20897
143.625		0.20897
143.75		0.20897
143.875		0.20897
144		0.20897
144.125		0.20897
144.25		0.20897
144.375		0.20897
144.5		0.20897
144.625		0.20897
144.75		0.20897
144.875		0.20897
145		0.20897
145.125		0.212688
145.25		0.212688
145.375		0.212688
145.5		0.212688
145.625		0.212688
145.75		0.212688
145.875		0.212688
146		0.212688
146.125		0.212688
146.25		0.212688
146.375		0.212688
146.5		0.212688
146.625		0.212688
146.75		0.212688
146.875		0.212688
147		0.212688
147.125		0.212688
147.25		0.212688
147.375		0.212688
147.5		0.212688
147.625		0.212688
147.75		0.212688
147.875		0.212688
148		0.212688
148.125		0.212688
148.25		0.212688
148.375		0.212688
148.5		0.212688
148.625		0.212688
148.75		0.212688
148.875		0.212688
149		0.212688
149.125		0.212688
149.25		0.212688
149.375		0.212688
149.5		0.212688
149.625		0.212688
149.75		0.212688
149.875		0.212688
150		0.212688
150.125		0.224644
150.25		0.224644
150.375		0.224644
150.5		0.224644
150.625		0.224644
150.75		0.224644
150.875		0.224644
151		0.224644
151.125		0.224644
151.25		0.224644
151.375		0.224644
151.5		0.224644
151.625		0.224644
151.75		0.224644
151.875		0.224644
152		0.224644
152.125		0.224644
152.25		0.224644
152.375		0.224644
152.5		0.224644
152.625		0.224644
152.75		0.224644
152.875		0.224644
153		0.224644
153.125		0.224644
153.25		0.224644
153.375		0.224644
153.5		0.224644
153.625		0.224644
153.75		0.224644
153.875		0.224644
154		0.224644
154.125		0.224644
154.25		0.224644
154.375		0.224644
154.5		0.224644
154.625		0.224644
154.75		0.224644
154.875		0.224644
155		0.224644
155.125		0.239746
155.25		0.239746
155.375		0.239746
155.5		0.239746
155.625		0.239746
155.75		0.239746
155.875		0.239746
156		0.239746
156.125		0.239746
156.25		0.239746
156.375		0.239746
156.5		0.239746
156.625		0.239746
156.75		0.239746
156.875		0.239746
157		0.239746
157.125		0.239746
157.25		0.239746
157.375		0.239746
157.5		0.239746
157.625		0.239746
157.75		0.239746
157.875		0.239746
158		0.239746
158.125		0.239746
158.25		0.239746
158.375		0.239746
158.5		0.239746
158.625		0.239746
158.75		0.239746
158.875		0.239746
159		0.239746
159.125		0.239746
159.25		0.239746
159.375		0.239746
159.5		0.239746
159.625		0.239746
159.75		0.239746
159.875		0.239746
160		0.239746
160.125		0.250272
160.25		0.250272
160.375		0.250272
160.5		0.250272
160.625		0.250272
160.75		0.250272
160.875		0.250272
161		0.250272
161.125		0.250272
161.25		0.250272
161.375		0.250272
161.5		0.250272
161.625		0.250272
161.75		0.250272
161.875		0.250272
162		0.250272
162.125		0.250272
162.25		0.250272
162.375		0.250272
162.5		0.250272
162.625		0.250272
162.75		0.250272
162.875		0.250272
163		0.250272
163.125		0.250272
163.25		0.250272
163.375		0.250272
163.5		0.250272
163.625		0.250272
163.75		0.250272
163.875		0.250272
164		0.250272
164.125		0.250272
164.25		0.250272
164.375		0.250272
164.5		0.250272
164.625		0.250272
164.75		0.250272
164.875		0.250272
165		0.250272
165.125		0.255134
165.25		0.255134
165.375		0.255134
165.5		0.255134
165.625		0.255134
165.75		0.255134
165.875		0.255134
166		0.255134
166.125		0.255134
166.25		0.255134
166.375		0.255134
166.5		0.255134
166.625		0.255134
166.75		0.255134
166.875		0.255134
167		0.255134
167.125		0.255134
167.25		0.255134
167.375		0.255134
167.5		0.255134
167.625		0.255134
167.75		0.255134
167.875		0.255134
168		0.255134
168.125		0.255134
168.25		0.255134
168.375		0.255134
168.5		0.255134
168.625		0.255134
168.75		0.255134
168.875		0.255134
169		0.255134
169.125		0.255134
169.25		0.255134
169.375		0.255134
169.5		0.255134
169.625		0.255134
169.75		0.255134
169.875		0.255134
170		0.255134
170.125		0.2636
170.25		0.2636
170.375		0.2636
170.5		0.2636
170.625		0.2636
170.75		0.2636
170.875		0.2636
171		0.2636
171.125		0.2636
171.25		0.2636
171.375		0.2636
171.5		0.2636
171.625		0.2636
171.75		0.2636
171.875		0.2636
172		0.2636
172.125		0.2636
172.25		0.2636
172.375		0.2636
172.5		0.2636
172.625		0.2636
172.75		0.2636
172.875		0.2636
173		0.2636
173.125		0.2636
173.25		0.2636
173.375		0.2636
173.5		0.2636
173.625		0.2636
173.75		0.2636
173.875		0.2636
174		0.2636
174.125		0.2636
174.25		0.2636
174.375		0.2636
174.5		0.2636
174.625		0.2636
174.75		0.2636
174.875		0.2636
175		0.2636
175.125		0.276643
175.25		0.276643
175.375		0.276643
175.5		0.276643
175.625		0.276643
175.75		0.276643
175.875		0.276643
176		0.276643
176.125		0.276643
176.25		0.276643
176.375		0.276643
176.5		0.276643
176.625		0.276643
176.75		0.276643
176.875		0.276643
177		0.276643
177.125		0.276643
177.25		0.276643
177.375		0.276643
177.5		0.276643
177.625		0.276643
177.75		0.276643
177.875		0.276643
178		0.276643
178.125		0.276643
178.25		0.276643
178.375		0.276643
178.5		0.276643
178.625		0.276643
178.75		0.276643
178.875		0.276643
179		0.276643
179.125		0.276643
179.25		0.276643
179.375		0.276643
179.5		0.276643
179.625		0.276643
179.75		0.276643
179.875		0.276643
180		0.276643
180.125		0.277616
180.25		0.277616
180.375		0.277616
180.5		0.277616
180.625		0.277616
180.75		0.277616
180.875		0.277616
181		0.277616
181.125		0.277616
181.25		0.277616
181.375		0.277616
181.5		0.277616
181.625		0.277616
181.75		0.277616
181.875		0.277616
182		0.277616
182.125		0.277616
182.25		0.277616
182.375		0.277616
182.5		0.277616
182.625		0.277616
182.75		0.277616
182.875		0.277616
183		0.277616
183.125		0.277616
183.25		0.277616
183.375		0.277616
183.5		0.277616
183.625		0.277616
183.75		0.277616
183.875		0.277616
184		0.277616
184.125		0.277616
184.25		0.277616
184.375		0.277616
184.5		0.277616
184.625		0.277616
184.75		0.277616
184.875		0.277616
185		0.277616
185.125		0.306676
185.25		0.306676
185.375		0.306676
185.5		0.306676
185.625		0.306676
185.75		0.306676
185.875		0.306676
186		0.306676
186.125		0.306676
186.25		0.306676
186.375		0.306676
186.5		0.306676
186.625		0.306676
186.75		0.306676
186.875		0.306676
187		0.306676
187.125		0.306676
187.25		0.306676
187.375		0.306676
187.5		0.306676
187.625		0.306676
187.75		0.306676
187.875		0.306676
188		0.306676
188.125		0.306676
188.25		0.306676
188.375		0.306676
188.5		0.306676
188.625		0.306676
188.75		0.306676
188.875		0.306676
189		0.306676
189.125		0.306676
189.25		0.306676
189.375		0.306676
189.5		0.306676
189.625		0.306676
189.75		0.306676
189.875		0.306676
190		0.306676
190.125		0.307877
190.25		0.307877
190.375		0.307877
190.5		0.307877
190.625		0.307877
190.75		0.307877
190.875		0.307877
191		0.307877
191.125		0.307877
191.25		0.307877
191.375		0.307877
191.5		0.307877
191.625		0.307877
191.75		0.307877
191.875		0.307877
192		0.307877
192.125		0.307877
192.25		0.307877
192.375		0.307877
192.5		0.307877
192.625		0.307877
192.75		0.307877
192.875		0.307877
193		0.307877
193.125		0.307877
193.25		0.307877
193.375		0.307877
193.5		0.307877
193.625		0.307877
193.75		0.307877
193.875		0.307877
194		0.307877
194.125		0.307877
194.25		0.307877
194.375		0.307877
194.5		0.307877
194.625		0.307877
194.75		0.307877
194.875		0.307877
195		0.307877
195.125		0.313197
195.25		0.313197
195.375		0.313197
195.5		0.313197
195.625		0.313197
195.75		0.313197
195.875		0.313197
196		0.313197
196.125		0.313197
196.25		0.313197
196.375		0.313197
196.5		0.313197
196.625		0.313197
196.75		0.313197
196.875		0.313197
197		0.313197
197.125		0.313197
197.25		0.313197
197.375		0.313197
197.5		0.313197
197.625		0.313197
197.75		0.313197
197.875		0.313197
198		0.313197
198.125		0.313197
198.25		0.313197
198.375		0.313197
198.5		0.313197
198.625		0.313197
198.75		0.313197
198.875		0.313197
199		0.313197
199.125		0.313197
199.25		0.313197
199.375		0.313197
199.5		0.313197
199.625		0.313197
199.75		0.313197
199.875		0.313197
200		0.313197
200.125		0.329901
200.25		0.329901
200.375		0.329901
200.5		0.329901
200.625		0.329901
200.75		0.329901
200.875		0.329901
201		0.329901
201.125		0.329901
201.25		0.329901
201.375		0.329901
201.5		0.329901
201.625		0.329901
201.75		0.329901
201.875		0.329901
202		0.329901
202.125		0.329901
202.25		0.329901
202.375		0.329901
202.5		0.329901
202.625		0.329901
202.75		0.329901
202.875		0.329901
203		0.329901
203.125		0.329901
203.25		0.329901
203.375		0.329901
203.5		0.329901
203.625		0.329901
203.75		0.329901
203.875		0.329901
204		0.329901
204.125		0.329901
204.25		0.329901
204.375		0.329901
204.5		0.329901
204.625		0.329901
204.75		0.329901
204.875		0.329901
205		0.329901
205.125		0.342429
205.25		0.342429
205.375		0.342429
205.5		0.342429
205.625		0.342429
205.75		0.342429
205.875		0.342429
206		0.342429
206.125		0.342429
206.25		0.342429
206.375		0.342429
206.5		0.342429
206.625		0.342429
206.75		0.342429
206.875		0.342429
207		0.342429
207.125		0.342429
207.25		0.342429
207.375		0.342429
207.5		0.342429
207.625		0.342429
207.75		0.342429
207.875		0.342429
208		0.342429
208.125		0.342429
208.25		0.342429
208.375		0.342429
208.5		0.342429
208.625		0.342429
208.75		0.342429
208.875		0.342429
209		0.342429
209.125		0.342429
209.25		0.342429
209.375		0.342429
209.5		0.342429
209.625		0.342429
209.75		0.342429
209.875		0.342429
210		0.342429
210.125		0.35776
210.25		0.35776
210.375		0.35776
210.5		0.35776
210.625		0.35776
210.75		0.35776
210.875		0.35776
211		0.35776
211.125		0.35776
211.25		0.35776
211.375		0.35776
211.5		0.35776
211.625		0.35776
211.75		0.35776
211.875		0.35776
212		0.35776
212.125		0.35776
212.25		0.35776
212.375		0.35776
212.5		0.35776
212.625		0.35776
212.75		0.35776
212.875		0.35776
213		0.35776
213.125		0.35776
213.25		0.35776
213.375		0.35776
213.5		0.35776
213.625		0.35776
213.75		0.35776
213.875		0.35776
214		0.35776
214.125		0.35776
214.25		0.35776
214.375		0.35776
214.5		0.35776
214.625		0.35776
214.75		0.35776
214.875		0.35776
215		0.35776
215.125		0.369086
215.25		0.369086
215.375		0.369086
215.5		0.369086
215.625		0.369086
215.75		0.369086
215.875		0.369086
216		0.369086
216.125		0.369086
216.25		0.369086
216.375		0.369086
216.5		0.369086
216.625		0.369086
216.75		0.369086
216.875		0.369086
217		0.369086
217.125		0.369086
217.25		0.369086
217.375		0.369086
217.5		0.369086
217.625		0.369086
217.75		0.369086
217.875		0.369086
218		0.369086
218.125		0.369086
218.25		0.369086
218.375		0.369086
218.5		0.369086
218.625		0.369086
218.75		0.369086
218.875		0.369086
219		0.369086
219.125		0.369086
219.25		0.369086
219.375		0.369086
219.5		0.369086
219.625		0.369086
219.75		0.369086
219.875		0.369086
220		0.369086
220.125		0.372118
220.25		0.372118
220.375		0.372118
220.5		0.372118
220.625		0.372118
220.75		0.372118
220.875		0.372118
221		0.372118
221.125		0.372118
221.25		0.372118
221.375		0.372118
221.5		0.372118
221.625		0.372118
221.75		0.372118
221.875		0.372118
222		0.372118
222.125		0.372118
222.25		0.372118
222.375		0.372118
222.5		0.372118
222.625		0.372118
222.75		0.372118
222.875		0.372118
223		0.372118
223.125		0.372118
223.25		0.372118
223.375		0.372118
223.5		0.372118
223.625		0.372118
223.75		0.372118
223.875		0.372118
224		0.372118
224.125		0.372118
224.25		0.372118
224.375		0.372118
224.5		0.372118
224.625		0.372118
224.75		0.372118
224.875		0.372118
225		0.372118
225.125		0.379326
225.25		0.379326
225.375		0.379326
225.5		0.379326
225.625		0.379326
225.75		0.379326
225.875		0.379326
226		0.379326
226.125		0.379326
226.25		0.379326
226.375		0.379326
226.5		0.379326
226.625		0.379326
226.75		0.379326
226.875		0.379326
227		0.379326
227.125		0.379326
227.25		0.379326
227.375		0.379326
227.5		0.379326
227.625		0.379326
227.75		0.379326
227.875		0.379326
228		0.379326
228.125		0.379326
228.25		0.379326
228.375		0.379326
228.5		0.379326
228.625		0.379326
228.75		0.379326
228.875		0.379326
229		0.379326
229.125		0.379326
229.25		0.379326
229.375		0.379326
229.5		0.379326
229.625		0.379326
229.75		0.379326
229.875		0.379326
230		0.379326
230.125		0.406441
230.25		0.406441
230.375		0.406441
230.5		0.406441
230.625		0.406441
230.75		0.406441
230.875		0.406441
231		0.406441
231.125		0.406441
231.25		0.406441
231.375		0.406441
231.5		0.406441
231.625		0.406441
231.75		0.406441
231.875		0.406441
232		0.406441
232.125		0.406441
232.25		0.406441
232.375		0.406441
232.5		0.406441
232.625		0.406441
232.75		0.406441
232.875		0.406441
233		0.406441
233.125		0.406441
233.25		0.406441
233.375		0.406441
233.5		0.406441
233.625		0.406441
233.75		0.406441
233.875		0.406441
234		0.406441
234.125		0.406441
234.25		0.406441
234.375		0.406441
234.5		0.406441
234.625		0.406441
234.75		0.406441
234.875		0.406441
235		0.406441
235.125		0.419141
235.25		0.419141
235.375		0.419141
235.5		0.419141
235.625		0.419141
235.75		0.419141
235.875		0.419141
236		0.419141
236.125		0.419141
236.25		0.419141
236.375		0.419141
236.5		0.419141
236.625		0.419141
236.75		0.419141
236.875		0.419141
237		0.419141
237.125		0.419141
237.25		0.419141
237.375		0.419141
237.5		0.419141
237.625		0.419141
237.75		0.419141
237.875		0.419141
238		0.419141
238.125		0.419141
238.25		0.419141
238.375		0.419141
238.5		0.419141
238.625		0.419141
238.75		0.419141
238.875		0.419141
239		0.419141
239.125		0.419141
239.25		0.419141
239.375		0.419141
239.5		0.419141
239.625		0.419141
239.75		0.419141
239.875		0.419141
240		0.419141
240.125		0.419541
240.25		0.419541
240.375		0.419541
240.5		0.419541
240.625		0.419541
240.75		0.419541
240.875		0.419541
241		0.419541
241.125		0.419541
241.25		0.419541
241.375		0.419541
241.5		0.419541
241.625		0.419541
241.75		0.419541
241.875		0.419541
242		0.419541
242.125		0.419541
242.25		0.419541
242.375		0.419541
242.5		0.419541
242.625		0.419541
242.75		0.419541
242.875		0.419541
243		0.419541
243.125		0.419541
243.25		0.419541
243.375		0.419541
243.5		0.419541
243.625		0.419541
243.75		0.419541
243.875		0.419541
244		0.419541
244.125		0.419541
244.25		0.419541
244.375		0.419541
244.5		0.419541
244.625		0.419541
244.75		0.419541
244.875		0.419541
245		0.419541
245.125		0.428179
245.25		0.428179
245.375		0.428179
245.5		0.428179
245.625		0.428179
245.75		0.428179
245.875		0.428179
246		0.428179
246.125		0.428179
246.25		0.428179
246.375		0.428179
246.5		0.428179
246.625		0.428179
246.75		0.428179
246.875		0.428179
247		0.428179
247.125		0.428179
247.25		0.428179
247.375		0.428179
247.5		0.428179
247.625		0.428179
247.75		0.428179
247.875		0.428179
248		0.428179
248.125		0.428179
248.25		0.428179
248.375		0.428179
248.5		0.428179
248.625		0.428179
248.75		0.428179
248.875		0.428179
249		0.428179
249.125		0.428179
249.25		0.428179
249.375		0.428179
249.5		0.428179
249.625		0.428179
249.75		0.428179
249.875		0.428179
250		0.428179
250.125		0.460843
250.25		0.460843
250.375		0.460843
250.5		0.460843
250.625		0.460843
250.75		0.460843
250.875		0.460843
251		0.460843
251.125		0.460843
251.25		0.460843
251.375		0.460843
251.5		0.460843
251.625		0.460843
251.75		0.460843
251.875		0.460843
252		0.460843
252.125		0.460843
252.25		0.460843
252.375		0.460843
252.5		0.460843
252.625		0.460843
252.75		0.460843
252.875		0.460843
253		0.460843
253.125		0.460843
253.25		0.460843
253.375		0.460843
253.5		0.460843
253.625		0.460843
253.75		0.460843
253.875		0.460843
254		0.460843
254.125		0.460843
254.25		0.460843
254.375		0.460843
254.5		0.460843
254.625		0.460843
254.75		0.460843
254.875		0.460843
255		0.460843
255.125		0.461758
255.25		0.461758
255.375		0.461758
255.5		0.461758
255.625		0.461758
255.75		0.461758
255.875		0.461758
256		0.461758
256.125		0.461758
256.25		0.461758
256.375		0.461758
256.5		0.461758
256.625		0.461758
256.75		0.461758
256.875		0.461758
257		0.461758
257.125		0.461758
257.25		0.461758
257.375		0.461758
257.5		0.461758
257.625		0.461758
257.75		0.461758
257.875		0.461758
258		0.461758
258.125		0.461758
258.25		0.461758
258.375		0.461758
258.5		0.461758
258.625		0.461758
258.75		0.461758
258.875		0.461758
259		0.461758
259.125		0.461758
259.25		0.461758
259.375		0.461758
259.5		0.461758
259.625		0.461758
259.75		0.461758
259.875		0.461758
260		0.461758
260.125		0.467651
260.25		0.467651
260.375		0.467651
260.5		0.467651
260.625		0.467651
260.75		0.467651
260.875		0.467651
261		0.467651
261.125		0.467651
261.25		0.467651
261.375		0.467651
261.5		0.467651
261.625		0.467651
261.75		0.467651
261.875		0.467651
262		0.467651
262.125		0.467651
262.25		0.467651
262.375		0.467651
262.5		0.467651
262.625		0.467651
262.75		0.467651
262.875		0.467651
263		0.467651
263.125		0.467651
263.25		0.467651
263.375		0.467651
263.5		0.467651
263.625		0.467651
263.75		0.467651
263.875		0.467651
264		0.467651
264.125		0.467651
264.25		0.467651
264.375		0.467651
264.5		0.467651
264.625		0.467651
264.75		0.467651
264.875		0.467651
265		0.467651
265.125		0.482181
265.25		0.482181
265.375		0.482181
265.5		0.482181
265.625		0.482181
265.75		0.482181
265.875		0.482181
266		0.482181
266.125		0.482181
266.25		0.482181
266.375		0.482181
266.5		0.482181
266.625		0.482181
266.75		0.482181
266.875		0.482181
267		0.482181
267.125		0.482181
267.25		0.482181
267.375		0.482181
267.5		0.482181
267.625		0.482181
267.75		0.482181
267.875		0.482181
268		0.482181
268.125		0.482181
268.25		0.482181
268.375		0.482181
268.5		0.482181
268.625		0.482181
268.75		0.482181
268.875		0.482181
269		0.482181
269.125		0.482181
269.25		0.482181
269.375		0.482181
269.5		0.482181
269.625		0.482181
269.75		0.482181
269.875		0.482181
270		0.482181
270.125		0.494365
270.25		0.494365
270.375		0.494365
270.5		0.494365
270.625		0.494365
270.75		0.494365
270.875		0.494365
271		0.494365
271.125		0.494365
271.25		0.494365
271.375		0.494365
271.5		0.494365
271.625		0.494365
271.75		0.494365
271.875		0.494365
272		0.494365
272.125		0.494365
272.25		0.494365
272.375		0.494365
272.5		0.494365
272.625		0.494365
272.75		0.494365
272.875		0.494365
273		0.494365
273.125		0.494365
273.25		0.494365
273.375		0.494365
273.5		0.494365
273.625		0.494365
273.75		0.494365
273.875		0.494365
274		0.494365
274.125		0.494365
274.25		0.494365
274.375		0.494365
274.5		0.494365
274.625		0.494365
274.75		0.494365
274.875		0.494365
275		0.494365
275.125		0.497798
275.25		0.497798
275.375		0.497798
275.5		0.497798
275.625		0.497798
275.75		0.497798
275.875		0.497798
276		0.497798
276.125		0.497798
276.25		0.497798
276.375		0.497798
276.5		0.497798
276.625		0.497798
276.75		0.497798
276.875		0.497798
277		0.497798
277.125		0.497798
277.25		0.497798
277.375		0.497798
277.5		0.497798
277.625		0.497798
277.75		0.497798
277.875		0.497798
278		0.497798
278.125		0.497798
278.25		0.497798
278.375		0.497798
278.5		0.497798
278.625		0.497798
278.75		0.497798
278.875		0.497798
279		0.497798
279.125		0.497798
279.25		0.497798
279.375		0.497798
279.5		0.497798
279.625		0.497798
279.75		0.497798
279.875		0.497798
280		0.497798
280.125		0.516847
280.25		0.516847
280.375		0.516847
280.5		0.516847
280.625		0.516847
280.75		0.516847
280.875		0.516847
281		0.516847
281.125		0.516847
281.25		0.516847
281.375		0.516847
281.5		0.516847
281.625		0.516847
281.75		0.516847
281.875		0.516847
282		0.516847
282.125		0.516847
282.25		0.516847
282.375		0.516847
282.5		0.516847
282.625		0.516847
282.75		0.516847
282.875		0.516847
283		0.516847
283.125		0.516847
283.25		0.516847
283.375		0.516847
283.5		0.516847
283.625		0.516847
283.75		0.516847
283.875		0.516847
284		0.516847
284.125		0.516847
284.25		0.516847
284.375		0.516847
284.5		0.516847
284.625		0.516847
284.75		0.516847
284.875		0.516847
285		0.516847
285.125		0.519021
285.25		0.519021
285.375		0.519021
285.5		0.519021
285.625		0.519021
285.75		0.519021
285.875		0.519021
286		0.519021
286.125		0.519021
286.25		0.519021
286.375		0.519021
286.5		0.519021
286.625		0.519021
286.75		0.519021
286.875		0.519021
287		0.519021
287.125		0.519021
287.25		0.519021
287.375		0.519021
287.5		0.519021
287.625		0.519021
287.75		0.519021
287.875		0.519021
288		0.519021
288.125		0.519021
288.25		0.519021
288.375		0.519021
288.5		0.519021
288.625		0.519021
288.75		0.519021
288.875		0.519021
289		0.519021
289.125		0.519021
289.25		0.519021
289.375		0.519021
289.5		0.519021
289.625		0.519021
289.75		0.519021
289.875		0.519021
290		0.519021
290.125		0.541731
290.25		0.541731
290.375		0.541731
290.5		0.541731
290.625		0.541731
290.75		0.541731
290.875		0.541731
291		0.541731
291.125		0.541731
291.25		0.541731
291.375		0.541731
291.5		0.541731
291.625		0.541731
291.75		0.541731
291.875		0.541731
292		0.541731
292.125		0.541731
292.25		0.541731
292.375		0.541731
292.5		0.541731
292.625		0.541731
292.75		0.541731
292.875		0.541731
293		0.541731
293.125		0.541731
293.25		0.541731
293.375		0.541731
293.5		0.541731
293.625		0.541731
293.75		0.541731
293.875		0.541731
294		0.541731
294.125		0.541731
294.25		0.541731
294.375		0.541731
294.5		0.541731
294.625		0.541731
294.75		0.541731
294.875		0.541731
295		0.541731
295.125		0.545392
295.25		0.545392
295.375		0.545392
295.5		0.545392
295.625		0.545392
295.75		0.545392
295.875		0.545392
296		0.545392
296.125		0.545392
296.25		0.545392
296.375		0.545392
296.5		0.545392
296.625		0.545392
296.75		0.545392
296.875		0.545392
297		0.545392
297.125		0.545392
297.25		0.545392
297.375		0.545392
297.5		0.545392
297.625		0.545392
297.75		0.545392
297.875		0.545392
298		0.545392
298.125		0.545392
298.25		0.545392
298.375		0.545392
298.5		0.545392
298.625		0.545392
298.75		0.545392
298.875		0.545392
299		0.545392
299.125		0.545392
299.25		0.545392
299.375		0.545392
299.5		0.545392
299.625		0.545392
299.75		0.545392
299.875		0.545392
300		0.545392
300.125		0.551284
300.25		0.551284
300.375		0.551284
300.5		0.551284
300.625		0.551284
300.75		0.551284
300.875		0.551284
301		0.551284
301.125		0.551284
301.25		0.551284
301.375		0.551284
301.5		0.551284
301.625		0.551284
301.75		0.551284
301.875		0.551284
302		0.551284
302.125		0.551284
302.25		0.551284
302.375		0.551284
302.5		0.551284
302.625		0.551284
302.75		0.551284
302.875		0.551284
303		0.551284
303.125		0.551284
303.25		0.551284
303.375		0.551284
303.5		0.551284
303.625		0.551284
303.75		0.551284
303.875		0.551284
304		0.551284
304.125		0.551284
304.25		0.551284
304.375		0.551284
304.5		0.551284
304.625		0.551284
304.75		0.551284
304.875		0.551284
305		0.551284
305.125		0.565814
305.25		0.565814
305.375		0.565814
305.5		0.565814
305.625		0.565814
305.75		0.565814
305.875		0.565814
306		0.565814
306.125		0.565814
306.25		0.565814
306.375		0.565814
306.5		0.565814
306.625		0.565814
306.75		0.565814
306.875		0.565814
307		0.565814
307.125		0.565814
307.25		0.565814
307.375		0.565814
307.5		0.565814
307.625		0.565814
307.75		0.565814
307.875		0.565814
308		0.565814
308.125		0.565814
308.25		0.565814
308.375		0.565814
308.5		0.565814
308.625		0.565814
308.75		0.565814
308.875		0.565814
309		0.565814
309.125		0.565814
309.25		0.565814
309.375		0.565814
309.5		0.565814
309.625		0.565814
309.75		0.565814
309.875		0.565814
310		0.565814
310.125		0.576054
310.25		0.576054
310.375		0.576054
310.5		0.576054
310.625		0.576054
310.75		0.576054
310.875		0.576054
311		0.576054
311.125		0.576054
311.25		0.576054
311.375		0.576054
311.5		0.576054
311.625		0.576054
311.75		0.576054
311.875		0.576054
312		0.576054
312.125		0.576054
312.25		0.576054
312.375		0.576054
312.5		0.576054
312.625		0.576054
312.75		0.576054
312.875		0.576054
313		0.576054
313.125		0.576054
313.25		0.576054
313.375		0.576054
313.5		0.576054
313.625		0.576054
313.75		0.576054
313.875		0.576054
314		0.576054
314.125		0.576054
314.25		0.576054
314.375		0.576054
314.5		0.576054
314.625		0.576054
314.75		0.576054
314.875		0.576054
315		0.576054
315.125		0.592472
315.25		0.592472
315.375		0.592472
315.5		0.592472
315.625		0.592472
315.75		0.592472
315.875		0.592472
316		0.592472
316.125		0.592472
316.25		0.592472
316.375		0.592472
316.5		0.592472
316.625		0.592472
316.75		0.592472
316.875		0.592472
317		0.592472
317.125		0.592472
317.25		0.592472
317.375		0.592472
317.5		0.592472
317.625		0.592472
317.75		0.592472
317.875		0.592472
318		0.592472
318.125		0.592472
318.25		0.592472
318.375		0.592472
318.5		0.592472
318.625		0.592472
318.75		0.592472
318.875		0.592472
319		0.592472
319.125		0.592472
319.25		0.592472
319.375		0.592472
319.5		0.592472
319.625		0.592472
319.75		0.592472
319.875		0.592472
320		0.592472
320.125		0.600824
320.25		0.600824
320.375		0.600824
320.5		0.600824
320.625		0.600824
320.75		0.600824
320.875		0.600824
321		0.600824
321.125		0.600824
321.25		0.600824
321.375		0.600824
321.5		0.600824
321.625		0.600824
321.75		0.600824
321.875		0.600824
322		0.600824
322.125		0.600824
322.25		0.600824
322.375		0.600824
322.5		0.600824
322.625		0.600824
322.75		0.600824
322.875		0.600824
323		0.600824
323.125		0.600824
323.25		0.600824
323.375		0.600824
323.5		0.600824
323.625		0.600824
323.75		0.600824
323.875		0.600824
324		0.600824
324.125		0.600824
324.25		0.600824
324.375		0.600824
324.5		0.600824
324.625		0.600824
324.75		0.600824
324.875		0.600824
325		0.600824
325.125		0.607688
325.25		0.607688
325.375		0.607688
325.5		0.607688
325.625		0.607688
325.75		0.607688
325.875		0.607688
326		0.607688
326.125		0.607688
326.25		0.607688
326.375		0.607688
326.5		0.607688
326.625		0.607688
326.75		0.607688
326.875		0.607688
327		0.607688
327.125		0.607688
327.25		0.607688
327.375		0.607688
327.5		0.607688
327.625		0.607688
327.75		0.607688
327.875		0.607688
328		0.607688
328.125		0.607688
328.25		0.607688
328.375		0.607688
328.5		0.607688
328.625		0.607688
328.75		0.607688
328.875		0.607688
329		0.607688
329.125		0.607688
329.25		0.607688
329.375		0.607688
329.5		0.607688
329.625		0.607688
329.75		0.607688
329.875		0.607688
330		0.607688
330.125		0.631714
330.25		0.631714
330.375		0.631714
330.5		0.631714
330.625		0.631714
330.75		0.631714
330.875		0.631714
331		0.631714
331.125		0.631714
331.25		0.631714
331.375		0.631714
331.5		0.631714
331.625		0.631714
331.75		0.631714
331.875		0.631714
332		0.631714
332.125		0.631714
332.25		0.631714
332.375		0.631714
332.5		0.631714
332.625		0.631714
332.75		0.631714
332.875		0.631714
333		0.631714
333.125		0.631714
333.25		0.631714
333.375		0.631714
333.5		0.631714
333.625		0.631714
333.75		0.631714
333.875		0.631714
334		0.631714
334.125		0.631714
334.25		0.631714
334.375		0.631714
334.5		0.631714
334.625		0.631714
334.75		0.631714
334.875		0.631714
335		0.631714
335.125		0.633545
335.25		0.633545
335.375		0.633545
335.5		0.633545
335.625		0.633545
335.75		0.633545
335.875		0.633545
336		0.633545
336.125		0.633545
336.25		0.633545
336.375		0.633545
336.5		0.633545
336.625		0.633545
336.75		0.633545
336.875		0.633545
337		0.633545
337.125		0.633545
337.25		0.633545
337.375		0.633545
337.5		0.633545
337.625		0.633545
337.75		0.633545
337.875		0.633545
338		0.633545
338.125		0.633545
338.25		0.633545
338.375		0.633545
338.5		0.633545
338.625		0.633545
338.75		0.633545
338.875		0.633545
339		0.633545
339.125		0.633545
339.25		0.633545
339.375		0.633545
339.5		0.633545
339.625		0.633545
339.75		0.633545
339.875		0.633545
340		0.633545
340.125		0.638922
340.25		0.638922
340.375		0.638922
340.5		0.638922
340.625		0.638922
340.75		0.638922
340.875		0.638922
341		0.638922
341.125		0.638922
341.25		0.638922
341.375		0.638922
341.5		0.638922
341.625		0.638922
341.75		0.638922
341.875		0.638922
342		0.638922
342.125		0.638922
342.25		0.638922
342.375		0.638922
342.5		0.638922
342.625		0.638922
342.75		0.638922
342.875		0.638922
343		0.638922
343.125		0.638922
343.25		0.638922
343.375		0.638922
343.5		0.638922
343.625		0.638922
343.75		0.638922
343.875		0.638922
344		0.638922
344.125		0.638922
344.25		0.638922
344.375		0.638922
344.5		0.638922
344.625		0.638922
344.75		0.638922
344.875		0.638922
345		0.638922
345.125		0.650878
345.25		0.650878
345.375		0.650878
345.5		0.650878
345.625		0.650878
345.75		0.650878
345.875		0.650878
346		0.650878
346.125		0.650878
346.25		0.650878
346.375		0.650878
346.5		0.650878
346.625		0.650878
346.75		0.650878
346.875		0.650878
347		0.650878
347.125		0.650878
347.25		0.650878
347.375		0.650878
347.5		0.650878
347.625		0.650878
347.75		0.650878
347.875		0.650878
348		0.650878
348.125		0.650878
348.25		0.650878
348.375		0.650878
348.5		0.650878
348.625		0.650878
348.75		0.650878
348.875		0.650878
349		0.650878
349.125		0.650878
349.25		0.650878
349.375		0.650878
349.5		0.650878
349.625		0.650878
349.75		0.650878
349.875		0.650878
350		0.650878
350.125		0.663063
350.25		0.663063
350.375		0.663063
350.5		0.663063
350.625		0.663063
350.75		0.663063
350.875		0.663063
351		0.663063
351.125		0.663063
351.25		0.663063
351.375		0.663063
351.5		0.663063
351.625		0.663063
351.75		0.663063
351.875		0.663063
352		0.663063
352.125		0.663063
352.25		0.663063
352.375		0.663063
352.5		0.663063
352.625		0.663063
352.75		0.663063
352.875		0.663063
353		0.663063
353.125		0.663063
353.25		0.663063
353.375		0.663063
353.5		0.663063
353.625		0.663063
353.75		0.663063
353.875		0.663063
354		0.663063
354.125		0.663063
354.25		0.663063
354.375		0.663063
354.5		0.663063
354.625		0.663063
354.75		0.663063
354.875		0.663063
355		0.663063
355.125		0.686574
355.25		0.686574
355.375		0.686574
355.5		0.686574
355.625		0.686574
355.75		0.686574
355.875		0.686574
356		0.686574
356.125		0.686574
356.25		0.686574
356.375		0.686574
356.5		0.686574
356.625		0.686574
356.75		0.686574
356.875		0.686574
357		0.686574
357.125		0.686574
357.25		0.686574
357.375		0.686574
357.5		0.686574
357.625		0.686574
357.75		0.686574
357.875		0.686574
358		0.686574
358.125		0.686574
358.25		0.686574
358.375		0.686574
358.5		0.686574
358.625		0.686574
358.75		0.686574
358.875		0.686574
359		0.686574
359.125		0.686574
359.25		0.686574
359.375		0.686574
359.5		0.686574
359.625		0.686574
359.75		0.686574
359.875		0.686574
360		0.686574
360.125		0.695612
360.25		0.695612
360.375		0.695612
360.5		0.695612
360.625		0.695612
360.75		0.695612
360.875		0.695612
361		0.695612
361.125		0.695612
361.25		0.695612
361.375		0.695612
361.5		0.695612
361.625		0.695612
361.75		0.695612
361.875		0.695612
362		0.695612
362.125		0.695612
362.25		0.695612
362.375		0.695612
362.5		0.695612
362.625		0.695612
362.75		0.695612
362.875		0.695612
363		0.695612
363.125		0.695612
363.25		0.695612
363.375		0.695612
363.5		0.695612
363.625		0.695612
363.75		0.695612
363.875		0.695612
364		0.695612
364.125		0.695612
364.25		0.695612
364.375		0.695612
364.5		0.695612
364.625		0.695612
364.75		0.695612
364.875		0.695612
365		0.695612
365.125		0.705852
365.25		0.705852
365.375		0.705852
365.5		0.705852
365.625		0.705852
365.75		0.705852
365.875		0.705852
366		0.705852
366.125		0.705852
366.25		0.705852
366.375		0.705852
366.5		0.705852
366.625		0.705852
366.75		0.705852
366.875		0.705852
367		0.705852
367.125		0.705852
367.25		0.705852
367.375		0.705852
367.5		0.705852
367.625		0.705852
367.75		0.705852
367.875		0.705852
368		0.705852
368.125		0.705852
368.25		0.705852
368.375		0.705852
368.5		0.705852
368.625		0.705852
368.75		0.705852
368.875		0.705852
369		0.705852
369.125		0.705852
369.25		0.705852
369.375		0.705852
369.5		0.705852
369.625		0.705852
369.75		0.705852
369.875		0.705852
370		0.705852
370.125		0.709284
370.25		0.709284
370.375		0.709284
370.5		0.709284
370.625		0.709284
370.75		0.709284
370.875		0.709284
371		0.709284
371.125		0.709284
371.25		0.709284
371.375		0.709284
371.5		0.709284
371.625		0.709284
371.75		0.709284
371.875		0.709284
372		0.709284
372.125		0.709284
372.25		0.709284
372.375		0.709284
372.5		0.709284
372.625		0.709284
372.75		0.709284
372.875		0.709284
373		0.709284
373.125		0.709284
373.25		0.709284
373.375		0.709284
373.5		0.709284
373.625		0.709284
373.75		0.709284
373.875		0.709284
374		0.709284
374.125		0.709284
374.25		0.709284
374.375		0.709284
374.5		0.709284
374.625		0.709284
374.75		0.709284
374.875		0.709284
375		0.709284
375.125		0.732109
375.25		0.732109
375.375		0.732109
375.5		0.732109
375.625		0.732109
375.75		0.732109
375.875		0.732109
376		0.732109
376.125		0.732109
376.25		0.732109
376.375		0.732109
376.5		0.732109
376.625		0.732109
376.75		0.732109
376.875		0.732109
377		0.732109
377.125		0.732109
377.25		0.732109
377.375		0.732109
377.5		0.732109
377.625		0.732109
377.75		0.732109
377.875		0.732109
378		0.732109
378.125		0.732109
378.25		0.732109
378.375		0.732109
378.5		0.732109
378.625		0.732109
378.75		0.732109
378.875		0.732109
379		0.732109
379.125		0.732109
379.25		0.732109
379.375		0.732109
379.5		0.732109
379.625		0.732109
379.75		0.732109
379.875		0.732109
380		0.732109
380.125		0.742864
380.25		0.742864
380.375		0.742864
380.5		0.742864
380.625		0.742864
380.75		0.742864
380.875		0.742864
381		0.742864
381.125		0.742864
381.25		0.742864
381.375		0.742864
381.5		0.742864
381.625		0.742864
381.75		0.742864
381.875		0.742864
382		0.742864
382.125		0.742864
382.25		0.742864
382.375		0.742864
382.5		0.742864
382.625		0.742864
382.75		0.742864
382.875		0.742864
383		0.742864
383.125		0.742864
383.25		0.742864
383.375		0.742864
383.5		0.742864
383.625		0.742864
383.75		0.742864
383.875		0.742864
384		0.742864
384.125		0.742864
384.25		0.742864
384.375		0.742864
384.5		0.742864
384.625		0.742864
384.75		0.742864
384.875		0.742864
385		0.742864
385.125		0.754133
385.25		0.754133
385.375		0.754133
385.5		0.754133
385.625		0.754133
385.75		0.754133
385.875		0.754133
386		0.754133
386.125		0.754133
386.25		0.754133
386.375		0.754133
386.5		0.754133
386.625		0.754133
386.75		0.754133
386.875		0.754133
387		0.754133
387.125		0.754133
387.25		0.754133
387.375		0.754133
387.5		0.754133
387.625		0.754133
387.75		0.754133
387.875		0.754133
388		0.754133
388.125		0.754133
388.25		0.754133
388.375		0.754133
388.5		0.754133
388.625		0.754133
388.75		0.754133
388.875		0.754133
389		0.754133
389.125		0.754133
389.25		0.754133
389.375		0.754133
389.5		0.754133
389.625		0.754133
389.75		0.754133
389.875		0.754133
390		0.754133
390.125		0.759568
390.25		0.759568
390.375		0.759568
390.5		0.759568
390.625		0.759568
390.75		0.759568
390.875		0.759568
391		0.759568
391.125		0.759568
391.25		0.759568
391.375		0.759568
391.5		0.759568
391.625		0.759568
391.75		0.759568
391.875		0.759568
392		0.759568
392.125		0.759568
392.25		0.759568
392.375		0.759568
392.5		0.759568
392.625		0.759568
392.75		0.759568
392.875		0.759568
393		0.759568
393.125		0.759568
393.25		0.759568
393.375		0.759568
393.5		0.759568
393.625		0.759568
393.75		0.759568
393.875		0.759568
394		0.759568
394.125		0.759568
394.25		0.759568
394.375		0.759568
394.5		0.759568
394.625		0.759568
394.75		0.759568
394.875		0.759568
395		0.759568
395.125		0.760254
395.25		0.760254
395.375		0.760254
395.5		0.760254
395.625		0.760254
395.75		0.760254
395.875		0.760254
396		0.760254
396.125		0.760254
396.25		0.760254
396.375		0.760254
396.5		0.760254
396.625		0.760254
396.75		0.760254
396.875		0.760254
397		0.760254
397.125		0.760254
397.25		0.760254
397.375		0.760254
397.5		0.760254
397.625		0.760254
397.75		0.760254
397.875		0.760254
398		0.760254
398.125		0.760254
398.25		0.760254
398.375		0.760254
398.5		0.760254
398.625		0.760254
398.75		0.760254
398.875		0.760254
399		0.760254
399.125		0.760254
399.25		0.760254
399.375		0.760254
399.5		0.760254
399.625		0.760254
399.75		0.760254
399.875		0.760254
400		0.760254
400.125		0.780848
400.25		0.780848
400.375		0.780848
400.5		0.780848
400.625		0.780848
400.75		0.780848
400.875		0.780848
401		0.780848
401.125		0.780848
401.25		0.780848
401.375		0.780848
401.5		0.780848
401.625		0.780848
401.75		0.780848
401.875		0.780848
402		0.780848
402.125		0.780848
402.25		0.780848
402.375		0.780848
402.5		0.780848
402.625		0.780848
402.75		0.780848
402.875		0.780848
403		0.780848
403.125		0.780848
403.25		0.780848
403.375		0.780848
403.5		0.780848
403.625		0.780848
403.75		0.780848
403.875		0.780848
404		0.780848
404.125		0.780848
404.25		0.780848
404.375		0.780848
404.5		0.780848
404.625		0.780848
404.75		0.780848
404.875		0.780848
405		0.780848
405.125		0.787541
405.25		0.787541
405.375		0.787541
405.5		0.787541
405.625		0.787541
405.75		0.787541
405.875		0.787541
406		0.787541
406.125		0.787541
406.25		0.787541
406.375		0.787541
406.5		0.787541
406.625		0.787541
406.75		0.787541
406.875		0.787541
407		0.787541
407.125		0.787541
407.25		0.787541
407.375		0.787541
407.5		0.787541
407.625		0.787541
407.75		0.787541
407.875		0.787541
408		0.787541
408.125		0.787541
408.25		0.787541
408.375		0.787541
408.5		0.787541
408.625		0.787541
408.75		0.787541
408.875		0.787541
409		0.787541
409.125		0.787541
409.25		0.787541
409.375		0.787541
409.5		0.787541
409.625		0.787541
409.75		0.787541
409.875		0.787541
410		0.787541
410.125		0.811052
410.25		0.811052
410.375		0.811052
410.5		0.811052
410.625		0.811052
410.75		0.811052
410.875		0.811052
411		0.811052
411.125		0.811052
411.25		0.811052
411.375		0.811052
411.5		0.811052
411.625		0.811052
411.75		0.811052
411.875		0.811052
412		0.811052
412.125		0.811052
412.25		0.811052
412.375		0.811052
412.5		0.811052
412.625		0.811052
412.75		0.811052
412.875		0.811052
413		0.811052
413.125		0.811052
413.25		0.811052
413.375		0.811052
413.5		0.811052
413.625		0.811052
413.75		0.811052
413.875		0.811052
414		0.811052
414.125		0.811052
414.25		0.811052
414.375		0.811052
414.5		0.811052
414.625		0.811052
414.75		0.811052
414.875		0.811052
415		0.811052
415.125		0.816372
415.25		0.816372
415.375		0.816372
415.5		0.816372
415.625		0.816372
415.75		0.816372
415.875		0.816372
416		0.816372
416.125		0.816372
416.25		0.816372
416.375		0.816372
416.5		0.816372
416.625		0.816372
416.75		0.816372
416.875		0.816372
417		0.816372
417.125		0.816372
417.25		0.816372
417.375		0.816372
417.5		0.816372
417.625		0.816372
417.75		0.816372
417.875		0.816372
418		0.816372
418.125		0.816372
418.25		0.816372
418.375		0.816372
418.5		0.816372
418.625		0.816372
418.75		0.816372
418.875		0.816372
419		0.816372
419.125		0.816372
419.25		0.816372
419.375		0.816372
419.5		0.816372
419.625		0.816372
419.75		0.816372
419.875		0.816372
420		0.816372
420.125		0.83422
420.25		0.83422
420.375		0.83422
420.5		0.83422
420.625		0.83422
420.75		0.83422
420.875		0.83422
421		0.83422
421.125		0.83422
421.25		0.83422
421.375		0.83422
421.5		0.83422
421.625		0.83422
421.75		0.83422
421.875		0.83422
422		0.83422
422.125		0.83422
422.25		0.83422
422.375		0.83422
422.5		0.83422
422.625		0.83422
422.75		0.83422
422.875		0.83422
423		0.83422
423.125		0.83422
423.25		0.83422
423.375		0.83422
423.5		0.83422
423.625		0.83422
423.75		0.83422
423.875		0.83422
424		0.83422
424.125		0.83422
424.25		0.83422
424.375		0.83422
424.5		0.83422
424.625		0.83422
424.75		0.83422
424.875		0.83422
425		0.83422
425.125		0.837881
425.25		0.837881
425.375		0.837881
425.5		0.837881
425.625		0.837881
425.75		0.837881
425.875		0.837881
426		0.837881
426.125		0.837881
426.25		0.837881
426.375		0.837881
426.5		0.837881
426.625		0.837881
426.75		0.837881
426.875		0.837881
427		0.837881
427.125		0.837881
427.25		0.837881
427.375		0.837881
427.5		0.837881
427.625		0.837881
427.75		0.837881
427.875		0.837881
428		0.837881
428.125		0.837881
428.25		0.837881
428.375		0.837881
428.5		0.837881
428.625		0.837881
428.75		0.837881
428.875		0.837881
429		0.837881
429.125		0.837881
429.25		0.837881
429.375		0.837881
429.5		0.837881
429.625		0.837881
429.75		0.837881
429.875		0.837881
430		0.837881
430.125		0.843773
430.25		0.843773
430.375		0.843773
430.5		0.843773
430.625		0.843773
430.75		0.843773
430.875		0.843773
431		0.843773
431.125		0.843773
431.25		0.843773
431.375		0.843773
431.5		0.843773
431.625		0.843773
431.75		0.843773
431.875		0.843773
432		0.843773
432.125		0.843773
432.25		0.843773
432.375		0.843773
432.5		0.843773
432.625		0.843773
432.75		0.843773
432.875		0.843773
433		0.843773
433.125		0.843773
433.25		0.843773
433.375		0.843773
433.5		0.843773
433.625		0.843773
433.75		0.843773
433.875		0.843773
434		0.843773
434.125		0.843773
434.25		0.843773
434.375		0.843773
434.5		0.843773
434.625		0.843773
434.75		0.843773
434.875		0.843773
435		0.843773
435.125		0.846176
435.25		0.846176
435.375		0.846176
435.5		0.846176
435.625		0.846176
435.75		0.846176
435.875		0.846176
436		0.846176
436.125		0.846176
436.25		0.846176
436.375		0.846176
436.5		0.846176
436.625		0.846176
436.75		0.846176
436.875		0.846176
437		0.846176
437.125		0.846176
437.25		0.846176
437.375		0.846176
437.5		0.846176
437.625		0.846176
437.75		0.846176
437.875		0.846176
438		0.846176
438.125		0.846176
438.25		0.846176
438.375		0.846176
438.5		0.846176
438.625		0.846176
438.75		0.846176
438.875		0.846176
439		0.846176
439.125		0.846176
439.25		0.846176
439.375		0.846176
439.5		0.846176
439.625		0.846176
439.75		0.846176
439.875		0.846176
440		0.846176
440.125		0.867742
440.25		0.867742
440.375		0.867742
440.5		0.867742
440.625		0.867742
440.75		0.867742
440.875		0.867742
441		0.867742
441.125		0.867742
441.25		0.867742
441.375		0.867742
441.5		0.867742
441.625		0.867742
441.75		0.867742
441.875		0.867742
442		0.867742
442.125		0.867742
442.25		0.867742
442.375		0.867742
442.5		0.867742
442.625		0.867742
442.75		0.867742
442.875		0.867742
443		0.867742
443.125		0.867742
443.25		0.867742
443.375		0.867742
443.5		0.867742
443.625		0.867742
443.75		0.867742
443.875		0.867742
444		0.867742
444.125		0.867742
444.25		0.867742
444.375		0.867742
444.5		0.867742
444.625		0.867742
444.75		0.867742
444.875		0.867742
445		0.867742
445.125		0.879984
445.25		0.879984
445.375		0.879984
445.5		0.879984
445.625		0.879984
445.75		0.879984
445.875		0.879984
446		0.879984
446.125		0.879984
446.25		0.879984
446.375		0.879984
446.5		0.879984
446.625		0.879984
446.75		0.879984
446.875		0.879984
447		0.879984
447.125		0.879984
447.25		0.879984
447.375		0.879984
447.5		0.879984
447.625		0.879984
447.75		0.879984
447.875		0.879984
448		0.879984
448.125		0.879984
448.25		0.879984
448.375		0.879984
448.5		0.879984
448.625		0.879984
448.75		0.879984
448.875		0.879984
449		0.879984
449.125		0.879984
449.25		0.879984
449.375		0.879984
449.5		0.879984
449.625		0.879984
449.75		0.879984
449.875		0.879984
450		0.879984
450.125		0.880842
450.25		0.880842
450.375		0.880842
450.5		0.880842
450.625		0.880842
450.75		0.880842
450.875		0.880842
451		0.880842
451.125		0.880842
451.25		0.880842
451.375		0.880842
451.5		0.880842
451.625		0.880842
451.75		0.880842
451.875		0.880842
452		0.880842
452.125		0.880842
452.25		0.880842
452.375		0.880842
452.5		0.880842
452.625		0.880842
452.75		0.880842
452.875		0.880842
453		0.880842
453.125		0.880842
453.25		0.880842
453.375		0.880842
453.5		0.880842
453.625		0.880842
453.75		0.880842
453.875		0.880842
454		0.880842
454.125		0.880842
454.25		0.880842
454.375		0.880842
454.5		0.880842
454.625		0.880842
454.75		0.880842
454.875		0.880842
455		0.880842
455.125		0.903152
455.25		0.903152
455.375		0.903152
455.5		0.903152
455.625		0.903152
455.75		0.903152
455.875		0.903152
456		0.903152
456.125		0.903152
456.25		0.903152
456.375		0.903152
456.5		0.903152
456.625		0.903152
456.75		0.903152
456.875		0.903152
457		0.903152
457.125		0.903152
457.25		0.903152
457.375		0.903152
457.5		0.903152
457.625		0.903152
457.75		0.903152
457.875		0.903152
458		0.903152
458.125		0.903152
458.25		0.903152
458.375		0.903152
458.5		0.903152
458.625		0.903152
458.75		0.903152
458.875		0.903152
459		0.903152
459.125		0.903152
459.25		0.903152
459.375		0.903152
459.5		0.903152
459.625		0.903152
459.75		0.903152
459.875		0.903152
460		0.903152
460.125		0.905154
460.25		0.905154
460.375		0.905154
460.5		0.905154
460.625		0.905154
460.75		0.905154
460.875		0.905154
461		0.905154
461.125		0.905154
461.25		0.905154
461.375		0.905154
461.5		0.905154
461.625		0.905154
461.75		0.905154
461.875		0.905154
462		0.905154
462.125		0.905154
462.25		0.905154
462.375		0.905154
462.5		0.905154
462.625		0.905154
462.75		0.905154
462.875		0.905154
463		0.905154
463.125		0.905154
463.25		0.905154
463.375		0.905154
463.5		0.905154
463.625		0.905154
463.75		0.905154
463.875		0.905154
464		0.905154
464.125		0.905154
464.25		0.905154
464.375		0.905154
464.5		0.905154
464.625		0.905154
464.75		0.905154
464.875		0.905154
465		0.905154
465.125		0.937189
465.25		0.937189
465.375		0.937189
465.5		0.937189
465.625		0.937189
465.75		0.937189
465.875		0.937189
466		0.937189
466.125		0.937189
466.25		0.937189
466.375		0.937189
466.5		0.937189
466.625		0.937189
466.75		0.937189
466.875		0.937189
467		0.937189
467.125		0.937189
467.25		0.937189
467.375		0.937189
467.5		0.937189
467.625		0.937189
467.75		0.937189
467.875		0.937189
468		0.937189
468.125		0.937189
468.25		0.937189
468.375		0.937189
468.5		0.937189
468.625		0.937189
468.75		0.937189
468.875		0.937189
469		0.937189
469.125		0.937189
469.25		0.937189
469.375		0.937189
469.5		0.937189
469.625		0.937189
469.75		0.937189
469.875		0.937189
470		0.937189
470.125		0.941365
470.25		0.941365
470.375		0.941365
470.5		0.941365
470.625		0.941365
470.75		0.941365
470.875		0.941365
471		0.941365
471.125		0.941365
471.25		0.941365
471.375		0.941365
471.5		0.941365
471.625		0.941365
471.75		0.941365
471.875		0.941365
472		0.941365
472.125		0.941365
472.25		0.941365
472.375		0.941365
472.5		0.941365
472.625		0.941365
472.75		0.941365
472.875		0.941365
473		0.941365
473.125		0.941365
473.25		0.941365
473.375		0.941365
473.5		0.941365
473.625		0.941365
473.75		0.941365
473.875		0.941365
474		0.941365
474.125		0.941365
474.25		0.941365
474.375		0.941365
474.5		0.941365
474.625		0.941365
474.75		0.941365
474.875		0.941365
475		0.941365
475.125		0.949374
475.25		0.949374
475.375		0.949374
475.5		0.949374
475.625		0.949374
475.75		0.949374
475.875		0.949374
476		0.949374
476.125		0.949374
476.25		0.949374
476.375		0.949374
476.5		0.949374
476.625		0.949374
476.75		0.949374
476.875		0.949374
477		0.949374
477.125		0.949374
477.25		0.949374
477.375		0.949374
477.5		0.949374
477.625		0.949374
477.75		0.949374
477.875		0.949374
478		0.949374
478.125		0.949374
478.25		0.949374
478.375		0.949374
478.5		0.949374
478.625		0.949374
478.75		0.949374
478.875		0.949374
479		0.949374
479.125		0.949374
479.25		0.949374
479.375		0.949374
479.5		0.949374
479.625		0.949374
479.75		0.949374
479.875		0.949374
480		0.949374
480.125		0.950403
480.25		0.950403
480.375		0.950403
480.5		0.950403
480.625		0.950403
480.75		0.950403
480.875		0.950403
481		0.950403
481.125		0.950403
481.25		0.950403
481.375		0.950403
481.5		0.950403
481.625		0.950403
481.75		0.950403
481.875		0.950403
482		0.950403
482.125		0.950403
482.25		0.950403
482.375		0.950403
482.5		0.950403
482.625		0.950403
482.75		0.950403
482.875		0.950403
483		0.950403
483.125		0.950403
483.25		0.950403
483.375		0.950403
483.5		0.950403
483.625		0.950403
483.75		0.950403
483.875		0.950403
484		0.950403
484.125		0.950403
484.25		0.950403
484.375		0.950403
484.5		0.950403
484.625		0.950403
484.75		0.950403
484.875		0.950403
485		0.950403
485.125		0.959785
485.25		0.959785
485.375		0.959785
485.5		0.959785
485.625		0.959785
485.75		0.959785
485.875		0.959785
486		0.959785
486.125		0.959785
486.25		0.959785
486.375		0.959785
486.5		0.959785
486.625		0.959785
486.75		0.959785
486.875		0.959785
487		0.959785
487.125		0.959785
487.25		0.959785
487.375		0.959785
487.5		0.959785
487.625		0.959785
487.75		0.959785
487.875		0.959785
488		0.959785
488.125		0.959785
488.25		0.959785
488.375		0.959785
488.5		0.959785
488.625		0.959785
488.75		0.959785
488.875		0.959785
489		0.959785
489.125		0.959785
489.25		0.959785
489.375		0.959785
489.5		0.959785
489.625		0.959785
489.75		0.959785
489.875		0.959785
490		0.959785
490.125		0.98793
490.25		0.98793
490.375		0.98793
490.5		0.98793
490.625		0.98793
490.75		0.98793
490.875		0.98793
491		0.98793
491.125		0.98793
491.25		0.98793
491.375		0.98793
491.5		0.98793
491.625		0.98793
491.75		0.98793
491.875		0.98793
492		0.98793
492.125		0.98793
492.25		0.98793
492.375		0.98793
492.5		0.98793
492.625		0.98793
492.75		0.98793
492.875		0.98793
493		0.98793
493.125		0.98793
493.25		0.98793
493.375		0.98793
493.5		0.98793
493.625		0.98793
493.75		0.98793
493.875		0.98793
494		0.98793
494.125		0.98793
494.25		0.98793
494.375		0.98793
494.5		0.98793
494.625		0.98793
494.75		0.98793
494.875		0.98793
495		0.98793
495.125		1
495.25		1
495.375		1
495.5		1
495.625		1
495.75		1
495.875		1
496		1
496.125		1
496.25		1
496.375		1
496.5		1
496.625		1
496.75		1
496.875		1
497		1
497.125		1
497.25		1
497.375		1
497.5		1
497.625		1
497.75		1
497.875		1
498		1
498.125		1
498.25		1
498.375		1
498.5		1
498.625		1
498.75		1
498.875		1
499		1
499.125		1
499.25		1
499.375		1
499.5		1
499.625		1
499.75		1
499.875		1
500		1
