# Calibration file of tamex_id 1 @ channel 13
# fine_T bin		 Calibration value
0.125		0
0.25		0
0.375		0
0.5		0
0.625		0
0.75		0
0.875		0
1		0
1.125		0
1.25		0
1.375		0
1.5		0
1.625		0
1.75		0
1.875		0
2		0
2.125		0
2.25		0
2.375		0
2.5		0
2.625		0
2.75		0
2.875		0
3		0
3.125		0
3.25		0
3.375		0
3.5		0
3.625		0
3.75		0
3.875		0
4		0
4.125		0
4.25		0
4.375		0
4.5		0
4.625		0
4.75		0
4.875		0
5		0
5.125		0
5.25		0
5.375		0
5.5		0
5.625		0
5.75		0
5.875		0
6		0
6.125		0
6.25		0
6.375		0
6.5		0
6.625		0
6.75		0
6.875		0
7		0
7.125		0
7.25		0
7.375		0
7.5		0
7.625		0
7.75		0
7.875		0
8		0
8.125		0
8.25		0
8.375		0
8.5		0
8.625		0
8.75		0
8.875		0
9		0
9.125		0
9.25		0
9.375		0
9.5		0
9.625		0
9.75		0
9.875		0
10		0
10.125		0
10.25		0
10.375		0
10.5		0
10.625		0
10.75		0
10.875		0
11		0
11.125		0
11.25		0
11.375		0
11.5		0
11.625		0
11.75		0
11.875		0
12		0
12.125		0
12.25		0
12.375		0
12.5		0
12.625		0
12.75		0
12.875		0
13		0
13.125		0
13.25		0
13.375		0
13.5		0
13.625		0
13.75		0
13.875		0
14		0
14.125		0
14.25		0
14.375		0
14.5		0
14.625		0
14.75		0
14.875		0
15		0
15.125		0
15.25		0
15.375		0
15.5		0
15.625		0
15.75		0
15.875		0
16		0
16.125		0
16.25		0
16.375		0
16.5		0
16.625		0
16.75		0
16.875		0
17		0
17.125		0
17.25		0
17.375		0
17.5		0
17.625		0
17.75		0
17.875		0
18		0
18.125		0
18.25		0
18.375		0
18.5		0
18.625		0
18.75		0
18.875		0
19		0
19.125		0
19.25		0
19.375		0
19.5		0
19.625		0
19.75		0
19.875		0
20		0
20.125		0
20.25		0
20.375		0
20.5		0
20.625		0
20.75		0
20.875		0
21		0
21.125		0
21.25		0
21.375		0
21.5		0
21.625		0
21.75		0
21.875		0
22		0
22.125		0
22.25		0
22.375		0
22.5		0
22.625		0
22.75		0
22.875		0
23		0
23.125		0
23.25		0
23.375		0
23.5		0
23.625		0
23.75		0
23.875		0
24		0
24.125		0
24.25		0
24.375		0
24.5		0
24.625		0
24.75		0
24.875		0
25		0
25.125		0
25.25		0
25.375		0
25.5		0
25.625		0
25.75		0
25.875		0
26		0
26.125		0
26.25		0
26.375		0
26.5		0
26.625		0
26.75		0
26.875		0
27		0
27.125		0
27.25		0
27.375		0
27.5		0
27.625		0
27.75		0
27.875		0
28		0
28.125		0
28.25		0
28.375		0
28.5		0
28.625		0
28.75		0
28.875		0
29		0
29.125		0
29.25		0
29.375		0
29.5		0
29.625		0
29.75		0
29.875		0
30		0
30.125		0
30.25		0
30.375		0
30.5		0
30.625		0
30.75		0
30.875		0
31		0
31.125		0
31.25		0
31.375		0
31.5		0
31.625		0
31.75		0
31.875		0
32		0
32.125		0
32.25		0
32.375		0
32.5		0
32.625		0
32.75		0
32.875		0
33		0
33.125		0
33.25		0
33.375		0
33.5		0
33.625		0
33.75		0
33.875		0
34		0
34.125		0
34.25		0
34.375		0
34.5		0
34.625		0
34.75		0
34.875		0
35		0
35.125		0
35.25		0
35.375		0
35.5		0
35.625		0
35.75		0
35.875		0
36		0
36.125		0
36.25		0
36.375		0
36.5		0
36.625		0
36.75		0
36.875		0
37		0
37.125		0
37.25		0
37.375		0
37.5		0
37.625		0
37.75		0
37.875		0
38		0
38.125		0
38.25		0
38.375		0
38.5		0
38.625		0
38.75		0
38.875		0
39		0
39.125		0
39.25		0
39.375		0
39.5		0
39.625		0
39.75		0
39.875		0
40		0
40.125		0
40.25		0
40.375		0
40.5		0
40.625		0
40.75		0
40.875		0
41		0
41.125		0
41.25		0
41.375		0
41.5		0
41.625		0
41.75		0
41.875		0
42		0
42.125		0
42.25		0
42.375		0
42.5		0
42.625		0
42.75		0
42.875		0
43		0
43.125		0
43.25		0
43.375		0
43.5		0
43.625		0
43.75		0
43.875		0
44		0
44.125		0
44.25		0
44.375		0
44.5		0
44.625		0
44.75		0
44.875		0
45		0
45.125		0
45.25		0
45.375		0
45.5		0
45.625		0
45.75		0
45.875		0
46		0
46.125		0
46.25		0
46.375		0
46.5		0
46.625		0
46.75		0
46.875		0
47		0
47.125		0
47.25		0
47.375		0
47.5		0
47.625		0
47.75		0
47.875		0
48		0
48.125		0
48.25		0
48.375		0
48.5		0
48.625		0
48.75		0
48.875		0
49		0
49.125		0
49.25		0
49.375		0
49.5		0
49.625		0
49.75		0
49.875		0
50		0
50.125		0
50.25		0
50.375		0
50.5		0
50.625		0
50.75		0
50.875		0
51		0
51.125		0
51.25		0
51.375		0
51.5		0
51.625		0
51.75		0
51.875		0
52		0
52.125		0
52.25		0
52.375		0
52.5		0
52.625		0
52.75		0
52.875		0
53		0
53.125		0
53.25		0
53.375		0
53.5		0
53.625		0
53.75		0
53.875		0
54		0
54.125		0
54.25		0
54.375		0
54.5		0
54.625		0
54.75		0
54.875		0
55		0
55.125		0
55.25		0
55.375		0
55.5		0
55.625		0
55.75		0
55.875		0
56		0
56.125		0
56.25		0
56.375		0
56.5		0
56.625		0
56.75		0
56.875		0
57		0
57.125		0
57.25		0
57.375		0
57.5		0
57.625		0
57.75		0
57.875		0
58		0
58.125		0
58.25		0
58.375		0
58.5		0
58.625		0
58.75		0
58.875		0
59		0
59.125		0
59.25		0
59.375		0
59.5		0
59.625		0
59.75		0
59.875		0
60		0
60.125		0
60.25		0
60.375		0
60.5		0
60.625		0
60.75		0
60.875		0
61		0
61.125		0
61.25		0
61.375		0
61.5		0
61.625		0
61.75		0
61.875		0
62		0
62.125		0
62.25		0
62.375		0
62.5		0
62.625		0
62.75		0
62.875		0
63		0
63.125		0
63.25		0
63.375		0
63.5		0
63.625		0
63.75		0
63.875		0
64		0
64.125		0
64.25		0
64.375		0
64.5		0
64.625		0
64.75		0
64.875		0
65		0
65.125		0
65.25		0
65.375		0
65.5		0
65.625		0
65.75		0
65.875		0
66		0
66.125		0
66.25		0
66.375		0
66.5		0
66.625		0
66.75		0
66.875		0
67		0
67.125		0
67.25		0
67.375		0
67.5		0
67.625		0
67.75		0
67.875		0
68		0
68.125		0
68.25		0
68.375		0
68.5		0
68.625		0
68.75		0
68.875		0
69		0
69.125		0
69.25		0
69.375		0
69.5		0
69.625		0
69.75		0
69.875		0
70		0
70.125		0
70.25		0
70.375		0
70.5		0
70.625		0
70.75		0
70.875		0
71		0
71.125		0
71.25		0
71.375		0
71.5		0
71.625		0
71.75		0
71.875		0
72		0
72.125		0
72.25		0
72.375		0
72.5		0
72.625		0
72.75		0
72.875		0
73		0
73.125		0
73.25		0
73.375		0
73.5		0
73.625		0
73.75		0
73.875		0
74		0
74.125		0
74.25		0
74.375		0
74.5		0
74.625		0
74.75		0
74.875		0
75		0
75.125		0
75.25		0
75.375		0
75.5		0
75.625		0
75.75		0
75.875		0
76		0
76.125		0
76.25		0
76.375		0
76.5		0
76.625		0
76.75		0
76.875		0
77		0
77.125		0
77.25		0
77.375		0
77.5		0
77.625		0
77.75		0
77.875		0
78		0
78.125		0
78.25		0
78.375		0
78.5		0
78.625		0
78.75		0
78.875		0
79		0
79.125		0
79.25		0
79.375		0
79.5		0
79.625		0
79.75		0
79.875		0
80		0
80.125		0
80.25		0
80.375		0
80.5		0
80.625		0
80.75		0
80.875		0
81		0
81.125		0
81.25		0
81.375		0
81.5		0
81.625		0
81.75		0
81.875		0
82		0
82.125		0
82.25		0
82.375		0
82.5		0
82.625		0
82.75		0
82.875		0
83		0
83.125		0
83.25		0
83.375		0
83.5		0
83.625		0
83.75		0
83.875		0
84		0
84.125		0
84.25		0
84.375		0
84.5		0
84.625		0
84.75		0
84.875		0
85		0
85.125		0
85.25		0
85.375		0
85.5		0
85.625		0
85.75		0
85.875		0
86		0
86.125		0
86.25		0
86.375		0
86.5		0
86.625		0
86.75		0
86.875		0
87		0
87.125		0
87.25		0
87.375		0
87.5		0
87.625		0
87.75		0
87.875		0
88		0
88.125		0
88.25		0
88.375		0
88.5		0
88.625		0
88.75		0
88.875		0
89		0
89.125		0
89.25		0
89.375		0
89.5		0
89.625		0
89.75		0
89.875		0
90		0
90.125		0
90.25		0
90.375		0
90.5		0
90.625		0
90.75		0
90.875		0
91		0
91.125		0
91.25		0
91.375		0
91.5		0
91.625		0
91.75		0
91.875		0
92		0
92.125		0
92.25		0
92.375		0
92.5		0
92.625		0
92.75		0
92.875		0
93		0
93.125		0
93.25		0
93.375		0
93.5		0
93.625		0
93.75		0
93.875		0
94		0
94.125		0
94.25		0
94.375		0
94.5		0
94.625		0
94.75		0
94.875		0
95		0
95.125		0
95.25		0
95.375		0
95.5		0
95.625		0
95.75		0
95.875		0
96		0
96.125		0
96.25		0
96.375		0
96.5		0
96.625		0
96.75		0
96.875		0
97		0
97.125		0
97.25		0
97.375		0
97.5		0
97.625		0
97.75		0
97.875		0
98		0
98.125		0
98.25		0
98.375		0
98.5		0
98.625		0
98.75		0
98.875		0
99		0
99.125		0
99.25		0
99.375		0
99.5		0
99.625		0
99.75		0
99.875		0
100		0
100.125		0
100.25		0
100.375		0
100.5		0
100.625		0
100.75		0
100.875		0
101		0
101.125		0
101.25		0
101.375		0
101.5		0
101.625		0
101.75		0
101.875		0
102		0
102.125		0
102.25		0
102.375		0
102.5		0
102.625		0
102.75		0
102.875		0
103		0
103.125		0
103.25		0
103.375		0
103.5		0
103.625		0
103.75		0
103.875		0
104		0
104.125		0
104.25		0
104.375		0
104.5		0
104.625		0
104.75		0
104.875		0
105		0
105.125		0
105.25		0
105.375		0
105.5		0
105.625		0
105.75		0
105.875		0
106		0
106.125		0
106.25		0
106.375		0
106.5		0
106.625		0
106.75		0
106.875		0
107		0
107.125		0
107.25		0
107.375		0
107.5		0
107.625		0
107.75		0
107.875		0
108		0
108.125		0
108.25		0
108.375		0
108.5		0
108.625		0
108.75		0
108.875		0
109		0
109.125		0
109.25		0
109.375		0
109.5		0
109.625		0
109.75		0
109.875		0
110		0
110.125		0
110.25		0
110.375		0
110.5		0
110.625		0
110.75		0
110.875		0
111		0
111.125		0
111.25		0
111.375		0
111.5		0
111.625		0
111.75		0
111.875		0
112		0
112.125		0
112.25		0
112.375		0
112.5		0
112.625		0
112.75		0
112.875		0
113		0
113.125		0
113.25		0
113.375		0
113.5		0
113.625		0
113.75		0
113.875		0
114		0
114.125		0
114.25		0
114.375		0
114.5		0
114.625		0
114.75		0
114.875		0
115		0
115.125		0.00975713
115.25		0.00975713
115.375		0.00975713
115.5		0.00975713
115.625		0.00975713
115.75		0.00975713
115.875		0.00975713
116		0.00975713
116.125		0.00975713
116.25		0.00975713
116.375		0.00975713
116.5		0.00975713
116.625		0.00975713
116.75		0.00975713
116.875		0.00975713
117		0.00975713
117.125		0.00975713
117.25		0.00975713
117.375		0.00975713
117.5		0.00975713
117.625		0.00975713
117.75		0.00975713
117.875		0.00975713
118		0.00975713
118.125		0.00975713
118.25		0.00975713
118.375		0.00975713
118.5		0.00975713
118.625		0.00975713
118.75		0.00975713
118.875		0.00975713
119		0.00975713
119.125		0.00975713
119.25		0.00975713
119.375		0.00975713
119.5		0.00975713
119.625		0.00975713
119.75		0.00975713
119.875		0.00975713
120		0.00975713
120.125		0.0492099
120.25		0.0492099
120.375		0.0492099
120.5		0.0492099
120.625		0.0492099
120.75		0.0492099
120.875		0.0492099
121		0.0492099
121.125		0.0492099
121.25		0.0492099
121.375		0.0492099
121.5		0.0492099
121.625		0.0492099
121.75		0.0492099
121.875		0.0492099
122		0.0492099
122.125		0.0492099
122.25		0.0492099
122.375		0.0492099
122.5		0.0492099
122.625		0.0492099
122.75		0.0492099
122.875		0.0492099
123		0.0492099
123.125		0.0492099
123.25		0.0492099
123.375		0.0492099
123.5		0.0492099
123.625		0.0492099
123.75		0.0492099
123.875		0.0492099
124		0.0492099
124.125		0.0492099
124.25		0.0492099
124.375		0.0492099
124.5		0.0492099
124.625		0.0492099
124.75		0.0492099
124.875		0.0492099
125		0.0492099
125.125		0.0541945
125.25		0.0541945
125.375		0.0541945
125.5		0.0541945
125.625		0.0541945
125.75		0.0541945
125.875		0.0541945
126		0.0541945
126.125		0.0541945
126.25		0.0541945
126.375		0.0541945
126.5		0.0541945
126.625		0.0541945
126.75		0.0541945
126.875		0.0541945
127		0.0541945
127.125		0.0541945
127.25		0.0541945
127.375		0.0541945
127.5		0.0541945
127.625		0.0541945
127.75		0.0541945
127.875		0.0541945
128		0.0541945
128.125		0.0541945
128.25		0.0541945
128.375		0.0541945
128.5		0.0541945
128.625		0.0541945
128.75		0.0541945
128.875		0.0541945
129		0.0541945
129.125		0.0541945
129.25		0.0541945
129.375		0.0541945
129.5		0.0541945
129.625		0.0541945
129.75		0.0541945
129.875		0.0541945
130		0.0541945
130.125		0.055149
130.25		0.055149
130.375		0.055149
130.5		0.055149
130.625		0.055149
130.75		0.055149
130.875		0.055149
131		0.055149
131.125		0.055149
131.25		0.055149
131.375		0.055149
131.5		0.055149
131.625		0.055149
131.75		0.055149
131.875		0.055149
132		0.055149
132.125		0.055149
132.25		0.055149
132.375		0.055149
132.5		0.055149
132.625		0.055149
132.75		0.055149
132.875		0.055149
133		0.055149
133.125		0.055149
133.25		0.055149
133.375		0.055149
133.5		0.055149
133.625		0.055149
133.75		0.055149
133.875		0.055149
134		0.055149
134.125		0.055149
134.25		0.055149
134.375		0.055149
134.5		0.055149
134.625		0.055149
134.75		0.055149
134.875		0.055149
135		0.055149
135.125		0.0673454
135.25		0.0673454
135.375		0.0673454
135.5		0.0673454
135.625		0.0673454
135.75		0.0673454
135.875		0.0673454
136		0.0673454
136.125		0.0673454
136.25		0.0673454
136.375		0.0673454
136.5		0.0673454
136.625		0.0673454
136.75		0.0673454
136.875		0.0673454
137		0.0673454
137.125		0.0673454
137.25		0.0673454
137.375		0.0673454
137.5		0.0673454
137.625		0.0673454
137.75		0.0673454
137.875		0.0673454
138		0.0673454
138.125		0.0673454
138.25		0.0673454
138.375		0.0673454
138.5		0.0673454
138.625		0.0673454
138.75		0.0673454
138.875		0.0673454
139		0.0673454
139.125		0.0673454
139.25		0.0673454
139.375		0.0673454
139.5		0.0673454
139.625		0.0673454
139.75		0.0673454
139.875		0.0673454
140		0.0673454
140.125		0.0905716
140.25		0.0905716
140.375		0.0905716
140.5		0.0905716
140.625		0.0905716
140.75		0.0905716
140.875		0.0905716
141		0.0905716
141.125		0.0905716
141.25		0.0905716
141.375		0.0905716
141.5		0.0905716
141.625		0.0905716
141.75		0.0905716
141.875		0.0905716
142		0.0905716
142.125		0.0905716
142.25		0.0905716
142.375		0.0905716
142.5		0.0905716
142.625		0.0905716
142.75		0.0905716
142.875		0.0905716
143		0.0905716
143.125		0.0905716
143.25		0.0905716
143.375		0.0905716
143.5		0.0905716
143.625		0.0905716
143.75		0.0905716
143.875		0.0905716
144		0.0905716
144.125		0.0905716
144.25		0.0905716
144.375		0.0905716
144.5		0.0905716
144.625		0.0905716
144.75		0.0905716
144.875		0.0905716
145		0.0905716
145.125		0.115919
145.25		0.115919
145.375		0.115919
145.5		0.115919
145.625		0.115919
145.75		0.115919
145.875		0.115919
146		0.115919
146.125		0.115919
146.25		0.115919
146.375		0.115919
146.5		0.115919
146.625		0.115919
146.75		0.115919
146.875		0.115919
147		0.115919
147.125		0.115919
147.25		0.115919
147.375		0.115919
147.5		0.115919
147.625		0.115919
147.75		0.115919
147.875		0.115919
148		0.115919
148.125		0.115919
148.25		0.115919
148.375		0.115919
148.5		0.115919
148.625		0.115919
148.75		0.115919
148.875		0.115919
149		0.115919
149.125		0.115919
149.25		0.115919
149.375		0.115919
149.5		0.115919
149.625		0.115919
149.75		0.115919
149.875		0.115919
150		0.115919
150.125		0.124722
150.25		0.124722
150.375		0.124722
150.5		0.124722
150.625		0.124722
150.75		0.124722
150.875		0.124722
151		0.124722
151.125		0.124722
151.25		0.124722
151.375		0.124722
151.5		0.124722
151.625		0.124722
151.75		0.124722
151.875		0.124722
152		0.124722
152.125		0.124722
152.25		0.124722
152.375		0.124722
152.5		0.124722
152.625		0.124722
152.75		0.124722
152.875		0.124722
153		0.124722
153.125		0.124722
153.25		0.124722
153.375		0.124722
153.5		0.124722
153.625		0.124722
153.75		0.124722
153.875		0.124722
154		0.124722
154.125		0.124722
154.25		0.124722
154.375		0.124722
154.5		0.124722
154.625		0.124722
154.75		0.124722
154.875		0.124722
155		0.124722
155.125		0.129918
155.25		0.129918
155.375		0.129918
155.5		0.129918
155.625		0.129918
155.75		0.129918
155.875		0.129918
156		0.129918
156.125		0.129918
156.25		0.129918
156.375		0.129918
156.5		0.129918
156.625		0.129918
156.75		0.129918
156.875		0.129918
157		0.129918
157.125		0.129918
157.25		0.129918
157.375		0.129918
157.5		0.129918
157.625		0.129918
157.75		0.129918
157.875		0.129918
158		0.129918
158.125		0.129918
158.25		0.129918
158.375		0.129918
158.5		0.129918
158.625		0.129918
158.75		0.129918
158.875		0.129918
159		0.129918
159.125		0.129918
159.25		0.129918
159.375		0.129918
159.5		0.129918
159.625		0.129918
159.75		0.129918
159.875		0.129918
160		0.129918
160.125		0.144448
160.25		0.144448
160.375		0.144448
160.5		0.144448
160.625		0.144448
160.75		0.144448
160.875		0.144448
161		0.144448
161.125		0.144448
161.25		0.144448
161.375		0.144448
161.5		0.144448
161.625		0.144448
161.75		0.144448
161.875		0.144448
162		0.144448
162.125		0.144448
162.25		0.144448
162.375		0.144448
162.5		0.144448
162.625		0.144448
162.75		0.144448
162.875		0.144448
163		0.144448
163.125		0.144448
163.25		0.144448
163.375		0.144448
163.5		0.144448
163.625		0.144448
163.75		0.144448
163.875		0.144448
164		0.144448
164.125		0.144448
164.25		0.144448
164.375		0.144448
164.5		0.144448
164.625		0.144448
164.75		0.144448
164.875		0.144448
165		0.144448
165.125		0.161629
165.25		0.161629
165.375		0.161629
165.5		0.161629
165.625		0.161629
165.75		0.161629
165.875		0.161629
166		0.161629
166.125		0.161629
166.25		0.161629
166.375		0.161629
166.5		0.161629
166.625		0.161629
166.75		0.161629
166.875		0.161629
167		0.161629
167.125		0.161629
167.25		0.161629
167.375		0.161629
167.5		0.161629
167.625		0.161629
167.75		0.161629
167.875		0.161629
168		0.161629
168.125		0.161629
168.25		0.161629
168.375		0.161629
168.5		0.161629
168.625		0.161629
168.75		0.161629
168.875		0.161629
169		0.161629
169.125		0.161629
169.25		0.161629
169.375		0.161629
169.5		0.161629
169.625		0.161629
169.75		0.161629
169.875		0.161629
170		0.161629
170.125		0.162584
170.25		0.162584
170.375		0.162584
170.5		0.162584
170.625		0.162584
170.75		0.162584
170.875		0.162584
171		0.162584
171.125		0.162584
171.25		0.162584
171.375		0.162584
171.5		0.162584
171.625		0.162584
171.75		0.162584
171.875		0.162584
172		0.162584
172.125		0.162584
172.25		0.162584
172.375		0.162584
172.5		0.162584
172.625		0.162584
172.75		0.162584
172.875		0.162584
173		0.162584
173.125		0.162584
173.25		0.162584
173.375		0.162584
173.5		0.162584
173.625		0.162584
173.75		0.162584
173.875		0.162584
174		0.162584
174.125		0.162584
174.25		0.162584
174.375		0.162584
174.5		0.162584
174.625		0.162584
174.75		0.162584
174.875		0.162584
175		0.162584
175.125		0.180507
175.25		0.180507
175.375		0.180507
175.5		0.180507
175.625		0.180507
175.75		0.180507
175.875		0.180507
176		0.180507
176.125		0.180507
176.25		0.180507
176.375		0.180507
176.5		0.180507
176.625		0.180507
176.75		0.180507
176.875		0.180507
177		0.180507
177.125		0.180507
177.25		0.180507
177.375		0.180507
177.5		0.180507
177.625		0.180507
177.75		0.180507
177.875		0.180507
178		0.180507
178.125		0.180507
178.25		0.180507
178.375		0.180507
178.5		0.180507
178.625		0.180507
178.75		0.180507
178.875		0.180507
179		0.180507
179.125		0.180507
179.25		0.180507
179.375		0.180507
179.5		0.180507
179.625		0.180507
179.75		0.180507
179.875		0.180507
180		0.180507
180.125		0.1909
180.25		0.1909
180.375		0.1909
180.5		0.1909
180.625		0.1909
180.75		0.1909
180.875		0.1909
181		0.1909
181.125		0.1909
181.25		0.1909
181.375		0.1909
181.5		0.1909
181.625		0.1909
181.75		0.1909
181.875		0.1909
182		0.1909
182.125		0.1909
182.25		0.1909
182.375		0.1909
182.5		0.1909
182.625		0.1909
182.75		0.1909
182.875		0.1909
183		0.1909
183.125		0.1909
183.25		0.1909
183.375		0.1909
183.5		0.1909
183.625		0.1909
183.75		0.1909
183.875		0.1909
184		0.1909
184.125		0.1909
184.25		0.1909
184.375		0.1909
184.5		0.1909
184.625		0.1909
184.75		0.1909
184.875		0.1909
185		0.1909
185.125		0.223035
185.25		0.223035
185.375		0.223035
185.5		0.223035
185.625		0.223035
185.75		0.223035
185.875		0.223035
186		0.223035
186.125		0.223035
186.25		0.223035
186.375		0.223035
186.5		0.223035
186.625		0.223035
186.75		0.223035
186.875		0.223035
187		0.223035
187.125		0.223035
187.25		0.223035
187.375		0.223035
187.5		0.223035
187.625		0.223035
187.75		0.223035
187.875		0.223035
188		0.223035
188.125		0.223035
188.25		0.223035
188.375		0.223035
188.5		0.223035
188.625		0.223035
188.75		0.223035
188.875		0.223035
189		0.223035
189.125		0.223035
189.25		0.223035
189.375		0.223035
189.5		0.223035
189.625		0.223035
189.75		0.223035
189.875		0.223035
190		0.223035
190.125		0.228868
190.25		0.228868
190.375		0.228868
190.5		0.228868
190.625		0.228868
190.75		0.228868
190.875		0.228868
191		0.228868
191.125		0.228868
191.25		0.228868
191.375		0.228868
191.5		0.228868
191.625		0.228868
191.75		0.228868
191.875		0.228868
192		0.228868
192.125		0.228868
192.25		0.228868
192.375		0.228868
192.5		0.228868
192.625		0.228868
192.75		0.228868
192.875		0.228868
193		0.228868
193.125		0.228868
193.25		0.228868
193.375		0.228868
193.5		0.228868
193.625		0.228868
193.75		0.228868
193.875		0.228868
194		0.228868
194.125		0.228868
194.25		0.228868
194.375		0.228868
194.5		0.228868
194.625		0.228868
194.75		0.228868
194.875		0.228868
195		0.228868
195.125		0.23152
195.25		0.23152
195.375		0.23152
195.5		0.23152
195.625		0.23152
195.75		0.23152
195.875		0.23152
196		0.23152
196.125		0.23152
196.25		0.23152
196.375		0.23152
196.5		0.23152
196.625		0.23152
196.75		0.23152
196.875		0.23152
197		0.23152
197.125		0.23152
197.25		0.23152
197.375		0.23152
197.5		0.23152
197.625		0.23152
197.75		0.23152
197.875		0.23152
198		0.23152
198.125		0.23152
198.25		0.23152
198.375		0.23152
198.5		0.23152
198.625		0.23152
198.75		0.23152
198.875		0.23152
199		0.23152
199.125		0.23152
199.25		0.23152
199.375		0.23152
199.5		0.23152
199.625		0.23152
199.75		0.23152
199.875		0.23152
200		0.23152
200.125		0.243292
200.25		0.243292
200.375		0.243292
200.5		0.243292
200.625		0.243292
200.75		0.243292
200.875		0.243292
201		0.243292
201.125		0.243292
201.25		0.243292
201.375		0.243292
201.5		0.243292
201.625		0.243292
201.75		0.243292
201.875		0.243292
202		0.243292
202.125		0.243292
202.25		0.243292
202.375		0.243292
202.5		0.243292
202.625		0.243292
202.75		0.243292
202.875		0.243292
203		0.243292
203.125		0.243292
203.25		0.243292
203.375		0.243292
203.5		0.243292
203.625		0.243292
203.75		0.243292
203.875		0.243292
204		0.243292
204.125		0.243292
204.25		0.243292
204.375		0.243292
204.5		0.243292
204.625		0.243292
204.75		0.243292
204.875		0.243292
205		0.243292
205.125		0.252413
205.25		0.252413
205.375		0.252413
205.5		0.252413
205.625		0.252413
205.75		0.252413
205.875		0.252413
206		0.252413
206.125		0.252413
206.25		0.252413
206.375		0.252413
206.5		0.252413
206.625		0.252413
206.75		0.252413
206.875		0.252413
207		0.252413
207.125		0.252413
207.25		0.252413
207.375		0.252413
207.5		0.252413
207.625		0.252413
207.75		0.252413
207.875		0.252413
208		0.252413
208.125		0.252413
208.25		0.252413
208.375		0.252413
208.5		0.252413
208.625		0.252413
208.75		0.252413
208.875		0.252413
209		0.252413
209.125		0.252413
209.25		0.252413
209.375		0.252413
209.5		0.252413
209.625		0.252413
209.75		0.252413
209.875		0.252413
210		0.252413
210.125		0.283381
210.25		0.283381
210.375		0.283381
210.5		0.283381
210.625		0.283381
210.75		0.283381
210.875		0.283381
211		0.283381
211.125		0.283381
211.25		0.283381
211.375		0.283381
211.5		0.283381
211.625		0.283381
211.75		0.283381
211.875		0.283381
212		0.283381
212.125		0.283381
212.25		0.283381
212.375		0.283381
212.5		0.283381
212.625		0.283381
212.75		0.283381
212.875		0.283381
213		0.283381
213.125		0.283381
213.25		0.283381
213.375		0.283381
213.5		0.283381
213.625		0.283381
213.75		0.283381
213.875		0.283381
214		0.283381
214.125		0.283381
214.25		0.283381
214.375		0.283381
214.5		0.283381
214.625		0.283381
214.75		0.283381
214.875		0.283381
215		0.283381
215.125		0.287411
215.25		0.287411
215.375		0.287411
215.5		0.287411
215.625		0.287411
215.75		0.287411
215.875		0.287411
216		0.287411
216.125		0.287411
216.25		0.287411
216.375		0.287411
216.5		0.287411
216.625		0.287411
216.75		0.287411
216.875		0.287411
217		0.287411
217.125		0.287411
217.25		0.287411
217.375		0.287411
217.5		0.287411
217.625		0.287411
217.75		0.287411
217.875		0.287411
218		0.287411
218.125		0.287411
218.25		0.287411
218.375		0.287411
218.5		0.287411
218.625		0.287411
218.75		0.287411
218.875		0.287411
219		0.287411
219.125		0.287411
219.25		0.287411
219.375		0.287411
219.5		0.287411
219.625		0.287411
219.75		0.287411
219.875		0.287411
220		0.287411
220.125		0.307031
220.25		0.307031
220.375		0.307031
220.5		0.307031
220.625		0.307031
220.75		0.307031
220.875		0.307031
221		0.307031
221.125		0.307031
221.25		0.307031
221.375		0.307031
221.5		0.307031
221.625		0.307031
221.75		0.307031
221.875		0.307031
222		0.307031
222.125		0.307031
222.25		0.307031
222.375		0.307031
222.5		0.307031
222.625		0.307031
222.75		0.307031
222.875		0.307031
223		0.307031
223.125		0.307031
223.25		0.307031
223.375		0.307031
223.5		0.307031
223.625		0.307031
223.75		0.307031
223.875		0.307031
224		0.307031
224.125		0.307031
224.25		0.307031
224.375		0.307031
224.5		0.307031
224.625		0.307031
224.75		0.307031
224.875		0.307031
225		0.307031
225.125		0.308834
225.25		0.308834
225.375		0.308834
225.5		0.308834
225.625		0.308834
225.75		0.308834
225.875		0.308834
226		0.308834
226.125		0.308834
226.25		0.308834
226.375		0.308834
226.5		0.308834
226.625		0.308834
226.75		0.308834
226.875		0.308834
227		0.308834
227.125		0.308834
227.25		0.308834
227.375		0.308834
227.5		0.308834
227.625		0.308834
227.75		0.308834
227.875		0.308834
228		0.308834
228.125		0.308834
228.25		0.308834
228.375		0.308834
228.5		0.308834
228.625		0.308834
228.75		0.308834
228.875		0.308834
229		0.308834
229.125		0.308834
229.25		0.308834
229.375		0.308834
229.5		0.308834
229.625		0.308834
229.75		0.308834
229.875		0.308834
230		0.308834
230.125		0.342772
230.25		0.342772
230.375		0.342772
230.5		0.342772
230.625		0.342772
230.75		0.342772
230.875		0.342772
231		0.342772
231.125		0.342772
231.25		0.342772
231.375		0.342772
231.5		0.342772
231.625		0.342772
231.75		0.342772
231.875		0.342772
232		0.342772
232.125		0.342772
232.25		0.342772
232.375		0.342772
232.5		0.342772
232.625		0.342772
232.75		0.342772
232.875		0.342772
233		0.342772
233.125		0.342772
233.25		0.342772
233.375		0.342772
233.5		0.342772
233.625		0.342772
233.75		0.342772
233.875		0.342772
234		0.342772
234.125		0.342772
234.25		0.342772
234.375		0.342772
234.5		0.342772
234.625		0.342772
234.75		0.342772
234.875		0.342772
235		0.342772
235.125		0.344257
235.25		0.344257
235.375		0.344257
235.5		0.344257
235.625		0.344257
235.75		0.344257
235.875		0.344257
236		0.344257
236.125		0.344257
236.25		0.344257
236.375		0.344257
236.5		0.344257
236.625		0.344257
236.75		0.344257
236.875		0.344257
237		0.344257
237.125		0.344257
237.25		0.344257
237.375		0.344257
237.5		0.344257
237.625		0.344257
237.75		0.344257
237.875		0.344257
238		0.344257
238.125		0.344257
238.25		0.344257
238.375		0.344257
238.5		0.344257
238.625		0.344257
238.75		0.344257
238.875		0.344257
239		0.344257
239.125		0.344257
239.25		0.344257
239.375		0.344257
239.5		0.344257
239.625		0.344257
239.75		0.344257
239.875		0.344257
240		0.344257
240.125		0.347015
240.25		0.347015
240.375		0.347015
240.5		0.347015
240.625		0.347015
240.75		0.347015
240.875		0.347015
241		0.347015
241.125		0.347015
241.25		0.347015
241.375		0.347015
241.5		0.347015
241.625		0.347015
241.75		0.347015
241.875		0.347015
242		0.347015
242.125		0.347015
242.25		0.347015
242.375		0.347015
242.5		0.347015
242.625		0.347015
242.75		0.347015
242.875		0.347015
243		0.347015
243.125		0.347015
243.25		0.347015
243.375		0.347015
243.5		0.347015
243.625		0.347015
243.75		0.347015
243.875		0.347015
244		0.347015
244.125		0.347015
244.25		0.347015
244.375		0.347015
244.5		0.347015
244.625		0.347015
244.75		0.347015
244.875		0.347015
245		0.347015
245.125		0.360165
245.25		0.360165
245.375		0.360165
245.5		0.360165
245.625		0.360165
245.75		0.360165
245.875		0.360165
246		0.360165
246.125		0.360165
246.25		0.360165
246.375		0.360165
246.5		0.360165
246.625		0.360165
246.75		0.360165
246.875		0.360165
247		0.360165
247.125		0.360165
247.25		0.360165
247.375		0.360165
247.5		0.360165
247.625		0.360165
247.75		0.360165
247.875		0.360165
248		0.360165
248.125		0.360165
248.25		0.360165
248.375		0.360165
248.5		0.360165
248.625		0.360165
248.75		0.360165
248.875		0.360165
249		0.360165
249.125		0.360165
249.25		0.360165
249.375		0.360165
249.5		0.360165
249.625		0.360165
249.75		0.360165
249.875		0.360165
250		0.360165
250.125		0.388801
250.25		0.388801
250.375		0.388801
250.5		0.388801
250.625		0.388801
250.75		0.388801
250.875		0.388801
251		0.388801
251.125		0.388801
251.25		0.388801
251.375		0.388801
251.5		0.388801
251.625		0.388801
251.75		0.388801
251.875		0.388801
252		0.388801
252.125		0.388801
252.25		0.388801
252.375		0.388801
252.5		0.388801
252.625		0.388801
252.75		0.388801
252.875		0.388801
253		0.388801
253.125		0.388801
253.25		0.388801
253.375		0.388801
253.5		0.388801
253.625		0.388801
253.75		0.388801
253.875		0.388801
254		0.388801
254.125		0.388801
254.25		0.388801
254.375		0.388801
254.5		0.388801
254.625		0.388801
254.75		0.388801
254.875		0.388801
255		0.388801
255.125		0.397179
255.25		0.397179
255.375		0.397179
255.5		0.397179
255.625		0.397179
255.75		0.397179
255.875		0.397179
256		0.397179
256.125		0.397179
256.25		0.397179
256.375		0.397179
256.5		0.397179
256.625		0.397179
256.75		0.397179
256.875		0.397179
257		0.397179
257.125		0.397179
257.25		0.397179
257.375		0.397179
257.5		0.397179
257.625		0.397179
257.75		0.397179
257.875		0.397179
258		0.397179
258.125		0.397179
258.25		0.397179
258.375		0.397179
258.5		0.397179
258.625		0.397179
258.75		0.397179
258.875		0.397179
259		0.397179
259.125		0.397179
259.25		0.397179
259.375		0.397179
259.5		0.397179
259.625		0.397179
259.75		0.397179
259.875		0.397179
260		0.397179
260.125		0.408951
260.25		0.408951
260.375		0.408951
260.5		0.408951
260.625		0.408951
260.75		0.408951
260.875		0.408951
261		0.408951
261.125		0.408951
261.25		0.408951
261.375		0.408951
261.5		0.408951
261.625		0.408951
261.75		0.408951
261.875		0.408951
262		0.408951
262.125		0.408951
262.25		0.408951
262.375		0.408951
262.5		0.408951
262.625		0.408951
262.75		0.408951
262.875		0.408951
263		0.408951
263.125		0.408951
263.25		0.408951
263.375		0.408951
263.5		0.408951
263.625		0.408951
263.75		0.408951
263.875		0.408951
264		0.408951
264.125		0.408951
264.25		0.408951
264.375		0.408951
264.5		0.408951
264.625		0.408951
264.75		0.408951
264.875		0.408951
265		0.408951
265.125		0.413193
265.25		0.413193
265.375		0.413193
265.5		0.413193
265.625		0.413193
265.75		0.413193
265.875		0.413193
266		0.413193
266.125		0.413193
266.25		0.413193
266.375		0.413193
266.5		0.413193
266.625		0.413193
266.75		0.413193
266.875		0.413193
267		0.413193
267.125		0.413193
267.25		0.413193
267.375		0.413193
267.5		0.413193
267.625		0.413193
267.75		0.413193
267.875		0.413193
268		0.413193
268.125		0.413193
268.25		0.413193
268.375		0.413193
268.5		0.413193
268.625		0.413193
268.75		0.413193
268.875		0.413193
269		0.413193
269.125		0.413193
269.25		0.413193
269.375		0.413193
269.5		0.413193
269.625		0.413193
269.75		0.413193
269.875		0.413193
270		0.413193
270.125		0.435571
270.25		0.435571
270.375		0.435571
270.5		0.435571
270.625		0.435571
270.75		0.435571
270.875		0.435571
271		0.435571
271.125		0.435571
271.25		0.435571
271.375		0.435571
271.5		0.435571
271.625		0.435571
271.75		0.435571
271.875		0.435571
272		0.435571
272.125		0.435571
272.25		0.435571
272.375		0.435571
272.5		0.435571
272.625		0.435571
272.75		0.435571
272.875		0.435571
273		0.435571
273.125		0.435571
273.25		0.435571
273.375		0.435571
273.5		0.435571
273.625		0.435571
273.75		0.435571
273.875		0.435571
274		0.435571
274.125		0.435571
274.25		0.435571
274.375		0.435571
274.5		0.435571
274.625		0.435571
274.75		0.435571
274.875		0.435571
275		0.435571
275.125		0.453707
275.25		0.453707
275.375		0.453707
275.5		0.453707
275.625		0.453707
275.75		0.453707
275.875		0.453707
276		0.453707
276.125		0.453707
276.25		0.453707
276.375		0.453707
276.5		0.453707
276.625		0.453707
276.75		0.453707
276.875		0.453707
277		0.453707
277.125		0.453707
277.25		0.453707
277.375		0.453707
277.5		0.453707
277.625		0.453707
277.75		0.453707
277.875		0.453707
278		0.453707
278.125		0.453707
278.25		0.453707
278.375		0.453707
278.5		0.453707
278.625		0.453707
278.75		0.453707
278.875		0.453707
279		0.453707
279.125		0.453707
279.25		0.453707
279.375		0.453707
279.5		0.453707
279.625		0.453707
279.75		0.453707
279.875		0.453707
280		0.453707
280.125		0.466327
280.25		0.466327
280.375		0.466327
280.5		0.466327
280.625		0.466327
280.75		0.466327
280.875		0.466327
281		0.466327
281.125		0.466327
281.25		0.466327
281.375		0.466327
281.5		0.466327
281.625		0.466327
281.75		0.466327
281.875		0.466327
282		0.466327
282.125		0.466327
282.25		0.466327
282.375		0.466327
282.5		0.466327
282.625		0.466327
282.75		0.466327
282.875		0.466327
283		0.466327
283.125		0.466327
283.25		0.466327
283.375		0.466327
283.5		0.466327
283.625		0.466327
283.75		0.466327
283.875		0.466327
284		0.466327
284.125		0.466327
284.25		0.466327
284.375		0.466327
284.5		0.466327
284.625		0.466327
284.75		0.466327
284.875		0.466327
285		0.466327
285.125		0.467388
285.25		0.467388
285.375		0.467388
285.5		0.467388
285.625		0.467388
285.75		0.467388
285.875		0.467388
286		0.467388
286.125		0.467388
286.25		0.467388
286.375		0.467388
286.5		0.467388
286.625		0.467388
286.75		0.467388
286.875		0.467388
287		0.467388
287.125		0.467388
287.25		0.467388
287.375		0.467388
287.5		0.467388
287.625		0.467388
287.75		0.467388
287.875		0.467388
288		0.467388
288.125		0.467388
288.25		0.467388
288.375		0.467388
288.5		0.467388
288.625		0.467388
288.75		0.467388
288.875		0.467388
289		0.467388
289.125		0.467388
289.25		0.467388
289.375		0.467388
289.5		0.467388
289.625		0.467388
289.75		0.467388
289.875		0.467388
290		0.467388
290.125		0.489341
290.25		0.489341
290.375		0.489341
290.5		0.489341
290.625		0.489341
290.75		0.489341
290.875		0.489341
291		0.489341
291.125		0.489341
291.25		0.489341
291.375		0.489341
291.5		0.489341
291.625		0.489341
291.75		0.489341
291.875		0.489341
292		0.489341
292.125		0.489341
292.25		0.489341
292.375		0.489341
292.5		0.489341
292.625		0.489341
292.75		0.489341
292.875		0.489341
293		0.489341
293.125		0.489341
293.25		0.489341
293.375		0.489341
293.5		0.489341
293.625		0.489341
293.75		0.489341
293.875		0.489341
294		0.489341
294.125		0.489341
294.25		0.489341
294.375		0.489341
294.5		0.489341
294.625		0.489341
294.75		0.489341
294.875		0.489341
295		0.489341
295.125		0.491781
295.25		0.491781
295.375		0.491781
295.5		0.491781
295.625		0.491781
295.75		0.491781
295.875		0.491781
296		0.491781
296.125		0.491781
296.25		0.491781
296.375		0.491781
296.5		0.491781
296.625		0.491781
296.75		0.491781
296.875		0.491781
297		0.491781
297.125		0.491781
297.25		0.491781
297.375		0.491781
297.5		0.491781
297.625		0.491781
297.75		0.491781
297.875		0.491781
298		0.491781
298.125		0.491781
298.25		0.491781
298.375		0.491781
298.5		0.491781
298.625		0.491781
298.75		0.491781
298.875		0.491781
299		0.491781
299.125		0.491781
299.25		0.491781
299.375		0.491781
299.5		0.491781
299.625		0.491781
299.75		0.491781
299.875		0.491781
300		0.491781
300.125		0.509492
300.25		0.509492
300.375		0.509492
300.5		0.509492
300.625		0.509492
300.75		0.509492
300.875		0.509492
301		0.509492
301.125		0.509492
301.25		0.509492
301.375		0.509492
301.5		0.509492
301.625		0.509492
301.75		0.509492
301.875		0.509492
302		0.509492
302.125		0.509492
302.25		0.509492
302.375		0.509492
302.5		0.509492
302.625		0.509492
302.75		0.509492
302.875		0.509492
303		0.509492
303.125		0.509492
303.25		0.509492
303.375		0.509492
303.5		0.509492
303.625		0.509492
303.75		0.509492
303.875		0.509492
304		0.509492
304.125		0.509492
304.25		0.509492
304.375		0.509492
304.5		0.509492
304.625		0.509492
304.75		0.509492
304.875		0.509492
305		0.509492
305.125		0.517658
305.25		0.517658
305.375		0.517658
305.5		0.517658
305.625		0.517658
305.75		0.517658
305.875		0.517658
306		0.517658
306.125		0.517658
306.25		0.517658
306.375		0.517658
306.5		0.517658
306.625		0.517658
306.75		0.517658
306.875		0.517658
307		0.517658
307.125		0.517658
307.25		0.517658
307.375		0.517658
307.5		0.517658
307.625		0.517658
307.75		0.517658
307.875		0.517658
308		0.517658
308.125		0.517658
308.25		0.517658
308.375		0.517658
308.5		0.517658
308.625		0.517658
308.75		0.517658
308.875		0.517658
309		0.517658
309.125		0.517658
309.25		0.517658
309.375		0.517658
309.5		0.517658
309.625		0.517658
309.75		0.517658
309.875		0.517658
310		0.517658
310.125		0.524128
310.25		0.524128
310.375		0.524128
310.5		0.524128
310.625		0.524128
310.75		0.524128
310.875		0.524128
311		0.524128
311.125		0.524128
311.25		0.524128
311.375		0.524128
311.5		0.524128
311.625		0.524128
311.75		0.524128
311.875		0.524128
312		0.524128
312.125		0.524128
312.25		0.524128
312.375		0.524128
312.5		0.524128
312.625		0.524128
312.75		0.524128
312.875		0.524128
313		0.524128
313.125		0.524128
313.25		0.524128
313.375		0.524128
313.5		0.524128
313.625		0.524128
313.75		0.524128
313.875		0.524128
314		0.524128
314.125		0.524128
314.25		0.524128
314.375		0.524128
314.5		0.524128
314.625		0.524128
314.75		0.524128
314.875		0.524128
315		0.524128
315.125		0.557217
315.25		0.557217
315.375		0.557217
315.5		0.557217
315.625		0.557217
315.75		0.557217
315.875		0.557217
316		0.557217
316.125		0.557217
316.25		0.557217
316.375		0.557217
316.5		0.557217
316.625		0.557217
316.75		0.557217
316.875		0.557217
317		0.557217
317.125		0.557217
317.25		0.557217
317.375		0.557217
317.5		0.557217
317.625		0.557217
317.75		0.557217
317.875		0.557217
318		0.557217
318.125		0.557217
318.25		0.557217
318.375		0.557217
318.5		0.557217
318.625		0.557217
318.75		0.557217
318.875		0.557217
319		0.557217
319.125		0.557217
319.25		0.557217
319.375		0.557217
319.5		0.557217
319.625		0.557217
319.75		0.557217
319.875		0.557217
320		0.557217
320.125		0.572277
320.25		0.572277
320.375		0.572277
320.5		0.572277
320.625		0.572277
320.75		0.572277
320.875		0.572277
321		0.572277
321.125		0.572277
321.25		0.572277
321.375		0.572277
321.5		0.572277
321.625		0.572277
321.75		0.572277
321.875		0.572277
322		0.572277
322.125		0.572277
322.25		0.572277
322.375		0.572277
322.5		0.572277
322.625		0.572277
322.75		0.572277
322.875		0.572277
323		0.572277
323.125		0.572277
323.25		0.572277
323.375		0.572277
323.5		0.572277
323.625		0.572277
323.75		0.572277
323.875		0.572277
324		0.572277
324.125		0.572277
324.25		0.572277
324.375		0.572277
324.5		0.572277
324.625		0.572277
324.75		0.572277
324.875		0.572277
325		0.572277
325.125		0.573125
325.25		0.573125
325.375		0.573125
325.5		0.573125
325.625		0.573125
325.75		0.573125
325.875		0.573125
326		0.573125
326.125		0.573125
326.25		0.573125
326.375		0.573125
326.5		0.573125
326.625		0.573125
326.75		0.573125
326.875		0.573125
327		0.573125
327.125		0.573125
327.25		0.573125
327.375		0.573125
327.5		0.573125
327.625		0.573125
327.75		0.573125
327.875		0.573125
328		0.573125
328.125		0.573125
328.25		0.573125
328.375		0.573125
328.5		0.573125
328.625		0.573125
328.75		0.573125
328.875		0.573125
329		0.573125
329.125		0.573125
329.25		0.573125
329.375		0.573125
329.5		0.573125
329.625		0.573125
329.75		0.573125
329.875		0.573125
330		0.573125
330.125		0.582777
330.25		0.582777
330.375		0.582777
330.5		0.582777
330.625		0.582777
330.75		0.582777
330.875		0.582777
331		0.582777
331.125		0.582777
331.25		0.582777
331.375		0.582777
331.5		0.582777
331.625		0.582777
331.75		0.582777
331.875		0.582777
332		0.582777
332.125		0.582777
332.25		0.582777
332.375		0.582777
332.5		0.582777
332.625		0.582777
332.75		0.582777
332.875		0.582777
333		0.582777
333.125		0.582777
333.25		0.582777
333.375		0.582777
333.5		0.582777
333.625		0.582777
333.75		0.582777
333.875		0.582777
334		0.582777
334.125		0.582777
334.25		0.582777
334.375		0.582777
334.5		0.582777
334.625		0.582777
334.75		0.582777
334.875		0.582777
335		0.582777
335.125		0.590307
335.25		0.590307
335.375		0.590307
335.5		0.590307
335.625		0.590307
335.75		0.590307
335.875		0.590307
336		0.590307
336.125		0.590307
336.25		0.590307
336.375		0.590307
336.5		0.590307
336.625		0.590307
336.75		0.590307
336.875		0.590307
337		0.590307
337.125		0.590307
337.25		0.590307
337.375		0.590307
337.5		0.590307
337.625		0.590307
337.75		0.590307
337.875		0.590307
338		0.590307
338.125		0.590307
338.25		0.590307
338.375		0.590307
338.5		0.590307
338.625		0.590307
338.75		0.590307
338.875		0.590307
339		0.590307
339.125		0.590307
339.25		0.590307
339.375		0.590307
339.5		0.590307
339.625		0.590307
339.75		0.590307
339.875		0.590307
340		0.590307
340.125		0.617245
340.25		0.617245
340.375		0.617245
340.5		0.617245
340.625		0.617245
340.75		0.617245
340.875		0.617245
341		0.617245
341.125		0.617245
341.25		0.617245
341.375		0.617245
341.5		0.617245
341.625		0.617245
341.75		0.617245
341.875		0.617245
342		0.617245
342.125		0.617245
342.25		0.617245
342.375		0.617245
342.5		0.617245
342.625		0.617245
342.75		0.617245
342.875		0.617245
343		0.617245
343.125		0.617245
343.25		0.617245
343.375		0.617245
343.5		0.617245
343.625		0.617245
343.75		0.617245
343.875		0.617245
344		0.617245
344.125		0.617245
344.25		0.617245
344.375		0.617245
344.5		0.617245
344.625		0.617245
344.75		0.617245
344.875		0.617245
345		0.617245
345.125		0.640577
345.25		0.640577
345.375		0.640577
345.5		0.640577
345.625		0.640577
345.75		0.640577
345.875		0.640577
346		0.640577
346.125		0.640577
346.25		0.640577
346.375		0.640577
346.5		0.640577
346.625		0.640577
346.75		0.640577
346.875		0.640577
347		0.640577
347.125		0.640577
347.25		0.640577
347.375		0.640577
347.5		0.640577
347.625		0.640577
347.75		0.640577
347.875		0.640577
348		0.640577
348.125		0.640577
348.25		0.640577
348.375		0.640577
348.5		0.640577
348.625		0.640577
348.75		0.640577
348.875		0.640577
349		0.640577
349.125		0.640577
349.25		0.640577
349.375		0.640577
349.5		0.640577
349.625		0.640577
349.75		0.640577
349.875		0.640577
350		0.640577
350.125		0.64991
350.25		0.64991
350.375		0.64991
350.5		0.64991
350.625		0.64991
350.75		0.64991
350.875		0.64991
351		0.64991
351.125		0.64991
351.25		0.64991
351.375		0.64991
351.5		0.64991
351.625		0.64991
351.75		0.64991
351.875		0.64991
352		0.64991
352.125		0.64991
352.25		0.64991
352.375		0.64991
352.5		0.64991
352.625		0.64991
352.75		0.64991
352.875		0.64991
353		0.64991
353.125		0.64991
353.25		0.64991
353.375		0.64991
353.5		0.64991
353.625		0.64991
353.75		0.64991
353.875		0.64991
354		0.64991
354.125		0.64991
354.25		0.64991
354.375		0.64991
354.5		0.64991
354.625		0.64991
354.75		0.64991
354.875		0.64991
355		0.64991
355.125		0.657652
355.25		0.657652
355.375		0.657652
355.5		0.657652
355.625		0.657652
355.75		0.657652
355.875		0.657652
356		0.657652
356.125		0.657652
356.25		0.657652
356.375		0.657652
356.5		0.657652
356.625		0.657652
356.75		0.657652
356.875		0.657652
357		0.657652
357.125		0.657652
357.25		0.657652
357.375		0.657652
357.5		0.657652
357.625		0.657652
357.75		0.657652
357.875		0.657652
358		0.657652
358.125		0.657652
358.25		0.657652
358.375		0.657652
358.5		0.657652
358.625		0.657652
358.75		0.657652
358.875		0.657652
359		0.657652
359.125		0.657652
359.25		0.657652
359.375		0.657652
359.5		0.657652
359.625		0.657652
359.75		0.657652
359.875		0.657652
360		0.657652
360.125		0.671227
360.25		0.671227
360.375		0.671227
360.5		0.671227
360.625		0.671227
360.75		0.671227
360.875		0.671227
361		0.671227
361.125		0.671227
361.25		0.671227
361.375		0.671227
361.5		0.671227
361.625		0.671227
361.75		0.671227
361.875		0.671227
362		0.671227
362.125		0.671227
362.25		0.671227
362.375		0.671227
362.5		0.671227
362.625		0.671227
362.75		0.671227
362.875		0.671227
363		0.671227
363.125		0.671227
363.25		0.671227
363.375		0.671227
363.5		0.671227
363.625		0.671227
363.75		0.671227
363.875		0.671227
364		0.671227
364.125		0.671227
364.25		0.671227
364.375		0.671227
364.5		0.671227
364.625		0.671227
364.75		0.671227
364.875		0.671227
365		0.671227
365.125		0.675787
365.25		0.675787
365.375		0.675787
365.5		0.675787
365.625		0.675787
365.75		0.675787
365.875		0.675787
366		0.675787
366.125		0.675787
366.25		0.675787
366.375		0.675787
366.5		0.675787
366.625		0.675787
366.75		0.675787
366.875		0.675787
367		0.675787
367.125		0.675787
367.25		0.675787
367.375		0.675787
367.5		0.675787
367.625		0.675787
367.75		0.675787
367.875		0.675787
368		0.675787
368.125		0.675787
368.25		0.675787
368.375		0.675787
368.5		0.675787
368.625		0.675787
368.75		0.675787
368.875		0.675787
369		0.675787
369.125		0.675787
369.25		0.675787
369.375		0.675787
369.5		0.675787
369.625		0.675787
369.75		0.675787
369.875		0.675787
370		0.675787
370.125		0.677378
370.25		0.677378
370.375		0.677378
370.5		0.677378
370.625		0.677378
370.75		0.677378
370.875		0.677378
371		0.677378
371.125		0.677378
371.25		0.677378
371.375		0.677378
371.5		0.677378
371.625		0.677378
371.75		0.677378
371.875		0.677378
372		0.677378
372.125		0.677378
372.25		0.677378
372.375		0.677378
372.5		0.677378
372.625		0.677378
372.75		0.677378
372.875		0.677378
373		0.677378
373.125		0.677378
373.25		0.677378
373.375		0.677378
373.5		0.677378
373.625		0.677378
373.75		0.677378
373.875		0.677378
374		0.677378
374.125		0.677378
374.25		0.677378
374.375		0.677378
374.5		0.677378
374.625		0.677378
374.75		0.677378
374.875		0.677378
375		0.677378
375.125		0.705165
375.25		0.705165
375.375		0.705165
375.5		0.705165
375.625		0.705165
375.75		0.705165
375.875		0.705165
376		0.705165
376.125		0.705165
376.25		0.705165
376.375		0.705165
376.5		0.705165
376.625		0.705165
376.75		0.705165
376.875		0.705165
377		0.705165
377.125		0.705165
377.25		0.705165
377.375		0.705165
377.5		0.705165
377.625		0.705165
377.75		0.705165
377.875		0.705165
378		0.705165
378.125		0.705165
378.25		0.705165
378.375		0.705165
378.5		0.705165
378.625		0.705165
378.75		0.705165
378.875		0.705165
379		0.705165
379.125		0.705165
379.25		0.705165
379.375		0.705165
379.5		0.705165
379.625		0.705165
379.75		0.705165
379.875		0.705165
380		0.705165
380.125		0.708983
380.25		0.708983
380.375		0.708983
380.5		0.708983
380.625		0.708983
380.75		0.708983
380.875		0.708983
381		0.708983
381.125		0.708983
381.25		0.708983
381.375		0.708983
381.5		0.708983
381.625		0.708983
381.75		0.708983
381.875		0.708983
382		0.708983
382.125		0.708983
382.25		0.708983
382.375		0.708983
382.5		0.708983
382.625		0.708983
382.75		0.708983
382.875		0.708983
383		0.708983
383.125		0.708983
383.25		0.708983
383.375		0.708983
383.5		0.708983
383.625		0.708983
383.75		0.708983
383.875		0.708983
384		0.708983
384.125		0.708983
384.25		0.708983
384.375		0.708983
384.5		0.708983
384.625		0.708983
384.75		0.708983
384.875		0.708983
385		0.708983
385.125		0.719695
385.25		0.719695
385.375		0.719695
385.5		0.719695
385.625		0.719695
385.75		0.719695
385.875		0.719695
386		0.719695
386.125		0.719695
386.25		0.719695
386.375		0.719695
386.5		0.719695
386.625		0.719695
386.75		0.719695
386.875		0.719695
387		0.719695
387.125		0.719695
387.25		0.719695
387.375		0.719695
387.5		0.719695
387.625		0.719695
387.75		0.719695
387.875		0.719695
388		0.719695
388.125		0.719695
388.25		0.719695
388.375		0.719695
388.5		0.719695
388.625		0.719695
388.75		0.719695
388.875		0.719695
389		0.719695
389.125		0.719695
389.25		0.719695
389.375		0.719695
389.5		0.719695
389.625		0.719695
389.75		0.719695
389.875		0.719695
390		0.719695
390.125		0.7373
390.25		0.7373
390.375		0.7373
390.5		0.7373
390.625		0.7373
390.75		0.7373
390.875		0.7373
391		0.7373
391.125		0.7373
391.25		0.7373
391.375		0.7373
391.5		0.7373
391.625		0.7373
391.75		0.7373
391.875		0.7373
392		0.7373
392.125		0.7373
392.25		0.7373
392.375		0.7373
392.5		0.7373
392.625		0.7373
392.75		0.7373
392.875		0.7373
393		0.7373
393.125		0.7373
393.25		0.7373
393.375		0.7373
393.5		0.7373
393.625		0.7373
393.75		0.7373
393.875		0.7373
394		0.7373
394.125		0.7373
394.25		0.7373
394.375		0.7373
394.5		0.7373
394.625		0.7373
394.75		0.7373
394.875		0.7373
395		0.7373
395.125		0.746421
395.25		0.746421
395.375		0.746421
395.5		0.746421
395.625		0.746421
395.75		0.746421
395.875		0.746421
396		0.746421
396.125		0.746421
396.25		0.746421
396.375		0.746421
396.5		0.746421
396.625		0.746421
396.75		0.746421
396.875		0.746421
397		0.746421
397.125		0.746421
397.25		0.746421
397.375		0.746421
397.5		0.746421
397.625		0.746421
397.75		0.746421
397.875		0.746421
398		0.746421
398.125		0.746421
398.25		0.746421
398.375		0.746421
398.5		0.746421
398.625		0.746421
398.75		0.746421
398.875		0.746421
399		0.746421
399.125		0.746421
399.25		0.746421
399.375		0.746421
399.5		0.746421
399.625		0.746421
399.75		0.746421
399.875		0.746421
400		0.746421
400.125		0.764768
400.25		0.764768
400.375		0.764768
400.5		0.764768
400.625		0.764768
400.75		0.764768
400.875		0.764768
401		0.764768
401.125		0.764768
401.25		0.764768
401.375		0.764768
401.5		0.764768
401.625		0.764768
401.75		0.764768
401.875		0.764768
402		0.764768
402.125		0.764768
402.25		0.764768
402.375		0.764768
402.5		0.764768
402.625		0.764768
402.75		0.764768
402.875		0.764768
403		0.764768
403.125		0.764768
403.25		0.764768
403.375		0.764768
403.5		0.764768
403.625		0.764768
403.75		0.764768
403.875		0.764768
404		0.764768
404.125		0.764768
404.25		0.764768
404.375		0.764768
404.5		0.764768
404.625		0.764768
404.75		0.764768
404.875		0.764768
405		0.764768
405.125		0.778556
405.25		0.778556
405.375		0.778556
405.5		0.778556
405.625		0.778556
405.75		0.778556
405.875		0.778556
406		0.778556
406.125		0.778556
406.25		0.778556
406.375		0.778556
406.5		0.778556
406.625		0.778556
406.75		0.778556
406.875		0.778556
407		0.778556
407.125		0.778556
407.25		0.778556
407.375		0.778556
407.5		0.778556
407.625		0.778556
407.75		0.778556
407.875		0.778556
408		0.778556
408.125		0.778556
408.25		0.778556
408.375		0.778556
408.5		0.778556
408.625		0.778556
408.75		0.778556
408.875		0.778556
409		0.778556
409.125		0.778556
409.25		0.778556
409.375		0.778556
409.5		0.778556
409.625		0.778556
409.75		0.778556
409.875		0.778556
410		0.778556
410.125		0.78757
410.25		0.78757
410.375		0.78757
410.5		0.78757
410.625		0.78757
410.75		0.78757
410.875		0.78757
411		0.78757
411.125		0.78757
411.25		0.78757
411.375		0.78757
411.5		0.78757
411.625		0.78757
411.75		0.78757
411.875		0.78757
412		0.78757
412.125		0.78757
412.25		0.78757
412.375		0.78757
412.5		0.78757
412.625		0.78757
412.75		0.78757
412.875		0.78757
413		0.78757
413.125		0.78757
413.25		0.78757
413.375		0.78757
413.5		0.78757
413.625		0.78757
413.75		0.78757
413.875		0.78757
414		0.78757
414.125		0.78757
414.25		0.78757
414.375		0.78757
414.5		0.78757
414.625		0.78757
414.75		0.78757
414.875		0.78757
415		0.78757
415.125		0.793509
415.25		0.793509
415.375		0.793509
415.5		0.793509
415.625		0.793509
415.75		0.793509
415.875		0.793509
416		0.793509
416.125		0.793509
416.25		0.793509
416.375		0.793509
416.5		0.793509
416.625		0.793509
416.75		0.793509
416.875		0.793509
417		0.793509
417.125		0.793509
417.25		0.793509
417.375		0.793509
417.5		0.793509
417.625		0.793509
417.75		0.793509
417.875		0.793509
418		0.793509
418.125		0.793509
418.25		0.793509
418.375		0.793509
418.5		0.793509
418.625		0.793509
418.75		0.793509
418.875		0.793509
419		0.793509
419.125		0.793509
419.25		0.793509
419.375		0.793509
419.5		0.793509
419.625		0.793509
419.75		0.793509
419.875		0.793509
420		0.793509
420.125		0.815993
420.25		0.815993
420.375		0.815993
420.5		0.815993
420.625		0.815993
420.75		0.815993
420.875		0.815993
421		0.815993
421.125		0.815993
421.25		0.815993
421.375		0.815993
421.5		0.815993
421.625		0.815993
421.75		0.815993
421.875		0.815993
422		0.815993
422.125		0.815993
422.25		0.815993
422.375		0.815993
422.5		0.815993
422.625		0.815993
422.75		0.815993
422.875		0.815993
423		0.815993
423.125		0.815993
423.25		0.815993
423.375		0.815993
423.5		0.815993
423.625		0.815993
423.75		0.815993
423.875		0.815993
424		0.815993
424.125		0.815993
424.25		0.815993
424.375		0.815993
424.5		0.815993
424.625		0.815993
424.75		0.815993
424.875		0.815993
425		0.815993
425.125		0.821826
425.25		0.821826
425.375		0.821826
425.5		0.821826
425.625		0.821826
425.75		0.821826
425.875		0.821826
426		0.821826
426.125		0.821826
426.25		0.821826
426.375		0.821826
426.5		0.821826
426.625		0.821826
426.75		0.821826
426.875		0.821826
427		0.821826
427.125		0.821826
427.25		0.821826
427.375		0.821826
427.5		0.821826
427.625		0.821826
427.75		0.821826
427.875		0.821826
428		0.821826
428.125		0.821826
428.25		0.821826
428.375		0.821826
428.5		0.821826
428.625		0.821826
428.75		0.821826
428.875		0.821826
429		0.821826
429.125		0.821826
429.25		0.821826
429.375		0.821826
429.5		0.821826
429.625		0.821826
429.75		0.821826
429.875		0.821826
430		0.821826
430.125		0.824372
430.25		0.824372
430.375		0.824372
430.5		0.824372
430.625		0.824372
430.75		0.824372
430.875		0.824372
431		0.824372
431.125		0.824372
431.25		0.824372
431.375		0.824372
431.5		0.824372
431.625		0.824372
431.75		0.824372
431.875		0.824372
432		0.824372
432.125		0.824372
432.25		0.824372
432.375		0.824372
432.5		0.824372
432.625		0.824372
432.75		0.824372
432.875		0.824372
433		0.824372
433.125		0.824372
433.25		0.824372
433.375		0.824372
433.5		0.824372
433.625		0.824372
433.75		0.824372
433.875		0.824372
434		0.824372
434.125		0.824372
434.25		0.824372
434.375		0.824372
434.5		0.824372
434.625		0.824372
434.75		0.824372
434.875		0.824372
435		0.824372
435.125		0.853961
435.25		0.853961
435.375		0.853961
435.5		0.853961
435.625		0.853961
435.75		0.853961
435.875		0.853961
436		0.853961
436.125		0.853961
436.25		0.853961
436.375		0.853961
436.5		0.853961
436.625		0.853961
436.75		0.853961
436.875		0.853961
437		0.853961
437.125		0.853961
437.25		0.853961
437.375		0.853961
437.5		0.853961
437.625		0.853961
437.75		0.853961
437.875		0.853961
438		0.853961
438.125		0.853961
438.25		0.853961
438.375		0.853961
438.5		0.853961
438.625		0.853961
438.75		0.853961
438.875		0.853961
439		0.853961
439.125		0.853961
439.25		0.853961
439.375		0.853961
439.5		0.853961
439.625		0.853961
439.75		0.853961
439.875		0.853961
440		0.853961
440.125		0.868279
440.25		0.868279
440.375		0.868279
440.5		0.868279
440.625		0.868279
440.75		0.868279
440.875		0.868279
441		0.868279
441.125		0.868279
441.25		0.868279
441.375		0.868279
441.5		0.868279
441.625		0.868279
441.75		0.868279
441.875		0.868279
442		0.868279
442.125		0.868279
442.25		0.868279
442.375		0.868279
442.5		0.868279
442.625		0.868279
442.75		0.868279
442.875		0.868279
443		0.868279
443.125		0.868279
443.25		0.868279
443.375		0.868279
443.5		0.868279
443.625		0.868279
443.75		0.868279
443.875		0.868279
444		0.868279
444.125		0.868279
444.25		0.868279
444.375		0.868279
444.5		0.868279
444.625		0.868279
444.75		0.868279
444.875		0.868279
445		0.868279
445.125		0.872309
445.25		0.872309
445.375		0.872309
445.5		0.872309
445.625		0.872309
445.75		0.872309
445.875		0.872309
446		0.872309
446.125		0.872309
446.25		0.872309
446.375		0.872309
446.5		0.872309
446.625		0.872309
446.75		0.872309
446.875		0.872309
447		0.872309
447.125		0.872309
447.25		0.872309
447.375		0.872309
447.5		0.872309
447.625		0.872309
447.75		0.872309
447.875		0.872309
448		0.872309
448.125		0.872309
448.25		0.872309
448.375		0.872309
448.5		0.872309
448.625		0.872309
448.75		0.872309
448.875		0.872309
449		0.872309
449.125		0.872309
449.25		0.872309
449.375		0.872309
449.5		0.872309
449.625		0.872309
449.75		0.872309
449.875		0.872309
450		0.872309
450.125		0.891081
450.25		0.891081
450.375		0.891081
450.5		0.891081
450.625		0.891081
450.75		0.891081
450.875		0.891081
451		0.891081
451.125		0.891081
451.25		0.891081
451.375		0.891081
451.5		0.891081
451.625		0.891081
451.75		0.891081
451.875		0.891081
452		0.891081
452.125		0.891081
452.25		0.891081
452.375		0.891081
452.5		0.891081
452.625		0.891081
452.75		0.891081
452.875		0.891081
453		0.891081
453.125		0.891081
453.25		0.891081
453.375		0.891081
453.5		0.891081
453.625		0.891081
453.75		0.891081
453.875		0.891081
454		0.891081
454.125		0.891081
454.25		0.891081
454.375		0.891081
454.5		0.891081
454.625		0.891081
454.75		0.891081
454.875		0.891081
455		0.891081
455.125		0.898293
455.25		0.898293
455.375		0.898293
455.5		0.898293
455.625		0.898293
455.75		0.898293
455.875		0.898293
456		0.898293
456.125		0.898293
456.25		0.898293
456.375		0.898293
456.5		0.898293
456.625		0.898293
456.75		0.898293
456.875		0.898293
457		0.898293
457.125		0.898293
457.25		0.898293
457.375		0.898293
457.5		0.898293
457.625		0.898293
457.75		0.898293
457.875		0.898293
458		0.898293
458.125		0.898293
458.25		0.898293
458.375		0.898293
458.5		0.898293
458.625		0.898293
458.75		0.898293
458.875		0.898293
459		0.898293
459.125		0.898293
459.25		0.898293
459.375		0.898293
459.5		0.898293
459.625		0.898293
459.75		0.898293
459.875		0.898293
460		0.898293
460.125		0.91314
460.25		0.91314
460.375		0.91314
460.5		0.91314
460.625		0.91314
460.75		0.91314
460.875		0.91314
461		0.91314
461.125		0.91314
461.25		0.91314
461.375		0.91314
461.5		0.91314
461.625		0.91314
461.75		0.91314
461.875		0.91314
462		0.91314
462.125		0.91314
462.25		0.91314
462.375		0.91314
462.5		0.91314
462.625		0.91314
462.75		0.91314
462.875		0.91314
463		0.91314
463.125		0.91314
463.25		0.91314
463.375		0.91314
463.5		0.91314
463.625		0.91314
463.75		0.91314
463.875		0.91314
464		0.91314
464.125		0.91314
464.25		0.91314
464.375		0.91314
464.5		0.91314
464.625		0.91314
464.75		0.91314
464.875		0.91314
465		0.91314
465.125		0.931488
465.25		0.931488
465.375		0.931488
465.5		0.931488
465.625		0.931488
465.75		0.931488
465.875		0.931488
466		0.931488
466.125		0.931488
466.25		0.931488
466.375		0.931488
466.5		0.931488
466.625		0.931488
466.75		0.931488
466.875		0.931488
467		0.931488
467.125		0.931488
467.25		0.931488
467.375		0.931488
467.5		0.931488
467.625		0.931488
467.75		0.931488
467.875		0.931488
468		0.931488
468.125		0.931488
468.25		0.931488
468.375		0.931488
468.5		0.931488
468.625		0.931488
468.75		0.931488
468.875		0.931488
469		0.931488
469.125		0.931488
469.25		0.931488
469.375		0.931488
469.5		0.931488
469.625		0.931488
469.75		0.931488
469.875		0.931488
470		0.931488
470.125		0.947714
470.25		0.947714
470.375		0.947714
470.5		0.947714
470.625		0.947714
470.75		0.947714
470.875		0.947714
471		0.947714
471.125		0.947714
471.25		0.947714
471.375		0.947714
471.5		0.947714
471.625		0.947714
471.75		0.947714
471.875		0.947714
472		0.947714
472.125		0.947714
472.25		0.947714
472.375		0.947714
472.5		0.947714
472.625		0.947714
472.75		0.947714
472.875		0.947714
473		0.947714
473.125		0.947714
473.25		0.947714
473.375		0.947714
473.5		0.947714
473.625		0.947714
473.75		0.947714
473.875		0.947714
474		0.947714
474.125		0.947714
474.25		0.947714
474.375		0.947714
474.5		0.947714
474.625		0.947714
474.75		0.947714
474.875		0.947714
475		0.947714
475.125		0.949411
475.25		0.949411
475.375		0.949411
475.5		0.949411
475.625		0.949411
475.75		0.949411
475.875		0.949411
476		0.949411
476.125		0.949411
476.25		0.949411
476.375		0.949411
476.5		0.949411
476.625		0.949411
476.75		0.949411
476.875		0.949411
477		0.949411
477.125		0.949411
477.25		0.949411
477.375		0.949411
477.5		0.949411
477.625		0.949411
477.75		0.949411
477.875		0.949411
478		0.949411
478.125		0.949411
478.25		0.949411
478.375		0.949411
478.5		0.949411
478.625		0.949411
478.75		0.949411
478.875		0.949411
479		0.949411
479.125		0.949411
479.25		0.949411
479.375		0.949411
479.5		0.949411
479.625		0.949411
479.75		0.949411
479.875		0.949411
480		0.949411
480.125		0.973486
480.25		0.973486
480.375		0.973486
480.5		0.973486
480.625		0.973486
480.75		0.973486
480.875		0.973486
481		0.973486
481.125		0.973486
481.25		0.973486
481.375		0.973486
481.5		0.973486
481.625		0.973486
481.75		0.973486
481.875		0.973486
482		0.973486
482.125		0.973486
482.25		0.973486
482.375		0.973486
482.5		0.973486
482.625		0.973486
482.75		0.973486
482.875		0.973486
483		0.973486
483.125		0.973486
483.25		0.973486
483.375		0.973486
483.5		0.973486
483.625		0.973486
483.75		0.973486
483.875		0.973486
484		0.973486
484.125		0.973486
484.25		0.973486
484.375		0.973486
484.5		0.973486
484.625		0.973486
484.75		0.973486
484.875		0.973486
485		0.973486
485.125		0.980804
485.25		0.980804
485.375		0.980804
485.5		0.980804
485.625		0.980804
485.75		0.980804
485.875		0.980804
486		0.980804
486.125		0.980804
486.25		0.980804
486.375		0.980804
486.5		0.980804
486.625		0.980804
486.75		0.980804
486.875		0.980804
487		0.980804
487.125		0.980804
487.25		0.980804
487.375		0.980804
487.5		0.980804
487.625		0.980804
487.75		0.980804
487.875		0.980804
488		0.980804
488.125		0.980804
488.25		0.980804
488.375		0.980804
488.5		0.980804
488.625		0.980804
488.75		0.980804
488.875		0.980804
489		0.980804
489.125		0.980804
489.25		0.980804
489.375		0.980804
489.5		0.980804
489.625		0.980804
489.75		0.980804
489.875		0.980804
490		0.980804
490.125		0.993106
490.25		0.993106
490.375		0.993106
490.5		0.993106
490.625		0.993106
490.75		0.993106
490.875		0.993106
491		0.993106
491.125		0.993106
491.25		0.993106
491.375		0.993106
491.5		0.993106
491.625		0.993106
491.75		0.993106
491.875		0.993106
492		0.993106
492.125		0.993106
492.25		0.993106
492.375		0.993106
492.5		0.993106
492.625		0.993106
492.75		0.993106
492.875		0.993106
493		0.993106
493.125		0.993106
493.25		0.993106
493.375		0.993106
493.5		0.993106
493.625		0.993106
493.75		0.993106
493.875		0.993106
494		0.993106
494.125		0.993106
494.25		0.993106
494.375		0.993106
494.5		0.993106
494.625		0.993106
494.75		0.993106
494.875		0.993106
495		0.993106
495.125		1
495.25		1
495.375		1
495.5		1
495.625		1
495.75		1
495.875		1
496		1
496.125		1
496.25		1
496.375		1
496.5		1
496.625		1
496.75		1
496.875		1
497		1
497.125		1
497.25		1
497.375		1
497.5		1
497.625		1
497.75		1
497.875		1
498		1
498.125		1
498.25		1
498.375		1
498.5		1
498.625		1
498.75		1
498.875		1
499		1
499.125		1
499.25		1
499.375		1
499.5		1
499.625		1
499.75		1
499.875		1
500		1
