# Calibration file of tamex_id 1 @ channel 29
# fine_T bin		 Calibration value
0.125		0
0.25		0
0.375		0
0.5		0
0.625		0
0.75		0
0.875		0
1		0
1.125		0
1.25		0
1.375		0
1.5		0
1.625		0
1.75		0
1.875		0
2		0
2.125		0
2.25		0
2.375		0
2.5		0
2.625		0
2.75		0
2.875		0
3		0
3.125		0
3.25		0
3.375		0
3.5		0
3.625		0
3.75		0
3.875		0
4		0
4.125		0
4.25		0
4.375		0
4.5		0
4.625		0
4.75		0
4.875		0
5		0
5.125		0
5.25		0
5.375		0
5.5		0
5.625		0
5.75		0
5.875		0
6		0
6.125		0
6.25		0
6.375		0
6.5		0
6.625		0
6.75		0
6.875		0
7		0
7.125		0
7.25		0
7.375		0
7.5		0
7.625		0
7.75		0
7.875		0
8		0
8.125		0
8.25		0
8.375		0
8.5		0
8.625		0
8.75		0
8.875		0
9		0
9.125		0
9.25		0
9.375		0
9.5		0
9.625		0
9.75		0
9.875		0
10		0
10.125		0
10.25		0
10.375		0
10.5		0
10.625		0
10.75		0
10.875		0
11		0
11.125		0
11.25		0
11.375		0
11.5		0
11.625		0
11.75		0
11.875		0
12		0
12.125		0
12.25		0
12.375		0
12.5		0
12.625		0
12.75		0
12.875		0
13		0
13.125		0
13.25		0
13.375		0
13.5		0
13.625		0
13.75		0
13.875		0
14		0
14.125		0
14.25		0
14.375		0
14.5		0
14.625		0
14.75		0
14.875		0
15		0
15.125		0
15.25		0
15.375		0
15.5		0
15.625		0
15.75		0
15.875		0
16		0
16.125		0
16.25		0
16.375		0
16.5		0
16.625		0
16.75		0
16.875		0
17		0
17.125		0
17.25		0
17.375		0
17.5		0
17.625		0
17.75		0
17.875		0
18		0
18.125		0
18.25		0
18.375		0
18.5		0
18.625		0
18.75		0
18.875		0
19		0
19.125		0
19.25		0
19.375		0
19.5		0
19.625		0
19.75		0
19.875		0
20		0
20.125		0
20.25		0
20.375		0
20.5		0
20.625		0
20.75		0
20.875		0
21		0
21.125		0
21.25		0
21.375		0
21.5		0
21.625		0
21.75		0
21.875		0
22		0
22.125		0
22.25		0
22.375		0
22.5		0
22.625		0
22.75		0
22.875		0
23		0
23.125		0
23.25		0
23.375		0
23.5		0
23.625		0
23.75		0
23.875		0
24		0
24.125		0
24.25		0
24.375		0
24.5		0
24.625		0
24.75		0
24.875		0
25		0
25.125		0
25.25		0
25.375		0
25.5		0
25.625		0
25.75		0
25.875		0
26		0
26.125		0
26.25		0
26.375		0
26.5		0
26.625		0
26.75		0
26.875		0
27		0
27.125		0
27.25		0
27.375		0
27.5		0
27.625		0
27.75		0
27.875		0
28		0
28.125		0
28.25		0
28.375		0
28.5		0
28.625		0
28.75		0
28.875		0
29		0
29.125		0
29.25		0
29.375		0
29.5		0
29.625		0
29.75		0
29.875		0
30		0
30.125		0
30.25		0
30.375		0
30.5		0
30.625		0
30.75		0
30.875		0
31		0
31.125		0
31.25		0
31.375		0
31.5		0
31.625		0
31.75		0
31.875		0
32		0
32.125		0
32.25		0
32.375		0
32.5		0
32.625		0
32.75		0
32.875		0
33		0
33.125		0
33.25		0
33.375		0
33.5		0
33.625		0
33.75		0
33.875		0
34		0
34.125		0
34.25		0
34.375		0
34.5		0
34.625		0
34.75		0
34.875		0
35		0
35.125		0
35.25		0
35.375		0
35.5		0
35.625		0
35.75		0
35.875		0
36		0
36.125		0
36.25		0
36.375		0
36.5		0
36.625		0
36.75		0
36.875		0
37		0
37.125		0
37.25		0
37.375		0
37.5		0
37.625		0
37.75		0
37.875		0
38		0
38.125		0
38.25		0
38.375		0
38.5		0
38.625		0
38.75		0
38.875		0
39		0
39.125		0
39.25		0
39.375		0
39.5		0
39.625		0
39.75		0
39.875		0
40		0
40.125		0
40.25		0
40.375		0
40.5		0
40.625		0
40.75		0
40.875		0
41		0
41.125		0
41.25		0
41.375		0
41.5		0
41.625		0
41.75		0
41.875		0
42		0
42.125		0
42.25		0
42.375		0
42.5		0
42.625		0
42.75		0
42.875		0
43		0
43.125		0
43.25		0
43.375		0
43.5		0
43.625		0
43.75		0
43.875		0
44		0
44.125		0
44.25		0
44.375		0
44.5		0
44.625		0
44.75		0
44.875		0
45		0
45.125		0
45.25		0
45.375		0
45.5		0
45.625		0
45.75		0
45.875		0
46		0
46.125		0
46.25		0
46.375		0
46.5		0
46.625		0
46.75		0
46.875		0
47		0
47.125		0
47.25		0
47.375		0
47.5		0
47.625		0
47.75		0
47.875		0
48		0
48.125		0
48.25		0
48.375		0
48.5		0
48.625		0
48.75		0
48.875		0
49		0
49.125		0
49.25		0
49.375		0
49.5		0
49.625		0
49.75		0
49.875		0
50		0
50.125		0
50.25		0
50.375		0
50.5		0
50.625		0
50.75		0
50.875		0
51		0
51.125		0
51.25		0
51.375		0
51.5		0
51.625		0
51.75		0
51.875		0
52		0
52.125		0
52.25		0
52.375		0
52.5		0
52.625		0
52.75		0
52.875		0
53		0
53.125		0
53.25		0
53.375		0
53.5		0
53.625		0
53.75		0
53.875		0
54		0
54.125		0
54.25		0
54.375		0
54.5		0
54.625		0
54.75		0
54.875		0
55		0
55.125		0
55.25		0
55.375		0
55.5		0
55.625		0
55.75		0
55.875		0
56		0
56.125		0
56.25		0
56.375		0
56.5		0
56.625		0
56.75		0
56.875		0
57		0
57.125		0
57.25		0
57.375		0
57.5		0
57.625		0
57.75		0
57.875		0
58		0
58.125		0
58.25		0
58.375		0
58.5		0
58.625		0
58.75		0
58.875		0
59		0
59.125		0
59.25		0
59.375		0
59.5		0
59.625		0
59.75		0
59.875		0
60		0
60.125		0
60.25		0
60.375		0
60.5		0
60.625		0
60.75		0
60.875		0
61		0
61.125		0
61.25		0
61.375		0
61.5		0
61.625		0
61.75		0
61.875		0
62		0
62.125		0
62.25		0
62.375		0
62.5		0
62.625		0
62.75		0
62.875		0
63		0
63.125		0
63.25		0
63.375		0
63.5		0
63.625		0
63.75		0
63.875		0
64		0
64.125		0
64.25		0
64.375		0
64.5		0
64.625		0
64.75		0
64.875		0
65		0
65.125		0
65.25		0
65.375		0
65.5		0
65.625		0
65.75		0
65.875		0
66		0
66.125		0
66.25		0
66.375		0
66.5		0
66.625		0
66.75		0
66.875		0
67		0
67.125		0
67.25		0
67.375		0
67.5		0
67.625		0
67.75		0
67.875		0
68		0
68.125		0
68.25		0
68.375		0
68.5		0
68.625		0
68.75		0
68.875		0
69		0
69.125		0
69.25		0
69.375		0
69.5		0
69.625		0
69.75		0
69.875		0
70		0
70.125		0
70.25		0
70.375		0
70.5		0
70.625		0
70.75		0
70.875		0
71		0
71.125		0
71.25		0
71.375		0
71.5		0
71.625		0
71.75		0
71.875		0
72		0
72.125		0
72.25		0
72.375		0
72.5		0
72.625		0
72.75		0
72.875		0
73		0
73.125		0
73.25		0
73.375		0
73.5		0
73.625		0
73.75		0
73.875		0
74		0
74.125		0
74.25		0
74.375		0
74.5		0
74.625		0
74.75		0
74.875		0
75		0
75.125		0
75.25		0
75.375		0
75.5		0
75.625		0
75.75		0
75.875		0
76		0
76.125		0
76.25		0
76.375		0
76.5		0
76.625		0
76.75		0
76.875		0
77		0
77.125		0
77.25		0
77.375		0
77.5		0
77.625		0
77.75		0
77.875		0
78		0
78.125		0
78.25		0
78.375		0
78.5		0
78.625		0
78.75		0
78.875		0
79		0
79.125		0
79.25		0
79.375		0
79.5		0
79.625		0
79.75		0
79.875		0
80		0
80.125		0.0248756
80.25		0.0248756
80.375		0.0248756
80.5		0.0248756
80.625		0.0248756
80.75		0.0248756
80.875		0.0248756
81		0.0248756
81.125		0.0248756
81.25		0.0248756
81.375		0.0248756
81.5		0.0248756
81.625		0.0248756
81.75		0.0248756
81.875		0.0248756
82		0.0248756
82.125		0.0248756
82.25		0.0248756
82.375		0.0248756
82.5		0.0248756
82.625		0.0248756
82.75		0.0248756
82.875		0.0248756
83		0.0248756
83.125		0.0248756
83.25		0.0248756
83.375		0.0248756
83.5		0.0248756
83.625		0.0248756
83.75		0.0248756
83.875		0.0248756
84		0.0248756
84.125		0.0248756
84.25		0.0248756
84.375		0.0248756
84.5		0.0248756
84.625		0.0248756
84.75		0.0248756
84.875		0.0248756
85		0.0248756
85.125		0.0497512
85.25		0.0497512
85.375		0.0497512
85.5		0.0497512
85.625		0.0497512
85.75		0.0497512
85.875		0.0497512
86		0.0497512
86.125		0.0497512
86.25		0.0497512
86.375		0.0497512
86.5		0.0497512
86.625		0.0497512
86.75		0.0497512
86.875		0.0497512
87		0.0497512
87.125		0.0497512
87.25		0.0497512
87.375		0.0497512
87.5		0.0497512
87.625		0.0497512
87.75		0.0497512
87.875		0.0497512
88		0.0497512
88.125		0.0497512
88.25		0.0497512
88.375		0.0497512
88.5		0.0497512
88.625		0.0497512
88.75		0.0497512
88.875		0.0497512
89		0.0497512
89.125		0.0497512
89.25		0.0497512
89.375		0.0497512
89.5		0.0497512
89.625		0.0497512
89.75		0.0497512
89.875		0.0497512
90		0.0497512
90.125		0.0696517
90.25		0.0696517
90.375		0.0696517
90.5		0.0696517
90.625		0.0696517
90.75		0.0696517
90.875		0.0696517
91		0.0696517
91.125		0.0696517
91.25		0.0696517
91.375		0.0696517
91.5		0.0696517
91.625		0.0696517
91.75		0.0696517
91.875		0.0696517
92		0.0696517
92.125		0.0696517
92.25		0.0696517
92.375		0.0696517
92.5		0.0696517
92.625		0.0696517
92.75		0.0696517
92.875		0.0696517
93		0.0696517
93.125		0.0696517
93.25		0.0696517
93.375		0.0696517
93.5		0.0696517
93.625		0.0696517
93.75		0.0696517
93.875		0.0696517
94		0.0696517
94.125		0.0696517
94.25		0.0696517
94.375		0.0696517
94.5		0.0696517
94.625		0.0696517
94.75		0.0696517
94.875		0.0696517
95		0.0696517
95.125		0.0721393
95.25		0.0721393
95.375		0.0721393
95.5		0.0721393
95.625		0.0721393
95.75		0.0721393
95.875		0.0721393
96		0.0721393
96.125		0.0721393
96.25		0.0721393
96.375		0.0721393
96.5		0.0721393
96.625		0.0721393
96.75		0.0721393
96.875		0.0721393
97		0.0721393
97.125		0.0721393
97.25		0.0721393
97.375		0.0721393
97.5		0.0721393
97.625		0.0721393
97.75		0.0721393
97.875		0.0721393
98		0.0721393
98.125		0.0721393
98.25		0.0721393
98.375		0.0721393
98.5		0.0721393
98.625		0.0721393
98.75		0.0721393
98.875		0.0721393
99		0.0721393
99.125		0.0721393
99.25		0.0721393
99.375		0.0721393
99.5		0.0721393
99.625		0.0721393
99.75		0.0721393
99.875		0.0721393
100		0.0721393
100.125		0.0970149
100.25		0.0970149
100.375		0.0970149
100.5		0.0970149
100.625		0.0970149
100.75		0.0970149
100.875		0.0970149
101		0.0970149
101.125		0.0970149
101.25		0.0970149
101.375		0.0970149
101.5		0.0970149
101.625		0.0970149
101.75		0.0970149
101.875		0.0970149
102		0.0970149
102.125		0.0970149
102.25		0.0970149
102.375		0.0970149
102.5		0.0970149
102.625		0.0970149
102.75		0.0970149
102.875		0.0970149
103		0.0970149
103.125		0.0970149
103.25		0.0970149
103.375		0.0970149
103.5		0.0970149
103.625		0.0970149
103.75		0.0970149
103.875		0.0970149
104		0.0970149
104.125		0.0970149
104.25		0.0970149
104.375		0.0970149
104.5		0.0970149
104.625		0.0970149
104.75		0.0970149
104.875		0.0970149
105		0.0970149
105.125		0.109453
105.25		0.109453
105.375		0.109453
105.5		0.109453
105.625		0.109453
105.75		0.109453
105.875		0.109453
106		0.109453
106.125		0.109453
106.25		0.109453
106.375		0.109453
106.5		0.109453
106.625		0.109453
106.75		0.109453
106.875		0.109453
107		0.109453
107.125		0.109453
107.25		0.109453
107.375		0.109453
107.5		0.109453
107.625		0.109453
107.75		0.109453
107.875		0.109453
108		0.109453
108.125		0.109453
108.25		0.109453
108.375		0.109453
108.5		0.109453
108.625		0.109453
108.75		0.109453
108.875		0.109453
109		0.109453
109.125		0.109453
109.25		0.109453
109.375		0.109453
109.5		0.109453
109.625		0.109453
109.75		0.109453
109.875		0.109453
110		0.109453
110.125		0.125622
110.25		0.125622
110.375		0.125622
110.5		0.125622
110.625		0.125622
110.75		0.125622
110.875		0.125622
111		0.125622
111.125		0.125622
111.25		0.125622
111.375		0.125622
111.5		0.125622
111.625		0.125622
111.75		0.125622
111.875		0.125622
112		0.125622
112.125		0.125622
112.25		0.125622
112.375		0.125622
112.5		0.125622
112.625		0.125622
112.75		0.125622
112.875		0.125622
113		0.125622
113.125		0.125622
113.25		0.125622
113.375		0.125622
113.5		0.125622
113.625		0.125622
113.75		0.125622
113.875		0.125622
114		0.125622
114.125		0.125622
114.25		0.125622
114.375		0.125622
114.5		0.125622
114.625		0.125622
114.75		0.125622
114.875		0.125622
115		0.125622
115.125		0.130597
115.25		0.130597
115.375		0.130597
115.5		0.130597
115.625		0.130597
115.75		0.130597
115.875		0.130597
116		0.130597
116.125		0.130597
116.25		0.130597
116.375		0.130597
116.5		0.130597
116.625		0.130597
116.75		0.130597
116.875		0.130597
117		0.130597
117.125		0.130597
117.25		0.130597
117.375		0.130597
117.5		0.130597
117.625		0.130597
117.75		0.130597
117.875		0.130597
118		0.130597
118.125		0.130597
118.25		0.130597
118.375		0.130597
118.5		0.130597
118.625		0.130597
118.75		0.130597
118.875		0.130597
119		0.130597
119.125		0.130597
119.25		0.130597
119.375		0.130597
119.5		0.130597
119.625		0.130597
119.75		0.130597
119.875		0.130597
120		0.130597
120.125		0.150498
120.25		0.150498
120.375		0.150498
120.5		0.150498
120.625		0.150498
120.75		0.150498
120.875		0.150498
121		0.150498
121.125		0.150498
121.25		0.150498
121.375		0.150498
121.5		0.150498
121.625		0.150498
121.75		0.150498
121.875		0.150498
122		0.150498
122.125		0.150498
122.25		0.150498
122.375		0.150498
122.5		0.150498
122.625		0.150498
122.75		0.150498
122.875		0.150498
123		0.150498
123.125		0.150498
123.25		0.150498
123.375		0.150498
123.5		0.150498
123.625		0.150498
123.75		0.150498
123.875		0.150498
124		0.150498
124.125		0.150498
124.25		0.150498
124.375		0.150498
124.5		0.150498
124.625		0.150498
124.75		0.150498
124.875		0.150498
125		0.150498
125.125		0.162935
125.25		0.162935
125.375		0.162935
125.5		0.162935
125.625		0.162935
125.75		0.162935
125.875		0.162935
126		0.162935
126.125		0.162935
126.25		0.162935
126.375		0.162935
126.5		0.162935
126.625		0.162935
126.75		0.162935
126.875		0.162935
127		0.162935
127.125		0.162935
127.25		0.162935
127.375		0.162935
127.5		0.162935
127.625		0.162935
127.75		0.162935
127.875		0.162935
128		0.162935
128.125		0.162935
128.25		0.162935
128.375		0.162935
128.5		0.162935
128.625		0.162935
128.75		0.162935
128.875		0.162935
129		0.162935
129.125		0.162935
129.25		0.162935
129.375		0.162935
129.5		0.162935
129.625		0.162935
129.75		0.162935
129.875		0.162935
130		0.162935
130.125		0.16791
130.25		0.16791
130.375		0.16791
130.5		0.16791
130.625		0.16791
130.75		0.16791
130.875		0.16791
131		0.16791
131.125		0.16791
131.25		0.16791
131.375		0.16791
131.5		0.16791
131.625		0.16791
131.75		0.16791
131.875		0.16791
132		0.16791
132.125		0.16791
132.25		0.16791
132.375		0.16791
132.5		0.16791
132.625		0.16791
132.75		0.16791
132.875		0.16791
133		0.16791
133.125		0.16791
133.25		0.16791
133.375		0.16791
133.5		0.16791
133.625		0.16791
133.75		0.16791
133.875		0.16791
134		0.16791
134.125		0.16791
134.25		0.16791
134.375		0.16791
134.5		0.16791
134.625		0.16791
134.75		0.16791
134.875		0.16791
135		0.16791
135.125		0.179104
135.25		0.179104
135.375		0.179104
135.5		0.179104
135.625		0.179104
135.75		0.179104
135.875		0.179104
136		0.179104
136.125		0.179104
136.25		0.179104
136.375		0.179104
136.5		0.179104
136.625		0.179104
136.75		0.179104
136.875		0.179104
137		0.179104
137.125		0.179104
137.25		0.179104
137.375		0.179104
137.5		0.179104
137.625		0.179104
137.75		0.179104
137.875		0.179104
138		0.179104
138.125		0.179104
138.25		0.179104
138.375		0.179104
138.5		0.179104
138.625		0.179104
138.75		0.179104
138.875		0.179104
139		0.179104
139.125		0.179104
139.25		0.179104
139.375		0.179104
139.5		0.179104
139.625		0.179104
139.75		0.179104
139.875		0.179104
140		0.179104
140.125		0.201493
140.25		0.201493
140.375		0.201493
140.5		0.201493
140.625		0.201493
140.75		0.201493
140.875		0.201493
141		0.201493
141.125		0.201493
141.25		0.201493
141.375		0.201493
141.5		0.201493
141.625		0.201493
141.75		0.201493
141.875		0.201493
142		0.201493
142.125		0.201493
142.25		0.201493
142.375		0.201493
142.5		0.201493
142.625		0.201493
142.75		0.201493
142.875		0.201493
143		0.201493
143.125		0.201493
143.25		0.201493
143.375		0.201493
143.5		0.201493
143.625		0.201493
143.75		0.201493
143.875		0.201493
144		0.201493
144.125		0.201493
144.25		0.201493
144.375		0.201493
144.5		0.201493
144.625		0.201493
144.75		0.201493
144.875		0.201493
145		0.201493
145.125		0.207711
145.25		0.207711
145.375		0.207711
145.5		0.207711
145.625		0.207711
145.75		0.207711
145.875		0.207711
146		0.207711
146.125		0.207711
146.25		0.207711
146.375		0.207711
146.5		0.207711
146.625		0.207711
146.75		0.207711
146.875		0.207711
147		0.207711
147.125		0.207711
147.25		0.207711
147.375		0.207711
147.5		0.207711
147.625		0.207711
147.75		0.207711
147.875		0.207711
148		0.207711
148.125		0.207711
148.25		0.207711
148.375		0.207711
148.5		0.207711
148.625		0.207711
148.75		0.207711
148.875		0.207711
149		0.207711
149.125		0.207711
149.25		0.207711
149.375		0.207711
149.5		0.207711
149.625		0.207711
149.75		0.207711
149.875		0.207711
150		0.207711
150.125		0.207711
150.25		0.207711
150.375		0.207711
150.5		0.207711
150.625		0.207711
150.75		0.207711
150.875		0.207711
151		0.207711
151.125		0.207711
151.25		0.207711
151.375		0.207711
151.5		0.207711
151.625		0.207711
151.75		0.207711
151.875		0.207711
152		0.207711
152.125		0.207711
152.25		0.207711
152.375		0.207711
152.5		0.207711
152.625		0.207711
152.75		0.207711
152.875		0.207711
153		0.207711
153.125		0.207711
153.25		0.207711
153.375		0.207711
153.5		0.207711
153.625		0.207711
153.75		0.207711
153.875		0.207711
154		0.207711
154.125		0.207711
154.25		0.207711
154.375		0.207711
154.5		0.207711
154.625		0.207711
154.75		0.207711
154.875		0.207711
155		0.207711
155.125		0.231343
155.25		0.231343
155.375		0.231343
155.5		0.231343
155.625		0.231343
155.75		0.231343
155.875		0.231343
156		0.231343
156.125		0.231343
156.25		0.231343
156.375		0.231343
156.5		0.231343
156.625		0.231343
156.75		0.231343
156.875		0.231343
157		0.231343
157.125		0.231343
157.25		0.231343
157.375		0.231343
157.5		0.231343
157.625		0.231343
157.75		0.231343
157.875		0.231343
158		0.231343
158.125		0.231343
158.25		0.231343
158.375		0.231343
158.5		0.231343
158.625		0.231343
158.75		0.231343
158.875		0.231343
159		0.231343
159.125		0.231343
159.25		0.231343
159.375		0.231343
159.5		0.231343
159.625		0.231343
159.75		0.231343
159.875		0.231343
160		0.231343
160.125		0.252488
160.25		0.252488
160.375		0.252488
160.5		0.252488
160.625		0.252488
160.75		0.252488
160.875		0.252488
161		0.252488
161.125		0.252488
161.25		0.252488
161.375		0.252488
161.5		0.252488
161.625		0.252488
161.75		0.252488
161.875		0.252488
162		0.252488
162.125		0.252488
162.25		0.252488
162.375		0.252488
162.5		0.252488
162.625		0.252488
162.75		0.252488
162.875		0.252488
163		0.252488
163.125		0.252488
163.25		0.252488
163.375		0.252488
163.5		0.252488
163.625		0.252488
163.75		0.252488
163.875		0.252488
164		0.252488
164.125		0.252488
164.25		0.252488
164.375		0.252488
164.5		0.252488
164.625		0.252488
164.75		0.252488
164.875		0.252488
165		0.252488
165.125		0.253731
165.25		0.253731
165.375		0.253731
165.5		0.253731
165.625		0.253731
165.75		0.253731
165.875		0.253731
166		0.253731
166.125		0.253731
166.25		0.253731
166.375		0.253731
166.5		0.253731
166.625		0.253731
166.75		0.253731
166.875		0.253731
167		0.253731
167.125		0.253731
167.25		0.253731
167.375		0.253731
167.5		0.253731
167.625		0.253731
167.75		0.253731
167.875		0.253731
168		0.253731
168.125		0.253731
168.25		0.253731
168.375		0.253731
168.5		0.253731
168.625		0.253731
168.75		0.253731
168.875		0.253731
169		0.253731
169.125		0.253731
169.25		0.253731
169.375		0.253731
169.5		0.253731
169.625		0.253731
169.75		0.253731
169.875		0.253731
170		0.253731
170.125		0.264925
170.25		0.264925
170.375		0.264925
170.5		0.264925
170.625		0.264925
170.75		0.264925
170.875		0.264925
171		0.264925
171.125		0.264925
171.25		0.264925
171.375		0.264925
171.5		0.264925
171.625		0.264925
171.75		0.264925
171.875		0.264925
172		0.264925
172.125		0.264925
172.25		0.264925
172.375		0.264925
172.5		0.264925
172.625		0.264925
172.75		0.264925
172.875		0.264925
173		0.264925
173.125		0.264925
173.25		0.264925
173.375		0.264925
173.5		0.264925
173.625		0.264925
173.75		0.264925
173.875		0.264925
174		0.264925
174.125		0.264925
174.25		0.264925
174.375		0.264925
174.5		0.264925
174.625		0.264925
174.75		0.264925
174.875		0.264925
175		0.264925
175.125		0.272388
175.25		0.272388
175.375		0.272388
175.5		0.272388
175.625		0.272388
175.75		0.272388
175.875		0.272388
176		0.272388
176.125		0.272388
176.25		0.272388
176.375		0.272388
176.5		0.272388
176.625		0.272388
176.75		0.272388
176.875		0.272388
177		0.272388
177.125		0.272388
177.25		0.272388
177.375		0.272388
177.5		0.272388
177.625		0.272388
177.75		0.272388
177.875		0.272388
178		0.272388
178.125		0.272388
178.25		0.272388
178.375		0.272388
178.5		0.272388
178.625		0.272388
178.75		0.272388
178.875		0.272388
179		0.272388
179.125		0.272388
179.25		0.272388
179.375		0.272388
179.5		0.272388
179.625		0.272388
179.75		0.272388
179.875		0.272388
180		0.272388
180.125		0.298507
180.25		0.298507
180.375		0.298507
180.5		0.298507
180.625		0.298507
180.75		0.298507
180.875		0.298507
181		0.298507
181.125		0.298507
181.25		0.298507
181.375		0.298507
181.5		0.298507
181.625		0.298507
181.75		0.298507
181.875		0.298507
182		0.298507
182.125		0.298507
182.25		0.298507
182.375		0.298507
182.5		0.298507
182.625		0.298507
182.75		0.298507
182.875		0.298507
183		0.298507
183.125		0.298507
183.25		0.298507
183.375		0.298507
183.5		0.298507
183.625		0.298507
183.75		0.298507
183.875		0.298507
184		0.298507
184.125		0.298507
184.25		0.298507
184.375		0.298507
184.5		0.298507
184.625		0.298507
184.75		0.298507
184.875		0.298507
185		0.298507
185.125		0.308458
185.25		0.308458
185.375		0.308458
185.5		0.308458
185.625		0.308458
185.75		0.308458
185.875		0.308458
186		0.308458
186.125		0.308458
186.25		0.308458
186.375		0.308458
186.5		0.308458
186.625		0.308458
186.75		0.308458
186.875		0.308458
187		0.308458
187.125		0.308458
187.25		0.308458
187.375		0.308458
187.5		0.308458
187.625		0.308458
187.75		0.308458
187.875		0.308458
188		0.308458
188.125		0.308458
188.25		0.308458
188.375		0.308458
188.5		0.308458
188.625		0.308458
188.75		0.308458
188.875		0.308458
189		0.308458
189.125		0.308458
189.25		0.308458
189.375		0.308458
189.5		0.308458
189.625		0.308458
189.75		0.308458
189.875		0.308458
190		0.308458
190.125		0.327114
190.25		0.327114
190.375		0.327114
190.5		0.327114
190.625		0.327114
190.75		0.327114
190.875		0.327114
191		0.327114
191.125		0.327114
191.25		0.327114
191.375		0.327114
191.5		0.327114
191.625		0.327114
191.75		0.327114
191.875		0.327114
192		0.327114
192.125		0.327114
192.25		0.327114
192.375		0.327114
192.5		0.327114
192.625		0.327114
192.75		0.327114
192.875		0.327114
193		0.327114
193.125		0.327114
193.25		0.327114
193.375		0.327114
193.5		0.327114
193.625		0.327114
193.75		0.327114
193.875		0.327114
194		0.327114
194.125		0.327114
194.25		0.327114
194.375		0.327114
194.5		0.327114
194.625		0.327114
194.75		0.327114
194.875		0.327114
195		0.327114
195.125		0.329602
195.25		0.329602
195.375		0.329602
195.5		0.329602
195.625		0.329602
195.75		0.329602
195.875		0.329602
196		0.329602
196.125		0.329602
196.25		0.329602
196.375		0.329602
196.5		0.329602
196.625		0.329602
196.75		0.329602
196.875		0.329602
197		0.329602
197.125		0.329602
197.25		0.329602
197.375		0.329602
197.5		0.329602
197.625		0.329602
197.75		0.329602
197.875		0.329602
198		0.329602
198.125		0.329602
198.25		0.329602
198.375		0.329602
198.5		0.329602
198.625		0.329602
198.75		0.329602
198.875		0.329602
199		0.329602
199.125		0.329602
199.25		0.329602
199.375		0.329602
199.5		0.329602
199.625		0.329602
199.75		0.329602
199.875		0.329602
200		0.329602
200.125		0.335821
200.25		0.335821
200.375		0.335821
200.5		0.335821
200.625		0.335821
200.75		0.335821
200.875		0.335821
201		0.335821
201.125		0.335821
201.25		0.335821
201.375		0.335821
201.5		0.335821
201.625		0.335821
201.75		0.335821
201.875		0.335821
202		0.335821
202.125		0.335821
202.25		0.335821
202.375		0.335821
202.5		0.335821
202.625		0.335821
202.75		0.335821
202.875		0.335821
203		0.335821
203.125		0.335821
203.25		0.335821
203.375		0.335821
203.5		0.335821
203.625		0.335821
203.75		0.335821
203.875		0.335821
204		0.335821
204.125		0.335821
204.25		0.335821
204.375		0.335821
204.5		0.335821
204.625		0.335821
204.75		0.335821
204.875		0.335821
205		0.335821
205.125		0.349502
205.25		0.349502
205.375		0.349502
205.5		0.349502
205.625		0.349502
205.75		0.349502
205.875		0.349502
206		0.349502
206.125		0.349502
206.25		0.349502
206.375		0.349502
206.5		0.349502
206.625		0.349502
206.75		0.349502
206.875		0.349502
207		0.349502
207.125		0.349502
207.25		0.349502
207.375		0.349502
207.5		0.349502
207.625		0.349502
207.75		0.349502
207.875		0.349502
208		0.349502
208.125		0.349502
208.25		0.349502
208.375		0.349502
208.5		0.349502
208.625		0.349502
208.75		0.349502
208.875		0.349502
209		0.349502
209.125		0.349502
209.25		0.349502
209.375		0.349502
209.5		0.349502
209.625		0.349502
209.75		0.349502
209.875		0.349502
210		0.349502
210.125		0.354478
210.25		0.354478
210.375		0.354478
210.5		0.354478
210.625		0.354478
210.75		0.354478
210.875		0.354478
211		0.354478
211.125		0.354478
211.25		0.354478
211.375		0.354478
211.5		0.354478
211.625		0.354478
211.75		0.354478
211.875		0.354478
212		0.354478
212.125		0.354478
212.25		0.354478
212.375		0.354478
212.5		0.354478
212.625		0.354478
212.75		0.354478
212.875		0.354478
213		0.354478
213.125		0.354478
213.25		0.354478
213.375		0.354478
213.5		0.354478
213.625		0.354478
213.75		0.354478
213.875		0.354478
214		0.354478
214.125		0.354478
214.25		0.354478
214.375		0.354478
214.5		0.354478
214.625		0.354478
214.75		0.354478
214.875		0.354478
215		0.354478
215.125		0.356965
215.25		0.356965
215.375		0.356965
215.5		0.356965
215.625		0.356965
215.75		0.356965
215.875		0.356965
216		0.356965
216.125		0.356965
216.25		0.356965
216.375		0.356965
216.5		0.356965
216.625		0.356965
216.75		0.356965
216.875		0.356965
217		0.356965
217.125		0.356965
217.25		0.356965
217.375		0.356965
217.5		0.356965
217.625		0.356965
217.75		0.356965
217.875		0.356965
218		0.356965
218.125		0.356965
218.25		0.356965
218.375		0.356965
218.5		0.356965
218.625		0.356965
218.75		0.356965
218.875		0.356965
219		0.356965
219.125		0.356965
219.25		0.356965
219.375		0.356965
219.5		0.356965
219.625		0.356965
219.75		0.356965
219.875		0.356965
220		0.356965
220.125		0.374378
220.25		0.374378
220.375		0.374378
220.5		0.374378
220.625		0.374378
220.75		0.374378
220.875		0.374378
221		0.374378
221.125		0.374378
221.25		0.374378
221.375		0.374378
221.5		0.374378
221.625		0.374378
221.75		0.374378
221.875		0.374378
222		0.374378
222.125		0.374378
222.25		0.374378
222.375		0.374378
222.5		0.374378
222.625		0.374378
222.75		0.374378
222.875		0.374378
223		0.374378
223.125		0.374378
223.25		0.374378
223.375		0.374378
223.5		0.374378
223.625		0.374378
223.75		0.374378
223.875		0.374378
224		0.374378
224.125		0.374378
224.25		0.374378
224.375		0.374378
224.5		0.374378
224.625		0.374378
224.75		0.374378
224.875		0.374378
225		0.374378
225.125		0.383085
225.25		0.383085
225.375		0.383085
225.5		0.383085
225.625		0.383085
225.75		0.383085
225.875		0.383085
226		0.383085
226.125		0.383085
226.25		0.383085
226.375		0.383085
226.5		0.383085
226.625		0.383085
226.75		0.383085
226.875		0.383085
227		0.383085
227.125		0.383085
227.25		0.383085
227.375		0.383085
227.5		0.383085
227.625		0.383085
227.75		0.383085
227.875		0.383085
228		0.383085
228.125		0.383085
228.25		0.383085
228.375		0.383085
228.5		0.383085
228.625		0.383085
228.75		0.383085
228.875		0.383085
229		0.383085
229.125		0.383085
229.25		0.383085
229.375		0.383085
229.5		0.383085
229.625		0.383085
229.75		0.383085
229.875		0.383085
230		0.383085
230.125		0.395522
230.25		0.395522
230.375		0.395522
230.5		0.395522
230.625		0.395522
230.75		0.395522
230.875		0.395522
231		0.395522
231.125		0.395522
231.25		0.395522
231.375		0.395522
231.5		0.395522
231.625		0.395522
231.75		0.395522
231.875		0.395522
232		0.395522
232.125		0.395522
232.25		0.395522
232.375		0.395522
232.5		0.395522
232.625		0.395522
232.75		0.395522
232.875		0.395522
233		0.395522
233.125		0.395522
233.25		0.395522
233.375		0.395522
233.5		0.395522
233.625		0.395522
233.75		0.395522
233.875		0.395522
234		0.395522
234.125		0.395522
234.25		0.395522
234.375		0.395522
234.5		0.395522
234.625		0.395522
234.75		0.395522
234.875		0.395522
235		0.395522
235.125		0.400498
235.25		0.400498
235.375		0.400498
235.5		0.400498
235.625		0.400498
235.75		0.400498
235.875		0.400498
236		0.400498
236.125		0.400498
236.25		0.400498
236.375		0.400498
236.5		0.400498
236.625		0.400498
236.75		0.400498
236.875		0.400498
237		0.400498
237.125		0.400498
237.25		0.400498
237.375		0.400498
237.5		0.400498
237.625		0.400498
237.75		0.400498
237.875		0.400498
238		0.400498
238.125		0.400498
238.25		0.400498
238.375		0.400498
238.5		0.400498
238.625		0.400498
238.75		0.400498
238.875		0.400498
239		0.400498
239.125		0.400498
239.25		0.400498
239.375		0.400498
239.5		0.400498
239.625		0.400498
239.75		0.400498
239.875		0.400498
240		0.400498
240.125		0.400498
240.25		0.400498
240.375		0.400498
240.5		0.400498
240.625		0.400498
240.75		0.400498
240.875		0.400498
241		0.400498
241.125		0.400498
241.25		0.400498
241.375		0.400498
241.5		0.400498
241.625		0.400498
241.75		0.400498
241.875		0.400498
242		0.400498
242.125		0.400498
242.25		0.400498
242.375		0.400498
242.5		0.400498
242.625		0.400498
242.75		0.400498
242.875		0.400498
243		0.400498
243.125		0.400498
243.25		0.400498
243.375		0.400498
243.5		0.400498
243.625		0.400498
243.75		0.400498
243.875		0.400498
244		0.400498
244.125		0.400498
244.25		0.400498
244.375		0.400498
244.5		0.400498
244.625		0.400498
244.75		0.400498
244.875		0.400498
245		0.400498
245.125		0.424129
245.25		0.424129
245.375		0.424129
245.5		0.424129
245.625		0.424129
245.75		0.424129
245.875		0.424129
246		0.424129
246.125		0.424129
246.25		0.424129
246.375		0.424129
246.5		0.424129
246.625		0.424129
246.75		0.424129
246.875		0.424129
247		0.424129
247.125		0.424129
247.25		0.424129
247.375		0.424129
247.5		0.424129
247.625		0.424129
247.75		0.424129
247.875		0.424129
248		0.424129
248.125		0.424129
248.25		0.424129
248.375		0.424129
248.5		0.424129
248.625		0.424129
248.75		0.424129
248.875		0.424129
249		0.424129
249.125		0.424129
249.25		0.424129
249.375		0.424129
249.5		0.424129
249.625		0.424129
249.75		0.424129
249.875		0.424129
250		0.424129
250.125		0.436567
250.25		0.436567
250.375		0.436567
250.5		0.436567
250.625		0.436567
250.75		0.436567
250.875		0.436567
251		0.436567
251.125		0.436567
251.25		0.436567
251.375		0.436567
251.5		0.436567
251.625		0.436567
251.75		0.436567
251.875		0.436567
252		0.436567
252.125		0.436567
252.25		0.436567
252.375		0.436567
252.5		0.436567
252.625		0.436567
252.75		0.436567
252.875		0.436567
253		0.436567
253.125		0.436567
253.25		0.436567
253.375		0.436567
253.5		0.436567
253.625		0.436567
253.75		0.436567
253.875		0.436567
254		0.436567
254.125		0.436567
254.25		0.436567
254.375		0.436567
254.5		0.436567
254.625		0.436567
254.75		0.436567
254.875		0.436567
255		0.436567
255.125		0.446517
255.25		0.446517
255.375		0.446517
255.5		0.446517
255.625		0.446517
255.75		0.446517
255.875		0.446517
256		0.446517
256.125		0.446517
256.25		0.446517
256.375		0.446517
256.5		0.446517
256.625		0.446517
256.75		0.446517
256.875		0.446517
257		0.446517
257.125		0.446517
257.25		0.446517
257.375		0.446517
257.5		0.446517
257.625		0.446517
257.75		0.446517
257.875		0.446517
258		0.446517
258.125		0.446517
258.25		0.446517
258.375		0.446517
258.5		0.446517
258.625		0.446517
258.75		0.446517
258.875		0.446517
259		0.446517
259.125		0.446517
259.25		0.446517
259.375		0.446517
259.5		0.446517
259.625		0.446517
259.75		0.446517
259.875		0.446517
260		0.446517
260.125		0.449005
260.25		0.449005
260.375		0.449005
260.5		0.449005
260.625		0.449005
260.75		0.449005
260.875		0.449005
261		0.449005
261.125		0.449005
261.25		0.449005
261.375		0.449005
261.5		0.449005
261.625		0.449005
261.75		0.449005
261.875		0.449005
262		0.449005
262.125		0.449005
262.25		0.449005
262.375		0.449005
262.5		0.449005
262.625		0.449005
262.75		0.449005
262.875		0.449005
263		0.449005
263.125		0.449005
263.25		0.449005
263.375		0.449005
263.5		0.449005
263.625		0.449005
263.75		0.449005
263.875		0.449005
264		0.449005
264.125		0.449005
264.25		0.449005
264.375		0.449005
264.5		0.449005
264.625		0.449005
264.75		0.449005
264.875		0.449005
265		0.449005
265.125		0.449005
265.25		0.449005
265.375		0.449005
265.5		0.449005
265.625		0.449005
265.75		0.449005
265.875		0.449005
266		0.449005
266.125		0.449005
266.25		0.449005
266.375		0.449005
266.5		0.449005
266.625		0.449005
266.75		0.449005
266.875		0.449005
267		0.449005
267.125		0.449005
267.25		0.449005
267.375		0.449005
267.5		0.449005
267.625		0.449005
267.75		0.449005
267.875		0.449005
268		0.449005
268.125		0.449005
268.25		0.449005
268.375		0.449005
268.5		0.449005
268.625		0.449005
268.75		0.449005
268.875		0.449005
269		0.449005
269.125		0.449005
269.25		0.449005
269.375		0.449005
269.5		0.449005
269.625		0.449005
269.75		0.449005
269.875		0.449005
270		0.449005
270.125		0.475124
270.25		0.475124
270.375		0.475124
270.5		0.475124
270.625		0.475124
270.75		0.475124
270.875		0.475124
271		0.475124
271.125		0.475124
271.25		0.475124
271.375		0.475124
271.5		0.475124
271.625		0.475124
271.75		0.475124
271.875		0.475124
272		0.475124
272.125		0.475124
272.25		0.475124
272.375		0.475124
272.5		0.475124
272.625		0.475124
272.75		0.475124
272.875		0.475124
273		0.475124
273.125		0.475124
273.25		0.475124
273.375		0.475124
273.5		0.475124
273.625		0.475124
273.75		0.475124
273.875		0.475124
274		0.475124
274.125		0.475124
274.25		0.475124
274.375		0.475124
274.5		0.475124
274.625		0.475124
274.75		0.475124
274.875		0.475124
275		0.475124
275.125		0.4801
275.25		0.4801
275.375		0.4801
275.5		0.4801
275.625		0.4801
275.75		0.4801
275.875		0.4801
276		0.4801
276.125		0.4801
276.25		0.4801
276.375		0.4801
276.5		0.4801
276.625		0.4801
276.75		0.4801
276.875		0.4801
277		0.4801
277.125		0.4801
277.25		0.4801
277.375		0.4801
277.5		0.4801
277.625		0.4801
277.75		0.4801
277.875		0.4801
278		0.4801
278.125		0.4801
278.25		0.4801
278.375		0.4801
278.5		0.4801
278.625		0.4801
278.75		0.4801
278.875		0.4801
279		0.4801
279.125		0.4801
279.25		0.4801
279.375		0.4801
279.5		0.4801
279.625		0.4801
279.75		0.4801
279.875		0.4801
280		0.4801
280.125		0.483831
280.25		0.483831
280.375		0.483831
280.5		0.483831
280.625		0.483831
280.75		0.483831
280.875		0.483831
281		0.483831
281.125		0.483831
281.25		0.483831
281.375		0.483831
281.5		0.483831
281.625		0.483831
281.75		0.483831
281.875		0.483831
282		0.483831
282.125		0.483831
282.25		0.483831
282.375		0.483831
282.5		0.483831
282.625		0.483831
282.75		0.483831
282.875		0.483831
283		0.483831
283.125		0.483831
283.25		0.483831
283.375		0.483831
283.5		0.483831
283.625		0.483831
283.75		0.483831
283.875		0.483831
284		0.483831
284.125		0.483831
284.25		0.483831
284.375		0.483831
284.5		0.483831
284.625		0.483831
284.75		0.483831
284.875		0.483831
285		0.483831
285.125		0.493781
285.25		0.493781
285.375		0.493781
285.5		0.493781
285.625		0.493781
285.75		0.493781
285.875		0.493781
286		0.493781
286.125		0.493781
286.25		0.493781
286.375		0.493781
286.5		0.493781
286.625		0.493781
286.75		0.493781
286.875		0.493781
287		0.493781
287.125		0.493781
287.25		0.493781
287.375		0.493781
287.5		0.493781
287.625		0.493781
287.75		0.493781
287.875		0.493781
288		0.493781
288.125		0.493781
288.25		0.493781
288.375		0.493781
288.5		0.493781
288.625		0.493781
288.75		0.493781
288.875		0.493781
289		0.493781
289.125		0.493781
289.25		0.493781
289.375		0.493781
289.5		0.493781
289.625		0.493781
289.75		0.493781
289.875		0.493781
290		0.493781
290.125		0.521144
290.25		0.521144
290.375		0.521144
290.5		0.521144
290.625		0.521144
290.75		0.521144
290.875		0.521144
291		0.521144
291.125		0.521144
291.25		0.521144
291.375		0.521144
291.5		0.521144
291.625		0.521144
291.75		0.521144
291.875		0.521144
292		0.521144
292.125		0.521144
292.25		0.521144
292.375		0.521144
292.5		0.521144
292.625		0.521144
292.75		0.521144
292.875		0.521144
293		0.521144
293.125		0.521144
293.25		0.521144
293.375		0.521144
293.5		0.521144
293.625		0.521144
293.75		0.521144
293.875		0.521144
294		0.521144
294.125		0.521144
294.25		0.521144
294.375		0.521144
294.5		0.521144
294.625		0.521144
294.75		0.521144
294.875		0.521144
295		0.521144
295.125		0.526119
295.25		0.526119
295.375		0.526119
295.5		0.526119
295.625		0.526119
295.75		0.526119
295.875		0.526119
296		0.526119
296.125		0.526119
296.25		0.526119
296.375		0.526119
296.5		0.526119
296.625		0.526119
296.75		0.526119
296.875		0.526119
297		0.526119
297.125		0.526119
297.25		0.526119
297.375		0.526119
297.5		0.526119
297.625		0.526119
297.75		0.526119
297.875		0.526119
298		0.526119
298.125		0.526119
298.25		0.526119
298.375		0.526119
298.5		0.526119
298.625		0.526119
298.75		0.526119
298.875		0.526119
299		0.526119
299.125		0.526119
299.25		0.526119
299.375		0.526119
299.5		0.526119
299.625		0.526119
299.75		0.526119
299.875		0.526119
300		0.526119
300.125		0.527363
300.25		0.527363
300.375		0.527363
300.5		0.527363
300.625		0.527363
300.75		0.527363
300.875		0.527363
301		0.527363
301.125		0.527363
301.25		0.527363
301.375		0.527363
301.5		0.527363
301.625		0.527363
301.75		0.527363
301.875		0.527363
302		0.527363
302.125		0.527363
302.25		0.527363
302.375		0.527363
302.5		0.527363
302.625		0.527363
302.75		0.527363
302.875		0.527363
303		0.527363
303.125		0.527363
303.25		0.527363
303.375		0.527363
303.5		0.527363
303.625		0.527363
303.75		0.527363
303.875		0.527363
304		0.527363
304.125		0.527363
304.25		0.527363
304.375		0.527363
304.5		0.527363
304.625		0.527363
304.75		0.527363
304.875		0.527363
305		0.527363
305.125		0.539801
305.25		0.539801
305.375		0.539801
305.5		0.539801
305.625		0.539801
305.75		0.539801
305.875		0.539801
306		0.539801
306.125		0.539801
306.25		0.539801
306.375		0.539801
306.5		0.539801
306.625		0.539801
306.75		0.539801
306.875		0.539801
307		0.539801
307.125		0.539801
307.25		0.539801
307.375		0.539801
307.5		0.539801
307.625		0.539801
307.75		0.539801
307.875		0.539801
308		0.539801
308.125		0.539801
308.25		0.539801
308.375		0.539801
308.5		0.539801
308.625		0.539801
308.75		0.539801
308.875		0.539801
309		0.539801
309.125		0.539801
309.25		0.539801
309.375		0.539801
309.5		0.539801
309.625		0.539801
309.75		0.539801
309.875		0.539801
310		0.539801
310.125		0.559701
310.25		0.559701
310.375		0.559701
310.5		0.559701
310.625		0.559701
310.75		0.559701
310.875		0.559701
311		0.559701
311.125		0.559701
311.25		0.559701
311.375		0.559701
311.5		0.559701
311.625		0.559701
311.75		0.559701
311.875		0.559701
312		0.559701
312.125		0.559701
312.25		0.559701
312.375		0.559701
312.5		0.559701
312.625		0.559701
312.75		0.559701
312.875		0.559701
313		0.559701
313.125		0.559701
313.25		0.559701
313.375		0.559701
313.5		0.559701
313.625		0.559701
313.75		0.559701
313.875		0.559701
314		0.559701
314.125		0.559701
314.25		0.559701
314.375		0.559701
314.5		0.559701
314.625		0.559701
314.75		0.559701
314.875		0.559701
315		0.559701
315.125		0.563433
315.25		0.563433
315.375		0.563433
315.5		0.563433
315.625		0.563433
315.75		0.563433
315.875		0.563433
316		0.563433
316.125		0.563433
316.25		0.563433
316.375		0.563433
316.5		0.563433
316.625		0.563433
316.75		0.563433
316.875		0.563433
317		0.563433
317.125		0.563433
317.25		0.563433
317.375		0.563433
317.5		0.563433
317.625		0.563433
317.75		0.563433
317.875		0.563433
318		0.563433
318.125		0.563433
318.25		0.563433
318.375		0.563433
318.5		0.563433
318.625		0.563433
318.75		0.563433
318.875		0.563433
319		0.563433
319.125		0.563433
319.25		0.563433
319.375		0.563433
319.5		0.563433
319.625		0.563433
319.75		0.563433
319.875		0.563433
320		0.563433
320.125		0.579602
320.25		0.579602
320.375		0.579602
320.5		0.579602
320.625		0.579602
320.75		0.579602
320.875		0.579602
321		0.579602
321.125		0.579602
321.25		0.579602
321.375		0.579602
321.5		0.579602
321.625		0.579602
321.75		0.579602
321.875		0.579602
322		0.579602
322.125		0.579602
322.25		0.579602
322.375		0.579602
322.5		0.579602
322.625		0.579602
322.75		0.579602
322.875		0.579602
323		0.579602
323.125		0.579602
323.25		0.579602
323.375		0.579602
323.5		0.579602
323.625		0.579602
323.75		0.579602
323.875		0.579602
324		0.579602
324.125		0.579602
324.25		0.579602
324.375		0.579602
324.5		0.579602
324.625		0.579602
324.75		0.579602
324.875		0.579602
325		0.579602
325.125		0.589552
325.25		0.589552
325.375		0.589552
325.5		0.589552
325.625		0.589552
325.75		0.589552
325.875		0.589552
326		0.589552
326.125		0.589552
326.25		0.589552
326.375		0.589552
326.5		0.589552
326.625		0.589552
326.75		0.589552
326.875		0.589552
327		0.589552
327.125		0.589552
327.25		0.589552
327.375		0.589552
327.5		0.589552
327.625		0.589552
327.75		0.589552
327.875		0.589552
328		0.589552
328.125		0.589552
328.25		0.589552
328.375		0.589552
328.5		0.589552
328.625		0.589552
328.75		0.589552
328.875		0.589552
329		0.589552
329.125		0.589552
329.25		0.589552
329.375		0.589552
329.5		0.589552
329.625		0.589552
329.75		0.589552
329.875		0.589552
330		0.589552
330.125		0.614428
330.25		0.614428
330.375		0.614428
330.5		0.614428
330.625		0.614428
330.75		0.614428
330.875		0.614428
331		0.614428
331.125		0.614428
331.25		0.614428
331.375		0.614428
331.5		0.614428
331.625		0.614428
331.75		0.614428
331.875		0.614428
332		0.614428
332.125		0.614428
332.25		0.614428
332.375		0.614428
332.5		0.614428
332.625		0.614428
332.75		0.614428
332.875		0.614428
333		0.614428
333.125		0.614428
333.25		0.614428
333.375		0.614428
333.5		0.614428
333.625		0.614428
333.75		0.614428
333.875		0.614428
334		0.614428
334.125		0.614428
334.25		0.614428
334.375		0.614428
334.5		0.614428
334.625		0.614428
334.75		0.614428
334.875		0.614428
335		0.614428
335.125		0.614428
335.25		0.614428
335.375		0.614428
335.5		0.614428
335.625		0.614428
335.75		0.614428
335.875		0.614428
336		0.614428
336.125		0.614428
336.25		0.614428
336.375		0.614428
336.5		0.614428
336.625		0.614428
336.75		0.614428
336.875		0.614428
337		0.614428
337.125		0.614428
337.25		0.614428
337.375		0.614428
337.5		0.614428
337.625		0.614428
337.75		0.614428
337.875		0.614428
338		0.614428
338.125		0.614428
338.25		0.614428
338.375		0.614428
338.5		0.614428
338.625		0.614428
338.75		0.614428
338.875		0.614428
339		0.614428
339.125		0.614428
339.25		0.614428
339.375		0.614428
339.5		0.614428
339.625		0.614428
339.75		0.614428
339.875		0.614428
340		0.614428
340.125		0.623134
340.25		0.623134
340.375		0.623134
340.5		0.623134
340.625		0.623134
340.75		0.623134
340.875		0.623134
341		0.623134
341.125		0.623134
341.25		0.623134
341.375		0.623134
341.5		0.623134
341.625		0.623134
341.75		0.623134
341.875		0.623134
342		0.623134
342.125		0.623134
342.25		0.623134
342.375		0.623134
342.5		0.623134
342.625		0.623134
342.75		0.623134
342.875		0.623134
343		0.623134
343.125		0.623134
343.25		0.623134
343.375		0.623134
343.5		0.623134
343.625		0.623134
343.75		0.623134
343.875		0.623134
344		0.623134
344.125		0.623134
344.25		0.623134
344.375		0.623134
344.5		0.623134
344.625		0.623134
344.75		0.623134
344.875		0.623134
345		0.623134
345.125		0.624378
345.25		0.624378
345.375		0.624378
345.5		0.624378
345.625		0.624378
345.75		0.624378
345.875		0.624378
346		0.624378
346.125		0.624378
346.25		0.624378
346.375		0.624378
346.5		0.624378
346.625		0.624378
346.75		0.624378
346.875		0.624378
347		0.624378
347.125		0.624378
347.25		0.624378
347.375		0.624378
347.5		0.624378
347.625		0.624378
347.75		0.624378
347.875		0.624378
348		0.624378
348.125		0.624378
348.25		0.624378
348.375		0.624378
348.5		0.624378
348.625		0.624378
348.75		0.624378
348.875		0.624378
349		0.624378
349.125		0.624378
349.25		0.624378
349.375		0.624378
349.5		0.624378
349.625		0.624378
349.75		0.624378
349.875		0.624378
350		0.624378
350.125		0.645522
350.25		0.645522
350.375		0.645522
350.5		0.645522
350.625		0.645522
350.75		0.645522
350.875		0.645522
351		0.645522
351.125		0.645522
351.25		0.645522
351.375		0.645522
351.5		0.645522
351.625		0.645522
351.75		0.645522
351.875		0.645522
352		0.645522
352.125		0.645522
352.25		0.645522
352.375		0.645522
352.5		0.645522
352.625		0.645522
352.75		0.645522
352.875		0.645522
353		0.645522
353.125		0.645522
353.25		0.645522
353.375		0.645522
353.5		0.645522
353.625		0.645522
353.75		0.645522
353.875		0.645522
354		0.645522
354.125		0.645522
354.25		0.645522
354.375		0.645522
354.5		0.645522
354.625		0.645522
354.75		0.645522
354.875		0.645522
355		0.645522
355.125		0.652985
355.25		0.652985
355.375		0.652985
355.5		0.652985
355.625		0.652985
355.75		0.652985
355.875		0.652985
356		0.652985
356.125		0.652985
356.25		0.652985
356.375		0.652985
356.5		0.652985
356.625		0.652985
356.75		0.652985
356.875		0.652985
357		0.652985
357.125		0.652985
357.25		0.652985
357.375		0.652985
357.5		0.652985
357.625		0.652985
357.75		0.652985
357.875		0.652985
358		0.652985
358.125		0.652985
358.25		0.652985
358.375		0.652985
358.5		0.652985
358.625		0.652985
358.75		0.652985
358.875		0.652985
359		0.652985
359.125		0.652985
359.25		0.652985
359.375		0.652985
359.5		0.652985
359.625		0.652985
359.75		0.652985
359.875		0.652985
360		0.652985
360.125		0.671642
360.25		0.671642
360.375		0.671642
360.5		0.671642
360.625		0.671642
360.75		0.671642
360.875		0.671642
361		0.671642
361.125		0.671642
361.25		0.671642
361.375		0.671642
361.5		0.671642
361.625		0.671642
361.75		0.671642
361.875		0.671642
362		0.671642
362.125		0.671642
362.25		0.671642
362.375		0.671642
362.5		0.671642
362.625		0.671642
362.75		0.671642
362.875		0.671642
363		0.671642
363.125		0.671642
363.25		0.671642
363.375		0.671642
363.5		0.671642
363.625		0.671642
363.75		0.671642
363.875		0.671642
364		0.671642
364.125		0.671642
364.25		0.671642
364.375		0.671642
364.5		0.671642
364.625		0.671642
364.75		0.671642
364.875		0.671642
365		0.671642
365.125		0.674129
365.25		0.674129
365.375		0.674129
365.5		0.674129
365.625		0.674129
365.75		0.674129
365.875		0.674129
366		0.674129
366.125		0.674129
366.25		0.674129
366.375		0.674129
366.5		0.674129
366.625		0.674129
366.75		0.674129
366.875		0.674129
367		0.674129
367.125		0.674129
367.25		0.674129
367.375		0.674129
367.5		0.674129
367.625		0.674129
367.75		0.674129
367.875		0.674129
368		0.674129
368.125		0.674129
368.25		0.674129
368.375		0.674129
368.5		0.674129
368.625		0.674129
368.75		0.674129
368.875		0.674129
369		0.674129
369.125		0.674129
369.25		0.674129
369.375		0.674129
369.5		0.674129
369.625		0.674129
369.75		0.674129
369.875		0.674129
370		0.674129
370.125		0.687811
370.25		0.687811
370.375		0.687811
370.5		0.687811
370.625		0.687811
370.75		0.687811
370.875		0.687811
371		0.687811
371.125		0.687811
371.25		0.687811
371.375		0.687811
371.5		0.687811
371.625		0.687811
371.75		0.687811
371.875		0.687811
372		0.687811
372.125		0.687811
372.25		0.687811
372.375		0.687811
372.5		0.687811
372.625		0.687811
372.75		0.687811
372.875		0.687811
373		0.687811
373.125		0.687811
373.25		0.687811
373.375		0.687811
373.5		0.687811
373.625		0.687811
373.75		0.687811
373.875		0.687811
374		0.687811
374.125		0.687811
374.25		0.687811
374.375		0.687811
374.5		0.687811
374.625		0.687811
374.75		0.687811
374.875		0.687811
375		0.687811
375.125		0.715174
375.25		0.715174
375.375		0.715174
375.5		0.715174
375.625		0.715174
375.75		0.715174
375.875		0.715174
376		0.715174
376.125		0.715174
376.25		0.715174
376.375		0.715174
376.5		0.715174
376.625		0.715174
376.75		0.715174
376.875		0.715174
377		0.715174
377.125		0.715174
377.25		0.715174
377.375		0.715174
377.5		0.715174
377.625		0.715174
377.75		0.715174
377.875		0.715174
378		0.715174
378.125		0.715174
378.25		0.715174
378.375		0.715174
378.5		0.715174
378.625		0.715174
378.75		0.715174
378.875		0.715174
379		0.715174
379.125		0.715174
379.25		0.715174
379.375		0.715174
379.5		0.715174
379.625		0.715174
379.75		0.715174
379.875		0.715174
380		0.715174
380.125		0.721393
380.25		0.721393
380.375		0.721393
380.5		0.721393
380.625		0.721393
380.75		0.721393
380.875		0.721393
381		0.721393
381.125		0.721393
381.25		0.721393
381.375		0.721393
381.5		0.721393
381.625		0.721393
381.75		0.721393
381.875		0.721393
382		0.721393
382.125		0.721393
382.25		0.721393
382.375		0.721393
382.5		0.721393
382.625		0.721393
382.75		0.721393
382.875		0.721393
383		0.721393
383.125		0.721393
383.25		0.721393
383.375		0.721393
383.5		0.721393
383.625		0.721393
383.75		0.721393
383.875		0.721393
384		0.721393
384.125		0.721393
384.25		0.721393
384.375		0.721393
384.5		0.721393
384.625		0.721393
384.75		0.721393
384.875		0.721393
385		0.721393
385.125		0.723881
385.25		0.723881
385.375		0.723881
385.5		0.723881
385.625		0.723881
385.75		0.723881
385.875		0.723881
386		0.723881
386.125		0.723881
386.25		0.723881
386.375		0.723881
386.5		0.723881
386.625		0.723881
386.75		0.723881
386.875		0.723881
387		0.723881
387.125		0.723881
387.25		0.723881
387.375		0.723881
387.5		0.723881
387.625		0.723881
387.75		0.723881
387.875		0.723881
388		0.723881
388.125		0.723881
388.25		0.723881
388.375		0.723881
388.5		0.723881
388.625		0.723881
388.75		0.723881
388.875		0.723881
389		0.723881
389.125		0.723881
389.25		0.723881
389.375		0.723881
389.5		0.723881
389.625		0.723881
389.75		0.723881
389.875		0.723881
390		0.723881
390.125		0.756219
390.25		0.756219
390.375		0.756219
390.5		0.756219
390.625		0.756219
390.75		0.756219
390.875		0.756219
391		0.756219
391.125		0.756219
391.25		0.756219
391.375		0.756219
391.5		0.756219
391.625		0.756219
391.75		0.756219
391.875		0.756219
392		0.756219
392.125		0.756219
392.25		0.756219
392.375		0.756219
392.5		0.756219
392.625		0.756219
392.75		0.756219
392.875		0.756219
393		0.756219
393.125		0.756219
393.25		0.756219
393.375		0.756219
393.5		0.756219
393.625		0.756219
393.75		0.756219
393.875		0.756219
394		0.756219
394.125		0.756219
394.25		0.756219
394.375		0.756219
394.5		0.756219
394.625		0.756219
394.75		0.756219
394.875		0.756219
395		0.756219
395.125		0.761194
395.25		0.761194
395.375		0.761194
395.5		0.761194
395.625		0.761194
395.75		0.761194
395.875		0.761194
396		0.761194
396.125		0.761194
396.25		0.761194
396.375		0.761194
396.5		0.761194
396.625		0.761194
396.75		0.761194
396.875		0.761194
397		0.761194
397.125		0.761194
397.25		0.761194
397.375		0.761194
397.5		0.761194
397.625		0.761194
397.75		0.761194
397.875		0.761194
398		0.761194
398.125		0.761194
398.25		0.761194
398.375		0.761194
398.5		0.761194
398.625		0.761194
398.75		0.761194
398.875		0.761194
399		0.761194
399.125		0.761194
399.25		0.761194
399.375		0.761194
399.5		0.761194
399.625		0.761194
399.75		0.761194
399.875		0.761194
400		0.761194
400.125		0.783582
400.25		0.783582
400.375		0.783582
400.5		0.783582
400.625		0.783582
400.75		0.783582
400.875		0.783582
401		0.783582
401.125		0.783582
401.25		0.783582
401.375		0.783582
401.5		0.783582
401.625		0.783582
401.75		0.783582
401.875		0.783582
402		0.783582
402.125		0.783582
402.25		0.783582
402.375		0.783582
402.5		0.783582
402.625		0.783582
402.75		0.783582
402.875		0.783582
403		0.783582
403.125		0.783582
403.25		0.783582
403.375		0.783582
403.5		0.783582
403.625		0.783582
403.75		0.783582
403.875		0.783582
404		0.783582
404.125		0.783582
404.25		0.783582
404.375		0.783582
404.5		0.783582
404.625		0.783582
404.75		0.783582
404.875		0.783582
405		0.783582
405.125		0.789801
405.25		0.789801
405.375		0.789801
405.5		0.789801
405.625		0.789801
405.75		0.789801
405.875		0.789801
406		0.789801
406.125		0.789801
406.25		0.789801
406.375		0.789801
406.5		0.789801
406.625		0.789801
406.75		0.789801
406.875		0.789801
407		0.789801
407.125		0.789801
407.25		0.789801
407.375		0.789801
407.5		0.789801
407.625		0.789801
407.75		0.789801
407.875		0.789801
408		0.789801
408.125		0.789801
408.25		0.789801
408.375		0.789801
408.5		0.789801
408.625		0.789801
408.75		0.789801
408.875		0.789801
409		0.789801
409.125		0.789801
409.25		0.789801
409.375		0.789801
409.5		0.789801
409.625		0.789801
409.75		0.789801
409.875		0.789801
410		0.789801
410.125		0.828358
410.25		0.828358
410.375		0.828358
410.5		0.828358
410.625		0.828358
410.75		0.828358
410.875		0.828358
411		0.828358
411.125		0.828358
411.25		0.828358
411.375		0.828358
411.5		0.828358
411.625		0.828358
411.75		0.828358
411.875		0.828358
412		0.828358
412.125		0.828358
412.25		0.828358
412.375		0.828358
412.5		0.828358
412.625		0.828358
412.75		0.828358
412.875		0.828358
413		0.828358
413.125		0.828358
413.25		0.828358
413.375		0.828358
413.5		0.828358
413.625		0.828358
413.75		0.828358
413.875		0.828358
414		0.828358
414.125		0.828358
414.25		0.828358
414.375		0.828358
414.5		0.828358
414.625		0.828358
414.75		0.828358
414.875		0.828358
415		0.828358
415.125		0.835821
415.25		0.835821
415.375		0.835821
415.5		0.835821
415.625		0.835821
415.75		0.835821
415.875		0.835821
416		0.835821
416.125		0.835821
416.25		0.835821
416.375		0.835821
416.5		0.835821
416.625		0.835821
416.75		0.835821
416.875		0.835821
417		0.835821
417.125		0.835821
417.25		0.835821
417.375		0.835821
417.5		0.835821
417.625		0.835821
417.75		0.835821
417.875		0.835821
418		0.835821
418.125		0.835821
418.25		0.835821
418.375		0.835821
418.5		0.835821
418.625		0.835821
418.75		0.835821
418.875		0.835821
419		0.835821
419.125		0.835821
419.25		0.835821
419.375		0.835821
419.5		0.835821
419.625		0.835821
419.75		0.835821
419.875		0.835821
420		0.835821
420.125		0.840796
420.25		0.840796
420.375		0.840796
420.5		0.840796
420.625		0.840796
420.75		0.840796
420.875		0.840796
421		0.840796
421.125		0.840796
421.25		0.840796
421.375		0.840796
421.5		0.840796
421.625		0.840796
421.75		0.840796
421.875		0.840796
422		0.840796
422.125		0.840796
422.25		0.840796
422.375		0.840796
422.5		0.840796
422.625		0.840796
422.75		0.840796
422.875		0.840796
423		0.840796
423.125		0.840796
423.25		0.840796
423.375		0.840796
423.5		0.840796
423.625		0.840796
423.75		0.840796
423.875		0.840796
424		0.840796
424.125		0.840796
424.25		0.840796
424.375		0.840796
424.5		0.840796
424.625		0.840796
424.75		0.840796
424.875		0.840796
425		0.840796
425.125		0.85199
425.25		0.85199
425.375		0.85199
425.5		0.85199
425.625		0.85199
425.75		0.85199
425.875		0.85199
426		0.85199
426.125		0.85199
426.25		0.85199
426.375		0.85199
426.5		0.85199
426.625		0.85199
426.75		0.85199
426.875		0.85199
427		0.85199
427.125		0.85199
427.25		0.85199
427.375		0.85199
427.5		0.85199
427.625		0.85199
427.75		0.85199
427.875		0.85199
428		0.85199
428.125		0.85199
428.25		0.85199
428.375		0.85199
428.5		0.85199
428.625		0.85199
428.75		0.85199
428.875		0.85199
429		0.85199
429.125		0.85199
429.25		0.85199
429.375		0.85199
429.5		0.85199
429.625		0.85199
429.75		0.85199
429.875		0.85199
430		0.85199
430.125		0.868159
430.25		0.868159
430.375		0.868159
430.5		0.868159
430.625		0.868159
430.75		0.868159
430.875		0.868159
431		0.868159
431.125		0.868159
431.25		0.868159
431.375		0.868159
431.5		0.868159
431.625		0.868159
431.75		0.868159
431.875		0.868159
432		0.868159
432.125		0.868159
432.25		0.868159
432.375		0.868159
432.5		0.868159
432.625		0.868159
432.75		0.868159
432.875		0.868159
433		0.868159
433.125		0.868159
433.25		0.868159
433.375		0.868159
433.5		0.868159
433.625		0.868159
433.75		0.868159
433.875		0.868159
434		0.868159
434.125		0.868159
434.25		0.868159
434.375		0.868159
434.5		0.868159
434.625		0.868159
434.75		0.868159
434.875		0.868159
435		0.868159
435.125		0.881841
435.25		0.881841
435.375		0.881841
435.5		0.881841
435.625		0.881841
435.75		0.881841
435.875		0.881841
436		0.881841
436.125		0.881841
436.25		0.881841
436.375		0.881841
436.5		0.881841
436.625		0.881841
436.75		0.881841
436.875		0.881841
437		0.881841
437.125		0.881841
437.25		0.881841
437.375		0.881841
437.5		0.881841
437.625		0.881841
437.75		0.881841
437.875		0.881841
438		0.881841
438.125		0.881841
438.25		0.881841
438.375		0.881841
438.5		0.881841
438.625		0.881841
438.75		0.881841
438.875		0.881841
439		0.881841
439.125		0.881841
439.25		0.881841
439.375		0.881841
439.5		0.881841
439.625		0.881841
439.75		0.881841
439.875		0.881841
440		0.881841
440.125		0.902985
440.25		0.902985
440.375		0.902985
440.5		0.902985
440.625		0.902985
440.75		0.902985
440.875		0.902985
441		0.902985
441.125		0.902985
441.25		0.902985
441.375		0.902985
441.5		0.902985
441.625		0.902985
441.75		0.902985
441.875		0.902985
442		0.902985
442.125		0.902985
442.25		0.902985
442.375		0.902985
442.5		0.902985
442.625		0.902985
442.75		0.902985
442.875		0.902985
443		0.902985
443.125		0.902985
443.25		0.902985
443.375		0.902985
443.5		0.902985
443.625		0.902985
443.75		0.902985
443.875		0.902985
444		0.902985
444.125		0.902985
444.25		0.902985
444.375		0.902985
444.5		0.902985
444.625		0.902985
444.75		0.902985
444.875		0.902985
445		0.902985
445.125		0.906716
445.25		0.906716
445.375		0.906716
445.5		0.906716
445.625		0.906716
445.75		0.906716
445.875		0.906716
446		0.906716
446.125		0.906716
446.25		0.906716
446.375		0.906716
446.5		0.906716
446.625		0.906716
446.75		0.906716
446.875		0.906716
447		0.906716
447.125		0.906716
447.25		0.906716
447.375		0.906716
447.5		0.906716
447.625		0.906716
447.75		0.906716
447.875		0.906716
448		0.906716
448.125		0.906716
448.25		0.906716
448.375		0.906716
448.5		0.906716
448.625		0.906716
448.75		0.906716
448.875		0.906716
449		0.906716
449.125		0.906716
449.25		0.906716
449.375		0.906716
449.5		0.906716
449.625		0.906716
449.75		0.906716
449.875		0.906716
450		0.906716
450.125		0.909204
450.25		0.909204
450.375		0.909204
450.5		0.909204
450.625		0.909204
450.75		0.909204
450.875		0.909204
451		0.909204
451.125		0.909204
451.25		0.909204
451.375		0.909204
451.5		0.909204
451.625		0.909204
451.75		0.909204
451.875		0.909204
452		0.909204
452.125		0.909204
452.25		0.909204
452.375		0.909204
452.5		0.909204
452.625		0.909204
452.75		0.909204
452.875		0.909204
453		0.909204
453.125		0.909204
453.25		0.909204
453.375		0.909204
453.5		0.909204
453.625		0.909204
453.75		0.909204
453.875		0.909204
454		0.909204
454.125		0.909204
454.25		0.909204
454.375		0.909204
454.5		0.909204
454.625		0.909204
454.75		0.909204
454.875		0.909204
455		0.909204
455.125		0.922886
455.25		0.922886
455.375		0.922886
455.5		0.922886
455.625		0.922886
455.75		0.922886
455.875		0.922886
456		0.922886
456.125		0.922886
456.25		0.922886
456.375		0.922886
456.5		0.922886
456.625		0.922886
456.75		0.922886
456.875		0.922886
457		0.922886
457.125		0.922886
457.25		0.922886
457.375		0.922886
457.5		0.922886
457.625		0.922886
457.75		0.922886
457.875		0.922886
458		0.922886
458.125		0.922886
458.25		0.922886
458.375		0.922886
458.5		0.922886
458.625		0.922886
458.75		0.922886
458.875		0.922886
459		0.922886
459.125		0.922886
459.25		0.922886
459.375		0.922886
459.5		0.922886
459.625		0.922886
459.75		0.922886
459.875		0.922886
460		0.922886
460.125		0.932836
460.25		0.932836
460.375		0.932836
460.5		0.932836
460.625		0.932836
460.75		0.932836
460.875		0.932836
461		0.932836
461.125		0.932836
461.25		0.932836
461.375		0.932836
461.5		0.932836
461.625		0.932836
461.75		0.932836
461.875		0.932836
462		0.932836
462.125		0.932836
462.25		0.932836
462.375		0.932836
462.5		0.932836
462.625		0.932836
462.75		0.932836
462.875		0.932836
463		0.932836
463.125		0.932836
463.25		0.932836
463.375		0.932836
463.5		0.932836
463.625		0.932836
463.75		0.932836
463.875		0.932836
464		0.932836
464.125		0.932836
464.25		0.932836
464.375		0.932836
464.5		0.932836
464.625		0.932836
464.75		0.932836
464.875		0.932836
465		0.932836
465.125		0.951493
465.25		0.951493
465.375		0.951493
465.5		0.951493
465.625		0.951493
465.75		0.951493
465.875		0.951493
466		0.951493
466.125		0.951493
466.25		0.951493
466.375		0.951493
466.5		0.951493
466.625		0.951493
466.75		0.951493
466.875		0.951493
467		0.951493
467.125		0.951493
467.25		0.951493
467.375		0.951493
467.5		0.951493
467.625		0.951493
467.75		0.951493
467.875		0.951493
468		0.951493
468.125		0.951493
468.25		0.951493
468.375		0.951493
468.5		0.951493
468.625		0.951493
468.75		0.951493
468.875		0.951493
469		0.951493
469.125		0.951493
469.25		0.951493
469.375		0.951493
469.5		0.951493
469.625		0.951493
469.75		0.951493
469.875		0.951493
470		0.951493
470.125		0.951493
470.25		0.951493
470.375		0.951493
470.5		0.951493
470.625		0.951493
470.75		0.951493
470.875		0.951493
471		0.951493
471.125		0.951493
471.25		0.951493
471.375		0.951493
471.5		0.951493
471.625		0.951493
471.75		0.951493
471.875		0.951493
472		0.951493
472.125		0.951493
472.25		0.951493
472.375		0.951493
472.5		0.951493
472.625		0.951493
472.75		0.951493
472.875		0.951493
473		0.951493
473.125		0.951493
473.25		0.951493
473.375		0.951493
473.5		0.951493
473.625		0.951493
473.75		0.951493
473.875		0.951493
474		0.951493
474.125		0.951493
474.25		0.951493
474.375		0.951493
474.5		0.951493
474.625		0.951493
474.75		0.951493
474.875		0.951493
475		0.951493
475.125		0.971393
475.25		0.971393
475.375		0.971393
475.5		0.971393
475.625		0.971393
475.75		0.971393
475.875		0.971393
476		0.971393
476.125		0.971393
476.25		0.971393
476.375		0.971393
476.5		0.971393
476.625		0.971393
476.75		0.971393
476.875		0.971393
477		0.971393
477.125		0.971393
477.25		0.971393
477.375		0.971393
477.5		0.971393
477.625		0.971393
477.75		0.971393
477.875		0.971393
478		0.971393
478.125		0.971393
478.25		0.971393
478.375		0.971393
478.5		0.971393
478.625		0.971393
478.75		0.971393
478.875		0.971393
479		0.971393
479.125		0.971393
479.25		0.971393
479.375		0.971393
479.5		0.971393
479.625		0.971393
479.75		0.971393
479.875		0.971393
480		0.971393
480.125		0.9801
480.25		0.9801
480.375		0.9801
480.5		0.9801
480.625		0.9801
480.75		0.9801
480.875		0.9801
481		0.9801
481.125		0.9801
481.25		0.9801
481.375		0.9801
481.5		0.9801
481.625		0.9801
481.75		0.9801
481.875		0.9801
482		0.9801
482.125		0.9801
482.25		0.9801
482.375		0.9801
482.5		0.9801
482.625		0.9801
482.75		0.9801
482.875		0.9801
483		0.9801
483.125		0.9801
483.25		0.9801
483.375		0.9801
483.5		0.9801
483.625		0.9801
483.75		0.9801
483.875		0.9801
484		0.9801
484.125		0.9801
484.25		0.9801
484.375		0.9801
484.5		0.9801
484.625		0.9801
484.75		0.9801
484.875		0.9801
485		0.9801
485.125		0.983831
485.25		0.983831
485.375		0.983831
485.5		0.983831
485.625		0.983831
485.75		0.983831
485.875		0.983831
486		0.983831
486.125		0.983831
486.25		0.983831
486.375		0.983831
486.5		0.983831
486.625		0.983831
486.75		0.983831
486.875		0.983831
487		0.983831
487.125		0.983831
487.25		0.983831
487.375		0.983831
487.5		0.983831
487.625		0.983831
487.75		0.983831
487.875		0.983831
488		0.983831
488.125		0.983831
488.25		0.983831
488.375		0.983831
488.5		0.983831
488.625		0.983831
488.75		0.983831
488.875		0.983831
489		0.983831
489.125		0.983831
489.25		0.983831
489.375		0.983831
489.5		0.983831
489.625		0.983831
489.75		0.983831
489.875		0.983831
490		0.983831
490.125		0.986318
490.25		0.986318
490.375		0.986318
490.5		0.986318
490.625		0.986318
490.75		0.986318
490.875		0.986318
491		0.986318
491.125		0.986318
491.25		0.986318
491.375		0.986318
491.5		0.986318
491.625		0.986318
491.75		0.986318
491.875		0.986318
492		0.986318
492.125		0.986318
492.25		0.986318
492.375		0.986318
492.5		0.986318
492.625		0.986318
492.75		0.986318
492.875		0.986318
493		0.986318
493.125		0.986318
493.25		0.986318
493.375		0.986318
493.5		0.986318
493.625		0.986318
493.75		0.986318
493.875		0.986318
494		0.986318
494.125		0.986318
494.25		0.986318
494.375		0.986318
494.5		0.986318
494.625		0.986318
494.75		0.986318
494.875		0.986318
495		0.986318
495.125		1
495.25		1
495.375		1
495.5		1
495.625		1
495.75		1
495.875		1
496		1
496.125		1
496.25		1
496.375		1
496.5		1
496.625		1
496.75		1
496.875		1
497		1
497.125		1
497.25		1
497.375		1
497.5		1
497.625		1
497.75		1
497.875		1
498		1
498.125		1
498.25		1
498.375		1
498.5		1
498.625		1
498.75		1
498.875		1
499		1
499.125		1
499.25		1
499.375		1
499.5		1
499.625		1
499.75		1
499.875		1
500		1
