# Calibration file of tamex_id 0 @ channel 9
# fine_T bin		 Calibration value
0.125		0
0.25		0
0.375		0
0.5		0
0.625		0
0.75		0
0.875		0
1		0
1.125		0
1.25		0
1.375		0
1.5		0
1.625		0
1.75		0
1.875		0
2		0
2.125		0
2.25		0
2.375		0
2.5		0
2.625		0
2.75		0
2.875		0
3		0
3.125		0
3.25		0
3.375		0
3.5		0
3.625		0
3.75		0
3.875		0
4		0
4.125		0
4.25		0
4.375		0
4.5		0
4.625		0
4.75		0
4.875		0
5		0
5.125		0
5.25		0
5.375		0
5.5		0
5.625		0
5.75		0
5.875		0
6		0
6.125		0
6.25		0
6.375		0
6.5		0
6.625		0
6.75		0
6.875		0
7		0
7.125		0
7.25		0
7.375		0
7.5		0
7.625		0
7.75		0
7.875		0
8		0
8.125		0
8.25		0
8.375		0
8.5		0
8.625		0
8.75		0
8.875		0
9		0
9.125		0
9.25		0
9.375		0
9.5		0
9.625		0
9.75		0
9.875		0
10		0
10.125		0
10.25		0
10.375		0
10.5		0
10.625		0
10.75		0
10.875		0
11		0
11.125		0
11.25		0
11.375		0
11.5		0
11.625		0
11.75		0
11.875		0
12		0
12.125		0
12.25		0
12.375		0
12.5		0
12.625		0
12.75		0
12.875		0
13		0
13.125		0
13.25		0
13.375		0
13.5		0
13.625		0
13.75		0
13.875		0
14		0
14.125		0
14.25		0
14.375		0
14.5		0
14.625		0
14.75		0
14.875		0
15		0
15.125		0
15.25		0
15.375		0
15.5		0
15.625		0
15.75		0
15.875		0
16		0
16.125		0
16.25		0
16.375		0
16.5		0
16.625		0
16.75		0
16.875		0
17		0
17.125		0
17.25		0
17.375		0
17.5		0
17.625		0
17.75		0
17.875		0
18		0
18.125		0
18.25		0
18.375		0
18.5		0
18.625		0
18.75		0
18.875		0
19		0
19.125		0
19.25		0
19.375		0
19.5		0
19.625		0
19.75		0
19.875		0
20		0
20.125		0
20.25		0
20.375		0
20.5		0
20.625		0
20.75		0
20.875		0
21		0
21.125		0
21.25		0
21.375		0
21.5		0
21.625		0
21.75		0
21.875		0
22		0
22.125		0
22.25		0
22.375		0
22.5		0
22.625		0
22.75		0
22.875		0
23		0
23.125		0
23.25		0
23.375		0
23.5		0
23.625		0
23.75		0
23.875		0
24		0
24.125		0
24.25		0
24.375		0
24.5		0
24.625		0
24.75		0
24.875		0
25		0
25.125		0
25.25		0
25.375		0
25.5		0
25.625		0
25.75		0
25.875		0
26		0
26.125		0
26.25		0
26.375		0
26.5		0
26.625		0
26.75		0
26.875		0
27		0
27.125		0
27.25		0
27.375		0
27.5		0
27.625		0
27.75		0
27.875		0
28		0
28.125		0
28.25		0
28.375		0
28.5		0
28.625		0
28.75		0
28.875		0
29		0
29.125		0
29.25		0
29.375		0
29.5		0
29.625		0
29.75		0
29.875		0
30		0
30.125		0
30.25		0
30.375		0
30.5		0
30.625		0
30.75		0
30.875		0
31		0
31.125		0
31.25		0
31.375		0
31.5		0
31.625		0
31.75		0
31.875		0
32		0
32.125		0
32.25		0
32.375		0
32.5		0
32.625		0
32.75		0
32.875		0
33		0
33.125		0
33.25		0
33.375		0
33.5		0
33.625		0
33.75		0
33.875		0
34		0
34.125		0
34.25		0
34.375		0
34.5		0
34.625		0
34.75		0
34.875		0
35		0
35.125		0
35.25		0
35.375		0
35.5		0
35.625		0
35.75		0
35.875		0
36		0
36.125		0
36.25		0
36.375		0
36.5		0
36.625		0
36.75		0
36.875		0
37		0
37.125		0
37.25		0
37.375		0
37.5		0
37.625		0
37.75		0
37.875		0
38		0
38.125		0
38.25		0
38.375		0
38.5		0
38.625		0
38.75		0
38.875		0
39		0
39.125		0
39.25		0
39.375		0
39.5		0
39.625		0
39.75		0
39.875		0
40		0
40.125		0
40.25		0
40.375		0
40.5		0
40.625		0
40.75		0
40.875		0
41		0
41.125		0
41.25		0
41.375		0
41.5		0
41.625		0
41.75		0
41.875		0
42		0
42.125		0
42.25		0
42.375		0
42.5		0
42.625		0
42.75		0
42.875		0
43		0
43.125		0
43.25		0
43.375		0
43.5		0
43.625		0
43.75		0
43.875		0
44		0
44.125		0
44.25		0
44.375		0
44.5		0
44.625		0
44.75		0
44.875		0
45		0
45.125		0
45.25		0
45.375		0
45.5		0
45.625		0
45.75		0
45.875		0
46		0
46.125		0
46.25		0
46.375		0
46.5		0
46.625		0
46.75		0
46.875		0
47		0
47.125		0
47.25		0
47.375		0
47.5		0
47.625		0
47.75		0
47.875		0
48		0
48.125		0
48.25		0
48.375		0
48.5		0
48.625		0
48.75		0
48.875		0
49		0
49.125		0
49.25		0
49.375		0
49.5		0
49.625		0
49.75		0
49.875		0
50		0
50.125		0
50.25		0
50.375		0
50.5		0
50.625		0
50.75		0
50.875		0
51		0
51.125		0
51.25		0
51.375		0
51.5		0
51.625		0
51.75		0
51.875		0
52		0
52.125		0
52.25		0
52.375		0
52.5		0
52.625		0
52.75		0
52.875		0
53		0
53.125		0
53.25		0
53.375		0
53.5		0
53.625		0
53.75		0
53.875		0
54		0
54.125		0
54.25		0
54.375		0
54.5		0
54.625		0
54.75		0
54.875		0
55		0
55.125		0
55.25		0
55.375		0
55.5		0
55.625		0
55.75		0
55.875		0
56		0
56.125		0
56.25		0
56.375		0
56.5		0
56.625		0
56.75		0
56.875		0
57		0
57.125		0
57.25		0
57.375		0
57.5		0
57.625		0
57.75		0
57.875		0
58		0
58.125		0
58.25		0
58.375		0
58.5		0
58.625		0
58.75		0
58.875		0
59		0
59.125		0
59.25		0
59.375		0
59.5		0
59.625		0
59.75		0
59.875		0
60		0
60.125		0
60.25		0
60.375		0
60.5		0
60.625		0
60.75		0
60.875		0
61		0
61.125		0
61.25		0
61.375		0
61.5		0
61.625		0
61.75		0
61.875		0
62		0
62.125		0
62.25		0
62.375		0
62.5		0
62.625		0
62.75		0
62.875		0
63		0
63.125		0
63.25		0
63.375		0
63.5		0
63.625		0
63.75		0
63.875		0
64		0
64.125		0
64.25		0
64.375		0
64.5		0
64.625		0
64.75		0
64.875		0
65		0
65.125		0
65.25		0
65.375		0
65.5		0
65.625		0
65.75		0
65.875		0
66		0
66.125		0
66.25		0
66.375		0
66.5		0
66.625		0
66.75		0
66.875		0
67		0
67.125		0
67.25		0
67.375		0
67.5		0
67.625		0
67.75		0
67.875		0
68		0
68.125		0
68.25		0
68.375		0
68.5		0
68.625		0
68.75		0
68.875		0
69		0
69.125		0
69.25		0
69.375		0
69.5		0
69.625		0
69.75		0
69.875		0
70		0
70.125		0
70.25		0
70.375		0
70.5		0
70.625		0
70.75		0
70.875		0
71		0
71.125		0
71.25		0
71.375		0
71.5		0
71.625		0
71.75		0
71.875		0
72		0
72.125		0
72.25		0
72.375		0
72.5		0
72.625		0
72.75		0
72.875		0
73		0
73.125		0
73.25		0
73.375		0
73.5		0
73.625		0
73.75		0
73.875		0
74		0
74.125		0
74.25		0
74.375		0
74.5		0
74.625		0
74.75		0
74.875		0
75		0
75.125		0
75.25		0
75.375		0
75.5		0
75.625		0
75.75		0
75.875		0
76		0
76.125		0
76.25		0
76.375		0
76.5		0
76.625		0
76.75		0
76.875		0
77		0
77.125		0
77.25		0
77.375		0
77.5		0
77.625		0
77.75		0
77.875		0
78		0
78.125		0
78.25		0
78.375		0
78.5		0
78.625		0
78.75		0
78.875		0
79		0
79.125		0
79.25		0
79.375		0
79.5		0
79.625		0
79.75		0
79.875		0
80		0
80.125		0
80.25		0
80.375		0
80.5		0
80.625		0
80.75		0
80.875		0
81		0
81.125		0
81.25		0
81.375		0
81.5		0
81.625		0
81.75		0
81.875		0
82		0
82.125		0
82.25		0
82.375		0
82.5		0
82.625		0
82.75		0
82.875		0
83		0
83.125		0
83.25		0
83.375		0
83.5		0
83.625		0
83.75		0
83.875		0
84		0
84.125		0
84.25		0
84.375		0
84.5		0
84.625		0
84.75		0
84.875		0
85		0
85.125		0.0352423
85.25		0.0352423
85.375		0.0352423
85.5		0.0352423
85.625		0.0352423
85.75		0.0352423
85.875		0.0352423
86		0.0352423
86.125		0.0352423
86.25		0.0352423
86.375		0.0352423
86.5		0.0352423
86.625		0.0352423
86.75		0.0352423
86.875		0.0352423
87		0.0352423
87.125		0.0352423
87.25		0.0352423
87.375		0.0352423
87.5		0.0352423
87.625		0.0352423
87.75		0.0352423
87.875		0.0352423
88		0.0352423
88.125		0.0352423
88.25		0.0352423
88.375		0.0352423
88.5		0.0352423
88.625		0.0352423
88.75		0.0352423
88.875		0.0352423
89		0.0352423
89.125		0.0352423
89.25		0.0352423
89.375		0.0352423
89.5		0.0352423
89.625		0.0352423
89.75		0.0352423
89.875		0.0352423
90		0.0352423
90.125		0.0420454
90.25		0.0420454
90.375		0.0420454
90.5		0.0420454
90.625		0.0420454
90.75		0.0420454
90.875		0.0420454
91		0.0420454
91.125		0.0420454
91.25		0.0420454
91.375		0.0420454
91.5		0.0420454
91.625		0.0420454
91.75		0.0420454
91.875		0.0420454
92		0.0420454
92.125		0.0420454
92.25		0.0420454
92.375		0.0420454
92.5		0.0420454
92.625		0.0420454
92.75		0.0420454
92.875		0.0420454
93		0.0420454
93.125		0.0420454
93.25		0.0420454
93.375		0.0420454
93.5		0.0420454
93.625		0.0420454
93.75		0.0420454
93.875		0.0420454
94		0.0420454
94.125		0.0420454
94.25		0.0420454
94.375		0.0420454
94.5		0.0420454
94.625		0.0420454
94.75		0.0420454
94.875		0.0420454
95		0.0420454
95.125		0.0588301
95.25		0.0588301
95.375		0.0588301
95.5		0.0588301
95.625		0.0588301
95.75		0.0588301
95.875		0.0588301
96		0.0588301
96.125		0.0588301
96.25		0.0588301
96.375		0.0588301
96.5		0.0588301
96.625		0.0588301
96.75		0.0588301
96.875		0.0588301
97		0.0588301
97.125		0.0588301
97.25		0.0588301
97.375		0.0588301
97.5		0.0588301
97.625		0.0588301
97.75		0.0588301
97.875		0.0588301
98		0.0588301
98.125		0.0588301
98.25		0.0588301
98.375		0.0588301
98.5		0.0588301
98.625		0.0588301
98.75		0.0588301
98.875		0.0588301
99		0.0588301
99.125		0.0588301
99.25		0.0588301
99.375		0.0588301
99.5		0.0588301
99.625		0.0588301
99.75		0.0588301
99.875		0.0588301
100		0.0588301
100.125		0.0900017
100.25		0.0900017
100.375		0.0900017
100.5		0.0900017
100.625		0.0900017
100.75		0.0900017
100.875		0.0900017
101		0.0900017
101.125		0.0900017
101.25		0.0900017
101.375		0.0900017
101.5		0.0900017
101.625		0.0900017
101.75		0.0900017
101.875		0.0900017
102		0.0900017
102.125		0.0900017
102.25		0.0900017
102.375		0.0900017
102.5		0.0900017
102.625		0.0900017
102.75		0.0900017
102.875		0.0900017
103		0.0900017
103.125		0.0900017
103.25		0.0900017
103.375		0.0900017
103.5		0.0900017
103.625		0.0900017
103.75		0.0900017
103.875		0.0900017
104		0.0900017
104.125		0.0900017
104.25		0.0900017
104.375		0.0900017
104.5		0.0900017
104.625		0.0900017
104.75		0.0900017
104.875		0.0900017
105		0.0900017
105.125		0.0990911
105.25		0.0990911
105.375		0.0990911
105.5		0.0990911
105.625		0.0990911
105.75		0.0990911
105.875		0.0990911
106		0.0990911
106.125		0.0990911
106.25		0.0990911
106.375		0.0990911
106.5		0.0990911
106.625		0.0990911
106.75		0.0990911
106.875		0.0990911
107		0.0990911
107.125		0.0990911
107.25		0.0990911
107.375		0.0990911
107.5		0.0990911
107.625		0.0990911
107.75		0.0990911
107.875		0.0990911
108		0.0990911
108.125		0.0990911
108.25		0.0990911
108.375		0.0990911
108.5		0.0990911
108.625		0.0990911
108.75		0.0990911
108.875		0.0990911
109		0.0990911
109.125		0.0990911
109.25		0.0990911
109.375		0.0990911
109.5		0.0990911
109.625		0.0990911
109.75		0.0990911
109.875		0.0990911
110		0.0990911
110.125		0.1045
110.25		0.1045
110.375		0.1045
110.5		0.1045
110.625		0.1045
110.75		0.1045
110.875		0.1045
111		0.1045
111.125		0.1045
111.25		0.1045
111.375		0.1045
111.5		0.1045
111.625		0.1045
111.75		0.1045
111.875		0.1045
112		0.1045
112.125		0.1045
112.25		0.1045
112.375		0.1045
112.5		0.1045
112.625		0.1045
112.75		0.1045
112.875		0.1045
113		0.1045
113.125		0.1045
113.25		0.1045
113.375		0.1045
113.5		0.1045
113.625		0.1045
113.75		0.1045
113.875		0.1045
114		0.1045
114.125		0.1045
114.25		0.1045
114.375		0.1045
114.5		0.1045
114.625		0.1045
114.75		0.1045
114.875		0.1045
115		0.1045
115.125		0.109965
115.25		0.109965
115.375		0.109965
115.5		0.109965
115.625		0.109965
115.75		0.109965
115.875		0.109965
116		0.109965
116.125		0.109965
116.25		0.109965
116.375		0.109965
116.5		0.109965
116.625		0.109965
116.75		0.109965
116.875		0.109965
117		0.109965
117.125		0.109965
117.25		0.109965
117.375		0.109965
117.5		0.109965
117.625		0.109965
117.75		0.109965
117.875		0.109965
118		0.109965
118.125		0.109965
118.25		0.109965
118.375		0.109965
118.5		0.109965
118.625		0.109965
118.75		0.109965
118.875		0.109965
119		0.109965
119.125		0.109965
119.25		0.109965
119.375		0.109965
119.5		0.109965
119.625		0.109965
119.75		0.109965
119.875		0.109965
120		0.109965
120.125		0.123125
120.25		0.123125
120.375		0.123125
120.5		0.123125
120.625		0.123125
120.75		0.123125
120.875		0.123125
121		0.123125
121.125		0.123125
121.25		0.123125
121.375		0.123125
121.5		0.123125
121.625		0.123125
121.75		0.123125
121.875		0.123125
122		0.123125
122.125		0.123125
122.25		0.123125
122.375		0.123125
122.5		0.123125
122.625		0.123125
122.75		0.123125
122.875		0.123125
123		0.123125
123.125		0.123125
123.25		0.123125
123.375		0.123125
123.5		0.123125
123.625		0.123125
123.75		0.123125
123.875		0.123125
124		0.123125
124.125		0.123125
124.25		0.123125
124.375		0.123125
124.5		0.123125
124.625		0.123125
124.75		0.123125
124.875		0.123125
125		0.123125
125.125		0.134445
125.25		0.134445
125.375		0.134445
125.5		0.134445
125.625		0.134445
125.75		0.134445
125.875		0.134445
126		0.134445
126.125		0.134445
126.25		0.134445
126.375		0.134445
126.5		0.134445
126.625		0.134445
126.75		0.134445
126.875		0.134445
127		0.134445
127.125		0.134445
127.25		0.134445
127.375		0.134445
127.5		0.134445
127.625		0.134445
127.75		0.134445
127.875		0.134445
128		0.134445
128.125		0.134445
128.25		0.134445
128.375		0.134445
128.5		0.134445
128.625		0.134445
128.75		0.134445
128.875		0.134445
129		0.134445
129.125		0.134445
129.25		0.134445
129.375		0.134445
129.5		0.134445
129.625		0.134445
129.75		0.134445
129.875		0.134445
130		0.134445
130.125		0.154129
130.25		0.154129
130.375		0.154129
130.5		0.154129
130.625		0.154129
130.75		0.154129
130.875		0.154129
131		0.154129
131.125		0.154129
131.25		0.154129
131.375		0.154129
131.5		0.154129
131.625		0.154129
131.75		0.154129
131.875		0.154129
132		0.154129
132.125		0.154129
132.25		0.154129
132.375		0.154129
132.5		0.154129
132.625		0.154129
132.75		0.154129
132.875		0.154129
133		0.154129
133.125		0.154129
133.25		0.154129
133.375		0.154129
133.5		0.154129
133.625		0.154129
133.75		0.154129
133.875		0.154129
134		0.154129
134.125		0.154129
134.25		0.154129
134.375		0.154129
134.5		0.154129
134.625		0.154129
134.75		0.154129
134.875		0.154129
135		0.154129
135.125		0.156416
135.25		0.156416
135.375		0.156416
135.5		0.156416
135.625		0.156416
135.75		0.156416
135.875		0.156416
136		0.156416
136.125		0.156416
136.25		0.156416
136.375		0.156416
136.5		0.156416
136.625		0.156416
136.75		0.156416
136.875		0.156416
137		0.156416
137.125		0.156416
137.25		0.156416
137.375		0.156416
137.5		0.156416
137.625		0.156416
137.75		0.156416
137.875		0.156416
138		0.156416
138.125		0.156416
138.25		0.156416
138.375		0.156416
138.5		0.156416
138.625		0.156416
138.75		0.156416
138.875		0.156416
139		0.156416
139.125		0.156416
139.25		0.156416
139.375		0.156416
139.5		0.156416
139.625		0.156416
139.75		0.156416
139.875		0.156416
140		0.156416
140.125		0.17794
140.25		0.17794
140.375		0.17794
140.5		0.17794
140.625		0.17794
140.75		0.17794
140.875		0.17794
141		0.17794
141.125		0.17794
141.25		0.17794
141.375		0.17794
141.5		0.17794
141.625		0.17794
141.75		0.17794
141.875		0.17794
142		0.17794
142.125		0.17794
142.25		0.17794
142.375		0.17794
142.5		0.17794
142.625		0.17794
142.75		0.17794
142.875		0.17794
143		0.17794
143.125		0.17794
143.25		0.17794
143.375		0.17794
143.5		0.17794
143.625		0.17794
143.75		0.17794
143.875		0.17794
144		0.17794
144.125		0.17794
144.25		0.17794
144.375		0.17794
144.5		0.17794
144.625		0.17794
144.75		0.17794
144.875		0.17794
145		0.17794
145.125		0.182624
145.25		0.182624
145.375		0.182624
145.5		0.182624
145.625		0.182624
145.75		0.182624
145.875		0.182624
146		0.182624
146.125		0.182624
146.25		0.182624
146.375		0.182624
146.5		0.182624
146.625		0.182624
146.75		0.182624
146.875		0.182624
147		0.182624
147.125		0.182624
147.25		0.182624
147.375		0.182624
147.5		0.182624
147.625		0.182624
147.75		0.182624
147.875		0.182624
148		0.182624
148.125		0.182624
148.25		0.182624
148.375		0.182624
148.5		0.182624
148.625		0.182624
148.75		0.182624
148.875		0.182624
149		0.182624
149.125		0.182624
149.25		0.182624
149.375		0.182624
149.5		0.182624
149.625		0.182624
149.75		0.182624
149.875		0.182624
150		0.182624
150.125		0.186583
150.25		0.186583
150.375		0.186583
150.5		0.186583
150.625		0.186583
150.75		0.186583
150.875		0.186583
151		0.186583
151.125		0.186583
151.25		0.186583
151.375		0.186583
151.5		0.186583
151.625		0.186583
151.75		0.186583
151.875		0.186583
152		0.186583
152.125		0.186583
152.25		0.186583
152.375		0.186583
152.5		0.186583
152.625		0.186583
152.75		0.186583
152.875		0.186583
153		0.186583
153.125		0.186583
153.25		0.186583
153.375		0.186583
153.5		0.186583
153.625		0.186583
153.75		0.186583
153.875		0.186583
154		0.186583
154.125		0.186583
154.25		0.186583
154.375		0.186583
154.5		0.186583
154.625		0.186583
154.75		0.186583
154.875		0.186583
155		0.186583
155.125		0.190208
155.25		0.190208
155.375		0.190208
155.5		0.190208
155.625		0.190208
155.75		0.190208
155.875		0.190208
156		0.190208
156.125		0.190208
156.25		0.190208
156.375		0.190208
156.5		0.190208
156.625		0.190208
156.75		0.190208
156.875		0.190208
157		0.190208
157.125		0.190208
157.25		0.190208
157.375		0.190208
157.5		0.190208
157.625		0.190208
157.75		0.190208
157.875		0.190208
158		0.190208
158.125		0.190208
158.25		0.190208
158.375		0.190208
158.5		0.190208
158.625		0.190208
158.75		0.190208
158.875		0.190208
159		0.190208
159.125		0.190208
159.25		0.190208
159.375		0.190208
159.5		0.190208
159.625		0.190208
159.75		0.190208
159.875		0.190208
160		0.190208
160.125		0.222997
160.25		0.222997
160.375		0.222997
160.5		0.222997
160.625		0.222997
160.75		0.222997
160.875		0.222997
161		0.222997
161.125		0.222997
161.25		0.222997
161.375		0.222997
161.5		0.222997
161.625		0.222997
161.75		0.222997
161.875		0.222997
162		0.222997
162.125		0.222997
162.25		0.222997
162.375		0.222997
162.5		0.222997
162.625		0.222997
162.75		0.222997
162.875		0.222997
163		0.222997
163.125		0.222997
163.25		0.222997
163.375		0.222997
163.5		0.222997
163.625		0.222997
163.75		0.222997
163.875		0.222997
164		0.222997
164.125		0.222997
164.25		0.222997
164.375		0.222997
164.5		0.222997
164.625		0.222997
164.75		0.222997
164.875		0.222997
165		0.222997
165.125		0.23967
165.25		0.23967
165.375		0.23967
165.5		0.23967
165.625		0.23967
165.75		0.23967
165.875		0.23967
166		0.23967
166.125		0.23967
166.25		0.23967
166.375		0.23967
166.5		0.23967
166.625		0.23967
166.75		0.23967
166.875		0.23967
167		0.23967
167.125		0.23967
167.25		0.23967
167.375		0.23967
167.5		0.23967
167.625		0.23967
167.75		0.23967
167.875		0.23967
168		0.23967
168.125		0.23967
168.25		0.23967
168.375		0.23967
168.5		0.23967
168.625		0.23967
168.75		0.23967
168.875		0.23967
169		0.23967
169.125		0.23967
169.25		0.23967
169.375		0.23967
169.5		0.23967
169.625		0.23967
169.75		0.23967
169.875		0.23967
170		0.23967
170.125		0.2477
170.25		0.2477
170.375		0.2477
170.5		0.2477
170.625		0.2477
170.75		0.2477
170.875		0.2477
171		0.2477
171.125		0.2477
171.25		0.2477
171.375		0.2477
171.5		0.2477
171.625		0.2477
171.75		0.2477
171.875		0.2477
172		0.2477
172.125		0.2477
172.25		0.2477
172.375		0.2477
172.5		0.2477
172.625		0.2477
172.75		0.2477
172.875		0.2477
173		0.2477
173.125		0.2477
173.25		0.2477
173.375		0.2477
173.5		0.2477
173.625		0.2477
173.75		0.2477
173.875		0.2477
174		0.2477
174.125		0.2477
174.25		0.2477
174.375		0.2477
174.5		0.2477
174.625		0.2477
174.75		0.2477
174.875		0.2477
175		0.2477
175.125		0.248536
175.25		0.248536
175.375		0.248536
175.5		0.248536
175.625		0.248536
175.75		0.248536
175.875		0.248536
176		0.248536
176.125		0.248536
176.25		0.248536
176.375		0.248536
176.5		0.248536
176.625		0.248536
176.75		0.248536
176.875		0.248536
177		0.248536
177.125		0.248536
177.25		0.248536
177.375		0.248536
177.5		0.248536
177.625		0.248536
177.75		0.248536
177.875		0.248536
178		0.248536
178.125		0.248536
178.25		0.248536
178.375		0.248536
178.5		0.248536
178.625		0.248536
178.75		0.248536
178.875		0.248536
179		0.248536
179.125		0.248536
179.25		0.248536
179.375		0.248536
179.5		0.248536
179.625		0.248536
179.75		0.248536
179.875		0.248536
180		0.248536
180.125		0.266882
180.25		0.266882
180.375		0.266882
180.5		0.266882
180.625		0.266882
180.75		0.266882
180.875		0.266882
181		0.266882
181.125		0.266882
181.25		0.266882
181.375		0.266882
181.5		0.266882
181.625		0.266882
181.75		0.266882
181.875		0.266882
182		0.266882
182.125		0.266882
182.25		0.266882
182.375		0.266882
182.5		0.266882
182.625		0.266882
182.75		0.266882
182.875		0.266882
183		0.266882
183.125		0.266882
183.25		0.266882
183.375		0.266882
183.5		0.266882
183.625		0.266882
183.75		0.266882
183.875		0.266882
184		0.266882
184.125		0.266882
184.25		0.266882
184.375		0.266882
184.5		0.266882
184.625		0.266882
184.75		0.266882
184.875		0.266882
185		0.266882
185.125		0.283165
185.25		0.283165
185.375		0.283165
185.5		0.283165
185.625		0.283165
185.75		0.283165
185.875		0.283165
186		0.283165
186.125		0.283165
186.25		0.283165
186.375		0.283165
186.5		0.283165
186.625		0.283165
186.75		0.283165
186.875		0.283165
187		0.283165
187.125		0.283165
187.25		0.283165
187.375		0.283165
187.5		0.283165
187.625		0.283165
187.75		0.283165
187.875		0.283165
188		0.283165
188.125		0.283165
188.25		0.283165
188.375		0.283165
188.5		0.283165
188.625		0.283165
188.75		0.283165
188.875		0.283165
189		0.283165
189.125		0.283165
189.25		0.283165
189.375		0.283165
189.5		0.283165
189.625		0.283165
189.75		0.283165
189.875		0.283165
190		0.283165
190.125		0.294597
190.25		0.294597
190.375		0.294597
190.5		0.294597
190.625		0.294597
190.75		0.294597
190.875		0.294597
191		0.294597
191.125		0.294597
191.25		0.294597
191.375		0.294597
191.5		0.294597
191.625		0.294597
191.75		0.294597
191.875		0.294597
192		0.294597
192.125		0.294597
192.25		0.294597
192.375		0.294597
192.5		0.294597
192.625		0.294597
192.75		0.294597
192.875		0.294597
193		0.294597
193.125		0.294597
193.25		0.294597
193.375		0.294597
193.5		0.294597
193.625		0.294597
193.75		0.294597
193.875		0.294597
194		0.294597
194.125		0.294597
194.25		0.294597
194.375		0.294597
194.5		0.294597
194.625		0.294597
194.75		0.294597
194.875		0.294597
195		0.294597
195.125		0.296716
195.25		0.296716
195.375		0.296716
195.5		0.296716
195.625		0.296716
195.75		0.296716
195.875		0.296716
196		0.296716
196.125		0.296716
196.25		0.296716
196.375		0.296716
196.5		0.296716
196.625		0.296716
196.75		0.296716
196.875		0.296716
197		0.296716
197.125		0.296716
197.25		0.296716
197.375		0.296716
197.5		0.296716
197.625		0.296716
197.75		0.296716
197.875		0.296716
198		0.296716
198.125		0.296716
198.25		0.296716
198.375		0.296716
198.5		0.296716
198.625		0.296716
198.75		0.296716
198.875		0.296716
199		0.296716
199.125		0.296716
199.25		0.296716
199.375		0.296716
199.5		0.296716
199.625		0.296716
199.75		0.296716
199.875		0.296716
200		0.296716
200.125		0.31311
200.25		0.31311
200.375		0.31311
200.5		0.31311
200.625		0.31311
200.75		0.31311
200.875		0.31311
201		0.31311
201.125		0.31311
201.25		0.31311
201.375		0.31311
201.5		0.31311
201.625		0.31311
201.75		0.31311
201.875		0.31311
202		0.31311
202.125		0.31311
202.25		0.31311
202.375		0.31311
202.5		0.31311
202.625		0.31311
202.75		0.31311
202.875		0.31311
203		0.31311
203.125		0.31311
203.25		0.31311
203.375		0.31311
203.5		0.31311
203.625		0.31311
203.75		0.31311
203.875		0.31311
204		0.31311
204.125		0.31311
204.25		0.31311
204.375		0.31311
204.5		0.31311
204.625		0.31311
204.75		0.31311
204.875		0.31311
205		0.31311
205.125		0.322757
205.25		0.322757
205.375		0.322757
205.5		0.322757
205.625		0.322757
205.75		0.322757
205.875		0.322757
206		0.322757
206.125		0.322757
206.25		0.322757
206.375		0.322757
206.5		0.322757
206.625		0.322757
206.75		0.322757
206.875		0.322757
207		0.322757
207.125		0.322757
207.25		0.322757
207.375		0.322757
207.5		0.322757
207.625		0.322757
207.75		0.322757
207.875		0.322757
208		0.322757
208.125		0.322757
208.25		0.322757
208.375		0.322757
208.5		0.322757
208.625		0.322757
208.75		0.322757
208.875		0.322757
209		0.322757
209.125		0.322757
209.25		0.322757
209.375		0.322757
209.5		0.322757
209.625		0.322757
209.75		0.322757
209.875		0.322757
210		0.322757
210.125		0.34707
210.25		0.34707
210.375		0.34707
210.5		0.34707
210.625		0.34707
210.75		0.34707
210.875		0.34707
211		0.34707
211.125		0.34707
211.25		0.34707
211.375		0.34707
211.5		0.34707
211.625		0.34707
211.75		0.34707
211.875		0.34707
212		0.34707
212.125		0.34707
212.25		0.34707
212.375		0.34707
212.5		0.34707
212.625		0.34707
212.75		0.34707
212.875		0.34707
213		0.34707
213.125		0.34707
213.25		0.34707
213.375		0.34707
213.5		0.34707
213.625		0.34707
213.75		0.34707
213.875		0.34707
214		0.34707
214.125		0.34707
214.25		0.34707
214.375		0.34707
214.5		0.34707
214.625		0.34707
214.75		0.34707
214.875		0.34707
215		0.34707
215.125		0.3522
215.25		0.3522
215.375		0.3522
215.5		0.3522
215.625		0.3522
215.75		0.3522
215.875		0.3522
216		0.3522
216.125		0.3522
216.25		0.3522
216.375		0.3522
216.5		0.3522
216.625		0.3522
216.75		0.3522
216.875		0.3522
217		0.3522
217.125		0.3522
217.25		0.3522
217.375		0.3522
217.5		0.3522
217.625		0.3522
217.75		0.3522
217.875		0.3522
218		0.3522
218.125		0.3522
218.25		0.3522
218.375		0.3522
218.5		0.3522
218.625		0.3522
218.75		0.3522
218.875		0.3522
219		0.3522
219.125		0.3522
219.25		0.3522
219.375		0.3522
219.5		0.3522
219.625		0.3522
219.75		0.3522
219.875		0.3522
220		0.3522
220.125		0.367814
220.25		0.367814
220.375		0.367814
220.5		0.367814
220.625		0.367814
220.75		0.367814
220.875		0.367814
221		0.367814
221.125		0.367814
221.25		0.367814
221.375		0.367814
221.5		0.367814
221.625		0.367814
221.75		0.367814
221.875		0.367814
222		0.367814
222.125		0.367814
222.25		0.367814
222.375		0.367814
222.5		0.367814
222.625		0.367814
222.75		0.367814
222.875		0.367814
223		0.367814
223.125		0.367814
223.25		0.367814
223.375		0.367814
223.5		0.367814
223.625		0.367814
223.75		0.367814
223.875		0.367814
224		0.367814
224.125		0.367814
224.25		0.367814
224.375		0.367814
224.5		0.367814
224.625		0.367814
224.75		0.367814
224.875		0.367814
225		0.367814
225.125		0.369263
225.25		0.369263
225.375		0.369263
225.5		0.369263
225.625		0.369263
225.75		0.369263
225.875		0.369263
226		0.369263
226.125		0.369263
226.25		0.369263
226.375		0.369263
226.5		0.369263
226.625		0.369263
226.75		0.369263
226.875		0.369263
227		0.369263
227.125		0.369263
227.25		0.369263
227.375		0.369263
227.5		0.369263
227.625		0.369263
227.75		0.369263
227.875		0.369263
228		0.369263
228.125		0.369263
228.25		0.369263
228.375		0.369263
228.5		0.369263
228.625		0.369263
228.75		0.369263
228.875		0.369263
229		0.369263
229.125		0.369263
229.25		0.369263
229.375		0.369263
229.5		0.369263
229.625		0.369263
229.75		0.369263
229.875		0.369263
230		0.369263
230.125		0.390732
230.25		0.390732
230.375		0.390732
230.5		0.390732
230.625		0.390732
230.75		0.390732
230.875		0.390732
231		0.390732
231.125		0.390732
231.25		0.390732
231.375		0.390732
231.5		0.390732
231.625		0.390732
231.75		0.390732
231.875		0.390732
232		0.390732
232.125		0.390732
232.25		0.390732
232.375		0.390732
232.5		0.390732
232.625		0.390732
232.75		0.390732
232.875		0.390732
233		0.390732
233.125		0.390732
233.25		0.390732
233.375		0.390732
233.5		0.390732
233.625		0.390732
233.75		0.390732
233.875		0.390732
234		0.390732
234.125		0.390732
234.25		0.390732
234.375		0.390732
234.5		0.390732
234.625		0.390732
234.75		0.390732
234.875		0.390732
235		0.390732
235.125		0.394301
235.25		0.394301
235.375		0.394301
235.5		0.394301
235.625		0.394301
235.75		0.394301
235.875		0.394301
236		0.394301
236.125		0.394301
236.25		0.394301
236.375		0.394301
236.5		0.394301
236.625		0.394301
236.75		0.394301
236.875		0.394301
237		0.394301
237.125		0.394301
237.25		0.394301
237.375		0.394301
237.5		0.394301
237.625		0.394301
237.75		0.394301
237.875		0.394301
238		0.394301
238.125		0.394301
238.25		0.394301
238.375		0.394301
238.5		0.394301
238.625		0.394301
238.75		0.394301
238.875		0.394301
239		0.394301
239.125		0.394301
239.25		0.394301
239.375		0.394301
239.5		0.394301
239.625		0.394301
239.75		0.394301
239.875		0.394301
240		0.394301
240.125		0.411141
240.25		0.411141
240.375		0.411141
240.5		0.411141
240.625		0.411141
240.75		0.411141
240.875		0.411141
241		0.411141
241.125		0.411141
241.25		0.411141
241.375		0.411141
241.5		0.411141
241.625		0.411141
241.75		0.411141
241.875		0.411141
242		0.411141
242.125		0.411141
242.25		0.411141
242.375		0.411141
242.5		0.411141
242.625		0.411141
242.75		0.411141
242.875		0.411141
243		0.411141
243.125		0.411141
243.25		0.411141
243.375		0.411141
243.5		0.411141
243.625		0.411141
243.75		0.411141
243.875		0.411141
244		0.411141
244.125		0.411141
244.25		0.411141
244.375		0.411141
244.5		0.411141
244.625		0.411141
244.75		0.411141
244.875		0.411141
245		0.411141
245.125		0.412703
245.25		0.412703
245.375		0.412703
245.5		0.412703
245.625		0.412703
245.75		0.412703
245.875		0.412703
246		0.412703
246.125		0.412703
246.25		0.412703
246.375		0.412703
246.5		0.412703
246.625		0.412703
246.75		0.412703
246.875		0.412703
247		0.412703
247.125		0.412703
247.25		0.412703
247.375		0.412703
247.5		0.412703
247.625		0.412703
247.75		0.412703
247.875		0.412703
248		0.412703
248.125		0.412703
248.25		0.412703
248.375		0.412703
248.5		0.412703
248.625		0.412703
248.75		0.412703
248.875		0.412703
249		0.412703
249.125		0.412703
249.25		0.412703
249.375		0.412703
249.5		0.412703
249.625		0.412703
249.75		0.412703
249.875		0.412703
250		0.412703
250.125		0.434339
250.25		0.434339
250.375		0.434339
250.5		0.434339
250.625		0.434339
250.75		0.434339
250.875		0.434339
251		0.434339
251.125		0.434339
251.25		0.434339
251.375		0.434339
251.5		0.434339
251.625		0.434339
251.75		0.434339
251.875		0.434339
252		0.434339
252.125		0.434339
252.25		0.434339
252.375		0.434339
252.5		0.434339
252.625		0.434339
252.75		0.434339
252.875		0.434339
253		0.434339
253.125		0.434339
253.25		0.434339
253.375		0.434339
253.5		0.434339
253.625		0.434339
253.75		0.434339
253.875		0.434339
254		0.434339
254.125		0.434339
254.25		0.434339
254.375		0.434339
254.5		0.434339
254.625		0.434339
254.75		0.434339
254.875		0.434339
255		0.434339
255.125		0.444934
255.25		0.444934
255.375		0.444934
255.5		0.444934
255.625		0.444934
255.75		0.444934
255.875		0.444934
256		0.444934
256.125		0.444934
256.25		0.444934
256.375		0.444934
256.5		0.444934
256.625		0.444934
256.75		0.444934
256.875		0.444934
257		0.444934
257.125		0.444934
257.25		0.444934
257.375		0.444934
257.5		0.444934
257.625		0.444934
257.75		0.444934
257.875		0.444934
258		0.444934
258.125		0.444934
258.25		0.444934
258.375		0.444934
258.5		0.444934
258.625		0.444934
258.75		0.444934
258.875		0.444934
259		0.444934
259.125		0.444934
259.25		0.444934
259.375		0.444934
259.5		0.444934
259.625		0.444934
259.75		0.444934
259.875		0.444934
260		0.444934
260.125		0.456756
260.25		0.456756
260.375		0.456756
260.5		0.456756
260.625		0.456756
260.75		0.456756
260.875		0.456756
261		0.456756
261.125		0.456756
261.25		0.456756
261.375		0.456756
261.5		0.456756
261.625		0.456756
261.75		0.456756
261.875		0.456756
262		0.456756
262.125		0.456756
262.25		0.456756
262.375		0.456756
262.5		0.456756
262.625		0.456756
262.75		0.456756
262.875		0.456756
263		0.456756
263.125		0.456756
263.25		0.456756
263.375		0.456756
263.5		0.456756
263.625		0.456756
263.75		0.456756
263.875		0.456756
264		0.456756
264.125		0.456756
264.25		0.456756
264.375		0.456756
264.5		0.456756
264.625		0.456756
264.75		0.456756
264.875		0.456756
265		0.456756
265.125		0.459488
265.25		0.459488
265.375		0.459488
265.5		0.459488
265.625		0.459488
265.75		0.459488
265.875		0.459488
266		0.459488
266.125		0.459488
266.25		0.459488
266.375		0.459488
266.5		0.459488
266.625		0.459488
266.75		0.459488
266.875		0.459488
267		0.459488
267.125		0.459488
267.25		0.459488
267.375		0.459488
267.5		0.459488
267.625		0.459488
267.75		0.459488
267.875		0.459488
268		0.459488
268.125		0.459488
268.25		0.459488
268.375		0.459488
268.5		0.459488
268.625		0.459488
268.75		0.459488
268.875		0.459488
269		0.459488
269.125		0.459488
269.25		0.459488
269.375		0.459488
269.5		0.459488
269.625		0.459488
269.75		0.459488
269.875		0.459488
270		0.459488
270.125		0.493838
270.25		0.493838
270.375		0.493838
270.5		0.493838
270.625		0.493838
270.75		0.493838
270.875		0.493838
271		0.493838
271.125		0.493838
271.25		0.493838
271.375		0.493838
271.5		0.493838
271.625		0.493838
271.75		0.493838
271.875		0.493838
272		0.493838
272.125		0.493838
272.25		0.493838
272.375		0.493838
272.5		0.493838
272.625		0.493838
272.75		0.493838
272.875		0.493838
273		0.493838
273.125		0.493838
273.25		0.493838
273.375		0.493838
273.5		0.493838
273.625		0.493838
273.75		0.493838
273.875		0.493838
274		0.493838
274.125		0.493838
274.25		0.493838
274.375		0.493838
274.5		0.493838
274.625		0.493838
274.75		0.493838
274.875		0.493838
275		0.493838
275.125		0.49473
275.25		0.49473
275.375		0.49473
275.5		0.49473
275.625		0.49473
275.75		0.49473
275.875		0.49473
276		0.49473
276.125		0.49473
276.25		0.49473
276.375		0.49473
276.5		0.49473
276.625		0.49473
276.75		0.49473
276.875		0.49473
277		0.49473
277.125		0.49473
277.25		0.49473
277.375		0.49473
277.5		0.49473
277.625		0.49473
277.75		0.49473
277.875		0.49473
278		0.49473
278.125		0.49473
278.25		0.49473
278.375		0.49473
278.5		0.49473
278.625		0.49473
278.75		0.49473
278.875		0.49473
279		0.49473
279.125		0.49473
279.25		0.49473
279.375		0.49473
279.5		0.49473
279.625		0.49473
279.75		0.49473
279.875		0.49473
280		0.49473
280.125		0.502649
280.25		0.502649
280.375		0.502649
280.5		0.502649
280.625		0.502649
280.75		0.502649
280.875		0.502649
281		0.502649
281.125		0.502649
281.25		0.502649
281.375		0.502649
281.5		0.502649
281.625		0.502649
281.75		0.502649
281.875		0.502649
282		0.502649
282.125		0.502649
282.25		0.502649
282.375		0.502649
282.5		0.502649
282.625		0.502649
282.75		0.502649
282.875		0.502649
283		0.502649
283.125		0.502649
283.25		0.502649
283.375		0.502649
283.5		0.502649
283.625		0.502649
283.75		0.502649
283.875		0.502649
284		0.502649
284.125		0.502649
284.25		0.502649
284.375		0.502649
284.5		0.502649
284.625		0.502649
284.75		0.502649
284.875		0.502649
285		0.502649
285.125		0.514749
285.25		0.514749
285.375		0.514749
285.5		0.514749
285.625		0.514749
285.75		0.514749
285.875		0.514749
286		0.514749
286.125		0.514749
286.25		0.514749
286.375		0.514749
286.5		0.514749
286.625		0.514749
286.75		0.514749
286.875		0.514749
287		0.514749
287.125		0.514749
287.25		0.514749
287.375		0.514749
287.5		0.514749
287.625		0.514749
287.75		0.514749
287.875		0.514749
288		0.514749
288.125		0.514749
288.25		0.514749
288.375		0.514749
288.5		0.514749
288.625		0.514749
288.75		0.514749
288.875		0.514749
289		0.514749
289.125		0.514749
289.25		0.514749
289.375		0.514749
289.5		0.514749
289.625		0.514749
289.75		0.514749
289.875		0.514749
290		0.514749
290.125		0.521218
290.25		0.521218
290.375		0.521218
290.5		0.521218
290.625		0.521218
290.75		0.521218
290.875		0.521218
291		0.521218
291.125		0.521218
291.25		0.521218
291.375		0.521218
291.5		0.521218
291.625		0.521218
291.75		0.521218
291.875		0.521218
292		0.521218
292.125		0.521218
292.25		0.521218
292.375		0.521218
292.5		0.521218
292.625		0.521218
292.75		0.521218
292.875		0.521218
293		0.521218
293.125		0.521218
293.25		0.521218
293.375		0.521218
293.5		0.521218
293.625		0.521218
293.75		0.521218
293.875		0.521218
294		0.521218
294.125		0.521218
294.25		0.521218
294.375		0.521218
294.5		0.521218
294.625		0.521218
294.75		0.521218
294.875		0.521218
295		0.521218
295.125		0.538672
295.25		0.538672
295.375		0.538672
295.5		0.538672
295.625		0.538672
295.75		0.538672
295.875		0.538672
296		0.538672
296.125		0.538672
296.25		0.538672
296.375		0.538672
296.5		0.538672
296.625		0.538672
296.75		0.538672
296.875		0.538672
297		0.538672
297.125		0.538672
297.25		0.538672
297.375		0.538672
297.5		0.538672
297.625		0.538672
297.75		0.538672
297.875		0.538672
298		0.538672
298.125		0.538672
298.25		0.538672
298.375		0.538672
298.5		0.538672
298.625		0.538672
298.75		0.538672
298.875		0.538672
299		0.538672
299.125		0.538672
299.25		0.538672
299.375		0.538672
299.5		0.538672
299.625		0.538672
299.75		0.538672
299.875		0.538672
300		0.538672
300.125		0.549044
300.25		0.549044
300.375		0.549044
300.5		0.549044
300.625		0.549044
300.75		0.549044
300.875		0.549044
301		0.549044
301.125		0.549044
301.25		0.549044
301.375		0.549044
301.5		0.549044
301.625		0.549044
301.75		0.549044
301.875		0.549044
302		0.549044
302.125		0.549044
302.25		0.549044
302.375		0.549044
302.5		0.549044
302.625		0.549044
302.75		0.549044
302.875		0.549044
303		0.549044
303.125		0.549044
303.25		0.549044
303.375		0.549044
303.5		0.549044
303.625		0.549044
303.75		0.549044
303.875		0.549044
304		0.549044
304.125		0.549044
304.25		0.549044
304.375		0.549044
304.5		0.549044
304.625		0.549044
304.75		0.549044
304.875		0.549044
305		0.549044
305.125		0.558468
305.25		0.558468
305.375		0.558468
305.5		0.558468
305.625		0.558468
305.75		0.558468
305.875		0.558468
306		0.558468
306.125		0.558468
306.25		0.558468
306.375		0.558468
306.5		0.558468
306.625		0.558468
306.75		0.558468
306.875		0.558468
307		0.558468
307.125		0.558468
307.25		0.558468
307.375		0.558468
307.5		0.558468
307.625		0.558468
307.75		0.558468
307.875		0.558468
308		0.558468
308.125		0.558468
308.25		0.558468
308.375		0.558468
308.5		0.558468
308.625		0.558468
308.75		0.558468
308.875		0.558468
309		0.558468
309.125		0.558468
309.25		0.558468
309.375		0.558468
309.5		0.558468
309.625		0.558468
309.75		0.558468
309.875		0.558468
310		0.558468
310.125		0.561925
310.25		0.561925
310.375		0.561925
310.5		0.561925
310.625		0.561925
310.75		0.561925
310.875		0.561925
311		0.561925
311.125		0.561925
311.25		0.561925
311.375		0.561925
311.5		0.561925
311.625		0.561925
311.75		0.561925
311.875		0.561925
312		0.561925
312.125		0.561925
312.25		0.561925
312.375		0.561925
312.5		0.561925
312.625		0.561925
312.75		0.561925
312.875		0.561925
313		0.561925
313.125		0.561925
313.25		0.561925
313.375		0.561925
313.5		0.561925
313.625		0.561925
313.75		0.561925
313.875		0.561925
314		0.561925
314.125		0.561925
314.25		0.561925
314.375		0.561925
314.5		0.561925
314.625		0.561925
314.75		0.561925
314.875		0.561925
315		0.561925
315.125		0.579602
315.25		0.579602
315.375		0.579602
315.5		0.579602
315.625		0.579602
315.75		0.579602
315.875		0.579602
316		0.579602
316.125		0.579602
316.25		0.579602
316.375		0.579602
316.5		0.579602
316.625		0.579602
316.75		0.579602
316.875		0.579602
317		0.579602
317.125		0.579602
317.25		0.579602
317.375		0.579602
317.5		0.579602
317.625		0.579602
317.75		0.579602
317.875		0.579602
318		0.579602
318.125		0.579602
318.25		0.579602
318.375		0.579602
318.5		0.579602
318.625		0.579602
318.75		0.579602
318.875		0.579602
319		0.579602
319.125		0.579602
319.25		0.579602
319.375		0.579602
319.5		0.579602
319.625		0.579602
319.75		0.579602
319.875		0.579602
320		0.579602
320.125		0.604026
320.25		0.604026
320.375		0.604026
320.5		0.604026
320.625		0.604026
320.75		0.604026
320.875		0.604026
321		0.604026
321.125		0.604026
321.25		0.604026
321.375		0.604026
321.5		0.604026
321.625		0.604026
321.75		0.604026
321.875		0.604026
322		0.604026
322.125		0.604026
322.25		0.604026
322.375		0.604026
322.5		0.604026
322.625		0.604026
322.75		0.604026
322.875		0.604026
323		0.604026
323.125		0.604026
323.25		0.604026
323.375		0.604026
323.5		0.604026
323.625		0.604026
323.75		0.604026
323.875		0.604026
324		0.604026
324.125		0.604026
324.25		0.604026
324.375		0.604026
324.5		0.604026
324.625		0.604026
324.75		0.604026
324.875		0.604026
325		0.604026
325.125		0.613952
325.25		0.613952
325.375		0.613952
325.5		0.613952
325.625		0.613952
325.75		0.613952
325.875		0.613952
326		0.613952
326.125		0.613952
326.25		0.613952
326.375		0.613952
326.5		0.613952
326.625		0.613952
326.75		0.613952
326.875		0.613952
327		0.613952
327.125		0.613952
327.25		0.613952
327.375		0.613952
327.5		0.613952
327.625		0.613952
327.75		0.613952
327.875		0.613952
328		0.613952
328.125		0.613952
328.25		0.613952
328.375		0.613952
328.5		0.613952
328.625		0.613952
328.75		0.613952
328.875		0.613952
329		0.613952
329.125		0.613952
329.25		0.613952
329.375		0.613952
329.5		0.613952
329.625		0.613952
329.75		0.613952
329.875		0.613952
330		0.613952
330.125		0.618469
330.25		0.618469
330.375		0.618469
330.5		0.618469
330.625		0.618469
330.75		0.618469
330.875		0.618469
331		0.618469
331.125		0.618469
331.25		0.618469
331.375		0.618469
331.5		0.618469
331.625		0.618469
331.75		0.618469
331.875		0.618469
332		0.618469
332.125		0.618469
332.25		0.618469
332.375		0.618469
332.5		0.618469
332.625		0.618469
332.75		0.618469
332.875		0.618469
333		0.618469
333.125		0.618469
333.25		0.618469
333.375		0.618469
333.5		0.618469
333.625		0.618469
333.75		0.618469
333.875		0.618469
334		0.618469
334.125		0.618469
334.25		0.618469
334.375		0.618469
334.5		0.618469
334.625		0.618469
334.75		0.618469
334.875		0.618469
335		0.618469
335.125		0.619584
335.25		0.619584
335.375		0.619584
335.5		0.619584
335.625		0.619584
335.75		0.619584
335.875		0.619584
336		0.619584
336.125		0.619584
336.25		0.619584
336.375		0.619584
336.5		0.619584
336.625		0.619584
336.75		0.619584
336.875		0.619584
337		0.619584
337.125		0.619584
337.25		0.619584
337.375		0.619584
337.5		0.619584
337.625		0.619584
337.75		0.619584
337.875		0.619584
338		0.619584
338.125		0.619584
338.25		0.619584
338.375		0.619584
338.5		0.619584
338.625		0.619584
338.75		0.619584
338.875		0.619584
339		0.619584
339.125		0.619584
339.25		0.619584
339.375		0.619584
339.5		0.619584
339.625		0.619584
339.75		0.619584
339.875		0.619584
340		0.619584
340.125		0.643785
340.25		0.643785
340.375		0.643785
340.5		0.643785
340.625		0.643785
340.75		0.643785
340.875		0.643785
341		0.643785
341.125		0.643785
341.25		0.643785
341.375		0.643785
341.5		0.643785
341.625		0.643785
341.75		0.643785
341.875		0.643785
342		0.643785
342.125		0.643785
342.25		0.643785
342.375		0.643785
342.5		0.643785
342.625		0.643785
342.75		0.643785
342.875		0.643785
343		0.643785
343.125		0.643785
343.25		0.643785
343.375		0.643785
343.5		0.643785
343.625		0.643785
343.75		0.643785
343.875		0.643785
344		0.643785
344.125		0.643785
344.25		0.643785
344.375		0.643785
344.5		0.643785
344.625		0.643785
344.75		0.643785
344.875		0.643785
345		0.643785
345.125		0.64741
345.25		0.64741
345.375		0.64741
345.5		0.64741
345.625		0.64741
345.75		0.64741
345.875		0.64741
346		0.64741
346.125		0.64741
346.25		0.64741
346.375		0.64741
346.5		0.64741
346.625		0.64741
346.75		0.64741
346.875		0.64741
347		0.64741
347.125		0.64741
347.25		0.64741
347.375		0.64741
347.5		0.64741
347.625		0.64741
347.75		0.64741
347.875		0.64741
348		0.64741
348.125		0.64741
348.25		0.64741
348.375		0.64741
348.5		0.64741
348.625		0.64741
348.75		0.64741
348.875		0.64741
349		0.64741
349.125		0.64741
349.25		0.64741
349.375		0.64741
349.5		0.64741
349.625		0.64741
349.75		0.64741
349.875		0.64741
350		0.64741
350.125		0.660347
350.25		0.660347
350.375		0.660347
350.5		0.660347
350.625		0.660347
350.75		0.660347
350.875		0.660347
351		0.660347
351.125		0.660347
351.25		0.660347
351.375		0.660347
351.5		0.660347
351.625		0.660347
351.75		0.660347
351.875		0.660347
352		0.660347
352.125		0.660347
352.25		0.660347
352.375		0.660347
352.5		0.660347
352.625		0.660347
352.75		0.660347
352.875		0.660347
353		0.660347
353.125		0.660347
353.25		0.660347
353.375		0.660347
353.5		0.660347
353.625		0.660347
353.75		0.660347
353.875		0.660347
354		0.660347
354.125		0.660347
354.25		0.660347
354.375		0.660347
354.5		0.660347
354.625		0.660347
354.75		0.660347
354.875		0.660347
355		0.660347
355.125		0.671221
355.25		0.671221
355.375		0.671221
355.5		0.671221
355.625		0.671221
355.75		0.671221
355.875		0.671221
356		0.671221
356.125		0.671221
356.25		0.671221
356.375		0.671221
356.5		0.671221
356.625		0.671221
356.75		0.671221
356.875		0.671221
357		0.671221
357.125		0.671221
357.25		0.671221
357.375		0.671221
357.5		0.671221
357.625		0.671221
357.75		0.671221
357.875		0.671221
358		0.671221
358.125		0.671221
358.25		0.671221
358.375		0.671221
358.5		0.671221
358.625		0.671221
358.75		0.671221
358.875		0.671221
359		0.671221
359.125		0.671221
359.25		0.671221
359.375		0.671221
359.5		0.671221
359.625		0.671221
359.75		0.671221
359.875		0.671221
360		0.671221
360.125		0.697485
360.25		0.697485
360.375		0.697485
360.5		0.697485
360.625		0.697485
360.75		0.697485
360.875		0.697485
361		0.697485
361.125		0.697485
361.25		0.697485
361.375		0.697485
361.5		0.697485
361.625		0.697485
361.75		0.697485
361.875		0.697485
362		0.697485
362.125		0.697485
362.25		0.697485
362.375		0.697485
362.5		0.697485
362.625		0.697485
362.75		0.697485
362.875		0.697485
363		0.697485
363.125		0.697485
363.25		0.697485
363.375		0.697485
363.5		0.697485
363.625		0.697485
363.75		0.697485
363.875		0.697485
364		0.697485
364.125		0.697485
364.25		0.697485
364.375		0.697485
364.5		0.697485
364.625		0.697485
364.75		0.697485
364.875		0.697485
365		0.697485
365.125		0.698545
365.25		0.698545
365.375		0.698545
365.5		0.698545
365.625		0.698545
365.75		0.698545
365.875		0.698545
366		0.698545
366.125		0.698545
366.25		0.698545
366.375		0.698545
366.5		0.698545
366.625		0.698545
366.75		0.698545
366.875		0.698545
367		0.698545
367.125		0.698545
367.25		0.698545
367.375		0.698545
367.5		0.698545
367.625		0.698545
367.75		0.698545
367.875		0.698545
368		0.698545
368.125		0.698545
368.25		0.698545
368.375		0.698545
368.5		0.698545
368.625		0.698545
368.75		0.698545
368.875		0.698545
369		0.698545
369.125		0.698545
369.25		0.698545
369.375		0.698545
369.5		0.698545
369.625		0.698545
369.75		0.698545
369.875		0.698545
370		0.698545
370.125		0.705794
370.25		0.705794
370.375		0.705794
370.5		0.705794
370.625		0.705794
370.75		0.705794
370.875		0.705794
371		0.705794
371.125		0.705794
371.25		0.705794
371.375		0.705794
371.5		0.705794
371.625		0.705794
371.75		0.705794
371.875		0.705794
372		0.705794
372.125		0.705794
372.25		0.705794
372.375		0.705794
372.5		0.705794
372.625		0.705794
372.75		0.705794
372.875		0.705794
373		0.705794
373.125		0.705794
373.25		0.705794
373.375		0.705794
373.5		0.705794
373.625		0.705794
373.75		0.705794
373.875		0.705794
374		0.705794
374.125		0.705794
374.25		0.705794
374.375		0.705794
374.5		0.705794
374.625		0.705794
374.75		0.705794
374.875		0.705794
375		0.705794
375.125		0.709864
375.25		0.709864
375.375		0.709864
375.5		0.709864
375.625		0.709864
375.75		0.709864
375.875		0.709864
376		0.709864
376.125		0.709864
376.25		0.709864
376.375		0.709864
376.5		0.709864
376.625		0.709864
376.75		0.709864
376.875		0.709864
377		0.709864
377.125		0.709864
377.25		0.709864
377.375		0.709864
377.5		0.709864
377.625		0.709864
377.75		0.709864
377.875		0.709864
378		0.709864
378.125		0.709864
378.25		0.709864
378.375		0.709864
378.5		0.709864
378.625		0.709864
378.75		0.709864
378.875		0.709864
379		0.709864
379.125		0.709864
379.25		0.709864
379.375		0.709864
379.5		0.709864
379.625		0.709864
379.75		0.709864
379.875		0.709864
380		0.709864
380.125		0.745386
380.25		0.745386
380.375		0.745386
380.5		0.745386
380.625		0.745386
380.75		0.745386
380.875		0.745386
381		0.745386
381.125		0.745386
381.25		0.745386
381.375		0.745386
381.5		0.745386
381.625		0.745386
381.75		0.745386
381.875		0.745386
382		0.745386
382.125		0.745386
382.25		0.745386
382.375		0.745386
382.5		0.745386
382.625		0.745386
382.75		0.745386
382.875		0.745386
383		0.745386
383.125		0.745386
383.25		0.745386
383.375		0.745386
383.5		0.745386
383.625		0.745386
383.75		0.745386
383.875		0.745386
384		0.745386
384.125		0.745386
384.25		0.745386
384.375		0.745386
384.5		0.745386
384.625		0.745386
384.75		0.745386
384.875		0.745386
385		0.745386
385.125		0.748676
385.25		0.748676
385.375		0.748676
385.5		0.748676
385.625		0.748676
385.75		0.748676
385.875		0.748676
386		0.748676
386.125		0.748676
386.25		0.748676
386.375		0.748676
386.5		0.748676
386.625		0.748676
386.75		0.748676
386.875		0.748676
387		0.748676
387.125		0.748676
387.25		0.748676
387.375		0.748676
387.5		0.748676
387.625		0.748676
387.75		0.748676
387.875		0.748676
388		0.748676
388.125		0.748676
388.25		0.748676
388.375		0.748676
388.5		0.748676
388.625		0.748676
388.75		0.748676
388.875		0.748676
389		0.748676
389.125		0.748676
389.25		0.748676
389.375		0.748676
389.5		0.748676
389.625		0.748676
389.75		0.748676
389.875		0.748676
390		0.748676
390.125		0.755646
390.25		0.755646
390.375		0.755646
390.5		0.755646
390.625		0.755646
390.75		0.755646
390.875		0.755646
391		0.755646
391.125		0.755646
391.25		0.755646
391.375		0.755646
391.5		0.755646
391.625		0.755646
391.75		0.755646
391.875		0.755646
392		0.755646
392.125		0.755646
392.25		0.755646
392.375		0.755646
392.5		0.755646
392.625		0.755646
392.75		0.755646
392.875		0.755646
393		0.755646
393.125		0.755646
393.25		0.755646
393.375		0.755646
393.5		0.755646
393.625		0.755646
393.75		0.755646
393.875		0.755646
394		0.755646
394.125		0.755646
394.25		0.755646
394.375		0.755646
394.5		0.755646
394.625		0.755646
394.75		0.755646
394.875		0.755646
395		0.755646
395.125		0.764958
395.25		0.764958
395.375		0.764958
395.5		0.764958
395.625		0.764958
395.75		0.764958
395.875		0.764958
396		0.764958
396.125		0.764958
396.25		0.764958
396.375		0.764958
396.5		0.764958
396.625		0.764958
396.75		0.764958
396.875		0.764958
397		0.764958
397.125		0.764958
397.25		0.764958
397.375		0.764958
397.5		0.764958
397.625		0.764958
397.75		0.764958
397.875		0.764958
398		0.764958
398.125		0.764958
398.25		0.764958
398.375		0.764958
398.5		0.764958
398.625		0.764958
398.75		0.764958
398.875		0.764958
399		0.764958
399.125		0.764958
399.25		0.764958
399.375		0.764958
399.5		0.764958
399.625		0.764958
399.75		0.764958
399.875		0.764958
400		0.764958
400.125		0.768527
400.25		0.768527
400.375		0.768527
400.5		0.768527
400.625		0.768527
400.75		0.768527
400.875		0.768527
401		0.768527
401.125		0.768527
401.25		0.768527
401.375		0.768527
401.5		0.768527
401.625		0.768527
401.75		0.768527
401.875		0.768527
402		0.768527
402.125		0.768527
402.25		0.768527
402.375		0.768527
402.5		0.768527
402.625		0.768527
402.75		0.768527
402.875		0.768527
403		0.768527
403.125		0.768527
403.25		0.768527
403.375		0.768527
403.5		0.768527
403.625		0.768527
403.75		0.768527
403.875		0.768527
404		0.768527
404.125		0.768527
404.25		0.768527
404.375		0.768527
404.5		0.768527
404.625		0.768527
404.75		0.768527
404.875		0.768527
405		0.768527
405.125		0.802933
405.25		0.802933
405.375		0.802933
405.5		0.802933
405.625		0.802933
405.75		0.802933
405.875		0.802933
406		0.802933
406.125		0.802933
406.25		0.802933
406.375		0.802933
406.5		0.802933
406.625		0.802933
406.75		0.802933
406.875		0.802933
407		0.802933
407.125		0.802933
407.25		0.802933
407.375		0.802933
407.5		0.802933
407.625		0.802933
407.75		0.802933
407.875		0.802933
408		0.802933
408.125		0.802933
408.25		0.802933
408.375		0.802933
408.5		0.802933
408.625		0.802933
408.75		0.802933
408.875		0.802933
409		0.802933
409.125		0.802933
409.25		0.802933
409.375		0.802933
409.5		0.802933
409.625		0.802933
409.75		0.802933
409.875		0.802933
410		0.802933
410.125		0.807785
410.25		0.807785
410.375		0.807785
410.5		0.807785
410.625		0.807785
410.75		0.807785
410.875		0.807785
411		0.807785
411.125		0.807785
411.25		0.807785
411.375		0.807785
411.5		0.807785
411.625		0.807785
411.75		0.807785
411.875		0.807785
412		0.807785
412.125		0.807785
412.25		0.807785
412.375		0.807785
412.5		0.807785
412.625		0.807785
412.75		0.807785
412.875		0.807785
413		0.807785
413.125		0.807785
413.25		0.807785
413.375		0.807785
413.5		0.807785
413.625		0.807785
413.75		0.807785
413.875		0.807785
414		0.807785
414.125		0.807785
414.25		0.807785
414.375		0.807785
414.5		0.807785
414.625		0.807785
414.75		0.807785
414.875		0.807785
415		0.807785
415.125		0.815257
415.25		0.815257
415.375		0.815257
415.5		0.815257
415.625		0.815257
415.75		0.815257
415.875		0.815257
416		0.815257
416.125		0.815257
416.25		0.815257
416.375		0.815257
416.5		0.815257
416.625		0.815257
416.75		0.815257
416.875		0.815257
417		0.815257
417.125		0.815257
417.25		0.815257
417.375		0.815257
417.5		0.815257
417.625		0.815257
417.75		0.815257
417.875		0.815257
418		0.815257
418.125		0.815257
418.25		0.815257
418.375		0.815257
418.5		0.815257
418.625		0.815257
418.75		0.815257
418.875		0.815257
419		0.815257
419.125		0.815257
419.25		0.815257
419.375		0.815257
419.5		0.815257
419.625		0.815257
419.75		0.815257
419.875		0.815257
420		0.815257
420.125		0.815257
420.25		0.815257
420.375		0.815257
420.5		0.815257
420.625		0.815257
420.75		0.815257
420.875		0.815257
421		0.815257
421.125		0.815257
421.25		0.815257
421.375		0.815257
421.5		0.815257
421.625		0.815257
421.75		0.815257
421.875		0.815257
422		0.815257
422.125		0.815257
422.25		0.815257
422.375		0.815257
422.5		0.815257
422.625		0.815257
422.75		0.815257
422.875		0.815257
423		0.815257
423.125		0.815257
423.25		0.815257
423.375		0.815257
423.5		0.815257
423.625		0.815257
423.75		0.815257
423.875		0.815257
424		0.815257
424.125		0.815257
424.25		0.815257
424.375		0.815257
424.5		0.815257
424.625		0.815257
424.75		0.815257
424.875		0.815257
425		0.815257
425.125		0.826911
425.25		0.826911
425.375		0.826911
425.5		0.826911
425.625		0.826911
425.75		0.826911
425.875		0.826911
426		0.826911
426.125		0.826911
426.25		0.826911
426.375		0.826911
426.5		0.826911
426.625		0.826911
426.75		0.826911
426.875		0.826911
427		0.826911
427.125		0.826911
427.25		0.826911
427.375		0.826911
427.5		0.826911
427.625		0.826911
427.75		0.826911
427.875		0.826911
428		0.826911
428.125		0.826911
428.25		0.826911
428.375		0.826911
428.5		0.826911
428.625		0.826911
428.75		0.826911
428.875		0.826911
429		0.826911
429.125		0.826911
429.25		0.826911
429.375		0.826911
429.5		0.826911
429.625		0.826911
429.75		0.826911
429.875		0.826911
430		0.826911
430.125		0.844254
430.25		0.844254
430.375		0.844254
430.5		0.844254
430.625		0.844254
430.75		0.844254
430.875		0.844254
431		0.844254
431.125		0.844254
431.25		0.844254
431.375		0.844254
431.5		0.844254
431.625		0.844254
431.75		0.844254
431.875		0.844254
432		0.844254
432.125		0.844254
432.25		0.844254
432.375		0.844254
432.5		0.844254
432.625		0.844254
432.75		0.844254
432.875		0.844254
433		0.844254
433.125		0.844254
433.25		0.844254
433.375		0.844254
433.5		0.844254
433.625		0.844254
433.75		0.844254
433.875		0.844254
434		0.844254
434.125		0.844254
434.25		0.844254
434.375		0.844254
434.5		0.844254
434.625		0.844254
434.75		0.844254
434.875		0.844254
435		0.844254
435.125		0.860258
435.25		0.860258
435.375		0.860258
435.5		0.860258
435.625		0.860258
435.75		0.860258
435.875		0.860258
436		0.860258
436.125		0.860258
436.25		0.860258
436.375		0.860258
436.5		0.860258
436.625		0.860258
436.75		0.860258
436.875		0.860258
437		0.860258
437.125		0.860258
437.25		0.860258
437.375		0.860258
437.5		0.860258
437.625		0.860258
437.75		0.860258
437.875		0.860258
438		0.860258
438.125		0.860258
438.25		0.860258
438.375		0.860258
438.5		0.860258
438.625		0.860258
438.75		0.860258
438.875		0.860258
439		0.860258
439.125		0.860258
439.25		0.860258
439.375		0.860258
439.5		0.860258
439.625		0.860258
439.75		0.860258
439.875		0.860258
440		0.860258
440.125		0.869291
440.25		0.869291
440.375		0.869291
440.5		0.869291
440.625		0.869291
440.75		0.869291
440.875		0.869291
441		0.869291
441.125		0.869291
441.25		0.869291
441.375		0.869291
441.5		0.869291
441.625		0.869291
441.75		0.869291
441.875		0.869291
442		0.869291
442.125		0.869291
442.25		0.869291
442.375		0.869291
442.5		0.869291
442.625		0.869291
442.75		0.869291
442.875		0.869291
443		0.869291
443.125		0.869291
443.25		0.869291
443.375		0.869291
443.5		0.869291
443.625		0.869291
443.75		0.869291
443.875		0.869291
444		0.869291
444.125		0.869291
444.25		0.869291
444.375		0.869291
444.5		0.869291
444.625		0.869291
444.75		0.869291
444.875		0.869291
445		0.869291
445.125		0.877879
445.25		0.877879
445.375		0.877879
445.5		0.877879
445.625		0.877879
445.75		0.877879
445.875		0.877879
446		0.877879
446.125		0.877879
446.25		0.877879
446.375		0.877879
446.5		0.877879
446.625		0.877879
446.75		0.877879
446.875		0.877879
447		0.877879
447.125		0.877879
447.25		0.877879
447.375		0.877879
447.5		0.877879
447.625		0.877879
447.75		0.877879
447.875		0.877879
448		0.877879
448.125		0.877879
448.25		0.877879
448.375		0.877879
448.5		0.877879
448.625		0.877879
448.75		0.877879
448.875		0.877879
449		0.877879
449.125		0.877879
449.25		0.877879
449.375		0.877879
449.5		0.877879
449.625		0.877879
449.75		0.877879
449.875		0.877879
450		0.877879
450.125		0.892321
450.25		0.892321
450.375		0.892321
450.5		0.892321
450.625		0.892321
450.75		0.892321
450.875		0.892321
451		0.892321
451.125		0.892321
451.25		0.892321
451.375		0.892321
451.5		0.892321
451.625		0.892321
451.75		0.892321
451.875		0.892321
452		0.892321
452.125		0.892321
452.25		0.892321
452.375		0.892321
452.5		0.892321
452.625		0.892321
452.75		0.892321
452.875		0.892321
453		0.892321
453.125		0.892321
453.25		0.892321
453.375		0.892321
453.5		0.892321
453.625		0.892321
453.75		0.892321
453.875		0.892321
454		0.892321
454.125		0.892321
454.25		0.892321
454.375		0.892321
454.5		0.892321
454.625		0.892321
454.75		0.892321
454.875		0.892321
455		0.892321
455.125		0.912731
455.25		0.912731
455.375		0.912731
455.5		0.912731
455.625		0.912731
455.75		0.912731
455.875		0.912731
456		0.912731
456.125		0.912731
456.25		0.912731
456.375		0.912731
456.5		0.912731
456.625		0.912731
456.75		0.912731
456.875		0.912731
457		0.912731
457.125		0.912731
457.25		0.912731
457.375		0.912731
457.5		0.912731
457.625		0.912731
457.75		0.912731
457.875		0.912731
458		0.912731
458.125		0.912731
458.25		0.912731
458.375		0.912731
458.5		0.912731
458.625		0.912731
458.75		0.912731
458.875		0.912731
459		0.912731
459.125		0.912731
459.25		0.912731
459.375		0.912731
459.5		0.912731
459.625		0.912731
459.75		0.912731
459.875		0.912731
460		0.912731
460.125		0.916467
460.25		0.916467
460.375		0.916467
460.5		0.916467
460.625		0.916467
460.75		0.916467
460.875		0.916467
461		0.916467
461.125		0.916467
461.25		0.916467
461.375		0.916467
461.5		0.916467
461.625		0.916467
461.75		0.916467
461.875		0.916467
462		0.916467
462.125		0.916467
462.25		0.916467
462.375		0.916467
462.5		0.916467
462.625		0.916467
462.75		0.916467
462.875		0.916467
463		0.916467
463.125		0.916467
463.25		0.916467
463.375		0.916467
463.5		0.916467
463.625		0.916467
463.75		0.916467
463.875		0.916467
464		0.916467
464.125		0.916467
464.25		0.916467
464.375		0.916467
464.5		0.916467
464.625		0.916467
464.75		0.916467
464.875		0.916467
465		0.916467
465.125		0.922489
465.25		0.922489
465.375		0.922489
465.5		0.922489
465.625		0.922489
465.75		0.922489
465.875		0.922489
466		0.922489
466.125		0.922489
466.25		0.922489
466.375		0.922489
466.5		0.922489
466.625		0.922489
466.75		0.922489
466.875		0.922489
467		0.922489
467.125		0.922489
467.25		0.922489
467.375		0.922489
467.5		0.922489
467.625		0.922489
467.75		0.922489
467.875		0.922489
468		0.922489
468.125		0.922489
468.25		0.922489
468.375		0.922489
468.5		0.922489
468.625		0.922489
468.75		0.922489
468.875		0.922489
469		0.922489
469.125		0.922489
469.25		0.922489
469.375		0.922489
469.5		0.922489
469.625		0.922489
469.75		0.922489
469.875		0.922489
470		0.922489
470.125		0.955111
470.25		0.955111
470.375		0.955111
470.5		0.955111
470.625		0.955111
470.75		0.955111
470.875		0.955111
471		0.955111
471.125		0.955111
471.25		0.955111
471.375		0.955111
471.5		0.955111
471.625		0.955111
471.75		0.955111
471.875		0.955111
472		0.955111
472.125		0.955111
472.25		0.955111
472.375		0.955111
472.5		0.955111
472.625		0.955111
472.75		0.955111
472.875		0.955111
473		0.955111
473.125		0.955111
473.25		0.955111
473.375		0.955111
473.5		0.955111
473.625		0.955111
473.75		0.955111
473.875		0.955111
474		0.955111
474.125		0.955111
474.25		0.955111
474.375		0.955111
474.5		0.955111
474.625		0.955111
474.75		0.955111
474.875		0.955111
475		0.955111
475.125		0.955891
475.25		0.955891
475.375		0.955891
475.5		0.955891
475.625		0.955891
475.75		0.955891
475.875		0.955891
476		0.955891
476.125		0.955891
476.25		0.955891
476.375		0.955891
476.5		0.955891
476.625		0.955891
476.75		0.955891
476.875		0.955891
477		0.955891
477.125		0.955891
477.25		0.955891
477.375		0.955891
477.5		0.955891
477.625		0.955891
477.75		0.955891
477.875		0.955891
478		0.955891
478.125		0.955891
478.25		0.955891
478.375		0.955891
478.5		0.955891
478.625		0.955891
478.75		0.955891
478.875		0.955891
479		0.955891
479.125		0.955891
479.25		0.955891
479.375		0.955891
479.5		0.955891
479.625		0.955891
479.75		0.955891
479.875		0.955891
480		0.955891
480.125		0.959962
480.25		0.959962
480.375		0.959962
480.5		0.959962
480.625		0.959962
480.75		0.959962
480.875		0.959962
481		0.959962
481.125		0.959962
481.25		0.959962
481.375		0.959962
481.5		0.959962
481.625		0.959962
481.75		0.959962
481.875		0.959962
482		0.959962
482.125		0.959962
482.25		0.959962
482.375		0.959962
482.5		0.959962
482.625		0.959962
482.75		0.959962
482.875		0.959962
483		0.959962
483.125		0.959962
483.25		0.959962
483.375		0.959962
483.5		0.959962
483.625		0.959962
483.75		0.959962
483.875		0.959962
484		0.959962
484.125		0.959962
484.25		0.959962
484.375		0.959962
484.5		0.959962
484.625		0.959962
484.75		0.959962
484.875		0.959962
485		0.959962
485.125		0.984108
485.25		0.984108
485.375		0.984108
485.5		0.984108
485.625		0.984108
485.75		0.984108
485.875		0.984108
486		0.984108
486.125		0.984108
486.25		0.984108
486.375		0.984108
486.5		0.984108
486.625		0.984108
486.75		0.984108
486.875		0.984108
487		0.984108
487.125		0.984108
487.25		0.984108
487.375		0.984108
487.5		0.984108
487.625		0.984108
487.75		0.984108
487.875		0.984108
488		0.984108
488.125		0.984108
488.25		0.984108
488.375		0.984108
488.5		0.984108
488.625		0.984108
488.75		0.984108
488.875		0.984108
489		0.984108
489.125		0.984108
489.25		0.984108
489.375		0.984108
489.5		0.984108
489.625		0.984108
489.75		0.984108
489.875		0.984108
490		0.984108
490.125		0.999387
490.25		0.999387
490.375		0.999387
490.5		0.999387
490.625		0.999387
490.75		0.999387
490.875		0.999387
491		0.999387
491.125		0.999387
491.25		0.999387
491.375		0.999387
491.5		0.999387
491.625		0.999387
491.75		0.999387
491.875		0.999387
492		0.999387
492.125		0.999387
492.25		0.999387
492.375		0.999387
492.5		0.999387
492.625		0.999387
492.75		0.999387
492.875		0.999387
493		0.999387
493.125		0.999387
493.25		0.999387
493.375		0.999387
493.5		0.999387
493.625		0.999387
493.75		0.999387
493.875		0.999387
494		0.999387
494.125		0.999387
494.25		0.999387
494.375		0.999387
494.5		0.999387
494.625		0.999387
494.75		0.999387
494.875		0.999387
495		0.999387
495.125		1
495.25		1
495.375		1
495.5		1
495.625		1
495.75		1
495.875		1
496		1
496.125		1
496.25		1
496.375		1
496.5		1
496.625		1
496.75		1
496.875		1
497		1
497.125		1
497.25		1
497.375		1
497.5		1
497.625		1
497.75		1
497.875		1
498		1
498.125		1
498.25		1
498.375		1
498.5		1
498.625		1
498.75		1
498.875		1
499		1
499.125		1
499.25		1
499.375		1
499.5		1
499.625		1
499.75		1
499.875		1
500		1
