# Calibration file of tamex_id 0 @ channel 3
# fine_T bin		 Calibration value
0.125		0
0.25		0
0.375		0
0.5		0
0.625		0
0.75		0
0.875		0
1		0
1.125		0
1.25		0
1.375		0
1.5		0
1.625		0
1.75		0
1.875		0
2		0
2.125		0
2.25		0
2.375		0
2.5		0
2.625		0
2.75		0
2.875		0
3		0
3.125		0
3.25		0
3.375		0
3.5		0
3.625		0
3.75		0
3.875		0
4		0
4.125		0
4.25		0
4.375		0
4.5		0
4.625		0
4.75		0
4.875		0
5		0
5.125		0
5.25		0
5.375		0
5.5		0
5.625		0
5.75		0
5.875		0
6		0
6.125		0
6.25		0
6.375		0
6.5		0
6.625		0
6.75		0
6.875		0
7		0
7.125		0
7.25		0
7.375		0
7.5		0
7.625		0
7.75		0
7.875		0
8		0
8.125		0
8.25		0
8.375		0
8.5		0
8.625		0
8.75		0
8.875		0
9		0
9.125		0
9.25		0
9.375		0
9.5		0
9.625		0
9.75		0
9.875		0
10		0
10.125		0
10.25		0
10.375		0
10.5		0
10.625		0
10.75		0
10.875		0
11		0
11.125		0
11.25		0
11.375		0
11.5		0
11.625		0
11.75		0
11.875		0
12		0
12.125		0
12.25		0
12.375		0
12.5		0
12.625		0
12.75		0
12.875		0
13		0
13.125		0
13.25		0
13.375		0
13.5		0
13.625		0
13.75		0
13.875		0
14		0
14.125		0
14.25		0
14.375		0
14.5		0
14.625		0
14.75		0
14.875		0
15		0
15.125		0
15.25		0
15.375		0
15.5		0
15.625		0
15.75		0
15.875		0
16		0
16.125		0
16.25		0
16.375		0
16.5		0
16.625		0
16.75		0
16.875		0
17		0
17.125		0
17.25		0
17.375		0
17.5		0
17.625		0
17.75		0
17.875		0
18		0
18.125		0
18.25		0
18.375		0
18.5		0
18.625		0
18.75		0
18.875		0
19		0
19.125		0
19.25		0
19.375		0
19.5		0
19.625		0
19.75		0
19.875		0
20		0
20.125		0
20.25		0
20.375		0
20.5		0
20.625		0
20.75		0
20.875		0
21		0
21.125		0
21.25		0
21.375		0
21.5		0
21.625		0
21.75		0
21.875		0
22		0
22.125		0
22.25		0
22.375		0
22.5		0
22.625		0
22.75		0
22.875		0
23		0
23.125		0
23.25		0
23.375		0
23.5		0
23.625		0
23.75		0
23.875		0
24		0
24.125		0
24.25		0
24.375		0
24.5		0
24.625		0
24.75		0
24.875		0
25		0
25.125		0
25.25		0
25.375		0
25.5		0
25.625		0
25.75		0
25.875		0
26		0
26.125		0
26.25		0
26.375		0
26.5		0
26.625		0
26.75		0
26.875		0
27		0
27.125		0
27.25		0
27.375		0
27.5		0
27.625		0
27.75		0
27.875		0
28		0
28.125		0
28.25		0
28.375		0
28.5		0
28.625		0
28.75		0
28.875		0
29		0
29.125		0
29.25		0
29.375		0
29.5		0
29.625		0
29.75		0
29.875		0
30		0
30.125		0
30.25		0
30.375		0
30.5		0
30.625		0
30.75		0
30.875		0
31		0
31.125		0
31.25		0
31.375		0
31.5		0
31.625		0
31.75		0
31.875		0
32		0
32.125		0
32.25		0
32.375		0
32.5		0
32.625		0
32.75		0
32.875		0
33		0
33.125		0
33.25		0
33.375		0
33.5		0
33.625		0
33.75		0
33.875		0
34		0
34.125		0
34.25		0
34.375		0
34.5		0
34.625		0
34.75		0
34.875		0
35		0
35.125		0
35.25		0
35.375		0
35.5		0
35.625		0
35.75		0
35.875		0
36		0
36.125		0
36.25		0
36.375		0
36.5		0
36.625		0
36.75		0
36.875		0
37		0
37.125		0
37.25		0
37.375		0
37.5		0
37.625		0
37.75		0
37.875		0
38		0
38.125		0
38.25		0
38.375		0
38.5		0
38.625		0
38.75		0
38.875		0
39		0
39.125		0
39.25		0
39.375		0
39.5		0
39.625		0
39.75		0
39.875		0
40		0
40.125		0
40.25		0
40.375		0
40.5		0
40.625		0
40.75		0
40.875		0
41		0
41.125		0
41.25		0
41.375		0
41.5		0
41.625		0
41.75		0
41.875		0
42		0
42.125		0
42.25		0
42.375		0
42.5		0
42.625		0
42.75		0
42.875		0
43		0
43.125		0
43.25		0
43.375		0
43.5		0
43.625		0
43.75		0
43.875		0
44		0
44.125		0
44.25		0
44.375		0
44.5		0
44.625		0
44.75		0
44.875		0
45		0
45.125		0
45.25		0
45.375		0
45.5		0
45.625		0
45.75		0
45.875		0
46		0
46.125		0
46.25		0
46.375		0
46.5		0
46.625		0
46.75		0
46.875		0
47		0
47.125		0
47.25		0
47.375		0
47.5		0
47.625		0
47.75		0
47.875		0
48		0
48.125		0
48.25		0
48.375		0
48.5		0
48.625		0
48.75		0
48.875		0
49		0
49.125		0
49.25		0
49.375		0
49.5		0
49.625		0
49.75		0
49.875		0
50		0
50.125		0
50.25		0
50.375		0
50.5		0
50.625		0
50.75		0
50.875		0
51		0
51.125		0
51.25		0
51.375		0
51.5		0
51.625		0
51.75		0
51.875		0
52		0
52.125		0
52.25		0
52.375		0
52.5		0
52.625		0
52.75		0
52.875		0
53		0
53.125		0
53.25		0
53.375		0
53.5		0
53.625		0
53.75		0
53.875		0
54		0
54.125		0
54.25		0
54.375		0
54.5		0
54.625		0
54.75		0
54.875		0
55		0
55.125		0
55.25		0
55.375		0
55.5		0
55.625		0
55.75		0
55.875		0
56		0
56.125		0
56.25		0
56.375		0
56.5		0
56.625		0
56.75		0
56.875		0
57		0
57.125		0
57.25		0
57.375		0
57.5		0
57.625		0
57.75		0
57.875		0
58		0
58.125		0
58.25		0
58.375		0
58.5		0
58.625		0
58.75		0
58.875		0
59		0
59.125		0
59.25		0
59.375		0
59.5		0
59.625		0
59.75		0
59.875		0
60		0
60.125		0
60.25		0
60.375		0
60.5		0
60.625		0
60.75		0
60.875		0
61		0
61.125		0
61.25		0
61.375		0
61.5		0
61.625		0
61.75		0
61.875		0
62		0
62.125		0
62.25		0
62.375		0
62.5		0
62.625		0
62.75		0
62.875		0
63		0
63.125		0
63.25		0
63.375		0
63.5		0
63.625		0
63.75		0
63.875		0
64		0
64.125		0
64.25		0
64.375		0
64.5		0
64.625		0
64.75		0
64.875		0
65		0
65.125		0
65.25		0
65.375		0
65.5		0
65.625		0
65.75		0
65.875		0
66		0
66.125		0
66.25		0
66.375		0
66.5		0
66.625		0
66.75		0
66.875		0
67		0
67.125		0
67.25		0
67.375		0
67.5		0
67.625		0
67.75		0
67.875		0
68		0
68.125		0
68.25		0
68.375		0
68.5		0
68.625		0
68.75		0
68.875		0
69		0
69.125		0
69.25		0
69.375		0
69.5		0
69.625		0
69.75		0
69.875		0
70		0
70.125		0
70.25		0
70.375		0
70.5		0
70.625		0
70.75		0
70.875		0
71		0
71.125		0
71.25		0
71.375		0
71.5		0
71.625		0
71.75		0
71.875		0
72		0
72.125		0
72.25		0
72.375		0
72.5		0
72.625		0
72.75		0
72.875		0
73		0
73.125		0
73.25		0
73.375		0
73.5		0
73.625		0
73.75		0
73.875		0
74		0
74.125		0
74.25		0
74.375		0
74.5		0
74.625		0
74.75		0
74.875		0
75		0
75.125		0
75.25		0
75.375		0
75.5		0
75.625		0
75.75		0
75.875		0
76		0
76.125		0
76.25		0
76.375		0
76.5		0
76.625		0
76.75		0
76.875		0
77		0
77.125		0
77.25		0
77.375		0
77.5		0
77.625		0
77.75		0
77.875		0
78		0
78.125		0
78.25		0
78.375		0
78.5		0
78.625		0
78.75		0
78.875		0
79		0
79.125		0
79.25		0
79.375		0
79.5		0
79.625		0
79.75		0
79.875		0
80		0
80.125		0.0173156
80.25		0.0173156
80.375		0.0173156
80.5		0.0173156
80.625		0.0173156
80.75		0.0173156
80.875		0.0173156
81		0.0173156
81.125		0.0173156
81.25		0.0173156
81.375		0.0173156
81.5		0.0173156
81.625		0.0173156
81.75		0.0173156
81.875		0.0173156
82		0.0173156
82.125		0.0173156
82.25		0.0173156
82.375		0.0173156
82.5		0.0173156
82.625		0.0173156
82.75		0.0173156
82.875		0.0173156
83		0.0173156
83.125		0.0173156
83.25		0.0173156
83.375		0.0173156
83.5		0.0173156
83.625		0.0173156
83.75		0.0173156
83.875		0.0173156
84		0.0173156
84.125		0.0173156
84.25		0.0173156
84.375		0.0173156
84.5		0.0173156
84.625		0.0173156
84.75		0.0173156
84.875		0.0173156
85		0.0173156
85.125		0.0408987
85.25		0.0408987
85.375		0.0408987
85.5		0.0408987
85.625		0.0408987
85.75		0.0408987
85.875		0.0408987
86		0.0408987
86.125		0.0408987
86.25		0.0408987
86.375		0.0408987
86.5		0.0408987
86.625		0.0408987
86.75		0.0408987
86.875		0.0408987
87		0.0408987
87.125		0.0408987
87.25		0.0408987
87.375		0.0408987
87.5		0.0408987
87.625		0.0408987
87.75		0.0408987
87.875		0.0408987
88		0.0408987
88.125		0.0408987
88.25		0.0408987
88.375		0.0408987
88.5		0.0408987
88.625		0.0408987
88.75		0.0408987
88.875		0.0408987
89		0.0408987
89.125		0.0408987
89.25		0.0408987
89.375		0.0408987
89.5		0.0408987
89.625		0.0408987
89.75		0.0408987
89.875		0.0408987
90		0.0408987
90.125		0.0435545
90.25		0.0435545
90.375		0.0435545
90.5		0.0435545
90.625		0.0435545
90.75		0.0435545
90.875		0.0435545
91		0.0435545
91.125		0.0435545
91.25		0.0435545
91.375		0.0435545
91.5		0.0435545
91.625		0.0435545
91.75		0.0435545
91.875		0.0435545
92		0.0435545
92.125		0.0435545
92.25		0.0435545
92.375		0.0435545
92.5		0.0435545
92.625		0.0435545
92.75		0.0435545
92.875		0.0435545
93		0.0435545
93.125		0.0435545
93.25		0.0435545
93.375		0.0435545
93.5		0.0435545
93.625		0.0435545
93.75		0.0435545
93.875		0.0435545
94		0.0435545
94.125		0.0435545
94.25		0.0435545
94.375		0.0435545
94.5		0.0435545
94.625		0.0435545
94.75		0.0435545
94.875		0.0435545
95		0.0435545
95.125		0.0519467
95.25		0.0519467
95.375		0.0519467
95.5		0.0519467
95.625		0.0519467
95.75		0.0519467
95.875		0.0519467
96		0.0519467
96.125		0.0519467
96.25		0.0519467
96.375		0.0519467
96.5		0.0519467
96.625		0.0519467
96.75		0.0519467
96.875		0.0519467
97		0.0519467
97.125		0.0519467
97.25		0.0519467
97.375		0.0519467
97.5		0.0519467
97.625		0.0519467
97.75		0.0519467
97.875		0.0519467
98		0.0519467
98.125		0.0519467
98.25		0.0519467
98.375		0.0519467
98.5		0.0519467
98.625		0.0519467
98.75		0.0519467
98.875		0.0519467
99		0.0519467
99.125		0.0519467
99.25		0.0519467
99.375		0.0519467
99.5		0.0519467
99.625		0.0519467
99.75		0.0519467
99.875		0.0519467
100		0.0519467
100.125		0.0834971
100.25		0.0834971
100.375		0.0834971
100.5		0.0834971
100.625		0.0834971
100.75		0.0834971
100.875		0.0834971
101		0.0834971
101.125		0.0834971
101.25		0.0834971
101.375		0.0834971
101.5		0.0834971
101.625		0.0834971
101.75		0.0834971
101.875		0.0834971
102		0.0834971
102.125		0.0834971
102.25		0.0834971
102.375		0.0834971
102.5		0.0834971
102.625		0.0834971
102.75		0.0834971
102.875		0.0834971
103		0.0834971
103.125		0.0834971
103.25		0.0834971
103.375		0.0834971
103.5		0.0834971
103.625		0.0834971
103.75		0.0834971
103.875		0.0834971
104		0.0834971
104.125		0.0834971
104.25		0.0834971
104.375		0.0834971
104.5		0.0834971
104.625		0.0834971
104.75		0.0834971
104.875		0.0834971
105		0.0834971
105.125		0.0998566
105.25		0.0998566
105.375		0.0998566
105.5		0.0998566
105.625		0.0998566
105.75		0.0998566
105.875		0.0998566
106		0.0998566
106.125		0.0998566
106.25		0.0998566
106.375		0.0998566
106.5		0.0998566
106.625		0.0998566
106.75		0.0998566
106.875		0.0998566
107		0.0998566
107.125		0.0998566
107.25		0.0998566
107.375		0.0998566
107.5		0.0998566
107.625		0.0998566
107.75		0.0998566
107.875		0.0998566
108		0.0998566
108.125		0.0998566
108.25		0.0998566
108.375		0.0998566
108.5		0.0998566
108.625		0.0998566
108.75		0.0998566
108.875		0.0998566
109		0.0998566
109.125		0.0998566
109.25		0.0998566
109.375		0.0998566
109.5		0.0998566
109.625		0.0998566
109.75		0.0998566
109.875		0.0998566
110		0.0998566
110.125		0.101928
110.25		0.101928
110.375		0.101928
110.5		0.101928
110.625		0.101928
110.75		0.101928
110.875		0.101928
111		0.101928
111.125		0.101928
111.25		0.101928
111.375		0.101928
111.5		0.101928
111.625		0.101928
111.75		0.101928
111.875		0.101928
112		0.101928
112.125		0.101928
112.25		0.101928
112.375		0.101928
112.5		0.101928
112.625		0.101928
112.75		0.101928
112.875		0.101928
113		0.101928
113.125		0.101928
113.25		0.101928
113.375		0.101928
113.5		0.101928
113.625		0.101928
113.75		0.101928
113.875		0.101928
114		0.101928
114.125		0.101928
114.25		0.101928
114.375		0.101928
114.5		0.101928
114.625		0.101928
114.75		0.101928
114.875		0.101928
115		0.101928
115.125		0.104265
115.25		0.104265
115.375		0.104265
115.5		0.104265
115.625		0.104265
115.75		0.104265
115.875		0.104265
116		0.104265
116.125		0.104265
116.25		0.104265
116.375		0.104265
116.5		0.104265
116.625		0.104265
116.75		0.104265
116.875		0.104265
117		0.104265
117.125		0.104265
117.25		0.104265
117.375		0.104265
117.5		0.104265
117.625		0.104265
117.75		0.104265
117.875		0.104265
118		0.104265
118.125		0.104265
118.25		0.104265
118.375		0.104265
118.5		0.104265
118.625		0.104265
118.75		0.104265
118.875		0.104265
119		0.104265
119.125		0.104265
119.25		0.104265
119.375		0.104265
119.5		0.104265
119.625		0.104265
119.75		0.104265
119.875		0.104265
120		0.104265
120.125		0.141499
120.25		0.141499
120.375		0.141499
120.5		0.141499
120.625		0.141499
120.75		0.141499
120.875		0.141499
121		0.141499
121.125		0.141499
121.25		0.141499
121.375		0.141499
121.5		0.141499
121.625		0.141499
121.75		0.141499
121.875		0.141499
122		0.141499
122.125		0.141499
122.25		0.141499
122.375		0.141499
122.5		0.141499
122.625		0.141499
122.75		0.141499
122.875		0.141499
123		0.141499
123.125		0.141499
123.25		0.141499
123.375		0.141499
123.5		0.141499
123.625		0.141499
123.75		0.141499
123.875		0.141499
124		0.141499
124.125		0.141499
124.25		0.141499
124.375		0.141499
124.5		0.141499
124.625		0.141499
124.75		0.141499
124.875		0.141499
125		0.141499
125.125		0.142721
125.25		0.142721
125.375		0.142721
125.5		0.142721
125.625		0.142721
125.75		0.142721
125.875		0.142721
126		0.142721
126.125		0.142721
126.25		0.142721
126.375		0.142721
126.5		0.142721
126.625		0.142721
126.75		0.142721
126.875		0.142721
127		0.142721
127.125		0.142721
127.25		0.142721
127.375		0.142721
127.5		0.142721
127.625		0.142721
127.75		0.142721
127.875		0.142721
128		0.142721
128.125		0.142721
128.25		0.142721
128.375		0.142721
128.5		0.142721
128.625		0.142721
128.75		0.142721
128.875		0.142721
129		0.142721
129.125		0.142721
129.25		0.142721
129.375		0.142721
129.5		0.142721
129.625		0.142721
129.75		0.142721
129.875		0.142721
130		0.142721
130.125		0.143677
130.25		0.143677
130.375		0.143677
130.5		0.143677
130.625		0.143677
130.75		0.143677
130.875		0.143677
131		0.143677
131.125		0.143677
131.25		0.143677
131.375		0.143677
131.5		0.143677
131.625		0.143677
131.75		0.143677
131.875		0.143677
132		0.143677
132.125		0.143677
132.25		0.143677
132.375		0.143677
132.5		0.143677
132.625		0.143677
132.75		0.143677
132.875		0.143677
133		0.143677
133.125		0.143677
133.25		0.143677
133.375		0.143677
133.5		0.143677
133.625		0.143677
133.75		0.143677
133.875		0.143677
134		0.143677
134.125		0.143677
134.25		0.143677
134.375		0.143677
134.5		0.143677
134.625		0.143677
134.75		0.143677
134.875		0.143677
135		0.143677
135.125		0.153609
135.25		0.153609
135.375		0.153609
135.5		0.153609
135.625		0.153609
135.75		0.153609
135.875		0.153609
136		0.153609
136.125		0.153609
136.25		0.153609
136.375		0.153609
136.5		0.153609
136.625		0.153609
136.75		0.153609
136.875		0.153609
137		0.153609
137.125		0.153609
137.25		0.153609
137.375		0.153609
137.5		0.153609
137.625		0.153609
137.75		0.153609
137.875		0.153609
138		0.153609
138.125		0.153609
138.25		0.153609
138.375		0.153609
138.5		0.153609
138.625		0.153609
138.75		0.153609
138.875		0.153609
139		0.153609
139.125		0.153609
139.25		0.153609
139.375		0.153609
139.5		0.153609
139.625		0.153609
139.75		0.153609
139.875		0.153609
140		0.153609
140.125		0.156584
140.25		0.156584
140.375		0.156584
140.5		0.156584
140.625		0.156584
140.75		0.156584
140.875		0.156584
141		0.156584
141.125		0.156584
141.25		0.156584
141.375		0.156584
141.5		0.156584
141.625		0.156584
141.75		0.156584
141.875		0.156584
142		0.156584
142.125		0.156584
142.25		0.156584
142.375		0.156584
142.5		0.156584
142.625		0.156584
142.75		0.156584
142.875		0.156584
143		0.156584
143.125		0.156584
143.25		0.156584
143.375		0.156584
143.5		0.156584
143.625		0.156584
143.75		0.156584
143.875		0.156584
144		0.156584
144.125		0.156584
144.25		0.156584
144.375		0.156584
144.5		0.156584
144.625		0.156584
144.75		0.156584
144.875		0.156584
145		0.156584
145.125		0.174855
145.25		0.174855
145.375		0.174855
145.5		0.174855
145.625		0.174855
145.75		0.174855
145.875		0.174855
146		0.174855
146.125		0.174855
146.25		0.174855
146.375		0.174855
146.5		0.174855
146.625		0.174855
146.75		0.174855
146.875		0.174855
147		0.174855
147.125		0.174855
147.25		0.174855
147.375		0.174855
147.5		0.174855
147.625		0.174855
147.75		0.174855
147.875		0.174855
148		0.174855
148.125		0.174855
148.25		0.174855
148.375		0.174855
148.5		0.174855
148.625		0.174855
148.75		0.174855
148.875		0.174855
149		0.174855
149.125		0.174855
149.25		0.174855
149.375		0.174855
149.5		0.174855
149.625		0.174855
149.75		0.174855
149.875		0.174855
150		0.174855
150.125		0.195517
150.25		0.195517
150.375		0.195517
150.5		0.195517
150.625		0.195517
150.75		0.195517
150.875		0.195517
151		0.195517
151.125		0.195517
151.25		0.195517
151.375		0.195517
151.5		0.195517
151.625		0.195517
151.75		0.195517
151.875		0.195517
152		0.195517
152.125		0.195517
152.25		0.195517
152.375		0.195517
152.5		0.195517
152.625		0.195517
152.75		0.195517
152.875		0.195517
153		0.195517
153.125		0.195517
153.25		0.195517
153.375		0.195517
153.5		0.195517
153.625		0.195517
153.75		0.195517
153.875		0.195517
154		0.195517
154.125		0.195517
154.25		0.195517
154.375		0.195517
154.5		0.195517
154.625		0.195517
154.75		0.195517
154.875		0.195517
155		0.195517
155.125		0.196473
155.25		0.196473
155.375		0.196473
155.5		0.196473
155.625		0.196473
155.75		0.196473
155.875		0.196473
156		0.196473
156.125		0.196473
156.25		0.196473
156.375		0.196473
156.5		0.196473
156.625		0.196473
156.75		0.196473
156.875		0.196473
157		0.196473
157.125		0.196473
157.25		0.196473
157.375		0.196473
157.5		0.196473
157.625		0.196473
157.75		0.196473
157.875		0.196473
158		0.196473
158.125		0.196473
158.25		0.196473
158.375		0.196473
158.5		0.196473
158.625		0.196473
158.75		0.196473
158.875		0.196473
159		0.196473
159.125		0.196473
159.25		0.196473
159.375		0.196473
159.5		0.196473
159.625		0.196473
159.75		0.196473
159.875		0.196473
160		0.196473
160.125		0.205981
160.25		0.205981
160.375		0.205981
160.5		0.205981
160.625		0.205981
160.75		0.205981
160.875		0.205981
161		0.205981
161.125		0.205981
161.25		0.205981
161.375		0.205981
161.5		0.205981
161.625		0.205981
161.75		0.205981
161.875		0.205981
162		0.205981
162.125		0.205981
162.25		0.205981
162.375		0.205981
162.5		0.205981
162.625		0.205981
162.75		0.205981
162.875		0.205981
163		0.205981
163.125		0.205981
163.25		0.205981
163.375		0.205981
163.5		0.205981
163.625		0.205981
163.75		0.205981
163.875		0.205981
164		0.205981
164.125		0.205981
164.25		0.205981
164.375		0.205981
164.5		0.205981
164.625		0.205981
164.75		0.205981
164.875		0.205981
165		0.205981
165.125		0.222818
165.25		0.222818
165.375		0.222818
165.5		0.222818
165.625		0.222818
165.75		0.222818
165.875		0.222818
166		0.222818
166.125		0.222818
166.25		0.222818
166.375		0.222818
166.5		0.222818
166.625		0.222818
166.75		0.222818
166.875		0.222818
167		0.222818
167.125		0.222818
167.25		0.222818
167.375		0.222818
167.5		0.222818
167.625		0.222818
167.75		0.222818
167.875		0.222818
168		0.222818
168.125		0.222818
168.25		0.222818
168.375		0.222818
168.5		0.222818
168.625		0.222818
168.75		0.222818
168.875		0.222818
169		0.222818
169.125		0.222818
169.25		0.222818
169.375		0.222818
169.5		0.222818
169.625		0.222818
169.75		0.222818
169.875		0.222818
170		0.222818
170.125		0.235141
170.25		0.235141
170.375		0.235141
170.5		0.235141
170.625		0.235141
170.75		0.235141
170.875		0.235141
171		0.235141
171.125		0.235141
171.25		0.235141
171.375		0.235141
171.5		0.235141
171.625		0.235141
171.75		0.235141
171.875		0.235141
172		0.235141
172.125		0.235141
172.25		0.235141
172.375		0.235141
172.5		0.235141
172.625		0.235141
172.75		0.235141
172.875		0.235141
173		0.235141
173.125		0.235141
173.25		0.235141
173.375		0.235141
173.5		0.235141
173.625		0.235141
173.75		0.235141
173.875		0.235141
174		0.235141
174.125		0.235141
174.25		0.235141
174.375		0.235141
174.5		0.235141
174.625		0.235141
174.75		0.235141
174.875		0.235141
175		0.235141
175.125		0.245923
175.25		0.245923
175.375		0.245923
175.5		0.245923
175.625		0.245923
175.75		0.245923
175.875		0.245923
176		0.245923
176.125		0.245923
176.25		0.245923
176.375		0.245923
176.5		0.245923
176.625		0.245923
176.75		0.245923
176.875		0.245923
177		0.245923
177.125		0.245923
177.25		0.245923
177.375		0.245923
177.5		0.245923
177.625		0.245923
177.75		0.245923
177.875		0.245923
178		0.245923
178.125		0.245923
178.25		0.245923
178.375		0.245923
178.5		0.245923
178.625		0.245923
178.75		0.245923
178.875		0.245923
179		0.245923
179.125		0.245923
179.25		0.245923
179.375		0.245923
179.5		0.245923
179.625		0.245923
179.75		0.245923
179.875		0.245923
180		0.245923
180.125		0.263239
180.25		0.263239
180.375		0.263239
180.5		0.263239
180.625		0.263239
180.75		0.263239
180.875		0.263239
181		0.263239
181.125		0.263239
181.25		0.263239
181.375		0.263239
181.5		0.263239
181.625		0.263239
181.75		0.263239
181.875		0.263239
182		0.263239
182.125		0.263239
182.25		0.263239
182.375		0.263239
182.5		0.263239
182.625		0.263239
182.75		0.263239
182.875		0.263239
183		0.263239
183.125		0.263239
183.25		0.263239
183.375		0.263239
183.5		0.263239
183.625		0.263239
183.75		0.263239
183.875		0.263239
184		0.263239
184.125		0.263239
184.25		0.263239
184.375		0.263239
184.5		0.263239
184.625		0.263239
184.75		0.263239
184.875		0.263239
185		0.263239
185.125		0.265735
185.25		0.265735
185.375		0.265735
185.5		0.265735
185.625		0.265735
185.75		0.265735
185.875		0.265735
186		0.265735
186.125		0.265735
186.25		0.265735
186.375		0.265735
186.5		0.265735
186.625		0.265735
186.75		0.265735
186.875		0.265735
187		0.265735
187.125		0.265735
187.25		0.265735
187.375		0.265735
187.5		0.265735
187.625		0.265735
187.75		0.265735
187.875		0.265735
188		0.265735
188.125		0.265735
188.25		0.265735
188.375		0.265735
188.5		0.265735
188.625		0.265735
188.75		0.265735
188.875		0.265735
189		0.265735
189.125		0.265735
189.25		0.265735
189.375		0.265735
189.5		0.265735
189.625		0.265735
189.75		0.265735
189.875		0.265735
190		0.265735
190.125		0.283104
190.25		0.283104
190.375		0.283104
190.5		0.283104
190.625		0.283104
190.75		0.283104
190.875		0.283104
191		0.283104
191.125		0.283104
191.25		0.283104
191.375		0.283104
191.5		0.283104
191.625		0.283104
191.75		0.283104
191.875		0.283104
192		0.283104
192.125		0.283104
192.25		0.283104
192.375		0.283104
192.5		0.283104
192.625		0.283104
192.75		0.283104
192.875		0.283104
193		0.283104
193.125		0.283104
193.25		0.283104
193.375		0.283104
193.5		0.283104
193.625		0.283104
193.75		0.283104
193.875		0.283104
194		0.283104
194.125		0.283104
194.25		0.283104
194.375		0.283104
194.5		0.283104
194.625		0.283104
194.75		0.283104
194.875		0.283104
195		0.283104
195.125		0.284698
195.25		0.284698
195.375		0.284698
195.5		0.284698
195.625		0.284698
195.75		0.284698
195.875		0.284698
196		0.284698
196.125		0.284698
196.25		0.284698
196.375		0.284698
196.5		0.284698
196.625		0.284698
196.75		0.284698
196.875		0.284698
197		0.284698
197.125		0.284698
197.25		0.284698
197.375		0.284698
197.5		0.284698
197.625		0.284698
197.75		0.284698
197.875		0.284698
198		0.284698
198.125		0.284698
198.25		0.284698
198.375		0.284698
198.5		0.284698
198.625		0.284698
198.75		0.284698
198.875		0.284698
199		0.284698
199.125		0.284698
199.25		0.284698
199.375		0.284698
199.5		0.284698
199.625		0.284698
199.75		0.284698
199.875		0.284698
200		0.284698
200.125		0.320232
200.25		0.320232
200.375		0.320232
200.5		0.320232
200.625		0.320232
200.75		0.320232
200.875		0.320232
201		0.320232
201.125		0.320232
201.25		0.320232
201.375		0.320232
201.5		0.320232
201.625		0.320232
201.75		0.320232
201.875		0.320232
202		0.320232
202.125		0.320232
202.25		0.320232
202.375		0.320232
202.5		0.320232
202.625		0.320232
202.75		0.320232
202.875		0.320232
203		0.320232
203.125		0.320232
203.25		0.320232
203.375		0.320232
203.5		0.320232
203.625		0.320232
203.75		0.320232
203.875		0.320232
204		0.320232
204.125		0.320232
204.25		0.320232
204.375		0.320232
204.5		0.320232
204.625		0.320232
204.75		0.320232
204.875		0.320232
205		0.320232
205.125		0.322516
205.25		0.322516
205.375		0.322516
205.5		0.322516
205.625		0.322516
205.75		0.322516
205.875		0.322516
206		0.322516
206.125		0.322516
206.25		0.322516
206.375		0.322516
206.5		0.322516
206.625		0.322516
206.75		0.322516
206.875		0.322516
207		0.322516
207.125		0.322516
207.25		0.322516
207.375		0.322516
207.5		0.322516
207.625		0.322516
207.75		0.322516
207.875		0.322516
208		0.322516
208.125		0.322516
208.25		0.322516
208.375		0.322516
208.5		0.322516
208.625		0.322516
208.75		0.322516
208.875		0.322516
209		0.322516
209.125		0.322516
209.25		0.322516
209.375		0.322516
209.5		0.322516
209.625		0.322516
209.75		0.322516
209.875		0.322516
210		0.322516
210.125		0.331067
210.25		0.331067
210.375		0.331067
210.5		0.331067
210.625		0.331067
210.75		0.331067
210.875		0.331067
211		0.331067
211.125		0.331067
211.25		0.331067
211.375		0.331067
211.5		0.331067
211.625		0.331067
211.75		0.331067
211.875		0.331067
212		0.331067
212.125		0.331067
212.25		0.331067
212.375		0.331067
212.5		0.331067
212.625		0.331067
212.75		0.331067
212.875		0.331067
213		0.331067
213.125		0.331067
213.25		0.331067
213.375		0.331067
213.5		0.331067
213.625		0.331067
213.75		0.331067
213.875		0.331067
214		0.331067
214.125		0.331067
214.25		0.331067
214.375		0.331067
214.5		0.331067
214.625		0.331067
214.75		0.331067
214.875		0.331067
215		0.331067
215.125		0.336219
215.25		0.336219
215.375		0.336219
215.5		0.336219
215.625		0.336219
215.75		0.336219
215.875		0.336219
216		0.336219
216.125		0.336219
216.25		0.336219
216.375		0.336219
216.5		0.336219
216.625		0.336219
216.75		0.336219
216.875		0.336219
217		0.336219
217.125		0.336219
217.25		0.336219
217.375		0.336219
217.5		0.336219
217.625		0.336219
217.75		0.336219
217.875		0.336219
218		0.336219
218.125		0.336219
218.25		0.336219
218.375		0.336219
218.5		0.336219
218.625		0.336219
218.75		0.336219
218.875		0.336219
219		0.336219
219.125		0.336219
219.25		0.336219
219.375		0.336219
219.5		0.336219
219.625		0.336219
219.75		0.336219
219.875		0.336219
220		0.336219
220.125		0.345036
220.25		0.345036
220.375		0.345036
220.5		0.345036
220.625		0.345036
220.75		0.345036
220.875		0.345036
221		0.345036
221.125		0.345036
221.25		0.345036
221.375		0.345036
221.5		0.345036
221.625		0.345036
221.75		0.345036
221.875		0.345036
222		0.345036
222.125		0.345036
222.25		0.345036
222.375		0.345036
222.5		0.345036
222.625		0.345036
222.75		0.345036
222.875		0.345036
223		0.345036
223.125		0.345036
223.25		0.345036
223.375		0.345036
223.5		0.345036
223.625		0.345036
223.75		0.345036
223.875		0.345036
224		0.345036
224.125		0.345036
224.25		0.345036
224.375		0.345036
224.5		0.345036
224.625		0.345036
224.75		0.345036
224.875		0.345036
225		0.345036
225.125		0.347958
225.25		0.347958
225.375		0.347958
225.5		0.347958
225.625		0.347958
225.75		0.347958
225.875		0.347958
226		0.347958
226.125		0.347958
226.25		0.347958
226.375		0.347958
226.5		0.347958
226.625		0.347958
226.75		0.347958
226.875		0.347958
227		0.347958
227.125		0.347958
227.25		0.347958
227.375		0.347958
227.5		0.347958
227.625		0.347958
227.75		0.347958
227.875		0.347958
228		0.347958
228.125		0.347958
228.25		0.347958
228.375		0.347958
228.5		0.347958
228.625		0.347958
228.75		0.347958
228.875		0.347958
229		0.347958
229.125		0.347958
229.25		0.347958
229.375		0.347958
229.5		0.347958
229.625		0.347958
229.75		0.347958
229.875		0.347958
230		0.347958
230.125		0.378499
230.25		0.378499
230.375		0.378499
230.5		0.378499
230.625		0.378499
230.75		0.378499
230.875		0.378499
231		0.378499
231.125		0.378499
231.25		0.378499
231.375		0.378499
231.5		0.378499
231.625		0.378499
231.75		0.378499
231.875		0.378499
232		0.378499
232.125		0.378499
232.25		0.378499
232.375		0.378499
232.5		0.378499
232.625		0.378499
232.75		0.378499
232.875		0.378499
233		0.378499
233.125		0.378499
233.25		0.378499
233.375		0.378499
233.5		0.378499
233.625		0.378499
233.75		0.378499
233.875		0.378499
234		0.378499
234.125		0.378499
234.25		0.378499
234.375		0.378499
234.5		0.378499
234.625		0.378499
234.75		0.378499
234.875		0.378499
235		0.378499
235.125		0.392096
235.25		0.392096
235.375		0.392096
235.5		0.392096
235.625		0.392096
235.75		0.392096
235.875		0.392096
236		0.392096
236.125		0.392096
236.25		0.392096
236.375		0.392096
236.5		0.392096
236.625		0.392096
236.75		0.392096
236.875		0.392096
237		0.392096
237.125		0.392096
237.25		0.392096
237.375		0.392096
237.5		0.392096
237.625		0.392096
237.75		0.392096
237.875		0.392096
238		0.392096
238.125		0.392096
238.25		0.392096
238.375		0.392096
238.5		0.392096
238.625		0.392096
238.75		0.392096
238.875		0.392096
239		0.392096
239.125		0.392096
239.25		0.392096
239.375		0.392096
239.5		0.392096
239.625		0.392096
239.75		0.392096
239.875		0.392096
240		0.392096
240.125		0.396346
240.25		0.396346
240.375		0.396346
240.5		0.396346
240.625		0.396346
240.75		0.396346
240.875		0.396346
241		0.396346
241.125		0.396346
241.25		0.396346
241.375		0.396346
241.5		0.396346
241.625		0.396346
241.75		0.396346
241.875		0.396346
242		0.396346
242.125		0.396346
242.25		0.396346
242.375		0.396346
242.5		0.396346
242.625		0.396346
242.75		0.396346
242.875		0.396346
243		0.396346
243.125		0.396346
243.25		0.396346
243.375		0.396346
243.5		0.396346
243.625		0.396346
243.75		0.396346
243.875		0.396346
244		0.396346
244.125		0.396346
244.25		0.396346
244.375		0.396346
244.5		0.396346
244.625		0.396346
244.75		0.396346
244.875		0.396346
245		0.396346
245.125		0.40426
245.25		0.40426
245.375		0.40426
245.5		0.40426
245.625		0.40426
245.75		0.40426
245.875		0.40426
246		0.40426
246.125		0.40426
246.25		0.40426
246.375		0.40426
246.5		0.40426
246.625		0.40426
246.75		0.40426
246.875		0.40426
247		0.40426
247.125		0.40426
247.25		0.40426
247.375		0.40426
247.5		0.40426
247.625		0.40426
247.75		0.40426
247.875		0.40426
248		0.40426
248.125		0.40426
248.25		0.40426
248.375		0.40426
248.5		0.40426
248.625		0.40426
248.75		0.40426
248.875		0.40426
249		0.40426
249.125		0.40426
249.25		0.40426
249.375		0.40426
249.5		0.40426
249.625		0.40426
249.75		0.40426
249.875		0.40426
250		0.40426
250.125		0.411377
250.25		0.411377
250.375		0.411377
250.5		0.411377
250.625		0.411377
250.75		0.411377
250.875		0.411377
251		0.411377
251.125		0.411377
251.25		0.411377
251.375		0.411377
251.5		0.411377
251.625		0.411377
251.75		0.411377
251.875		0.411377
252		0.411377
252.125		0.411377
252.25		0.411377
252.375		0.411377
252.5		0.411377
252.625		0.411377
252.75		0.411377
252.875		0.411377
253		0.411377
253.125		0.411377
253.25		0.411377
253.375		0.411377
253.5		0.411377
253.625		0.411377
253.75		0.411377
253.875		0.411377
254		0.411377
254.125		0.411377
254.25		0.411377
254.375		0.411377
254.5		0.411377
254.625		0.411377
254.75		0.411377
254.875		0.411377
255		0.411377
255.125		0.422213
255.25		0.422213
255.375		0.422213
255.5		0.422213
255.625		0.422213
255.75		0.422213
255.875		0.422213
256		0.422213
256.125		0.422213
256.25		0.422213
256.375		0.422213
256.5		0.422213
256.625		0.422213
256.75		0.422213
256.875		0.422213
257		0.422213
257.125		0.422213
257.25		0.422213
257.375		0.422213
257.5		0.422213
257.625		0.422213
257.75		0.422213
257.875		0.422213
258		0.422213
258.125		0.422213
258.25		0.422213
258.375		0.422213
258.5		0.422213
258.625		0.422213
258.75		0.422213
258.875		0.422213
259		0.422213
259.125		0.422213
259.25		0.422213
259.375		0.422213
259.5		0.422213
259.625		0.422213
259.75		0.422213
259.875		0.422213
260		0.422213
260.125		0.438838
260.25		0.438838
260.375		0.438838
260.5		0.438838
260.625		0.438838
260.75		0.438838
260.875		0.438838
261		0.438838
261.125		0.438838
261.25		0.438838
261.375		0.438838
261.5		0.438838
261.625		0.438838
261.75		0.438838
261.875		0.438838
262		0.438838
262.125		0.438838
262.25		0.438838
262.375		0.438838
262.5		0.438838
262.625		0.438838
262.75		0.438838
262.875		0.438838
263		0.438838
263.125		0.438838
263.25		0.438838
263.375		0.438838
263.5		0.438838
263.625		0.438838
263.75		0.438838
263.875		0.438838
264		0.438838
264.125		0.438838
264.25		0.438838
264.375		0.438838
264.5		0.438838
264.625		0.438838
264.75		0.438838
264.875		0.438838
265		0.438838
265.125		0.44808
265.25		0.44808
265.375		0.44808
265.5		0.44808
265.625		0.44808
265.75		0.44808
265.875		0.44808
266		0.44808
266.125		0.44808
266.25		0.44808
266.375		0.44808
266.5		0.44808
266.625		0.44808
266.75		0.44808
266.875		0.44808
267		0.44808
267.125		0.44808
267.25		0.44808
267.375		0.44808
267.5		0.44808
267.625		0.44808
267.75		0.44808
267.875		0.44808
268		0.44808
268.125		0.44808
268.25		0.44808
268.375		0.44808
268.5		0.44808
268.625		0.44808
268.75		0.44808
268.875		0.44808
269		0.44808
269.125		0.44808
269.25		0.44808
269.375		0.44808
269.5		0.44808
269.625		0.44808
269.75		0.44808
269.875		0.44808
270		0.44808
270.125		0.464227
270.25		0.464227
270.375		0.464227
270.5		0.464227
270.625		0.464227
270.75		0.464227
270.875		0.464227
271		0.464227
271.125		0.464227
271.25		0.464227
271.375		0.464227
271.5		0.464227
271.625		0.464227
271.75		0.464227
271.875		0.464227
272		0.464227
272.125		0.464227
272.25		0.464227
272.375		0.464227
272.5		0.464227
272.625		0.464227
272.75		0.464227
272.875		0.464227
273		0.464227
273.125		0.464227
273.25		0.464227
273.375		0.464227
273.5		0.464227
273.625		0.464227
273.75		0.464227
273.875		0.464227
274		0.464227
274.125		0.464227
274.25		0.464227
274.375		0.464227
274.5		0.464227
274.625		0.464227
274.75		0.464227
274.875		0.464227
275		0.464227
275.125		0.469857
275.25		0.469857
275.375		0.469857
275.5		0.469857
275.625		0.469857
275.75		0.469857
275.875		0.469857
276		0.469857
276.125		0.469857
276.25		0.469857
276.375		0.469857
276.5		0.469857
276.625		0.469857
276.75		0.469857
276.875		0.469857
277		0.469857
277.125		0.469857
277.25		0.469857
277.375		0.469857
277.5		0.469857
277.625		0.469857
277.75		0.469857
277.875		0.469857
278		0.469857
278.125		0.469857
278.25		0.469857
278.375		0.469857
278.5		0.469857
278.625		0.469857
278.75		0.469857
278.875		0.469857
279		0.469857
279.125		0.469857
279.25		0.469857
279.375		0.469857
279.5		0.469857
279.625		0.469857
279.75		0.469857
279.875		0.469857
280		0.469857
280.125		0.472566
280.25		0.472566
280.375		0.472566
280.5		0.472566
280.625		0.472566
280.75		0.472566
280.875		0.472566
281		0.472566
281.125		0.472566
281.25		0.472566
281.375		0.472566
281.5		0.472566
281.625		0.472566
281.75		0.472566
281.875		0.472566
282		0.472566
282.125		0.472566
282.25		0.472566
282.375		0.472566
282.5		0.472566
282.625		0.472566
282.75		0.472566
282.875		0.472566
283		0.472566
283.125		0.472566
283.25		0.472566
283.375		0.472566
283.5		0.472566
283.625		0.472566
283.75		0.472566
283.875		0.472566
284		0.472566
284.125		0.472566
284.25		0.472566
284.375		0.472566
284.5		0.472566
284.625		0.472566
284.75		0.472566
284.875		0.472566
285		0.472566
285.125		0.490785
285.25		0.490785
285.375		0.490785
285.5		0.490785
285.625		0.490785
285.75		0.490785
285.875		0.490785
286		0.490785
286.125		0.490785
286.25		0.490785
286.375		0.490785
286.5		0.490785
286.625		0.490785
286.75		0.490785
286.875		0.490785
287		0.490785
287.125		0.490785
287.25		0.490785
287.375		0.490785
287.5		0.490785
287.625		0.490785
287.75		0.490785
287.875		0.490785
288		0.490785
288.125		0.490785
288.25		0.490785
288.375		0.490785
288.5		0.490785
288.625		0.490785
288.75		0.490785
288.875		0.490785
289		0.490785
289.125		0.490785
289.25		0.490785
289.375		0.490785
289.5		0.490785
289.625		0.490785
289.75		0.490785
289.875		0.490785
290		0.490785
290.125		0.504913
290.25		0.504913
290.375		0.504913
290.5		0.504913
290.625		0.504913
290.75		0.504913
290.875		0.504913
291		0.504913
291.125		0.504913
291.25		0.504913
291.375		0.504913
291.5		0.504913
291.625		0.504913
291.75		0.504913
291.875		0.504913
292		0.504913
292.125		0.504913
292.25		0.504913
292.375		0.504913
292.5		0.504913
292.625		0.504913
292.75		0.504913
292.875		0.504913
293		0.504913
293.125		0.504913
293.25		0.504913
293.375		0.504913
293.5		0.504913
293.625		0.504913
293.75		0.504913
293.875		0.504913
294		0.504913
294.125		0.504913
294.25		0.504913
294.375		0.504913
294.5		0.504913
294.625		0.504913
294.75		0.504913
294.875		0.504913
295		0.504913
295.125		0.512402
295.25		0.512402
295.375		0.512402
295.5		0.512402
295.625		0.512402
295.75		0.512402
295.875		0.512402
296		0.512402
296.125		0.512402
296.25		0.512402
296.375		0.512402
296.5		0.512402
296.625		0.512402
296.75		0.512402
296.875		0.512402
297		0.512402
297.125		0.512402
297.25		0.512402
297.375		0.512402
297.5		0.512402
297.625		0.512402
297.75		0.512402
297.875		0.512402
298		0.512402
298.125		0.512402
298.25		0.512402
298.375		0.512402
298.5		0.512402
298.625		0.512402
298.75		0.512402
298.875		0.512402
299		0.512402
299.125		0.512402
299.25		0.512402
299.375		0.512402
299.5		0.512402
299.625		0.512402
299.75		0.512402
299.875		0.512402
300		0.512402
300.125		0.535083
300.25		0.535083
300.375		0.535083
300.5		0.535083
300.625		0.535083
300.75		0.535083
300.875		0.535083
301		0.535083
301.125		0.535083
301.25		0.535083
301.375		0.535083
301.5		0.535083
301.625		0.535083
301.75		0.535083
301.875		0.535083
302		0.535083
302.125		0.535083
302.25		0.535083
302.375		0.535083
302.5		0.535083
302.625		0.535083
302.75		0.535083
302.875		0.535083
303		0.535083
303.125		0.535083
303.25		0.535083
303.375		0.535083
303.5		0.535083
303.625		0.535083
303.75		0.535083
303.875		0.535083
304		0.535083
304.125		0.535083
304.25		0.535083
304.375		0.535083
304.5		0.535083
304.625		0.535083
304.75		0.535083
304.875		0.535083
305		0.535083
305.125		0.548839
305.25		0.548839
305.375		0.548839
305.5		0.548839
305.625		0.548839
305.75		0.548839
305.875		0.548839
306		0.548839
306.125		0.548839
306.25		0.548839
306.375		0.548839
306.5		0.548839
306.625		0.548839
306.75		0.548839
306.875		0.548839
307		0.548839
307.125		0.548839
307.25		0.548839
307.375		0.548839
307.5		0.548839
307.625		0.548839
307.75		0.548839
307.875		0.548839
308		0.548839
308.125		0.548839
308.25		0.548839
308.375		0.548839
308.5		0.548839
308.625		0.548839
308.75		0.548839
308.875		0.548839
309		0.548839
309.125		0.548839
309.25		0.548839
309.375		0.548839
309.5		0.548839
309.625		0.548839
309.75		0.548839
309.875		0.548839
310		0.548839
310.125		0.551761
310.25		0.551761
310.375		0.551761
310.5		0.551761
310.625		0.551761
310.75		0.551761
310.875		0.551761
311		0.551761
311.125		0.551761
311.25		0.551761
311.375		0.551761
311.5		0.551761
311.625		0.551761
311.75		0.551761
311.875		0.551761
312		0.551761
312.125		0.551761
312.25		0.551761
312.375		0.551761
312.5		0.551761
312.625		0.551761
312.75		0.551761
312.875		0.551761
313		0.551761
313.125		0.551761
313.25		0.551761
313.375		0.551761
313.5		0.551761
313.625		0.551761
313.75		0.551761
313.875		0.551761
314		0.551761
314.125		0.551761
314.25		0.551761
314.375		0.551761
314.5		0.551761
314.625		0.551761
314.75		0.551761
314.875		0.551761
315		0.551761
315.125		0.571838
315.25		0.571838
315.375		0.571838
315.5		0.571838
315.625		0.571838
315.75		0.571838
315.875		0.571838
316		0.571838
316.125		0.571838
316.25		0.571838
316.375		0.571838
316.5		0.571838
316.625		0.571838
316.75		0.571838
316.875		0.571838
317		0.571838
317.125		0.571838
317.25		0.571838
317.375		0.571838
317.5		0.571838
317.625		0.571838
317.75		0.571838
317.875		0.571838
318		0.571838
318.125		0.571838
318.25		0.571838
318.375		0.571838
318.5		0.571838
318.625		0.571838
318.75		0.571838
318.875		0.571838
319		0.571838
319.125		0.571838
319.25		0.571838
319.375		0.571838
319.5		0.571838
319.625		0.571838
319.75		0.571838
319.875		0.571838
320		0.571838
320.125		0.572423
320.25		0.572423
320.375		0.572423
320.5		0.572423
320.625		0.572423
320.75		0.572423
320.875		0.572423
321		0.572423
321.125		0.572423
321.25		0.572423
321.375		0.572423
321.5		0.572423
321.625		0.572423
321.75		0.572423
321.875		0.572423
322		0.572423
322.125		0.572423
322.25		0.572423
322.375		0.572423
322.5		0.572423
322.625		0.572423
322.75		0.572423
322.875		0.572423
323		0.572423
323.125		0.572423
323.25		0.572423
323.375		0.572423
323.5		0.572423
323.625		0.572423
323.75		0.572423
323.875		0.572423
324		0.572423
324.125		0.572423
324.25		0.572423
324.375		0.572423
324.5		0.572423
324.625		0.572423
324.75		0.572423
324.875		0.572423
325		0.572423
325.125		0.573591
325.25		0.573591
325.375		0.573591
325.5		0.573591
325.625		0.573591
325.75		0.573591
325.875		0.573591
326		0.573591
326.125		0.573591
326.25		0.573591
326.375		0.573591
326.5		0.573591
326.625		0.573591
326.75		0.573591
326.875		0.573591
327		0.573591
327.125		0.573591
327.25		0.573591
327.375		0.573591
327.5		0.573591
327.625		0.573591
327.75		0.573591
327.875		0.573591
328		0.573591
328.125		0.573591
328.25		0.573591
328.375		0.573591
328.5		0.573591
328.625		0.573591
328.75		0.573591
328.875		0.573591
329		0.573591
329.125		0.573591
329.25		0.573591
329.375		0.573591
329.5		0.573591
329.625		0.573591
329.75		0.573591
329.875		0.573591
330		0.573591
330.125		0.596059
330.25		0.596059
330.375		0.596059
330.5		0.596059
330.625		0.596059
330.75		0.596059
330.875		0.596059
331		0.596059
331.125		0.596059
331.25		0.596059
331.375		0.596059
331.5		0.596059
331.625		0.596059
331.75		0.596059
331.875		0.596059
332		0.596059
332.125		0.596059
332.25		0.596059
332.375		0.596059
332.5		0.596059
332.625		0.596059
332.75		0.596059
332.875		0.596059
333		0.596059
333.125		0.596059
333.25		0.596059
333.375		0.596059
333.5		0.596059
333.625		0.596059
333.75		0.596059
333.875		0.596059
334		0.596059
334.125		0.596059
334.25		0.596059
334.375		0.596059
334.5		0.596059
334.625		0.596059
334.75		0.596059
334.875		0.596059
335		0.596059
335.125		0.616986
335.25		0.616986
335.375		0.616986
335.5		0.616986
335.625		0.616986
335.75		0.616986
335.875		0.616986
336		0.616986
336.125		0.616986
336.25		0.616986
336.375		0.616986
336.5		0.616986
336.625		0.616986
336.75		0.616986
336.875		0.616986
337		0.616986
337.125		0.616986
337.25		0.616986
337.375		0.616986
337.5		0.616986
337.625		0.616986
337.75		0.616986
337.875		0.616986
338		0.616986
338.125		0.616986
338.25		0.616986
338.375		0.616986
338.5		0.616986
338.625		0.616986
338.75		0.616986
338.875		0.616986
339		0.616986
339.125		0.616986
339.25		0.616986
339.375		0.616986
339.5		0.616986
339.625		0.616986
339.75		0.616986
339.875		0.616986
340		0.616986
340.125		0.63308
340.25		0.63308
340.375		0.63308
340.5		0.63308
340.625		0.63308
340.75		0.63308
340.875		0.63308
341		0.63308
341.125		0.63308
341.25		0.63308
341.375		0.63308
341.5		0.63308
341.625		0.63308
341.75		0.63308
341.875		0.63308
342		0.63308
342.125		0.63308
342.25		0.63308
342.375		0.63308
342.5		0.63308
342.625		0.63308
342.75		0.63308
342.875		0.63308
343		0.63308
343.125		0.63308
343.25		0.63308
343.375		0.63308
343.5		0.63308
343.625		0.63308
343.75		0.63308
343.875		0.63308
344		0.63308
344.125		0.63308
344.25		0.63308
344.375		0.63308
344.5		0.63308
344.625		0.63308
344.75		0.63308
344.875		0.63308
345		0.63308
345.125		0.633824
345.25		0.633824
345.375		0.633824
345.5		0.633824
345.625		0.633824
345.75		0.633824
345.875		0.633824
346		0.633824
346.125		0.633824
346.25		0.633824
346.375		0.633824
346.5		0.633824
346.625		0.633824
346.75		0.633824
346.875		0.633824
347		0.633824
347.125		0.633824
347.25		0.633824
347.375		0.633824
347.5		0.633824
347.625		0.633824
347.75		0.633824
347.875		0.633824
348		0.633824
348.125		0.633824
348.25		0.633824
348.375		0.633824
348.5		0.633824
348.625		0.633824
348.75		0.633824
348.875		0.633824
349		0.633824
349.125		0.633824
349.25		0.633824
349.375		0.633824
349.5		0.633824
349.625		0.633824
349.75		0.633824
349.875		0.633824
350		0.633824
350.125		0.634886
350.25		0.634886
350.375		0.634886
350.5		0.634886
350.625		0.634886
350.75		0.634886
350.875		0.634886
351		0.634886
351.125		0.634886
351.25		0.634886
351.375		0.634886
351.5		0.634886
351.625		0.634886
351.75		0.634886
351.875		0.634886
352		0.634886
352.125		0.634886
352.25		0.634886
352.375		0.634886
352.5		0.634886
352.625		0.634886
352.75		0.634886
352.875		0.634886
353		0.634886
353.125		0.634886
353.25		0.634886
353.375		0.634886
353.5		0.634886
353.625		0.634886
353.75		0.634886
353.875		0.634886
354		0.634886
354.125		0.634886
354.25		0.634886
354.375		0.634886
354.5		0.634886
354.625		0.634886
354.75		0.634886
354.875		0.634886
355		0.634886
355.125		0.643172
355.25		0.643172
355.375		0.643172
355.5		0.643172
355.625		0.643172
355.75		0.643172
355.875		0.643172
356		0.643172
356.125		0.643172
356.25		0.643172
356.375		0.643172
356.5		0.643172
356.625		0.643172
356.75		0.643172
356.875		0.643172
357		0.643172
357.125		0.643172
357.25		0.643172
357.375		0.643172
357.5		0.643172
357.625		0.643172
357.75		0.643172
357.875		0.643172
358		0.643172
358.125		0.643172
358.25		0.643172
358.375		0.643172
358.5		0.643172
358.625		0.643172
358.75		0.643172
358.875		0.643172
359		0.643172
359.125		0.643172
359.25		0.643172
359.375		0.643172
359.5		0.643172
359.625		0.643172
359.75		0.643172
359.875		0.643172
360		0.643172
360.125		0.675572
360.25		0.675572
360.375		0.675572
360.5		0.675572
360.625		0.675572
360.75		0.675572
360.875		0.675572
361		0.675572
361.125		0.675572
361.25		0.675572
361.375		0.675572
361.5		0.675572
361.625		0.675572
361.75		0.675572
361.875		0.675572
362		0.675572
362.125		0.675572
362.25		0.675572
362.375		0.675572
362.5		0.675572
362.625		0.675572
362.75		0.675572
362.875		0.675572
363		0.675572
363.125		0.675572
363.25		0.675572
363.375		0.675572
363.5		0.675572
363.625		0.675572
363.75		0.675572
363.875		0.675572
364		0.675572
364.125		0.675572
364.25		0.675572
364.375		0.675572
364.5		0.675572
364.625		0.675572
364.75		0.675572
364.875		0.675572
365		0.675572
365.125		0.69565
365.25		0.69565
365.375		0.69565
365.5		0.69565
365.625		0.69565
365.75		0.69565
365.875		0.69565
366		0.69565
366.125		0.69565
366.25		0.69565
366.375		0.69565
366.5		0.69565
366.625		0.69565
366.75		0.69565
366.875		0.69565
367		0.69565
367.125		0.69565
367.25		0.69565
367.375		0.69565
367.5		0.69565
367.625		0.69565
367.75		0.69565
367.875		0.69565
368		0.69565
368.125		0.69565
368.25		0.69565
368.375		0.69565
368.5		0.69565
368.625		0.69565
368.75		0.69565
368.875		0.69565
369		0.69565
369.125		0.69565
369.25		0.69565
369.375		0.69565
369.5		0.69565
369.625		0.69565
369.75		0.69565
369.875		0.69565
370		0.69565
370.125		0.696712
370.25		0.696712
370.375		0.696712
370.5		0.696712
370.625		0.696712
370.75		0.696712
370.875		0.696712
371		0.696712
371.125		0.696712
371.25		0.696712
371.375		0.696712
371.5		0.696712
371.625		0.696712
371.75		0.696712
371.875		0.696712
372		0.696712
372.125		0.696712
372.25		0.696712
372.375		0.696712
372.5		0.696712
372.625		0.696712
372.75		0.696712
372.875		0.696712
373		0.696712
373.125		0.696712
373.25		0.696712
373.375		0.696712
373.5		0.696712
373.625		0.696712
373.75		0.696712
373.875		0.696712
374		0.696712
374.125		0.696712
374.25		0.696712
374.375		0.696712
374.5		0.696712
374.625		0.696712
374.75		0.696712
374.875		0.696712
375		0.696712
375.125		0.697934
375.25		0.697934
375.375		0.697934
375.5		0.697934
375.625		0.697934
375.75		0.697934
375.875		0.697934
376		0.697934
376.125		0.697934
376.25		0.697934
376.375		0.697934
376.5		0.697934
376.625		0.697934
376.75		0.697934
376.875		0.697934
377		0.697934
377.125		0.697934
377.25		0.697934
377.375		0.697934
377.5		0.697934
377.625		0.697934
377.75		0.697934
377.875		0.697934
378		0.697934
378.125		0.697934
378.25		0.697934
378.375		0.697934
378.5		0.697934
378.625		0.697934
378.75		0.697934
378.875		0.697934
379		0.697934
379.125		0.697934
379.25		0.697934
379.375		0.697934
379.5		0.697934
379.625		0.697934
379.75		0.697934
379.875		0.697934
380		0.697934
380.125		0.718967
380.25		0.718967
380.375		0.718967
380.5		0.718967
380.625		0.718967
380.75		0.718967
380.875		0.718967
381		0.718967
381.125		0.718967
381.25		0.718967
381.375		0.718967
381.5		0.718967
381.625		0.718967
381.75		0.718967
381.875		0.718967
382		0.718967
382.125		0.718967
382.25		0.718967
382.375		0.718967
382.5		0.718967
382.625		0.718967
382.75		0.718967
382.875		0.718967
383		0.718967
383.125		0.718967
383.25		0.718967
383.375		0.718967
383.5		0.718967
383.625		0.718967
383.75		0.718967
383.875		0.718967
384		0.718967
384.125		0.718967
384.25		0.718967
384.375		0.718967
384.5		0.718967
384.625		0.718967
384.75		0.718967
384.875		0.718967
385		0.718967
385.125		0.727094
385.25		0.727094
385.375		0.727094
385.5		0.727094
385.625		0.727094
385.75		0.727094
385.875		0.727094
386		0.727094
386.125		0.727094
386.25		0.727094
386.375		0.727094
386.5		0.727094
386.625		0.727094
386.75		0.727094
386.875		0.727094
387		0.727094
387.125		0.727094
387.25		0.727094
387.375		0.727094
387.5		0.727094
387.625		0.727094
387.75		0.727094
387.875		0.727094
388		0.727094
388.125		0.727094
388.25		0.727094
388.375		0.727094
388.5		0.727094
388.625		0.727094
388.75		0.727094
388.875		0.727094
389		0.727094
389.125		0.727094
389.25		0.727094
389.375		0.727094
389.5		0.727094
389.625		0.727094
389.75		0.727094
389.875		0.727094
390		0.727094
390.125		0.733149
390.25		0.733149
390.375		0.733149
390.5		0.733149
390.625		0.733149
390.75		0.733149
390.875		0.733149
391		0.733149
391.125		0.733149
391.25		0.733149
391.375		0.733149
391.5		0.733149
391.625		0.733149
391.75		0.733149
391.875		0.733149
392		0.733149
392.125		0.733149
392.25		0.733149
392.375		0.733149
392.5		0.733149
392.625		0.733149
392.75		0.733149
392.875		0.733149
393		0.733149
393.125		0.733149
393.25		0.733149
393.375		0.733149
393.5		0.733149
393.625		0.733149
393.75		0.733149
393.875		0.733149
394		0.733149
394.125		0.733149
394.25		0.733149
394.375		0.733149
394.5		0.733149
394.625		0.733149
394.75		0.733149
394.875		0.733149
395		0.733149
395.125		0.754289
395.25		0.754289
395.375		0.754289
395.5		0.754289
395.625		0.754289
395.75		0.754289
395.875		0.754289
396		0.754289
396.125		0.754289
396.25		0.754289
396.375		0.754289
396.5		0.754289
396.625		0.754289
396.75		0.754289
396.875		0.754289
397		0.754289
397.125		0.754289
397.25		0.754289
397.375		0.754289
397.5		0.754289
397.625		0.754289
397.75		0.754289
397.875		0.754289
398		0.754289
398.125		0.754289
398.25		0.754289
398.375		0.754289
398.5		0.754289
398.625		0.754289
398.75		0.754289
398.875		0.754289
399		0.754289
399.125		0.754289
399.25		0.754289
399.375		0.754289
399.5		0.754289
399.625		0.754289
399.75		0.754289
399.875		0.754289
400		0.754289
400.125		0.771923
400.25		0.771923
400.375		0.771923
400.5		0.771923
400.625		0.771923
400.75		0.771923
400.875		0.771923
401		0.771923
401.125		0.771923
401.25		0.771923
401.375		0.771923
401.5		0.771923
401.625		0.771923
401.75		0.771923
401.875		0.771923
402		0.771923
402.125		0.771923
402.25		0.771923
402.375		0.771923
402.5		0.771923
402.625		0.771923
402.75		0.771923
402.875		0.771923
403		0.771923
403.125		0.771923
403.25		0.771923
403.375		0.771923
403.5		0.771923
403.625		0.771923
403.75		0.771923
403.875		0.771923
404		0.771923
404.125		0.771923
404.25		0.771923
404.375		0.771923
404.5		0.771923
404.625		0.771923
404.75		0.771923
404.875		0.771923
405		0.771923
405.125		0.779944
405.25		0.779944
405.375		0.779944
405.5		0.779944
405.625		0.779944
405.75		0.779944
405.875		0.779944
406		0.779944
406.125		0.779944
406.25		0.779944
406.375		0.779944
406.5		0.779944
406.625		0.779944
406.75		0.779944
406.875		0.779944
407		0.779944
407.125		0.779944
407.25		0.779944
407.375		0.779944
407.5		0.779944
407.625		0.779944
407.75		0.779944
407.875		0.779944
408		0.779944
408.125		0.779944
408.25		0.779944
408.375		0.779944
408.5		0.779944
408.625		0.779944
408.75		0.779944
408.875		0.779944
409		0.779944
409.125		0.779944
409.25		0.779944
409.375		0.779944
409.5		0.779944
409.625		0.779944
409.75		0.779944
409.875		0.779944
410		0.779944
410.125		0.794019
410.25		0.794019
410.375		0.794019
410.5		0.794019
410.625		0.794019
410.75		0.794019
410.875		0.794019
411		0.794019
411.125		0.794019
411.25		0.794019
411.375		0.794019
411.5		0.794019
411.625		0.794019
411.75		0.794019
411.875		0.794019
412		0.794019
412.125		0.794019
412.25		0.794019
412.375		0.794019
412.5		0.794019
412.625		0.794019
412.75		0.794019
412.875		0.794019
413		0.794019
413.125		0.794019
413.25		0.794019
413.375		0.794019
413.5		0.794019
413.625		0.794019
413.75		0.794019
413.875		0.794019
414		0.794019
414.125		0.794019
414.25		0.794019
414.375		0.794019
414.5		0.794019
414.625		0.794019
414.75		0.794019
414.875		0.794019
415		0.794019
415.125		0.816381
415.25		0.816381
415.375		0.816381
415.5		0.816381
415.625		0.816381
415.75		0.816381
415.875		0.816381
416		0.816381
416.125		0.816381
416.25		0.816381
416.375		0.816381
416.5		0.816381
416.625		0.816381
416.75		0.816381
416.875		0.816381
417		0.816381
417.125		0.816381
417.25		0.816381
417.375		0.816381
417.5		0.816381
417.625		0.816381
417.75		0.816381
417.875		0.816381
418		0.816381
418.125		0.816381
418.25		0.816381
418.375		0.816381
418.5		0.816381
418.625		0.816381
418.75		0.816381
418.875		0.816381
419		0.816381
419.125		0.816381
419.25		0.816381
419.375		0.816381
419.5		0.816381
419.625		0.816381
419.75		0.816381
419.875		0.816381
420		0.816381
420.125		0.817337
420.25		0.817337
420.375		0.817337
420.5		0.817337
420.625		0.817337
420.75		0.817337
420.875		0.817337
421		0.817337
421.125		0.817337
421.25		0.817337
421.375		0.817337
421.5		0.817337
421.625		0.817337
421.75		0.817337
421.875		0.817337
422		0.817337
422.125		0.817337
422.25		0.817337
422.375		0.817337
422.5		0.817337
422.625		0.817337
422.75		0.817337
422.875		0.817337
423		0.817337
423.125		0.817337
423.25		0.817337
423.375		0.817337
423.5		0.817337
423.625		0.817337
423.75		0.817337
423.875		0.817337
424		0.817337
424.125		0.817337
424.25		0.817337
424.375		0.817337
424.5		0.817337
424.625		0.817337
424.75		0.817337
424.875		0.817337
425		0.817337
425.125		0.827057
425.25		0.827057
425.375		0.827057
425.5		0.827057
425.625		0.827057
425.75		0.827057
425.875		0.827057
426		0.827057
426.125		0.827057
426.25		0.827057
426.375		0.827057
426.5		0.827057
426.625		0.827057
426.75		0.827057
426.875		0.827057
427		0.827057
427.125		0.827057
427.25		0.827057
427.375		0.827057
427.5		0.827057
427.625		0.827057
427.75		0.827057
427.875		0.827057
428		0.827057
428.125		0.827057
428.25		0.827057
428.375		0.827057
428.5		0.827057
428.625		0.827057
428.75		0.827057
428.875		0.827057
429		0.827057
429.125		0.827057
429.25		0.827057
429.375		0.827057
429.5		0.827057
429.625		0.827057
429.75		0.827057
429.875		0.827057
430		0.827057
430.125		0.842407
430.25		0.842407
430.375		0.842407
430.5		0.842407
430.625		0.842407
430.75		0.842407
430.875		0.842407
431		0.842407
431.125		0.842407
431.25		0.842407
431.375		0.842407
431.5		0.842407
431.625		0.842407
431.75		0.842407
431.875		0.842407
432		0.842407
432.125		0.842407
432.25		0.842407
432.375		0.842407
432.5		0.842407
432.625		0.842407
432.75		0.842407
432.875		0.842407
433		0.842407
433.125		0.842407
433.25		0.842407
433.375		0.842407
433.5		0.842407
433.625		0.842407
433.75		0.842407
433.875		0.842407
434		0.842407
434.125		0.842407
434.25		0.842407
434.375		0.842407
434.5		0.842407
434.625		0.842407
434.75		0.842407
434.875		0.842407
435		0.842407
435.125		0.87571
435.25		0.87571
435.375		0.87571
435.5		0.87571
435.625		0.87571
435.75		0.87571
435.875		0.87571
436		0.87571
436.125		0.87571
436.25		0.87571
436.375		0.87571
436.5		0.87571
436.625		0.87571
436.75		0.87571
436.875		0.87571
437		0.87571
437.125		0.87571
437.25		0.87571
437.375		0.87571
437.5		0.87571
437.625		0.87571
437.75		0.87571
437.875		0.87571
438		0.87571
438.125		0.87571
438.25		0.87571
438.375		0.87571
438.5		0.87571
438.625		0.87571
438.75		0.87571
438.875		0.87571
439		0.87571
439.125		0.87571
439.25		0.87571
439.375		0.87571
439.5		0.87571
439.625		0.87571
439.75		0.87571
439.875		0.87571
440		0.87571
440.125		0.879747
440.25		0.879747
440.375		0.879747
440.5		0.879747
440.625		0.879747
440.75		0.879747
440.875		0.879747
441		0.879747
441.125		0.879747
441.25		0.879747
441.375		0.879747
441.5		0.879747
441.625		0.879747
441.75		0.879747
441.875		0.879747
442		0.879747
442.125		0.879747
442.25		0.879747
442.375		0.879747
442.5		0.879747
442.625		0.879747
442.75		0.879747
442.875		0.879747
443		0.879747
443.125		0.879747
443.25		0.879747
443.375		0.879747
443.5		0.879747
443.625		0.879747
443.75		0.879747
443.875		0.879747
444		0.879747
444.125		0.879747
444.25		0.879747
444.375		0.879747
444.5		0.879747
444.625		0.879747
444.75		0.879747
444.875		0.879747
445		0.879747
445.125		0.88235
445.25		0.88235
445.375		0.88235
445.5		0.88235
445.625		0.88235
445.75		0.88235
445.875		0.88235
446		0.88235
446.125		0.88235
446.25		0.88235
446.375		0.88235
446.5		0.88235
446.625		0.88235
446.75		0.88235
446.875		0.88235
447		0.88235
447.125		0.88235
447.25		0.88235
447.375		0.88235
447.5		0.88235
447.625		0.88235
447.75		0.88235
447.875		0.88235
448		0.88235
448.125		0.88235
448.25		0.88235
448.375		0.88235
448.5		0.88235
448.625		0.88235
448.75		0.88235
448.875		0.88235
449		0.88235
449.125		0.88235
449.25		0.88235
449.375		0.88235
449.5		0.88235
449.625		0.88235
449.75		0.88235
449.875		0.88235
450		0.88235
450.125		0.890583
450.25		0.890583
450.375		0.890583
450.5		0.890583
450.625		0.890583
450.75		0.890583
450.875		0.890583
451		0.890583
451.125		0.890583
451.25		0.890583
451.375		0.890583
451.5		0.890583
451.625		0.890583
451.75		0.890583
451.875		0.890583
452		0.890583
452.125		0.890583
452.25		0.890583
452.375		0.890583
452.5		0.890583
452.625		0.890583
452.75		0.890583
452.875		0.890583
453		0.890583
453.125		0.890583
453.25		0.890583
453.375		0.890583
453.5		0.890583
453.625		0.890583
453.75		0.890583
453.875		0.890583
454		0.890583
454.125		0.890583
454.25		0.890583
454.375		0.890583
454.5		0.890583
454.625		0.890583
454.75		0.890583
454.875		0.890583
455		0.890583
455.125		0.912572
455.25		0.912572
455.375		0.912572
455.5		0.912572
455.625		0.912572
455.75		0.912572
455.875		0.912572
456		0.912572
456.125		0.912572
456.25		0.912572
456.375		0.912572
456.5		0.912572
456.625		0.912572
456.75		0.912572
456.875		0.912572
457		0.912572
457.125		0.912572
457.25		0.912572
457.375		0.912572
457.5		0.912572
457.625		0.912572
457.75		0.912572
457.875		0.912572
458		0.912572
458.125		0.912572
458.25		0.912572
458.375		0.912572
458.5		0.912572
458.625		0.912572
458.75		0.912572
458.875		0.912572
459		0.912572
459.125		0.912572
459.25		0.912572
459.375		0.912572
459.5		0.912572
459.625		0.912572
459.75		0.912572
459.875		0.912572
460		0.912572
460.125		0.918628
460.25		0.918628
460.375		0.918628
460.5		0.918628
460.625		0.918628
460.75		0.918628
460.875		0.918628
461		0.918628
461.125		0.918628
461.25		0.918628
461.375		0.918628
461.5		0.918628
461.625		0.918628
461.75		0.918628
461.875		0.918628
462		0.918628
462.125		0.918628
462.25		0.918628
462.375		0.918628
462.5		0.918628
462.625		0.918628
462.75		0.918628
462.875		0.918628
463		0.918628
463.125		0.918628
463.25		0.918628
463.375		0.918628
463.5		0.918628
463.625		0.918628
463.75		0.918628
463.875		0.918628
464		0.918628
464.125		0.918628
464.25		0.918628
464.375		0.918628
464.5		0.918628
464.625		0.918628
464.75		0.918628
464.875		0.918628
465		0.918628
465.125		0.934296
465.25		0.934296
465.375		0.934296
465.5		0.934296
465.625		0.934296
465.75		0.934296
465.875		0.934296
466		0.934296
466.125		0.934296
466.25		0.934296
466.375		0.934296
466.5		0.934296
466.625		0.934296
466.75		0.934296
466.875		0.934296
467		0.934296
467.125		0.934296
467.25		0.934296
467.375		0.934296
467.5		0.934296
467.625		0.934296
467.75		0.934296
467.875		0.934296
468		0.934296
468.125		0.934296
468.25		0.934296
468.375		0.934296
468.5		0.934296
468.625		0.934296
468.75		0.934296
468.875		0.934296
469		0.934296
469.125		0.934296
469.25		0.934296
469.375		0.934296
469.5		0.934296
469.625		0.934296
469.75		0.934296
469.875		0.934296
470		0.934296
470.125		0.942529
470.25		0.942529
470.375		0.942529
470.5		0.942529
470.625		0.942529
470.75		0.942529
470.875		0.942529
471		0.942529
471.125		0.942529
471.25		0.942529
471.375		0.942529
471.5		0.942529
471.625		0.942529
471.75		0.942529
471.875		0.942529
472		0.942529
472.125		0.942529
472.25		0.942529
472.375		0.942529
472.5		0.942529
472.625		0.942529
472.75		0.942529
472.875		0.942529
473		0.942529
473.125		0.942529
473.25		0.942529
473.375		0.942529
473.5		0.942529
473.625		0.942529
473.75		0.942529
473.875		0.942529
474		0.942529
474.125		0.942529
474.25		0.942529
474.375		0.942529
474.5		0.942529
474.625		0.942529
474.75		0.942529
474.875		0.942529
475		0.942529
475.125		0.953524
475.25		0.953524
475.375		0.953524
475.5		0.953524
475.625		0.953524
475.75		0.953524
475.875		0.953524
476		0.953524
476.125		0.953524
476.25		0.953524
476.375		0.953524
476.5		0.953524
476.625		0.953524
476.75		0.953524
476.875		0.953524
477		0.953524
477.125		0.953524
477.25		0.953524
477.375		0.953524
477.5		0.953524
477.625		0.953524
477.75		0.953524
477.875		0.953524
478		0.953524
478.125		0.953524
478.25		0.953524
478.375		0.953524
478.5		0.953524
478.625		0.953524
478.75		0.953524
478.875		0.953524
479		0.953524
479.125		0.953524
479.25		0.953524
479.375		0.953524
479.5		0.953524
479.625		0.953524
479.75		0.953524
479.875		0.953524
480		0.953524
480.125		0.95618
480.25		0.95618
480.375		0.95618
480.5		0.95618
480.625		0.95618
480.75		0.95618
480.875		0.95618
481		0.95618
481.125		0.95618
481.25		0.95618
481.375		0.95618
481.5		0.95618
481.625		0.95618
481.75		0.95618
481.875		0.95618
482		0.95618
482.125		0.95618
482.25		0.95618
482.375		0.95618
482.5		0.95618
482.625		0.95618
482.75		0.95618
482.875		0.95618
483		0.95618
483.125		0.95618
483.25		0.95618
483.375		0.95618
483.5		0.95618
483.625		0.95618
483.75		0.95618
483.875		0.95618
484		0.95618
484.125		0.95618
484.25		0.95618
484.375		0.95618
484.5		0.95618
484.625		0.95618
484.75		0.95618
484.875		0.95618
485		0.95618
485.125		0.986774
485.25		0.986774
485.375		0.986774
485.5		0.986774
485.625		0.986774
485.75		0.986774
485.875		0.986774
486		0.986774
486.125		0.986774
486.25		0.986774
486.375		0.986774
486.5		0.986774
486.625		0.986774
486.75		0.986774
486.875		0.986774
487		0.986774
487.125		0.986774
487.25		0.986774
487.375		0.986774
487.5		0.986774
487.625		0.986774
487.75		0.986774
487.875		0.986774
488		0.986774
488.125		0.986774
488.25		0.986774
488.375		0.986774
488.5		0.986774
488.625		0.986774
488.75		0.986774
488.875		0.986774
489		0.986774
489.125		0.986774
489.25		0.986774
489.375		0.986774
489.5		0.986774
489.625		0.986774
489.75		0.986774
489.875		0.986774
490		0.986774
490.125		0.998991
490.25		0.998991
490.375		0.998991
490.5		0.998991
490.625		0.998991
490.75		0.998991
490.875		0.998991
491		0.998991
491.125		0.998991
491.25		0.998991
491.375		0.998991
491.5		0.998991
491.625		0.998991
491.75		0.998991
491.875		0.998991
492		0.998991
492.125		0.998991
492.25		0.998991
492.375		0.998991
492.5		0.998991
492.625		0.998991
492.75		0.998991
492.875		0.998991
493		0.998991
493.125		0.998991
493.25		0.998991
493.375		0.998991
493.5		0.998991
493.625		0.998991
493.75		0.998991
493.875		0.998991
494		0.998991
494.125		0.998991
494.25		0.998991
494.375		0.998991
494.5		0.998991
494.625		0.998991
494.75		0.998991
494.875		0.998991
495		0.998991
495.125		1
495.25		1
495.375		1
495.5		1
495.625		1
495.75		1
495.875		1
496		1
496.125		1
496.25		1
496.375		1
496.5		1
496.625		1
496.75		1
496.875		1
497		1
497.125		1
497.25		1
497.375		1
497.5		1
497.625		1
497.75		1
497.875		1
498		1
498.125		1
498.25		1
498.375		1
498.5		1
498.625		1
498.75		1
498.875		1
499		1
499.125		1
499.25		1
499.375		1
499.5		1
499.625		1
499.75		1
499.875		1
500		1
