# Calibration file of tamex_id 0 @ channel 23
# fine_T bin		 Calibration value
0.125		0
0.25		0
0.375		0
0.5		0
0.625		0
0.75		0
0.875		0
1		0
1.125		0
1.25		0
1.375		0
1.5		0
1.625		0
1.75		0
1.875		0
2		0
2.125		0
2.25		0
2.375		0
2.5		0
2.625		0
2.75		0
2.875		0
3		0
3.125		0
3.25		0
3.375		0
3.5		0
3.625		0
3.75		0
3.875		0
4		0
4.125		0
4.25		0
4.375		0
4.5		0
4.625		0
4.75		0
4.875		0
5		0
5.125		0
5.25		0
5.375		0
5.5		0
5.625		0
5.75		0
5.875		0
6		0
6.125		0
6.25		0
6.375		0
6.5		0
6.625		0
6.75		0
6.875		0
7		0
7.125		0
7.25		0
7.375		0
7.5		0
7.625		0
7.75		0
7.875		0
8		0
8.125		0
8.25		0
8.375		0
8.5		0
8.625		0
8.75		0
8.875		0
9		0
9.125		0
9.25		0
9.375		0
9.5		0
9.625		0
9.75		0
9.875		0
10		0
10.125		0
10.25		0
10.375		0
10.5		0
10.625		0
10.75		0
10.875		0
11		0
11.125		0
11.25		0
11.375		0
11.5		0
11.625		0
11.75		0
11.875		0
12		0
12.125		0
12.25		0
12.375		0
12.5		0
12.625		0
12.75		0
12.875		0
13		0
13.125		0
13.25		0
13.375		0
13.5		0
13.625		0
13.75		0
13.875		0
14		0
14.125		0
14.25		0
14.375		0
14.5		0
14.625		0
14.75		0
14.875		0
15		0
15.125		0
15.25		0
15.375		0
15.5		0
15.625		0
15.75		0
15.875		0
16		0
16.125		0
16.25		0
16.375		0
16.5		0
16.625		0
16.75		0
16.875		0
17		0
17.125		0
17.25		0
17.375		0
17.5		0
17.625		0
17.75		0
17.875		0
18		0
18.125		0
18.25		0
18.375		0
18.5		0
18.625		0
18.75		0
18.875		0
19		0
19.125		0
19.25		0
19.375		0
19.5		0
19.625		0
19.75		0
19.875		0
20		0
20.125		0
20.25		0
20.375		0
20.5		0
20.625		0
20.75		0
20.875		0
21		0
21.125		0
21.25		0
21.375		0
21.5		0
21.625		0
21.75		0
21.875		0
22		0
22.125		0
22.25		0
22.375		0
22.5		0
22.625		0
22.75		0
22.875		0
23		0
23.125		0
23.25		0
23.375		0
23.5		0
23.625		0
23.75		0
23.875		0
24		0
24.125		0
24.25		0
24.375		0
24.5		0
24.625		0
24.75		0
24.875		0
25		0
25.125		0
25.25		0
25.375		0
25.5		0
25.625		0
25.75		0
25.875		0
26		0
26.125		0
26.25		0
26.375		0
26.5		0
26.625		0
26.75		0
26.875		0
27		0
27.125		0
27.25		0
27.375		0
27.5		0
27.625		0
27.75		0
27.875		0
28		0
28.125		0
28.25		0
28.375		0
28.5		0
28.625		0
28.75		0
28.875		0
29		0
29.125		0
29.25		0
29.375		0
29.5		0
29.625		0
29.75		0
29.875		0
30		0
30.125		0
30.25		0
30.375		0
30.5		0
30.625		0
30.75		0
30.875		0
31		0
31.125		0
31.25		0
31.375		0
31.5		0
31.625		0
31.75		0
31.875		0
32		0
32.125		0
32.25		0
32.375		0
32.5		0
32.625		0
32.75		0
32.875		0
33		0
33.125		0
33.25		0
33.375		0
33.5		0
33.625		0
33.75		0
33.875		0
34		0
34.125		0
34.25		0
34.375		0
34.5		0
34.625		0
34.75		0
34.875		0
35		0
35.125		0
35.25		0
35.375		0
35.5		0
35.625		0
35.75		0
35.875		0
36		0
36.125		0
36.25		0
36.375		0
36.5		0
36.625		0
36.75		0
36.875		0
37		0
37.125		0
37.25		0
37.375		0
37.5		0
37.625		0
37.75		0
37.875		0
38		0
38.125		0
38.25		0
38.375		0
38.5		0
38.625		0
38.75		0
38.875		0
39		0
39.125		0
39.25		0
39.375		0
39.5		0
39.625		0
39.75		0
39.875		0
40		0
40.125		0
40.25		0
40.375		0
40.5		0
40.625		0
40.75		0
40.875		0
41		0
41.125		0
41.25		0
41.375		0
41.5		0
41.625		0
41.75		0
41.875		0
42		0
42.125		0
42.25		0
42.375		0
42.5		0
42.625		0
42.75		0
42.875		0
43		0
43.125		0
43.25		0
43.375		0
43.5		0
43.625		0
43.75		0
43.875		0
44		0
44.125		0
44.25		0
44.375		0
44.5		0
44.625		0
44.75		0
44.875		0
45		0
45.125		0
45.25		0
45.375		0
45.5		0
45.625		0
45.75		0
45.875		0
46		0
46.125		0
46.25		0
46.375		0
46.5		0
46.625		0
46.75		0
46.875		0
47		0
47.125		0
47.25		0
47.375		0
47.5		0
47.625		0
47.75		0
47.875		0
48		0
48.125		0
48.25		0
48.375		0
48.5		0
48.625		0
48.75		0
48.875		0
49		0
49.125		0
49.25		0
49.375		0
49.5		0
49.625		0
49.75		0
49.875		0
50		0
50.125		0
50.25		0
50.375		0
50.5		0
50.625		0
50.75		0
50.875		0
51		0
51.125		0
51.25		0
51.375		0
51.5		0
51.625		0
51.75		0
51.875		0
52		0
52.125		0
52.25		0
52.375		0
52.5		0
52.625		0
52.75		0
52.875		0
53		0
53.125		0
53.25		0
53.375		0
53.5		0
53.625		0
53.75		0
53.875		0
54		0
54.125		0
54.25		0
54.375		0
54.5		0
54.625		0
54.75		0
54.875		0
55		0
55.125		0
55.25		0
55.375		0
55.5		0
55.625		0
55.75		0
55.875		0
56		0
56.125		0
56.25		0
56.375		0
56.5		0
56.625		0
56.75		0
56.875		0
57		0
57.125		0
57.25		0
57.375		0
57.5		0
57.625		0
57.75		0
57.875		0
58		0
58.125		0
58.25		0
58.375		0
58.5		0
58.625		0
58.75		0
58.875		0
59		0
59.125		0
59.25		0
59.375		0
59.5		0
59.625		0
59.75		0
59.875		0
60		0
60.125		0
60.25		0
60.375		0
60.5		0
60.625		0
60.75		0
60.875		0
61		0
61.125		0
61.25		0
61.375		0
61.5		0
61.625		0
61.75		0
61.875		0
62		0
62.125		0
62.25		0
62.375		0
62.5		0
62.625		0
62.75		0
62.875		0
63		0
63.125		0
63.25		0
63.375		0
63.5		0
63.625		0
63.75		0
63.875		0
64		0
64.125		0
64.25		0
64.375		0
64.5		0
64.625		0
64.75		0
64.875		0
65		0
65.125		0
65.25		0
65.375		0
65.5		0
65.625		0
65.75		0
65.875		0
66		0
66.125		0
66.25		0
66.375		0
66.5		0
66.625		0
66.75		0
66.875		0
67		0
67.125		0
67.25		0
67.375		0
67.5		0
67.625		0
67.75		0
67.875		0
68		0
68.125		0
68.25		0
68.375		0
68.5		0
68.625		0
68.75		0
68.875		0
69		0
69.125		0
69.25		0
69.375		0
69.5		0
69.625		0
69.75		0
69.875		0
70		0
70.125		0
70.25		0
70.375		0
70.5		0
70.625		0
70.75		0
70.875		0
71		0
71.125		0
71.25		0
71.375		0
71.5		0
71.625		0
71.75		0
71.875		0
72		0
72.125		0
72.25		0
72.375		0
72.5		0
72.625		0
72.75		0
72.875		0
73		0
73.125		0
73.25		0
73.375		0
73.5		0
73.625		0
73.75		0
73.875		0
74		0
74.125		0
74.25		0
74.375		0
74.5		0
74.625		0
74.75		0
74.875		0
75		0
75.125		0
75.25		0
75.375		0
75.5		0
75.625		0
75.75		0
75.875		0
76		0
76.125		0
76.25		0
76.375		0
76.5		0
76.625		0
76.75		0
76.875		0
77		0
77.125		0
77.25		0
77.375		0
77.5		0
77.625		0
77.75		0
77.875		0
78		0
78.125		0
78.25		0
78.375		0
78.5		0
78.625		0
78.75		0
78.875		0
79		0
79.125		0
79.25		0
79.375		0
79.5		0
79.625		0
79.75		0
79.875		0
80		0
80.125		0.000261712
80.25		0.000261712
80.375		0.000261712
80.5		0.000261712
80.625		0.000261712
80.75		0.000261712
80.875		0.000261712
81		0.000261712
81.125		0.000261712
81.25		0.000261712
81.375		0.000261712
81.5		0.000261712
81.625		0.000261712
81.75		0.000261712
81.875		0.000261712
82		0.000261712
82.125		0.000261712
82.25		0.000261712
82.375		0.000261712
82.5		0.000261712
82.625		0.000261712
82.75		0.000261712
82.875		0.000261712
83		0.000261712
83.125		0.000261712
83.25		0.000261712
83.375		0.000261712
83.5		0.000261712
83.625		0.000261712
83.75		0.000261712
83.875		0.000261712
84		0.000261712
84.125		0.000261712
84.25		0.000261712
84.375		0.000261712
84.5		0.000261712
84.625		0.000261712
84.75		0.000261712
84.875		0.000261712
85		0.000261712
85.125		0.0357498
85.25		0.0357498
85.375		0.0357498
85.5		0.0357498
85.625		0.0357498
85.75		0.0357498
85.875		0.0357498
86		0.0357498
86.125		0.0357498
86.25		0.0357498
86.375		0.0357498
86.5		0.0357498
86.625		0.0357498
86.75		0.0357498
86.875		0.0357498
87		0.0357498
87.125		0.0357498
87.25		0.0357498
87.375		0.0357498
87.5		0.0357498
87.625		0.0357498
87.75		0.0357498
87.875		0.0357498
88		0.0357498
88.125		0.0357498
88.25		0.0357498
88.375		0.0357498
88.5		0.0357498
88.625		0.0357498
88.75		0.0357498
88.875		0.0357498
89		0.0357498
89.125		0.0357498
89.25		0.0357498
89.375		0.0357498
89.5		0.0357498
89.625		0.0357498
89.75		0.0357498
89.875		0.0357498
90		0.0357498
90.125		0.0426066
90.25		0.0426066
90.375		0.0426066
90.5		0.0426066
90.625		0.0426066
90.75		0.0426066
90.875		0.0426066
91		0.0426066
91.125		0.0426066
91.25		0.0426066
91.375		0.0426066
91.5		0.0426066
91.625		0.0426066
91.75		0.0426066
91.875		0.0426066
92		0.0426066
92.125		0.0426066
92.25		0.0426066
92.375		0.0426066
92.5		0.0426066
92.625		0.0426066
92.75		0.0426066
92.875		0.0426066
93		0.0426066
93.125		0.0426066
93.25		0.0426066
93.375		0.0426066
93.5		0.0426066
93.625		0.0426066
93.75		0.0426066
93.875		0.0426066
94		0.0426066
94.125		0.0426066
94.25		0.0426066
94.375		0.0426066
94.5		0.0426066
94.625		0.0426066
94.75		0.0426066
94.875		0.0426066
95		0.0426066
95.125		0.0568961
95.25		0.0568961
95.375		0.0568961
95.5		0.0568961
95.625		0.0568961
95.75		0.0568961
95.875		0.0568961
96		0.0568961
96.125		0.0568961
96.25		0.0568961
96.375		0.0568961
96.5		0.0568961
96.625		0.0568961
96.75		0.0568961
96.875		0.0568961
97		0.0568961
97.125		0.0568961
97.25		0.0568961
97.375		0.0568961
97.5		0.0568961
97.625		0.0568961
97.75		0.0568961
97.875		0.0568961
98		0.0568961
98.125		0.0568961
98.25		0.0568961
98.375		0.0568961
98.5		0.0568961
98.625		0.0568961
98.75		0.0568961
98.875		0.0568961
99		0.0568961
99.125		0.0568961
99.25		0.0568961
99.375		0.0568961
99.5		0.0568961
99.625		0.0568961
99.75		0.0568961
99.875		0.0568961
100		0.0568961
100.125		0.0849516
100.25		0.0849516
100.375		0.0849516
100.5		0.0849516
100.625		0.0849516
100.75		0.0849516
100.875		0.0849516
101		0.0849516
101.125		0.0849516
101.25		0.0849516
101.375		0.0849516
101.5		0.0849516
101.625		0.0849516
101.75		0.0849516
101.875		0.0849516
102		0.0849516
102.125		0.0849516
102.25		0.0849516
102.375		0.0849516
102.5		0.0849516
102.625		0.0849516
102.75		0.0849516
102.875		0.0849516
103		0.0849516
103.125		0.0849516
103.25		0.0849516
103.375		0.0849516
103.5		0.0849516
103.625		0.0849516
103.75		0.0849516
103.875		0.0849516
104		0.0849516
104.125		0.0849516
104.25		0.0849516
104.375		0.0849516
104.5		0.0849516
104.625		0.0849516
104.75		0.0849516
104.875		0.0849516
105		0.0849516
105.125		0.0887202
105.25		0.0887202
105.375		0.0887202
105.5		0.0887202
105.625		0.0887202
105.75		0.0887202
105.875		0.0887202
106		0.0887202
106.125		0.0887202
106.25		0.0887202
106.375		0.0887202
106.5		0.0887202
106.625		0.0887202
106.75		0.0887202
106.875		0.0887202
107		0.0887202
107.125		0.0887202
107.25		0.0887202
107.375		0.0887202
107.5		0.0887202
107.625		0.0887202
107.75		0.0887202
107.875		0.0887202
108		0.0887202
108.125		0.0887202
108.25		0.0887202
108.375		0.0887202
108.5		0.0887202
108.625		0.0887202
108.75		0.0887202
108.875		0.0887202
109		0.0887202
109.125		0.0887202
109.25		0.0887202
109.375		0.0887202
109.5		0.0887202
109.625		0.0887202
109.75		0.0887202
109.875		0.0887202
110		0.0887202
110.125		0.0936928
110.25		0.0936928
110.375		0.0936928
110.5		0.0936928
110.625		0.0936928
110.75		0.0936928
110.875		0.0936928
111		0.0936928
111.125		0.0936928
111.25		0.0936928
111.375		0.0936928
111.5		0.0936928
111.625		0.0936928
111.75		0.0936928
111.875		0.0936928
112		0.0936928
112.125		0.0936928
112.25		0.0936928
112.375		0.0936928
112.5		0.0936928
112.625		0.0936928
112.75		0.0936928
112.875		0.0936928
113		0.0936928
113.125		0.0936928
113.25		0.0936928
113.375		0.0936928
113.5		0.0936928
113.625		0.0936928
113.75		0.0936928
113.875		0.0936928
114		0.0936928
114.125		0.0936928
114.25		0.0936928
114.375		0.0936928
114.5		0.0936928
114.625		0.0936928
114.75		0.0936928
114.875		0.0936928
115		0.0936928
115.125		0.102486
115.25		0.102486
115.375		0.102486
115.5		0.102486
115.625		0.102486
115.75		0.102486
115.875		0.102486
116		0.102486
116.125		0.102486
116.25		0.102486
116.375		0.102486
116.5		0.102486
116.625		0.102486
116.75		0.102486
116.875		0.102486
117		0.102486
117.125		0.102486
117.25		0.102486
117.375		0.102486
117.5		0.102486
117.625		0.102486
117.75		0.102486
117.875		0.102486
118		0.102486
118.125		0.102486
118.25		0.102486
118.375		0.102486
118.5		0.102486
118.625		0.102486
118.75		0.102486
118.875		0.102486
119		0.102486
119.125		0.102486
119.25		0.102486
119.375		0.102486
119.5		0.102486
119.625		0.102486
119.75		0.102486
119.875		0.102486
120		0.102486
120.125		0.134781
120.25		0.134781
120.375		0.134781
120.5		0.134781
120.625		0.134781
120.75		0.134781
120.875		0.134781
121		0.134781
121.125		0.134781
121.25		0.134781
121.375		0.134781
121.5		0.134781
121.625		0.134781
121.75		0.134781
121.875		0.134781
122		0.134781
122.125		0.134781
122.25		0.134781
122.375		0.134781
122.5		0.134781
122.625		0.134781
122.75		0.134781
122.875		0.134781
123		0.134781
123.125		0.134781
123.25		0.134781
123.375		0.134781
123.5		0.134781
123.625		0.134781
123.75		0.134781
123.875		0.134781
124		0.134781
124.125		0.134781
124.25		0.134781
124.375		0.134781
124.5		0.134781
124.625		0.134781
124.75		0.134781
124.875		0.134781
125		0.134781
125.125		0.148966
125.25		0.148966
125.375		0.148966
125.5		0.148966
125.625		0.148966
125.75		0.148966
125.875		0.148966
126		0.148966
126.125		0.148966
126.25		0.148966
126.375		0.148966
126.5		0.148966
126.625		0.148966
126.75		0.148966
126.875		0.148966
127		0.148966
127.125		0.148966
127.25		0.148966
127.375		0.148966
127.5		0.148966
127.625		0.148966
127.75		0.148966
127.875		0.148966
128		0.148966
128.125		0.148966
128.25		0.148966
128.375		0.148966
128.5		0.148966
128.625		0.148966
128.75		0.148966
128.875		0.148966
129		0.148966
129.125		0.148966
129.25		0.148966
129.375		0.148966
129.5		0.148966
129.625		0.148966
129.75		0.148966
129.875		0.148966
130		0.148966
130.125		0.154462
130.25		0.154462
130.375		0.154462
130.5		0.154462
130.625		0.154462
130.75		0.154462
130.875		0.154462
131		0.154462
131.125		0.154462
131.25		0.154462
131.375		0.154462
131.5		0.154462
131.625		0.154462
131.75		0.154462
131.875		0.154462
132		0.154462
132.125		0.154462
132.25		0.154462
132.375		0.154462
132.5		0.154462
132.625		0.154462
132.75		0.154462
132.875		0.154462
133		0.154462
133.125		0.154462
133.25		0.154462
133.375		0.154462
133.5		0.154462
133.625		0.154462
133.75		0.154462
133.875		0.154462
134		0.154462
134.125		0.154462
134.25		0.154462
134.375		0.154462
134.5		0.154462
134.625		0.154462
134.75		0.154462
134.875		0.154462
135		0.154462
135.125		0.155823
135.25		0.155823
135.375		0.155823
135.5		0.155823
135.625		0.155823
135.75		0.155823
135.875		0.155823
136		0.155823
136.125		0.155823
136.25		0.155823
136.375		0.155823
136.5		0.155823
136.625		0.155823
136.75		0.155823
136.875		0.155823
137		0.155823
137.125		0.155823
137.25		0.155823
137.375		0.155823
137.5		0.155823
137.625		0.155823
137.75		0.155823
137.875		0.155823
138		0.155823
138.125		0.155823
138.25		0.155823
138.375		0.155823
138.5		0.155823
138.625		0.155823
138.75		0.155823
138.875		0.155823
139		0.155823
139.125		0.155823
139.25		0.155823
139.375		0.155823
139.5		0.155823
139.625		0.155823
139.75		0.155823
139.875		0.155823
140		0.155823
140.125		0.159121
140.25		0.159121
140.375		0.159121
140.5		0.159121
140.625		0.159121
140.75		0.159121
140.875		0.159121
141		0.159121
141.125		0.159121
141.25		0.159121
141.375		0.159121
141.5		0.159121
141.625		0.159121
141.75		0.159121
141.875		0.159121
142		0.159121
142.125		0.159121
142.25		0.159121
142.375		0.159121
142.5		0.159121
142.625		0.159121
142.75		0.159121
142.875		0.159121
143		0.159121
143.125		0.159121
143.25		0.159121
143.375		0.159121
143.5		0.159121
143.625		0.159121
143.75		0.159121
143.875		0.159121
144		0.159121
144.125		0.159121
144.25		0.159121
144.375		0.159121
144.5		0.159121
144.625		0.159121
144.75		0.159121
144.875		0.159121
145		0.159121
145.125		0.194661
145.25		0.194661
145.375		0.194661
145.5		0.194661
145.625		0.194661
145.75		0.194661
145.875		0.194661
146		0.194661
146.125		0.194661
146.25		0.194661
146.375		0.194661
146.5		0.194661
146.625		0.194661
146.75		0.194661
146.875		0.194661
147		0.194661
147.125		0.194661
147.25		0.194661
147.375		0.194661
147.5		0.194661
147.625		0.194661
147.75		0.194661
147.875		0.194661
148		0.194661
148.125		0.194661
148.25		0.194661
148.375		0.194661
148.5		0.194661
148.625		0.194661
148.75		0.194661
148.875		0.194661
149		0.194661
149.125		0.194661
149.25		0.194661
149.375		0.194661
149.5		0.194661
149.625		0.194661
149.75		0.194661
149.875		0.194661
150		0.194661
150.125		0.198901
150.25		0.198901
150.375		0.198901
150.5		0.198901
150.625		0.198901
150.75		0.198901
150.875		0.198901
151		0.198901
151.125		0.198901
151.25		0.198901
151.375		0.198901
151.5		0.198901
151.625		0.198901
151.75		0.198901
151.875		0.198901
152		0.198901
152.125		0.198901
152.25		0.198901
152.375		0.198901
152.5		0.198901
152.625		0.198901
152.75		0.198901
152.875		0.198901
153		0.198901
153.125		0.198901
153.25		0.198901
153.375		0.198901
153.5		0.198901
153.625		0.198901
153.75		0.198901
153.875		0.198901
154		0.198901
154.125		0.198901
154.25		0.198901
154.375		0.198901
154.5		0.198901
154.625		0.198901
154.75		0.198901
154.875		0.198901
155		0.198901
155.125		0.204083
155.25		0.204083
155.375		0.204083
155.5		0.204083
155.625		0.204083
155.75		0.204083
155.875		0.204083
156		0.204083
156.125		0.204083
156.25		0.204083
156.375		0.204083
156.5		0.204083
156.625		0.204083
156.75		0.204083
156.875		0.204083
157		0.204083
157.125		0.204083
157.25		0.204083
157.375		0.204083
157.5		0.204083
157.625		0.204083
157.75		0.204083
157.875		0.204083
158		0.204083
158.125		0.204083
158.25		0.204083
158.375		0.204083
158.5		0.204083
158.625		0.204083
158.75		0.204083
158.875		0.204083
159		0.204083
159.125		0.204083
159.25		0.204083
159.375		0.204083
159.5		0.204083
159.625		0.204083
159.75		0.204083
159.875		0.204083
160		0.204083
160.125		0.221513
160.25		0.221513
160.375		0.221513
160.5		0.221513
160.625		0.221513
160.75		0.221513
160.875		0.221513
161		0.221513
161.125		0.221513
161.25		0.221513
161.375		0.221513
161.5		0.221513
161.625		0.221513
161.75		0.221513
161.875		0.221513
162		0.221513
162.125		0.221513
162.25		0.221513
162.375		0.221513
162.5		0.221513
162.625		0.221513
162.75		0.221513
162.875		0.221513
163		0.221513
163.125		0.221513
163.25		0.221513
163.375		0.221513
163.5		0.221513
163.625		0.221513
163.75		0.221513
163.875		0.221513
164		0.221513
164.125		0.221513
164.25		0.221513
164.375		0.221513
164.5		0.221513
164.625		0.221513
164.75		0.221513
164.875		0.221513
165		0.221513
165.125		0.223397
165.25		0.223397
165.375		0.223397
165.5		0.223397
165.625		0.223397
165.75		0.223397
165.875		0.223397
166		0.223397
166.125		0.223397
166.25		0.223397
166.375		0.223397
166.5		0.223397
166.625		0.223397
166.75		0.223397
166.875		0.223397
167		0.223397
167.125		0.223397
167.25		0.223397
167.375		0.223397
167.5		0.223397
167.625		0.223397
167.75		0.223397
167.875		0.223397
168		0.223397
168.125		0.223397
168.25		0.223397
168.375		0.223397
168.5		0.223397
168.625		0.223397
168.75		0.223397
168.875		0.223397
169		0.223397
169.125		0.223397
169.25		0.223397
169.375		0.223397
169.5		0.223397
169.625		0.223397
169.75		0.223397
169.875		0.223397
170		0.223397
170.125		0.24826
170.25		0.24826
170.375		0.24826
170.5		0.24826
170.625		0.24826
170.75		0.24826
170.875		0.24826
171		0.24826
171.125		0.24826
171.25		0.24826
171.375		0.24826
171.5		0.24826
171.625		0.24826
171.75		0.24826
171.875		0.24826
172		0.24826
172.125		0.24826
172.25		0.24826
172.375		0.24826
172.5		0.24826
172.625		0.24826
172.75		0.24826
172.875		0.24826
173		0.24826
173.125		0.24826
173.25		0.24826
173.375		0.24826
173.5		0.24826
173.625		0.24826
173.75		0.24826
173.875		0.24826
174		0.24826
174.125		0.24826
174.25		0.24826
174.375		0.24826
174.5		0.24826
174.625		0.24826
174.75		0.24826
174.875		0.24826
175		0.24826
175.125		0.265951
175.25		0.265951
175.375		0.265951
175.5		0.265951
175.625		0.265951
175.75		0.265951
175.875		0.265951
176		0.265951
176.125		0.265951
176.25		0.265951
176.375		0.265951
176.5		0.265951
176.625		0.265951
176.75		0.265951
176.875		0.265951
177		0.265951
177.125		0.265951
177.25		0.265951
177.375		0.265951
177.5		0.265951
177.625		0.265951
177.75		0.265951
177.875		0.265951
178		0.265951
178.125		0.265951
178.25		0.265951
178.375		0.265951
178.5		0.265951
178.625		0.265951
178.75		0.265951
178.875		0.265951
179		0.265951
179.125		0.265951
179.25		0.265951
179.375		0.265951
179.5		0.265951
179.625		0.265951
179.75		0.265951
179.875		0.265951
180		0.265951
180.125		0.268987
180.25		0.268987
180.375		0.268987
180.5		0.268987
180.625		0.268987
180.75		0.268987
180.875		0.268987
181		0.268987
181.125		0.268987
181.25		0.268987
181.375		0.268987
181.5		0.268987
181.625		0.268987
181.75		0.268987
181.875		0.268987
182		0.268987
182.125		0.268987
182.25		0.268987
182.375		0.268987
182.5		0.268987
182.625		0.268987
182.75		0.268987
182.875		0.268987
183		0.268987
183.125		0.268987
183.25		0.268987
183.375		0.268987
183.5		0.268987
183.625		0.268987
183.75		0.268987
183.875		0.268987
184		0.268987
184.125		0.268987
184.25		0.268987
184.375		0.268987
184.5		0.268987
184.625		0.268987
184.75		0.268987
184.875		0.268987
185		0.268987
185.125		0.284847
185.25		0.284847
185.375		0.284847
185.5		0.284847
185.625		0.284847
185.75		0.284847
185.875		0.284847
186		0.284847
186.125		0.284847
186.25		0.284847
186.375		0.284847
186.5		0.284847
186.625		0.284847
186.75		0.284847
186.875		0.284847
187		0.284847
187.125		0.284847
187.25		0.284847
187.375		0.284847
187.5		0.284847
187.625		0.284847
187.75		0.284847
187.875		0.284847
188		0.284847
188.125		0.284847
188.25		0.284847
188.375		0.284847
188.5		0.284847
188.625		0.284847
188.75		0.284847
188.875		0.284847
189		0.284847
189.125		0.284847
189.25		0.284847
189.375		0.284847
189.5		0.284847
189.625		0.284847
189.75		0.284847
189.875		0.284847
190		0.284847
190.125		0.286208
190.25		0.286208
190.375		0.286208
190.5		0.286208
190.625		0.286208
190.75		0.286208
190.875		0.286208
191		0.286208
191.125		0.286208
191.25		0.286208
191.375		0.286208
191.5		0.286208
191.625		0.286208
191.75		0.286208
191.875		0.286208
192		0.286208
192.125		0.286208
192.25		0.286208
192.375		0.286208
192.5		0.286208
192.625		0.286208
192.75		0.286208
192.875		0.286208
193		0.286208
193.125		0.286208
193.25		0.286208
193.375		0.286208
193.5		0.286208
193.625		0.286208
193.75		0.286208
193.875		0.286208
194		0.286208
194.125		0.286208
194.25		0.286208
194.375		0.286208
194.5		0.286208
194.625		0.286208
194.75		0.286208
194.875		0.286208
195		0.286208
195.125		0.305522
195.25		0.305522
195.375		0.305522
195.5		0.305522
195.625		0.305522
195.75		0.305522
195.875		0.305522
196		0.305522
196.125		0.305522
196.25		0.305522
196.375		0.305522
196.5		0.305522
196.625		0.305522
196.75		0.305522
196.875		0.305522
197		0.305522
197.125		0.305522
197.25		0.305522
197.375		0.305522
197.5		0.305522
197.625		0.305522
197.75		0.305522
197.875		0.305522
198		0.305522
198.125		0.305522
198.25		0.305522
198.375		0.305522
198.5		0.305522
198.625		0.305522
198.75		0.305522
198.875		0.305522
199		0.305522
199.125		0.305522
199.25		0.305522
199.375		0.305522
199.5		0.305522
199.625		0.305522
199.75		0.305522
199.875		0.305522
200		0.305522
200.125		0.311489
200.25		0.311489
200.375		0.311489
200.5		0.311489
200.625		0.311489
200.75		0.311489
200.875		0.311489
201		0.311489
201.125		0.311489
201.25		0.311489
201.375		0.311489
201.5		0.311489
201.625		0.311489
201.75		0.311489
201.875		0.311489
202		0.311489
202.125		0.311489
202.25		0.311489
202.375		0.311489
202.5		0.311489
202.625		0.311489
202.75		0.311489
202.875		0.311489
203		0.311489
203.125		0.311489
203.25		0.311489
203.375		0.311489
203.5		0.311489
203.625		0.311489
203.75		0.311489
203.875		0.311489
204		0.311489
204.125		0.311489
204.25		0.311489
204.375		0.311489
204.5		0.311489
204.625		0.311489
204.75		0.311489
204.875		0.311489
205		0.311489
205.125		0.336928
205.25		0.336928
205.375		0.336928
205.5		0.336928
205.625		0.336928
205.75		0.336928
205.875		0.336928
206		0.336928
206.125		0.336928
206.25		0.336928
206.375		0.336928
206.5		0.336928
206.625		0.336928
206.75		0.336928
206.875		0.336928
207		0.336928
207.125		0.336928
207.25		0.336928
207.375		0.336928
207.5		0.336928
207.625		0.336928
207.75		0.336928
207.875		0.336928
208		0.336928
208.125		0.336928
208.25		0.336928
208.375		0.336928
208.5		0.336928
208.625		0.336928
208.75		0.336928
208.875		0.336928
209		0.336928
209.125		0.336928
209.25		0.336928
209.375		0.336928
209.5		0.336928
209.625		0.336928
209.75		0.336928
209.875		0.336928
210		0.336928
210.125		0.341272
210.25		0.341272
210.375		0.341272
210.5		0.341272
210.625		0.341272
210.75		0.341272
210.875		0.341272
211		0.341272
211.125		0.341272
211.25		0.341272
211.375		0.341272
211.5		0.341272
211.625		0.341272
211.75		0.341272
211.875		0.341272
212		0.341272
212.125		0.341272
212.25		0.341272
212.375		0.341272
212.5		0.341272
212.625		0.341272
212.75		0.341272
212.875		0.341272
213		0.341272
213.125		0.341272
213.25		0.341272
213.375		0.341272
213.5		0.341272
213.625		0.341272
213.75		0.341272
213.875		0.341272
214		0.341272
214.125		0.341272
214.25		0.341272
214.375		0.341272
214.5		0.341272
214.625		0.341272
214.75		0.341272
214.875		0.341272
215		0.341272
215.125		0.343366
215.25		0.343366
215.375		0.343366
215.5		0.343366
215.625		0.343366
215.75		0.343366
215.875		0.343366
216		0.343366
216.125		0.343366
216.25		0.343366
216.375		0.343366
216.5		0.343366
216.625		0.343366
216.75		0.343366
216.875		0.343366
217		0.343366
217.125		0.343366
217.25		0.343366
217.375		0.343366
217.5		0.343366
217.625		0.343366
217.75		0.343366
217.875		0.343366
218		0.343366
218.125		0.343366
218.25		0.343366
218.375		0.343366
218.5		0.343366
218.625		0.343366
218.75		0.343366
218.875		0.343366
219		0.343366
219.125		0.343366
219.25		0.343366
219.375		0.343366
219.5		0.343366
219.625		0.343366
219.75		0.343366
219.875		0.343366
220		0.343366
220.125		0.347972
220.25		0.347972
220.375		0.347972
220.5		0.347972
220.625		0.347972
220.75		0.347972
220.875		0.347972
221		0.347972
221.125		0.347972
221.25		0.347972
221.375		0.347972
221.5		0.347972
221.625		0.347972
221.75		0.347972
221.875		0.347972
222		0.347972
222.125		0.347972
222.25		0.347972
222.375		0.347972
222.5		0.347972
222.625		0.347972
222.75		0.347972
222.875		0.347972
223		0.347972
223.125		0.347972
223.25		0.347972
223.375		0.347972
223.5		0.347972
223.625		0.347972
223.75		0.347972
223.875		0.347972
224		0.347972
224.125		0.347972
224.25		0.347972
224.375		0.347972
224.5		0.347972
224.625		0.347972
224.75		0.347972
224.875		0.347972
225		0.347972
225.125		0.365559
225.25		0.365559
225.375		0.365559
225.5		0.365559
225.625		0.365559
225.75		0.365559
225.875		0.365559
226		0.365559
226.125		0.365559
226.25		0.365559
226.375		0.365559
226.5		0.365559
226.625		0.365559
226.75		0.365559
226.875		0.365559
227		0.365559
227.125		0.365559
227.25		0.365559
227.375		0.365559
227.5		0.365559
227.625		0.365559
227.75		0.365559
227.875		0.365559
228		0.365559
228.125		0.365559
228.25		0.365559
228.375		0.365559
228.5		0.365559
228.625		0.365559
228.75		0.365559
228.875		0.365559
229		0.365559
229.125		0.365559
229.25		0.365559
229.375		0.365559
229.5		0.365559
229.625		0.365559
229.75		0.365559
229.875		0.365559
230		0.365559
230.125		0.388275
230.25		0.388275
230.375		0.388275
230.5		0.388275
230.625		0.388275
230.75		0.388275
230.875		0.388275
231		0.388275
231.125		0.388275
231.25		0.388275
231.375		0.388275
231.5		0.388275
231.625		0.388275
231.75		0.388275
231.875		0.388275
232		0.388275
232.125		0.388275
232.25		0.388275
232.375		0.388275
232.5		0.388275
232.625		0.388275
232.75		0.388275
232.875		0.388275
233		0.388275
233.125		0.388275
233.25		0.388275
233.375		0.388275
233.5		0.388275
233.625		0.388275
233.75		0.388275
233.875		0.388275
234		0.388275
234.125		0.388275
234.25		0.388275
234.375		0.388275
234.5		0.388275
234.625		0.388275
234.75		0.388275
234.875		0.388275
235		0.388275
235.125		0.402931
235.25		0.402931
235.375		0.402931
235.5		0.402931
235.625		0.402931
235.75		0.402931
235.875		0.402931
236		0.402931
236.125		0.402931
236.25		0.402931
236.375		0.402931
236.5		0.402931
236.625		0.402931
236.75		0.402931
236.875		0.402931
237		0.402931
237.125		0.402931
237.25		0.402931
237.375		0.402931
237.5		0.402931
237.625		0.402931
237.75		0.402931
237.875		0.402931
238		0.402931
238.125		0.402931
238.25		0.402931
238.375		0.402931
238.5		0.402931
238.625		0.402931
238.75		0.402931
238.875		0.402931
239		0.402931
239.125		0.402931
239.25		0.402931
239.375		0.402931
239.5		0.402931
239.625		0.402931
239.75		0.402931
239.875		0.402931
240		0.402931
240.125		0.40649
240.25		0.40649
240.375		0.40649
240.5		0.40649
240.625		0.40649
240.75		0.40649
240.875		0.40649
241		0.40649
241.125		0.40649
241.25		0.40649
241.375		0.40649
241.5		0.40649
241.625		0.40649
241.75		0.40649
241.875		0.40649
242		0.40649
242.125		0.40649
242.25		0.40649
242.375		0.40649
242.5		0.40649
242.625		0.40649
242.75		0.40649
242.875		0.40649
243		0.40649
243.125		0.40649
243.25		0.40649
243.375		0.40649
243.5		0.40649
243.625		0.40649
243.75		0.40649
243.875		0.40649
244		0.40649
244.125		0.40649
244.25		0.40649
244.375		0.40649
244.5		0.40649
244.625		0.40649
244.75		0.40649
244.875		0.40649
245		0.40649
245.125		0.412772
245.25		0.412772
245.375		0.412772
245.5		0.412772
245.625		0.412772
245.75		0.412772
245.875		0.412772
246		0.412772
246.125		0.412772
246.25		0.412772
246.375		0.412772
246.5		0.412772
246.625		0.412772
246.75		0.412772
246.875		0.412772
247		0.412772
247.125		0.412772
247.25		0.412772
247.375		0.412772
247.5		0.412772
247.625		0.412772
247.75		0.412772
247.875		0.412772
248		0.412772
248.125		0.412772
248.25		0.412772
248.375		0.412772
248.5		0.412772
248.625		0.412772
248.75		0.412772
248.875		0.412772
249		0.412772
249.125		0.412772
249.25		0.412772
249.375		0.412772
249.5		0.412772
249.625		0.412772
249.75		0.412772
249.875		0.412772
250		0.412772
250.125		0.430044
250.25		0.430044
250.375		0.430044
250.5		0.430044
250.625		0.430044
250.75		0.430044
250.875		0.430044
251		0.430044
251.125		0.430044
251.25		0.430044
251.375		0.430044
251.5		0.430044
251.625		0.430044
251.75		0.430044
251.875		0.430044
252		0.430044
252.125		0.430044
252.25		0.430044
252.375		0.430044
252.5		0.430044
252.625		0.430044
252.75		0.430044
252.875		0.430044
253		0.430044
253.125		0.430044
253.25		0.430044
253.375		0.430044
253.5		0.430044
253.625		0.430044
253.75		0.430044
253.875		0.430044
254		0.430044
254.125		0.430044
254.25		0.430044
254.375		0.430044
254.5		0.430044
254.625		0.430044
254.75		0.430044
254.875		0.430044
255		0.430044
255.125		0.441298
255.25		0.441298
255.375		0.441298
255.5		0.441298
255.625		0.441298
255.75		0.441298
255.875		0.441298
256		0.441298
256.125		0.441298
256.25		0.441298
256.375		0.441298
256.5		0.441298
256.625		0.441298
256.75		0.441298
256.875		0.441298
257		0.441298
257.125		0.441298
257.25		0.441298
257.375		0.441298
257.5		0.441298
257.625		0.441298
257.75		0.441298
257.875		0.441298
258		0.441298
258.125		0.441298
258.25		0.441298
258.375		0.441298
258.5		0.441298
258.625		0.441298
258.75		0.441298
258.875		0.441298
259		0.441298
259.125		0.441298
259.25		0.441298
259.375		0.441298
259.5		0.441298
259.625		0.441298
259.75		0.441298
259.875		0.441298
260		0.441298
260.125		0.456739
260.25		0.456739
260.375		0.456739
260.5		0.456739
260.625		0.456739
260.75		0.456739
260.875		0.456739
261		0.456739
261.125		0.456739
261.25		0.456739
261.375		0.456739
261.5		0.456739
261.625		0.456739
261.75		0.456739
261.875		0.456739
262		0.456739
262.125		0.456739
262.25		0.456739
262.375		0.456739
262.5		0.456739
262.625		0.456739
262.75		0.456739
262.875		0.456739
263		0.456739
263.125		0.456739
263.25		0.456739
263.375		0.456739
263.5		0.456739
263.625		0.456739
263.75		0.456739
263.875		0.456739
264		0.456739
264.125		0.456739
264.25		0.456739
264.375		0.456739
264.5		0.456739
264.625		0.456739
264.75		0.456739
264.875		0.456739
265		0.456739
265.125		0.471395
265.25		0.471395
265.375		0.471395
265.5		0.471395
265.625		0.471395
265.75		0.471395
265.875		0.471395
266		0.471395
266.125		0.471395
266.25		0.471395
266.375		0.471395
266.5		0.471395
266.625		0.471395
266.75		0.471395
266.875		0.471395
267		0.471395
267.125		0.471395
267.25		0.471395
267.375		0.471395
267.5		0.471395
267.625		0.471395
267.75		0.471395
267.875		0.471395
268		0.471395
268.125		0.471395
268.25		0.471395
268.375		0.471395
268.5		0.471395
268.625		0.471395
268.75		0.471395
268.875		0.471395
269		0.471395
269.125		0.471395
269.25		0.471395
269.375		0.471395
269.5		0.471395
269.625		0.471395
269.75		0.471395
269.875		0.471395
270		0.471395
270.125		0.488301
270.25		0.488301
270.375		0.488301
270.5		0.488301
270.625		0.488301
270.75		0.488301
270.875		0.488301
271		0.488301
271.125		0.488301
271.25		0.488301
271.375		0.488301
271.5		0.488301
271.625		0.488301
271.75		0.488301
271.875		0.488301
272		0.488301
272.125		0.488301
272.25		0.488301
272.375		0.488301
272.5		0.488301
272.625		0.488301
272.75		0.488301
272.875		0.488301
273		0.488301
273.125		0.488301
273.25		0.488301
273.375		0.488301
273.5		0.488301
273.625		0.488301
273.75		0.488301
273.875		0.488301
274		0.488301
274.125		0.488301
274.25		0.488301
274.375		0.488301
274.5		0.488301
274.625		0.488301
274.75		0.488301
274.875		0.488301
275		0.488301
275.125		0.493536
275.25		0.493536
275.375		0.493536
275.5		0.493536
275.625		0.493536
275.75		0.493536
275.875		0.493536
276		0.493536
276.125		0.493536
276.25		0.493536
276.375		0.493536
276.5		0.493536
276.625		0.493536
276.75		0.493536
276.875		0.493536
277		0.493536
277.125		0.493536
277.25		0.493536
277.375		0.493536
277.5		0.493536
277.625		0.493536
277.75		0.493536
277.875		0.493536
278		0.493536
278.125		0.493536
278.25		0.493536
278.375		0.493536
278.5		0.493536
278.625		0.493536
278.75		0.493536
278.875		0.493536
279		0.493536
279.125		0.493536
279.25		0.493536
279.375		0.493536
279.5		0.493536
279.625		0.493536
279.75		0.493536
279.875		0.493536
280		0.493536
280.125		0.500654
280.25		0.500654
280.375		0.500654
280.5		0.500654
280.625		0.500654
280.75		0.500654
280.875		0.500654
281		0.500654
281.125		0.500654
281.25		0.500654
281.375		0.500654
281.5		0.500654
281.625		0.500654
281.75		0.500654
281.875		0.500654
282		0.500654
282.125		0.500654
282.25		0.500654
282.375		0.500654
282.5		0.500654
282.625		0.500654
282.75		0.500654
282.875		0.500654
283		0.500654
283.125		0.500654
283.25		0.500654
283.375		0.500654
283.5		0.500654
283.625		0.500654
283.75		0.500654
283.875		0.500654
284		0.500654
284.125		0.500654
284.25		0.500654
284.375		0.500654
284.5		0.500654
284.625		0.500654
284.75		0.500654
284.875		0.500654
285		0.500654
285.125		0.503585
285.25		0.503585
285.375		0.503585
285.5		0.503585
285.625		0.503585
285.75		0.503585
285.875		0.503585
286		0.503585
286.125		0.503585
286.25		0.503585
286.375		0.503585
286.5		0.503585
286.625		0.503585
286.75		0.503585
286.875		0.503585
287		0.503585
287.125		0.503585
287.25		0.503585
287.375		0.503585
287.5		0.503585
287.625		0.503585
287.75		0.503585
287.875		0.503585
288		0.503585
288.125		0.503585
288.25		0.503585
288.375		0.503585
288.5		0.503585
288.625		0.503585
288.75		0.503585
288.875		0.503585
289		0.503585
289.125		0.503585
289.25		0.503585
289.375		0.503585
289.5		0.503585
289.625		0.503585
289.75		0.503585
289.875		0.503585
290		0.503585
290.125		0.529809
290.25		0.529809
290.375		0.529809
290.5		0.529809
290.625		0.529809
290.75		0.529809
290.875		0.529809
291		0.529809
291.125		0.529809
291.25		0.529809
291.375		0.529809
291.5		0.529809
291.625		0.529809
291.75		0.529809
291.875		0.529809
292		0.529809
292.125		0.529809
292.25		0.529809
292.375		0.529809
292.5		0.529809
292.625		0.529809
292.75		0.529809
292.875		0.529809
293		0.529809
293.125		0.529809
293.25		0.529809
293.375		0.529809
293.5		0.529809
293.625		0.529809
293.75		0.529809
293.875		0.529809
294		0.529809
294.125		0.529809
294.25		0.529809
294.375		0.529809
294.5		0.529809
294.625		0.529809
294.75		0.529809
294.875		0.529809
295		0.529809
295.125		0.538759
295.25		0.538759
295.375		0.538759
295.5		0.538759
295.625		0.538759
295.75		0.538759
295.875		0.538759
296		0.538759
296.125		0.538759
296.25		0.538759
296.375		0.538759
296.5		0.538759
296.625		0.538759
296.75		0.538759
296.875		0.538759
297		0.538759
297.125		0.538759
297.25		0.538759
297.375		0.538759
297.5		0.538759
297.625		0.538759
297.75		0.538759
297.875		0.538759
298		0.538759
298.125		0.538759
298.25		0.538759
298.375		0.538759
298.5		0.538759
298.625		0.538759
298.75		0.538759
298.875		0.538759
299		0.538759
299.125		0.538759
299.25		0.538759
299.375		0.538759
299.5		0.538759
299.625		0.538759
299.75		0.538759
299.875		0.538759
300		0.538759
300.125		0.555928
300.25		0.555928
300.375		0.555928
300.5		0.555928
300.625		0.555928
300.75		0.555928
300.875		0.555928
301		0.555928
301.125		0.555928
301.25		0.555928
301.375		0.555928
301.5		0.555928
301.625		0.555928
301.75		0.555928
301.875		0.555928
302		0.555928
302.125		0.555928
302.25		0.555928
302.375		0.555928
302.5		0.555928
302.625		0.555928
302.75		0.555928
302.875		0.555928
303		0.555928
303.125		0.555928
303.25		0.555928
303.375		0.555928
303.5		0.555928
303.625		0.555928
303.75		0.555928
303.875		0.555928
304		0.555928
304.125		0.555928
304.25		0.555928
304.375		0.555928
304.5		0.555928
304.625		0.555928
304.75		0.555928
304.875		0.555928
305		0.555928
305.125		0.562575
305.25		0.562575
305.375		0.562575
305.5		0.562575
305.625		0.562575
305.75		0.562575
305.875		0.562575
306		0.562575
306.125		0.562575
306.25		0.562575
306.375		0.562575
306.5		0.562575
306.625		0.562575
306.75		0.562575
306.875		0.562575
307		0.562575
307.125		0.562575
307.25		0.562575
307.375		0.562575
307.5		0.562575
307.625		0.562575
307.75		0.562575
307.875		0.562575
308		0.562575
308.125		0.562575
308.25		0.562575
308.375		0.562575
308.5		0.562575
308.625		0.562575
308.75		0.562575
308.875		0.562575
309		0.562575
309.125		0.562575
309.25		0.562575
309.375		0.562575
309.5		0.562575
309.625		0.562575
309.75		0.562575
309.875		0.562575
310		0.562575
310.125		0.563779
310.25		0.563779
310.375		0.563779
310.5		0.563779
310.625		0.563779
310.75		0.563779
310.875		0.563779
311		0.563779
311.125		0.563779
311.25		0.563779
311.375		0.563779
311.5		0.563779
311.625		0.563779
311.75		0.563779
311.875		0.563779
312		0.563779
312.125		0.563779
312.25		0.563779
312.375		0.563779
312.5		0.563779
312.625		0.563779
312.75		0.563779
312.875		0.563779
313		0.563779
313.125		0.563779
313.25		0.563779
313.375		0.563779
313.5		0.563779
313.625		0.563779
313.75		0.563779
313.875		0.563779
314		0.563779
314.125		0.563779
314.25		0.563779
314.375		0.563779
314.5		0.563779
314.625		0.563779
314.75		0.563779
314.875		0.563779
315		0.563779
315.125		0.582622
315.25		0.582622
315.375		0.582622
315.5		0.582622
315.625		0.582622
315.75		0.582622
315.875		0.582622
316		0.582622
316.125		0.582622
316.25		0.582622
316.375		0.582622
316.5		0.582622
316.625		0.582622
316.75		0.582622
316.875		0.582622
317		0.582622
317.125		0.582622
317.25		0.582622
317.375		0.582622
317.5		0.582622
317.625		0.582622
317.75		0.582622
317.875		0.582622
318		0.582622
318.125		0.582622
318.25		0.582622
318.375		0.582622
318.5		0.582622
318.625		0.582622
318.75		0.582622
318.875		0.582622
319		0.582622
319.125		0.582622
319.25		0.582622
319.375		0.582622
319.5		0.582622
319.625		0.582622
319.75		0.582622
319.875		0.582622
320		0.582622
320.125		0.592201
320.25		0.592201
320.375		0.592201
320.5		0.592201
320.625		0.592201
320.75		0.592201
320.875		0.592201
321		0.592201
321.125		0.592201
321.25		0.592201
321.375		0.592201
321.5		0.592201
321.625		0.592201
321.75		0.592201
321.875		0.592201
322		0.592201
322.125		0.592201
322.25		0.592201
322.375		0.592201
322.5		0.592201
322.625		0.592201
322.75		0.592201
322.875		0.592201
323		0.592201
323.125		0.592201
323.25		0.592201
323.375		0.592201
323.5		0.592201
323.625		0.592201
323.75		0.592201
323.875		0.592201
324		0.592201
324.125		0.592201
324.25		0.592201
324.375		0.592201
324.5		0.592201
324.625		0.592201
324.75		0.592201
324.875		0.592201
325		0.592201
325.125		0.614918
325.25		0.614918
325.375		0.614918
325.5		0.614918
325.625		0.614918
325.75		0.614918
325.875		0.614918
326		0.614918
326.125		0.614918
326.25		0.614918
326.375		0.614918
326.5		0.614918
326.625		0.614918
326.75		0.614918
326.875		0.614918
327		0.614918
327.125		0.614918
327.25		0.614918
327.375		0.614918
327.5		0.614918
327.625		0.614918
327.75		0.614918
327.875		0.614918
328		0.614918
328.125		0.614918
328.25		0.614918
328.375		0.614918
328.5		0.614918
328.625		0.614918
328.75		0.614918
328.875		0.614918
329		0.614918
329.125		0.614918
329.25		0.614918
329.375		0.614918
329.5		0.614918
329.625		0.614918
329.75		0.614918
329.875		0.614918
330		0.614918
330.125		0.616959
330.25		0.616959
330.375		0.616959
330.5		0.616959
330.625		0.616959
330.75		0.616959
330.875		0.616959
331		0.616959
331.125		0.616959
331.25		0.616959
331.375		0.616959
331.5		0.616959
331.625		0.616959
331.75		0.616959
331.875		0.616959
332		0.616959
332.125		0.616959
332.25		0.616959
332.375		0.616959
332.5		0.616959
332.625		0.616959
332.75		0.616959
332.875		0.616959
333		0.616959
333.125		0.616959
333.25		0.616959
333.375		0.616959
333.5		0.616959
333.625		0.616959
333.75		0.616959
333.875		0.616959
334		0.616959
334.125		0.616959
334.25		0.616959
334.375		0.616959
334.5		0.616959
334.625		0.616959
334.75		0.616959
334.875		0.616959
335		0.616959
335.125		0.626538
335.25		0.626538
335.375		0.626538
335.5		0.626538
335.625		0.626538
335.75		0.626538
335.875		0.626538
336		0.626538
336.125		0.626538
336.25		0.626538
336.375		0.626538
336.5		0.626538
336.625		0.626538
336.75		0.626538
336.875		0.626538
337		0.626538
337.125		0.626538
337.25		0.626538
337.375		0.626538
337.5		0.626538
337.625		0.626538
337.75		0.626538
337.875		0.626538
338		0.626538
338.125		0.626538
338.25		0.626538
338.375		0.626538
338.5		0.626538
338.625		0.626538
338.75		0.626538
338.875		0.626538
339		0.626538
339.125		0.626538
339.25		0.626538
339.375		0.626538
339.5		0.626538
339.625		0.626538
339.75		0.626538
339.875		0.626538
340		0.626538
340.125		0.634494
340.25		0.634494
340.375		0.634494
340.5		0.634494
340.625		0.634494
340.75		0.634494
340.875		0.634494
341		0.634494
341.125		0.634494
341.25		0.634494
341.375		0.634494
341.5		0.634494
341.625		0.634494
341.75		0.634494
341.875		0.634494
342		0.634494
342.125		0.634494
342.25		0.634494
342.375		0.634494
342.5		0.634494
342.625		0.634494
342.75		0.634494
342.875		0.634494
343		0.634494
343.125		0.634494
343.25		0.634494
343.375		0.634494
343.5		0.634494
343.625		0.634494
343.75		0.634494
343.875		0.634494
344		0.634494
344.125		0.634494
344.25		0.634494
344.375		0.634494
344.5		0.634494
344.625		0.634494
344.75		0.634494
344.875		0.634494
345		0.634494
345.125		0.654593
345.25		0.654593
345.375		0.654593
345.5		0.654593
345.625		0.654593
345.75		0.654593
345.875		0.654593
346		0.654593
346.125		0.654593
346.25		0.654593
346.375		0.654593
346.5		0.654593
346.625		0.654593
346.75		0.654593
346.875		0.654593
347		0.654593
347.125		0.654593
347.25		0.654593
347.375		0.654593
347.5		0.654593
347.625		0.654593
347.75		0.654593
347.875		0.654593
348		0.654593
348.125		0.654593
348.25		0.654593
348.375		0.654593
348.5		0.654593
348.625		0.654593
348.75		0.654593
348.875		0.654593
349		0.654593
349.125		0.654593
349.25		0.654593
349.375		0.654593
349.5		0.654593
349.625		0.654593
349.75		0.654593
349.875		0.654593
350		0.654593
350.125		0.664276
350.25		0.664276
350.375		0.664276
350.5		0.664276
350.625		0.664276
350.75		0.664276
350.875		0.664276
351		0.664276
351.125		0.664276
351.25		0.664276
351.375		0.664276
351.5		0.664276
351.625		0.664276
351.75		0.664276
351.875		0.664276
352		0.664276
352.125		0.664276
352.25		0.664276
352.375		0.664276
352.5		0.664276
352.625		0.664276
352.75		0.664276
352.875		0.664276
353		0.664276
353.125		0.664276
353.25		0.664276
353.375		0.664276
353.5		0.664276
353.625		0.664276
353.75		0.664276
353.875		0.664276
354		0.664276
354.125		0.664276
354.25		0.664276
354.375		0.664276
354.5		0.664276
354.625		0.664276
354.75		0.664276
354.875		0.664276
355		0.664276
355.125		0.674745
355.25		0.674745
355.375		0.674745
355.5		0.674745
355.625		0.674745
355.75		0.674745
355.875		0.674745
356		0.674745
356.125		0.674745
356.25		0.674745
356.375		0.674745
356.5		0.674745
356.625		0.674745
356.75		0.674745
356.875		0.674745
357		0.674745
357.125		0.674745
357.25		0.674745
357.375		0.674745
357.5		0.674745
357.625		0.674745
357.75		0.674745
357.875		0.674745
358		0.674745
358.125		0.674745
358.25		0.674745
358.375		0.674745
358.5		0.674745
358.625		0.674745
358.75		0.674745
358.875		0.674745
359		0.674745
359.125		0.674745
359.25		0.674745
359.375		0.674745
359.5		0.674745
359.625		0.674745
359.75		0.674745
359.875		0.674745
360		0.674745
360.125		0.698927
360.25		0.698927
360.375		0.698927
360.5		0.698927
360.625		0.698927
360.75		0.698927
360.875		0.698927
361		0.698927
361.125		0.698927
361.25		0.698927
361.375		0.698927
361.5		0.698927
361.625		0.698927
361.75		0.698927
361.875		0.698927
362		0.698927
362.125		0.698927
362.25		0.698927
362.375		0.698927
362.5		0.698927
362.625		0.698927
362.75		0.698927
362.875		0.698927
363		0.698927
363.125		0.698927
363.25		0.698927
363.375		0.698927
363.5		0.698927
363.625		0.698927
363.75		0.698927
363.875		0.698927
364		0.698927
364.125		0.698927
364.25		0.698927
364.375		0.698927
364.5		0.698927
364.625		0.698927
364.75		0.698927
364.875		0.698927
365		0.698927
365.125		0.70212
365.25		0.70212
365.375		0.70212
365.5		0.70212
365.625		0.70212
365.75		0.70212
365.875		0.70212
366		0.70212
366.125		0.70212
366.25		0.70212
366.375		0.70212
366.5		0.70212
366.625		0.70212
366.75		0.70212
366.875		0.70212
367		0.70212
367.125		0.70212
367.25		0.70212
367.375		0.70212
367.5		0.70212
367.625		0.70212
367.75		0.70212
367.875		0.70212
368		0.70212
368.125		0.70212
368.25		0.70212
368.375		0.70212
368.5		0.70212
368.625		0.70212
368.75		0.70212
368.875		0.70212
369		0.70212
369.125		0.70212
369.25		0.70212
369.375		0.70212
369.5		0.70212
369.625		0.70212
369.75		0.70212
369.875		0.70212
370		0.70212
370.125		0.705836
370.25		0.705836
370.375		0.705836
370.5		0.705836
370.625		0.705836
370.75		0.705836
370.875		0.705836
371		0.705836
371.125		0.705836
371.25		0.705836
371.375		0.705836
371.5		0.705836
371.625		0.705836
371.75		0.705836
371.875		0.705836
372		0.705836
372.125		0.705836
372.25		0.705836
372.375		0.705836
372.5		0.705836
372.625		0.705836
372.75		0.705836
372.875		0.705836
373		0.705836
373.125		0.705836
373.25		0.705836
373.375		0.705836
373.5		0.705836
373.625		0.705836
373.75		0.705836
373.875		0.705836
374		0.705836
374.125		0.705836
374.25		0.705836
374.375		0.705836
374.5		0.705836
374.625		0.705836
374.75		0.705836
374.875		0.705836
375		0.705836
375.125		0.721225
375.25		0.721225
375.375		0.721225
375.5		0.721225
375.625		0.721225
375.75		0.721225
375.875		0.721225
376		0.721225
376.125		0.721225
376.25		0.721225
376.375		0.721225
376.5		0.721225
376.625		0.721225
376.75		0.721225
376.875		0.721225
377		0.721225
377.125		0.721225
377.25		0.721225
377.375		0.721225
377.5		0.721225
377.625		0.721225
377.75		0.721225
377.875		0.721225
378		0.721225
378.125		0.721225
378.25		0.721225
378.375		0.721225
378.5		0.721225
378.625		0.721225
378.75		0.721225
378.875		0.721225
379		0.721225
379.125		0.721225
379.25		0.721225
379.375		0.721225
379.5		0.721225
379.625		0.721225
379.75		0.721225
379.875		0.721225
380		0.721225
380.125		0.744622
380.25		0.744622
380.375		0.744622
380.5		0.744622
380.625		0.744622
380.75		0.744622
380.875		0.744622
381		0.744622
381.125		0.744622
381.25		0.744622
381.375		0.744622
381.5		0.744622
381.625		0.744622
381.75		0.744622
381.875		0.744622
382		0.744622
382.125		0.744622
382.25		0.744622
382.375		0.744622
382.5		0.744622
382.625		0.744622
382.75		0.744622
382.875		0.744622
383		0.744622
383.125		0.744622
383.25		0.744622
383.375		0.744622
383.5		0.744622
383.625		0.744622
383.75		0.744622
383.875		0.744622
384		0.744622
384.125		0.744622
384.25		0.744622
384.375		0.744622
384.5		0.744622
384.625		0.744622
384.75		0.744622
384.875		0.744622
385		0.744622
385.125		0.74593
385.25		0.74593
385.375		0.74593
385.5		0.74593
385.625		0.74593
385.75		0.74593
385.875		0.74593
386		0.74593
386.125		0.74593
386.25		0.74593
386.375		0.74593
386.5		0.74593
386.625		0.74593
386.75		0.74593
386.875		0.74593
387		0.74593
387.125		0.74593
387.25		0.74593
387.375		0.74593
387.5		0.74593
387.625		0.74593
387.75		0.74593
387.875		0.74593
388		0.74593
388.125		0.74593
388.25		0.74593
388.375		0.74593
388.5		0.74593
388.625		0.74593
388.75		0.74593
388.875		0.74593
389		0.74593
389.125		0.74593
389.25		0.74593
389.375		0.74593
389.5		0.74593
389.625		0.74593
389.75		0.74593
389.875		0.74593
390		0.74593
390.125		0.76111
390.25		0.76111
390.375		0.76111
390.5		0.76111
390.625		0.76111
390.75		0.76111
390.875		0.76111
391		0.76111
391.125		0.76111
391.25		0.76111
391.375		0.76111
391.5		0.76111
391.625		0.76111
391.75		0.76111
391.875		0.76111
392		0.76111
392.125		0.76111
392.25		0.76111
392.375		0.76111
392.5		0.76111
392.625		0.76111
392.75		0.76111
392.875		0.76111
393		0.76111
393.125		0.76111
393.25		0.76111
393.375		0.76111
393.5		0.76111
393.625		0.76111
393.75		0.76111
393.875		0.76111
394		0.76111
394.125		0.76111
394.25		0.76111
394.375		0.76111
394.5		0.76111
394.625		0.76111
394.75		0.76111
394.875		0.76111
395		0.76111
395.125		0.766867
395.25		0.766867
395.375		0.766867
395.5		0.766867
395.625		0.766867
395.75		0.766867
395.875		0.766867
396		0.766867
396.125		0.766867
396.25		0.766867
396.375		0.766867
396.5		0.766867
396.625		0.766867
396.75		0.766867
396.875		0.766867
397		0.766867
397.125		0.766867
397.25		0.766867
397.375		0.766867
397.5		0.766867
397.625		0.766867
397.75		0.766867
397.875		0.766867
398		0.766867
398.125		0.766867
398.25		0.766867
398.375		0.766867
398.5		0.766867
398.625		0.766867
398.75		0.766867
398.875		0.766867
399		0.766867
399.125		0.766867
399.25		0.766867
399.375		0.766867
399.5		0.766867
399.625		0.766867
399.75		0.766867
399.875		0.766867
400		0.766867
400.125		0.768856
400.25		0.768856
400.375		0.768856
400.5		0.768856
400.625		0.768856
400.75		0.768856
400.875		0.768856
401		0.768856
401.125		0.768856
401.25		0.768856
401.375		0.768856
401.5		0.768856
401.625		0.768856
401.75		0.768856
401.875		0.768856
402		0.768856
402.125		0.768856
402.25		0.768856
402.375		0.768856
402.5		0.768856
402.625		0.768856
402.75		0.768856
402.875		0.768856
403		0.768856
403.125		0.768856
403.25		0.768856
403.375		0.768856
403.5		0.768856
403.625		0.768856
403.75		0.768856
403.875		0.768856
404		0.768856
404.125		0.768856
404.25		0.768856
404.375		0.768856
404.5		0.768856
404.625		0.768856
404.75		0.768856
404.875		0.768856
405		0.768856
405.125		0.797331
405.25		0.797331
405.375		0.797331
405.5		0.797331
405.625		0.797331
405.75		0.797331
405.875		0.797331
406		0.797331
406.125		0.797331
406.25		0.797331
406.375		0.797331
406.5		0.797331
406.625		0.797331
406.75		0.797331
406.875		0.797331
407		0.797331
407.125		0.797331
407.25		0.797331
407.375		0.797331
407.5		0.797331
407.625		0.797331
407.75		0.797331
407.875		0.797331
408		0.797331
408.125		0.797331
408.25		0.797331
408.375		0.797331
408.5		0.797331
408.625		0.797331
408.75		0.797331
408.875		0.797331
409		0.797331
409.125		0.797331
409.25		0.797331
409.375		0.797331
409.5		0.797331
409.625		0.797331
409.75		0.797331
409.875		0.797331
410		0.797331
410.125		0.801047
410.25		0.801047
410.375		0.801047
410.5		0.801047
410.625		0.801047
410.75		0.801047
410.875		0.801047
411		0.801047
411.125		0.801047
411.25		0.801047
411.375		0.801047
411.5		0.801047
411.625		0.801047
411.75		0.801047
411.875		0.801047
412		0.801047
412.125		0.801047
412.25		0.801047
412.375		0.801047
412.5		0.801047
412.625		0.801047
412.75		0.801047
412.875		0.801047
413		0.801047
413.125		0.801047
413.25		0.801047
413.375		0.801047
413.5		0.801047
413.625		0.801047
413.75		0.801047
413.875		0.801047
414		0.801047
414.125		0.801047
414.25		0.801047
414.375		0.801047
414.5		0.801047
414.625		0.801047
414.75		0.801047
414.875		0.801047
415		0.801047
415.125		0.80649
415.25		0.80649
415.375		0.80649
415.5		0.80649
415.625		0.80649
415.75		0.80649
415.875		0.80649
416		0.80649
416.125		0.80649
416.25		0.80649
416.375		0.80649
416.5		0.80649
416.625		0.80649
416.75		0.80649
416.875		0.80649
417		0.80649
417.125		0.80649
417.25		0.80649
417.375		0.80649
417.5		0.80649
417.625		0.80649
417.75		0.80649
417.875		0.80649
418		0.80649
418.125		0.80649
418.25		0.80649
418.375		0.80649
418.5		0.80649
418.625		0.80649
418.75		0.80649
418.875		0.80649
419		0.80649
419.125		0.80649
419.25		0.80649
419.375		0.80649
419.5		0.80649
419.625		0.80649
419.75		0.80649
419.875		0.80649
420		0.80649
420.125		0.819995
420.25		0.819995
420.375		0.819995
420.5		0.819995
420.625		0.819995
420.75		0.819995
420.875		0.819995
421		0.819995
421.125		0.819995
421.25		0.819995
421.375		0.819995
421.5		0.819995
421.625		0.819995
421.75		0.819995
421.875		0.819995
422		0.819995
422.125		0.819995
422.25		0.819995
422.375		0.819995
422.5		0.819995
422.625		0.819995
422.75		0.819995
422.875		0.819995
423		0.819995
423.125		0.819995
423.25		0.819995
423.375		0.819995
423.5		0.819995
423.625		0.819995
423.75		0.819995
423.875		0.819995
424		0.819995
424.125		0.819995
424.25		0.819995
424.375		0.819995
424.5		0.819995
424.625		0.819995
424.75		0.819995
424.875		0.819995
425		0.819995
425.125		0.83397
425.25		0.83397
425.375		0.83397
425.5		0.83397
425.625		0.83397
425.75		0.83397
425.875		0.83397
426		0.83397
426.125		0.83397
426.25		0.83397
426.375		0.83397
426.5		0.83397
426.625		0.83397
426.75		0.83397
426.875		0.83397
427		0.83397
427.125		0.83397
427.25		0.83397
427.375		0.83397
427.5		0.83397
427.625		0.83397
427.75		0.83397
427.875		0.83397
428		0.83397
428.125		0.83397
428.25		0.83397
428.375		0.83397
428.5		0.83397
428.625		0.83397
428.75		0.83397
428.875		0.83397
429		0.83397
429.125		0.83397
429.25		0.83397
429.375		0.83397
429.5		0.83397
429.625		0.83397
429.75		0.83397
429.875		0.83397
430		0.83397
430.125		0.848521
430.25		0.848521
430.375		0.848521
430.5		0.848521
430.625		0.848521
430.75		0.848521
430.875		0.848521
431		0.848521
431.125		0.848521
431.25		0.848521
431.375		0.848521
431.5		0.848521
431.625		0.848521
431.75		0.848521
431.875		0.848521
432		0.848521
432.125		0.848521
432.25		0.848521
432.375		0.848521
432.5		0.848521
432.625		0.848521
432.75		0.848521
432.875		0.848521
433		0.848521
433.125		0.848521
433.25		0.848521
433.375		0.848521
433.5		0.848521
433.625		0.848521
433.75		0.848521
433.875		0.848521
434		0.848521
434.125		0.848521
434.25		0.848521
434.375		0.848521
434.5		0.848521
434.625		0.848521
434.75		0.848521
434.875		0.848521
435		0.848521
435.125		0.860717
435.25		0.860717
435.375		0.860717
435.5		0.860717
435.625		0.860717
435.75		0.860717
435.875		0.860717
436		0.860717
436.125		0.860717
436.25		0.860717
436.375		0.860717
436.5		0.860717
436.625		0.860717
436.75		0.860717
436.875		0.860717
437		0.860717
437.125		0.860717
437.25		0.860717
437.375		0.860717
437.5		0.860717
437.625		0.860717
437.75		0.860717
437.875		0.860717
438		0.860717
438.125		0.860717
438.25		0.860717
438.375		0.860717
438.5		0.860717
438.625		0.860717
438.75		0.860717
438.875		0.860717
439		0.860717
439.125		0.860717
439.25		0.860717
439.375		0.860717
439.5		0.860717
439.625		0.860717
439.75		0.860717
439.875		0.860717
440		0.860717
440.125		0.862706
440.25		0.862706
440.375		0.862706
440.5		0.862706
440.625		0.862706
440.75		0.862706
440.875		0.862706
441		0.862706
441.125		0.862706
441.25		0.862706
441.375		0.862706
441.5		0.862706
441.625		0.862706
441.75		0.862706
441.875		0.862706
442		0.862706
442.125		0.862706
442.25		0.862706
442.375		0.862706
442.5		0.862706
442.625		0.862706
442.75		0.862706
442.875		0.862706
443		0.862706
443.125		0.862706
443.25		0.862706
443.375		0.862706
443.5		0.862706
443.625		0.862706
443.75		0.862706
443.875		0.862706
444		0.862706
444.125		0.862706
444.25		0.862706
444.375		0.862706
444.5		0.862706
444.625		0.862706
444.75		0.862706
444.875		0.862706
445		0.862706
445.125		0.875321
445.25		0.875321
445.375		0.875321
445.5		0.875321
445.625		0.875321
445.75		0.875321
445.875		0.875321
446		0.875321
446.125		0.875321
446.25		0.875321
446.375		0.875321
446.5		0.875321
446.625		0.875321
446.75		0.875321
446.875		0.875321
447		0.875321
447.125		0.875321
447.25		0.875321
447.375		0.875321
447.5		0.875321
447.625		0.875321
447.75		0.875321
447.875		0.875321
448		0.875321
448.125		0.875321
448.25		0.875321
448.375		0.875321
448.5		0.875321
448.625		0.875321
448.75		0.875321
448.875		0.875321
449		0.875321
449.125		0.875321
449.25		0.875321
449.375		0.875321
449.5		0.875321
449.625		0.875321
449.75		0.875321
449.875		0.875321
450		0.875321
450.125		0.88045
450.25		0.88045
450.375		0.88045
450.5		0.88045
450.625		0.88045
450.75		0.88045
450.875		0.88045
451		0.88045
451.125		0.88045
451.25		0.88045
451.375		0.88045
451.5		0.88045
451.625		0.88045
451.75		0.88045
451.875		0.88045
452		0.88045
452.125		0.88045
452.25		0.88045
452.375		0.88045
452.5		0.88045
452.625		0.88045
452.75		0.88045
452.875		0.88045
453		0.88045
453.125		0.88045
453.25		0.88045
453.375		0.88045
453.5		0.88045
453.625		0.88045
453.75		0.88045
453.875		0.88045
454		0.88045
454.125		0.88045
454.25		0.88045
454.375		0.88045
454.5		0.88045
454.625		0.88045
454.75		0.88045
454.875		0.88045
455		0.88045
455.125		0.897095
455.25		0.897095
455.375		0.897095
455.5		0.897095
455.625		0.897095
455.75		0.897095
455.875		0.897095
456		0.897095
456.125		0.897095
456.25		0.897095
456.375		0.897095
456.5		0.897095
456.625		0.897095
456.75		0.897095
456.875		0.897095
457		0.897095
457.125		0.897095
457.25		0.897095
457.375		0.897095
457.5		0.897095
457.625		0.897095
457.75		0.897095
457.875		0.897095
458		0.897095
458.125		0.897095
458.25		0.897095
458.375		0.897095
458.5		0.897095
458.625		0.897095
458.75		0.897095
458.875		0.897095
459		0.897095
459.125		0.897095
459.25		0.897095
459.375		0.897095
459.5		0.897095
459.625		0.897095
459.75		0.897095
459.875		0.897095
460		0.897095
460.125		0.91039
460.25		0.91039
460.375		0.91039
460.5		0.91039
460.625		0.91039
460.75		0.91039
460.875		0.91039
461		0.91039
461.125		0.91039
461.25		0.91039
461.375		0.91039
461.5		0.91039
461.625		0.91039
461.75		0.91039
461.875		0.91039
462		0.91039
462.125		0.91039
462.25		0.91039
462.375		0.91039
462.5		0.91039
462.625		0.91039
462.75		0.91039
462.875		0.91039
463		0.91039
463.125		0.91039
463.25		0.91039
463.375		0.91039
463.5		0.91039
463.625		0.91039
463.75		0.91039
463.875		0.91039
464		0.91039
464.125		0.91039
464.25		0.91039
464.375		0.91039
464.5		0.91039
464.625		0.91039
464.75		0.91039
464.875		0.91039
465		0.91039
465.125		0.917718
465.25		0.917718
465.375		0.917718
465.5		0.917718
465.625		0.917718
465.75		0.917718
465.875		0.917718
466		0.917718
466.125		0.917718
466.25		0.917718
466.375		0.917718
466.5		0.917718
466.625		0.917718
466.75		0.917718
466.875		0.917718
467		0.917718
467.125		0.917718
467.25		0.917718
467.375		0.917718
467.5		0.917718
467.625		0.917718
467.75		0.917718
467.875		0.917718
468		0.917718
468.125		0.917718
468.25		0.917718
468.375		0.917718
468.5		0.917718
468.625		0.917718
468.75		0.917718
468.875		0.917718
469		0.917718
469.125		0.917718
469.25		0.917718
469.375		0.917718
469.5		0.917718
469.625		0.917718
469.75		0.917718
469.875		0.917718
470		0.917718
470.125		0.937608
470.25		0.937608
470.375		0.937608
470.5		0.937608
470.625		0.937608
470.75		0.937608
470.875		0.937608
471		0.937608
471.125		0.937608
471.25		0.937608
471.375		0.937608
471.5		0.937608
471.625		0.937608
471.75		0.937608
471.875		0.937608
472		0.937608
472.125		0.937608
472.25		0.937608
472.375		0.937608
472.5		0.937608
472.625		0.937608
472.75		0.937608
472.875		0.937608
473		0.937608
473.125		0.937608
473.25		0.937608
473.375		0.937608
473.5		0.937608
473.625		0.937608
473.75		0.937608
473.875		0.937608
474		0.937608
474.125		0.937608
474.25		0.937608
474.375		0.937608
474.5		0.937608
474.625		0.937608
474.75		0.937608
474.875		0.937608
475		0.937608
475.125		0.952264
475.25		0.952264
475.375		0.952264
475.5		0.952264
475.625		0.952264
475.75		0.952264
475.875		0.952264
476		0.952264
476.125		0.952264
476.25		0.952264
476.375		0.952264
476.5		0.952264
476.625		0.952264
476.75		0.952264
476.875		0.952264
477		0.952264
477.125		0.952264
477.25		0.952264
477.375		0.952264
477.5		0.952264
477.625		0.952264
477.75		0.952264
477.875		0.952264
478		0.952264
478.125		0.952264
478.25		0.952264
478.375		0.952264
478.5		0.952264
478.625		0.952264
478.75		0.952264
478.875		0.952264
479		0.952264
479.125		0.952264
479.25		0.952264
479.375		0.952264
479.5		0.952264
479.625		0.952264
479.75		0.952264
479.875		0.952264
480		0.952264
480.125		0.953729
480.25		0.953729
480.375		0.953729
480.5		0.953729
480.625		0.953729
480.75		0.953729
480.875		0.953729
481		0.953729
481.125		0.953729
481.25		0.953729
481.375		0.953729
481.5		0.953729
481.625		0.953729
481.75		0.953729
481.875		0.953729
482		0.953729
482.125		0.953729
482.25		0.953729
482.375		0.953729
482.5		0.953729
482.625		0.953729
482.75		0.953729
482.875		0.953729
483		0.953729
483.125		0.953729
483.25		0.953729
483.375		0.953729
483.5		0.953729
483.625		0.953729
483.75		0.953729
483.875		0.953729
484		0.953729
484.125		0.953729
484.25		0.953729
484.375		0.953729
484.5		0.953729
484.625		0.953729
484.75		0.953729
484.875		0.953729
485		0.953729
485.125		0.960482
485.25		0.960482
485.375		0.960482
485.5		0.960482
485.625		0.960482
485.75		0.960482
485.875		0.960482
486		0.960482
486.125		0.960482
486.25		0.960482
486.375		0.960482
486.5		0.960482
486.625		0.960482
486.75		0.960482
486.875		0.960482
487		0.960482
487.125		0.960482
487.25		0.960482
487.375		0.960482
487.5		0.960482
487.625		0.960482
487.75		0.960482
487.875		0.960482
488		0.960482
488.125		0.960482
488.25		0.960482
488.375		0.960482
488.5		0.960482
488.625		0.960482
488.75		0.960482
488.875		0.960482
489		0.960482
489.125		0.960482
489.25		0.960482
489.375		0.960482
489.5		0.960482
489.625		0.960482
489.75		0.960482
489.875		0.960482
490		0.960482
490.125		0.987176
490.25		0.987176
490.375		0.987176
490.5		0.987176
490.625		0.987176
490.75		0.987176
490.875		0.987176
491		0.987176
491.125		0.987176
491.25		0.987176
491.375		0.987176
491.5		0.987176
491.625		0.987176
491.75		0.987176
491.875		0.987176
492		0.987176
492.125		0.987176
492.25		0.987176
492.375		0.987176
492.5		0.987176
492.625		0.987176
492.75		0.987176
492.875		0.987176
493		0.987176
493.125		0.987176
493.25		0.987176
493.375		0.987176
493.5		0.987176
493.625		0.987176
493.75		0.987176
493.875		0.987176
494		0.987176
494.125		0.987176
494.25		0.987176
494.375		0.987176
494.5		0.987176
494.625		0.987176
494.75		0.987176
494.875		0.987176
495		0.987176
495.125		1
495.25		1
495.375		1
495.5		1
495.625		1
495.75		1
495.875		1
496		1
496.125		1
496.25		1
496.375		1
496.5		1
496.625		1
496.75		1
496.875		1
497		1
497.125		1
497.25		1
497.375		1
497.5		1
497.625		1
497.75		1
497.875		1
498		1
498.125		1
498.25		1
498.375		1
498.5		1
498.625		1
498.75		1
498.875		1
499		1
499.125		1
499.25		1
499.375		1
499.5		1
499.625		1
499.75		1
499.875		1
500		1
