# Calibration file of tamex_id 0 @ channel 25
# fine_T bin		 Calibration value
0.125		0
0.25		0
0.375		0
0.5		0
0.625		0
0.75		0
0.875		0
1		0
1.125		0
1.25		0
1.375		0
1.5		0
1.625		0
1.75		0
1.875		0
2		0
2.125		0
2.25		0
2.375		0
2.5		0
2.625		0
2.75		0
2.875		0
3		0
3.125		0
3.25		0
3.375		0
3.5		0
3.625		0
3.75		0
3.875		0
4		0
4.125		0
4.25		0
4.375		0
4.5		0
4.625		0
4.75		0
4.875		0
5		0
5.125		0
5.25		0
5.375		0
5.5		0
5.625		0
5.75		0
5.875		0
6		0
6.125		0
6.25		0
6.375		0
6.5		0
6.625		0
6.75		0
6.875		0
7		0
7.125		0
7.25		0
7.375		0
7.5		0
7.625		0
7.75		0
7.875		0
8		0
8.125		0
8.25		0
8.375		0
8.5		0
8.625		0
8.75		0
8.875		0
9		0
9.125		0
9.25		0
9.375		0
9.5		0
9.625		0
9.75		0
9.875		0
10		0
10.125		0
10.25		0
10.375		0
10.5		0
10.625		0
10.75		0
10.875		0
11		0
11.125		0
11.25		0
11.375		0
11.5		0
11.625		0
11.75		0
11.875		0
12		0
12.125		0
12.25		0
12.375		0
12.5		0
12.625		0
12.75		0
12.875		0
13		0
13.125		0
13.25		0
13.375		0
13.5		0
13.625		0
13.75		0
13.875		0
14		0
14.125		0
14.25		0
14.375		0
14.5		0
14.625		0
14.75		0
14.875		0
15		0
15.125		0
15.25		0
15.375		0
15.5		0
15.625		0
15.75		0
15.875		0
16		0
16.125		0
16.25		0
16.375		0
16.5		0
16.625		0
16.75		0
16.875		0
17		0
17.125		0
17.25		0
17.375		0
17.5		0
17.625		0
17.75		0
17.875		0
18		0
18.125		0
18.25		0
18.375		0
18.5		0
18.625		0
18.75		0
18.875		0
19		0
19.125		0
19.25		0
19.375		0
19.5		0
19.625		0
19.75		0
19.875		0
20		0
20.125		0
20.25		0
20.375		0
20.5		0
20.625		0
20.75		0
20.875		0
21		0
21.125		0
21.25		0
21.375		0
21.5		0
21.625		0
21.75		0
21.875		0
22		0
22.125		0
22.25		0
22.375		0
22.5		0
22.625		0
22.75		0
22.875		0
23		0
23.125		0
23.25		0
23.375		0
23.5		0
23.625		0
23.75		0
23.875		0
24		0
24.125		0
24.25		0
24.375		0
24.5		0
24.625		0
24.75		0
24.875		0
25		0
25.125		0
25.25		0
25.375		0
25.5		0
25.625		0
25.75		0
25.875		0
26		0
26.125		0
26.25		0
26.375		0
26.5		0
26.625		0
26.75		0
26.875		0
27		0
27.125		0
27.25		0
27.375		0
27.5		0
27.625		0
27.75		0
27.875		0
28		0
28.125		0
28.25		0
28.375		0
28.5		0
28.625		0
28.75		0
28.875		0
29		0
29.125		0
29.25		0
29.375		0
29.5		0
29.625		0
29.75		0
29.875		0
30		0
30.125		0
30.25		0
30.375		0
30.5		0
30.625		0
30.75		0
30.875		0
31		0
31.125		0
31.25		0
31.375		0
31.5		0
31.625		0
31.75		0
31.875		0
32		0
32.125		0
32.25		0
32.375		0
32.5		0
32.625		0
32.75		0
32.875		0
33		0
33.125		0
33.25		0
33.375		0
33.5		0
33.625		0
33.75		0
33.875		0
34		0
34.125		0
34.25		0
34.375		0
34.5		0
34.625		0
34.75		0
34.875		0
35		0
35.125		0
35.25		0
35.375		0
35.5		0
35.625		0
35.75		0
35.875		0
36		0
36.125		0
36.25		0
36.375		0
36.5		0
36.625		0
36.75		0
36.875		0
37		0
37.125		0
37.25		0
37.375		0
37.5		0
37.625		0
37.75		0
37.875		0
38		0
38.125		0
38.25		0
38.375		0
38.5		0
38.625		0
38.75		0
38.875		0
39		0
39.125		0
39.25		0
39.375		0
39.5		0
39.625		0
39.75		0
39.875		0
40		0
40.125		0
40.25		0
40.375		0
40.5		0
40.625		0
40.75		0
40.875		0
41		0
41.125		0
41.25		0
41.375		0
41.5		0
41.625		0
41.75		0
41.875		0
42		0
42.125		0
42.25		0
42.375		0
42.5		0
42.625		0
42.75		0
42.875		0
43		0
43.125		0
43.25		0
43.375		0
43.5		0
43.625		0
43.75		0
43.875		0
44		0
44.125		0
44.25		0
44.375		0
44.5		0
44.625		0
44.75		0
44.875		0
45		0
45.125		0
45.25		0
45.375		0
45.5		0
45.625		0
45.75		0
45.875		0
46		0
46.125		0
46.25		0
46.375		0
46.5		0
46.625		0
46.75		0
46.875		0
47		0
47.125		0
47.25		0
47.375		0
47.5		0
47.625		0
47.75		0
47.875		0
48		0
48.125		0
48.25		0
48.375		0
48.5		0
48.625		0
48.75		0
48.875		0
49		0
49.125		0
49.25		0
49.375		0
49.5		0
49.625		0
49.75		0
49.875		0
50		0
50.125		0
50.25		0
50.375		0
50.5		0
50.625		0
50.75		0
50.875		0
51		0
51.125		0
51.25		0
51.375		0
51.5		0
51.625		0
51.75		0
51.875		0
52		0
52.125		0
52.25		0
52.375		0
52.5		0
52.625		0
52.75		0
52.875		0
53		0
53.125		0
53.25		0
53.375		0
53.5		0
53.625		0
53.75		0
53.875		0
54		0
54.125		0
54.25		0
54.375		0
54.5		0
54.625		0
54.75		0
54.875		0
55		0
55.125		0
55.25		0
55.375		0
55.5		0
55.625		0
55.75		0
55.875		0
56		0
56.125		0
56.25		0
56.375		0
56.5		0
56.625		0
56.75		0
56.875		0
57		0
57.125		0
57.25		0
57.375		0
57.5		0
57.625		0
57.75		0
57.875		0
58		0
58.125		0
58.25		0
58.375		0
58.5		0
58.625		0
58.75		0
58.875		0
59		0
59.125		0
59.25		0
59.375		0
59.5		0
59.625		0
59.75		0
59.875		0
60		0
60.125		0
60.25		0
60.375		0
60.5		0
60.625		0
60.75		0
60.875		0
61		0
61.125		0
61.25		0
61.375		0
61.5		0
61.625		0
61.75		0
61.875		0
62		0
62.125		0
62.25		0
62.375		0
62.5		0
62.625		0
62.75		0
62.875		0
63		0
63.125		0
63.25		0
63.375		0
63.5		0
63.625		0
63.75		0
63.875		0
64		0
64.125		0
64.25		0
64.375		0
64.5		0
64.625		0
64.75		0
64.875		0
65		0
65.125		0
65.25		0
65.375		0
65.5		0
65.625		0
65.75		0
65.875		0
66		0
66.125		0
66.25		0
66.375		0
66.5		0
66.625		0
66.75		0
66.875		0
67		0
67.125		0
67.25		0
67.375		0
67.5		0
67.625		0
67.75		0
67.875		0
68		0
68.125		0
68.25		0
68.375		0
68.5		0
68.625		0
68.75		0
68.875		0
69		0
69.125		0
69.25		0
69.375		0
69.5		0
69.625		0
69.75		0
69.875		0
70		0
70.125		0
70.25		0
70.375		0
70.5		0
70.625		0
70.75		0
70.875		0
71		0
71.125		0
71.25		0
71.375		0
71.5		0
71.625		0
71.75		0
71.875		0
72		0
72.125		0
72.25		0
72.375		0
72.5		0
72.625		0
72.75		0
72.875		0
73		0
73.125		0
73.25		0
73.375		0
73.5		0
73.625		0
73.75		0
73.875		0
74		0
74.125		0
74.25		0
74.375		0
74.5		0
74.625		0
74.75		0
74.875		0
75		0
75.125		0
75.25		0
75.375		0
75.5		0
75.625		0
75.75		0
75.875		0
76		0
76.125		0
76.25		0
76.375		0
76.5		0
76.625		0
76.75		0
76.875		0
77		0
77.125		0
77.25		0
77.375		0
77.5		0
77.625		0
77.75		0
77.875		0
78		0
78.125		0
78.25		0
78.375		0
78.5		0
78.625		0
78.75		0
78.875		0
79		0
79.125		0
79.25		0
79.375		0
79.5		0
79.625		0
79.75		0
79.875		0
80		0
80.125		0
80.25		0
80.375		0
80.5		0
80.625		0
80.75		0
80.875		0
81		0
81.125		0
81.25		0
81.375		0
81.5		0
81.625		0
81.75		0
81.875		0
82		0
82.125		0
82.25		0
82.375		0
82.5		0
82.625		0
82.75		0
82.875		0
83		0
83.125		0
83.25		0
83.375		0
83.5		0
83.625		0
83.75		0
83.875		0
84		0
84.125		0
84.25		0
84.375		0
84.5		0
84.625		0
84.75		0
84.875		0
85		0
85.125		0
85.25		0
85.375		0
85.5		0
85.625		0
85.75		0
85.875		0
86		0
86.125		0
86.25		0
86.375		0
86.5		0
86.625		0
86.75		0
86.875		0
87		0
87.125		0
87.25		0
87.375		0
87.5		0
87.625		0
87.75		0
87.875		0
88		0
88.125		0
88.25		0
88.375		0
88.5		0
88.625		0
88.75		0
88.875		0
89		0
89.125		0
89.25		0
89.375		0
89.5		0
89.625		0
89.75		0
89.875		0
90		0
90.125		0
90.25		0
90.375		0
90.5		0
90.625		0
90.75		0
90.875		0
91		0
91.125		0
91.25		0
91.375		0
91.5		0
91.625		0
91.75		0
91.875		0
92		0
92.125		0
92.25		0
92.375		0
92.5		0
92.625		0
92.75		0
92.875		0
93		0
93.125		0
93.25		0
93.375		0
93.5		0
93.625		0
93.75		0
93.875		0
94		0
94.125		0
94.25		0
94.375		0
94.5		0
94.625		0
94.75		0
94.875		0
95		0
95.125		0.0323582
95.25		0.0323582
95.375		0.0323582
95.5		0.0323582
95.625		0.0323582
95.75		0.0323582
95.875		0.0323582
96		0.0323582
96.125		0.0323582
96.25		0.0323582
96.375		0.0323582
96.5		0.0323582
96.625		0.0323582
96.75		0.0323582
96.875		0.0323582
97		0.0323582
97.125		0.0323582
97.25		0.0323582
97.375		0.0323582
97.5		0.0323582
97.625		0.0323582
97.75		0.0323582
97.875		0.0323582
98		0.0323582
98.125		0.0323582
98.25		0.0323582
98.375		0.0323582
98.5		0.0323582
98.625		0.0323582
98.75		0.0323582
98.875		0.0323582
99		0.0323582
99.125		0.0323582
99.25		0.0323582
99.375		0.0323582
99.5		0.0323582
99.625		0.0323582
99.75		0.0323582
99.875		0.0323582
100		0.0323582
100.125		0.0447727
100.25		0.0447727
100.375		0.0447727
100.5		0.0447727
100.625		0.0447727
100.75		0.0447727
100.875		0.0447727
101		0.0447727
101.125		0.0447727
101.25		0.0447727
101.375		0.0447727
101.5		0.0447727
101.625		0.0447727
101.75		0.0447727
101.875		0.0447727
102		0.0447727
102.125		0.0447727
102.25		0.0447727
102.375		0.0447727
102.5		0.0447727
102.625		0.0447727
102.75		0.0447727
102.875		0.0447727
103		0.0447727
103.125		0.0447727
103.25		0.0447727
103.375		0.0447727
103.5		0.0447727
103.625		0.0447727
103.75		0.0447727
103.875		0.0447727
104		0.0447727
104.125		0.0447727
104.25		0.0447727
104.375		0.0447727
104.5		0.0447727
104.625		0.0447727
104.75		0.0447727
104.875		0.0447727
105		0.0447727
105.125		0.0548307
105.25		0.0548307
105.375		0.0548307
105.5		0.0548307
105.625		0.0548307
105.75		0.0548307
105.875		0.0548307
106		0.0548307
106.125		0.0548307
106.25		0.0548307
106.375		0.0548307
106.5		0.0548307
106.625		0.0548307
106.75		0.0548307
106.875		0.0548307
107		0.0548307
107.125		0.0548307
107.25		0.0548307
107.375		0.0548307
107.5		0.0548307
107.625		0.0548307
107.75		0.0548307
107.875		0.0548307
108		0.0548307
108.125		0.0548307
108.25		0.0548307
108.375		0.0548307
108.5		0.0548307
108.625		0.0548307
108.75		0.0548307
108.875		0.0548307
109		0.0548307
109.125		0.0548307
109.25		0.0548307
109.375		0.0548307
109.5		0.0548307
109.625		0.0548307
109.75		0.0548307
109.875		0.0548307
110		0.0548307
110.125		0.062245
110.25		0.062245
110.375		0.062245
110.5		0.062245
110.625		0.062245
110.75		0.062245
110.875		0.062245
111		0.062245
111.125		0.062245
111.25		0.062245
111.375		0.062245
111.5		0.062245
111.625		0.062245
111.75		0.062245
111.875		0.062245
112		0.062245
112.125		0.062245
112.25		0.062245
112.375		0.062245
112.5		0.062245
112.625		0.062245
112.75		0.062245
112.875		0.062245
113		0.062245
113.125		0.062245
113.25		0.062245
113.375		0.062245
113.5		0.062245
113.625		0.062245
113.75		0.062245
113.875		0.062245
114		0.062245
114.125		0.062245
114.25		0.062245
114.375		0.062245
114.5		0.062245
114.625		0.062245
114.75		0.062245
114.875		0.062245
115		0.062245
115.125		0.0705213
115.25		0.0705213
115.375		0.0705213
115.5		0.0705213
115.625		0.0705213
115.75		0.0705213
115.875		0.0705213
116		0.0705213
116.125		0.0705213
116.25		0.0705213
116.375		0.0705213
116.5		0.0705213
116.625		0.0705213
116.75		0.0705213
116.875		0.0705213
117		0.0705213
117.125		0.0705213
117.25		0.0705213
117.375		0.0705213
117.5		0.0705213
117.625		0.0705213
117.75		0.0705213
117.875		0.0705213
118		0.0705213
118.125		0.0705213
118.25		0.0705213
118.375		0.0705213
118.5		0.0705213
118.625		0.0705213
118.75		0.0705213
118.875		0.0705213
119		0.0705213
119.125		0.0705213
119.25		0.0705213
119.375		0.0705213
119.5		0.0705213
119.625		0.0705213
119.75		0.0705213
119.875		0.0705213
120		0.0705213
120.125		0.0827059
120.25		0.0827059
120.375		0.0827059
120.5		0.0827059
120.625		0.0827059
120.75		0.0827059
120.875		0.0827059
121		0.0827059
121.125		0.0827059
121.25		0.0827059
121.375		0.0827059
121.5		0.0827059
121.625		0.0827059
121.75		0.0827059
121.875		0.0827059
122		0.0827059
122.125		0.0827059
122.25		0.0827059
122.375		0.0827059
122.5		0.0827059
122.625		0.0827059
122.75		0.0827059
122.875		0.0827059
123		0.0827059
123.125		0.0827059
123.25		0.0827059
123.375		0.0827059
123.5		0.0827059
123.625		0.0827059
123.75		0.0827059
123.875		0.0827059
124		0.0827059
124.125		0.0827059
124.25		0.0827059
124.375		0.0827059
124.5		0.0827059
124.625		0.0827059
124.75		0.0827059
124.875		0.0827059
125		0.0827059
125.125		0.105293
125.25		0.105293
125.375		0.105293
125.5		0.105293
125.625		0.105293
125.75		0.105293
125.875		0.105293
126		0.105293
126.125		0.105293
126.25		0.105293
126.375		0.105293
126.5		0.105293
126.625		0.105293
126.75		0.105293
126.875		0.105293
127		0.105293
127.125		0.105293
127.25		0.105293
127.375		0.105293
127.5		0.105293
127.625		0.105293
127.75		0.105293
127.875		0.105293
128		0.105293
128.125		0.105293
128.25		0.105293
128.375		0.105293
128.5		0.105293
128.625		0.105293
128.75		0.105293
128.875		0.105293
129		0.105293
129.125		0.105293
129.25		0.105293
129.375		0.105293
129.5		0.105293
129.625		0.105293
129.75		0.105293
129.875		0.105293
130		0.105293
130.125		0.111673
130.25		0.111673
130.375		0.111673
130.5		0.111673
130.625		0.111673
130.75		0.111673
130.875		0.111673
131		0.111673
131.125		0.111673
131.25		0.111673
131.375		0.111673
131.5		0.111673
131.625		0.111673
131.75		0.111673
131.875		0.111673
132		0.111673
132.125		0.111673
132.25		0.111673
132.375		0.111673
132.5		0.111673
132.625		0.111673
132.75		0.111673
132.875		0.111673
133		0.111673
133.125		0.111673
133.25		0.111673
133.375		0.111673
133.5		0.111673
133.625		0.111673
133.75		0.111673
133.875		0.111673
134		0.111673
134.125		0.111673
134.25		0.111673
134.375		0.111673
134.5		0.111673
134.625		0.111673
134.75		0.111673
134.875		0.111673
135		0.111673
135.125		0.113167
135.25		0.113167
135.375		0.113167
135.5		0.113167
135.625		0.113167
135.75		0.113167
135.875		0.113167
136		0.113167
136.125		0.113167
136.25		0.113167
136.375		0.113167
136.5		0.113167
136.625		0.113167
136.75		0.113167
136.875		0.113167
137		0.113167
137.125		0.113167
137.25		0.113167
137.375		0.113167
137.5		0.113167
137.625		0.113167
137.75		0.113167
137.875		0.113167
138		0.113167
138.125		0.113167
138.25		0.113167
138.375		0.113167
138.5		0.113167
138.625		0.113167
138.75		0.113167
138.875		0.113167
139		0.113167
139.125		0.113167
139.25		0.113167
139.375		0.113167
139.5		0.113167
139.625		0.113167
139.75		0.113167
139.875		0.113167
140		0.113167
140.125		0.131789
140.25		0.131789
140.375		0.131789
140.5		0.131789
140.625		0.131789
140.75		0.131789
140.875		0.131789
141		0.131789
141.125		0.131789
141.25		0.131789
141.375		0.131789
141.5		0.131789
141.625		0.131789
141.75		0.131789
141.875		0.131789
142		0.131789
142.125		0.131789
142.25		0.131789
142.375		0.131789
142.5		0.131789
142.625		0.131789
142.75		0.131789
142.875		0.131789
143		0.131789
143.125		0.131789
143.25		0.131789
143.375		0.131789
143.5		0.131789
143.625		0.131789
143.75		0.131789
143.875		0.131789
144		0.131789
144.125		0.131789
144.25		0.131789
144.375		0.131789
144.5		0.131789
144.625		0.131789
144.75		0.131789
144.875		0.131789
145		0.131789
145.125		0.139261
145.25		0.139261
145.375		0.139261
145.5		0.139261
145.625		0.139261
145.75		0.139261
145.875		0.139261
146		0.139261
146.125		0.139261
146.25		0.139261
146.375		0.139261
146.5		0.139261
146.625		0.139261
146.75		0.139261
146.875		0.139261
147		0.139261
147.125		0.139261
147.25		0.139261
147.375		0.139261
147.5		0.139261
147.625		0.139261
147.75		0.139261
147.875		0.139261
148		0.139261
148.125		0.139261
148.25		0.139261
148.375		0.139261
148.5		0.139261
148.625		0.139261
148.75		0.139261
148.875		0.139261
149		0.139261
149.125		0.139261
149.25		0.139261
149.375		0.139261
149.5		0.139261
149.625		0.139261
149.75		0.139261
149.875		0.139261
150		0.139261
150.125		0.150526
150.25		0.150526
150.375		0.150526
150.5		0.150526
150.625		0.150526
150.75		0.150526
150.875		0.150526
151		0.150526
151.125		0.150526
151.25		0.150526
151.375		0.150526
151.5		0.150526
151.625		0.150526
151.75		0.150526
151.875		0.150526
152		0.150526
152.125		0.150526
152.25		0.150526
152.375		0.150526
152.5		0.150526
152.625		0.150526
152.75		0.150526
152.875		0.150526
153		0.150526
153.125		0.150526
153.25		0.150526
153.375		0.150526
153.5		0.150526
153.625		0.150526
153.75		0.150526
153.875		0.150526
154		0.150526
154.125		0.150526
154.25		0.150526
154.375		0.150526
154.5		0.150526
154.625		0.150526
154.75		0.150526
154.875		0.150526
155		0.150526
155.125		0.1684
155.25		0.1684
155.375		0.1684
155.5		0.1684
155.625		0.1684
155.75		0.1684
155.875		0.1684
156		0.1684
156.125		0.1684
156.25		0.1684
156.375		0.1684
156.5		0.1684
156.625		0.1684
156.75		0.1684
156.875		0.1684
157		0.1684
157.125		0.1684
157.25		0.1684
157.375		0.1684
157.5		0.1684
157.625		0.1684
157.75		0.1684
157.875		0.1684
158		0.1684
158.125		0.1684
158.25		0.1684
158.375		0.1684
158.5		0.1684
158.625		0.1684
158.75		0.1684
158.875		0.1684
159		0.1684
159.125		0.1684
159.25		0.1684
159.375		0.1684
159.5		0.1684
159.625		0.1684
159.75		0.1684
159.875		0.1684
160		0.1684
160.125		0.185873
160.25		0.185873
160.375		0.185873
160.5		0.185873
160.625		0.185873
160.75		0.185873
160.875		0.185873
161		0.185873
161.125		0.185873
161.25		0.185873
161.375		0.185873
161.5		0.185873
161.625		0.185873
161.75		0.185873
161.875		0.185873
162		0.185873
162.125		0.185873
162.25		0.185873
162.375		0.185873
162.5		0.185873
162.625		0.185873
162.75		0.185873
162.875		0.185873
163		0.185873
163.125		0.185873
163.25		0.185873
163.375		0.185873
163.5		0.185873
163.625		0.185873
163.75		0.185873
163.875		0.185873
164		0.185873
164.125		0.185873
164.25		0.185873
164.375		0.185873
164.5		0.185873
164.625		0.185873
164.75		0.185873
164.875		0.185873
165		0.185873
165.125		0.190241
165.25		0.190241
165.375		0.190241
165.5		0.190241
165.625		0.190241
165.75		0.190241
165.875		0.190241
166		0.190241
166.125		0.190241
166.25		0.190241
166.375		0.190241
166.5		0.190241
166.625		0.190241
166.75		0.190241
166.875		0.190241
167		0.190241
167.125		0.190241
167.25		0.190241
167.375		0.190241
167.5		0.190241
167.625		0.190241
167.75		0.190241
167.875		0.190241
168		0.190241
168.125		0.190241
168.25		0.190241
168.375		0.190241
168.5		0.190241
168.625		0.190241
168.75		0.190241
168.875		0.190241
169		0.190241
169.125		0.190241
169.25		0.190241
169.375		0.190241
169.5		0.190241
169.625		0.190241
169.75		0.190241
169.875		0.190241
170		0.190241
170.125		0.19208
170.25		0.19208
170.375		0.19208
170.5		0.19208
170.625		0.19208
170.75		0.19208
170.875		0.19208
171		0.19208
171.125		0.19208
171.25		0.19208
171.375		0.19208
171.5		0.19208
171.625		0.19208
171.75		0.19208
171.875		0.19208
172		0.19208
172.125		0.19208
172.25		0.19208
172.375		0.19208
172.5		0.19208
172.625		0.19208
172.75		0.19208
172.875		0.19208
173		0.19208
173.125		0.19208
173.25		0.19208
173.375		0.19208
173.5		0.19208
173.625		0.19208
173.75		0.19208
173.875		0.19208
174		0.19208
174.125		0.19208
174.25		0.19208
174.375		0.19208
174.5		0.19208
174.625		0.19208
174.75		0.19208
174.875		0.19208
175		0.19208
175.125		0.209552
175.25		0.209552
175.375		0.209552
175.5		0.209552
175.625		0.209552
175.75		0.209552
175.875		0.209552
176		0.209552
176.125		0.209552
176.25		0.209552
176.375		0.209552
176.5		0.209552
176.625		0.209552
176.75		0.209552
176.875		0.209552
177		0.209552
177.125		0.209552
177.25		0.209552
177.375		0.209552
177.5		0.209552
177.625		0.209552
177.75		0.209552
177.875		0.209552
178		0.209552
178.125		0.209552
178.25		0.209552
178.375		0.209552
178.5		0.209552
178.625		0.209552
178.75		0.209552
178.875		0.209552
179		0.209552
179.125		0.209552
179.25		0.209552
179.375		0.209552
179.5		0.209552
179.625		0.209552
179.75		0.209552
179.875		0.209552
180		0.209552
180.125		0.210759
180.25		0.210759
180.375		0.210759
180.5		0.210759
180.625		0.210759
180.75		0.210759
180.875		0.210759
181		0.210759
181.125		0.210759
181.25		0.210759
181.375		0.210759
181.5		0.210759
181.625		0.210759
181.75		0.210759
181.875		0.210759
182		0.210759
182.125		0.210759
182.25		0.210759
182.375		0.210759
182.5		0.210759
182.625		0.210759
182.75		0.210759
182.875		0.210759
183		0.210759
183.125		0.210759
183.25		0.210759
183.375		0.210759
183.5		0.210759
183.625		0.210759
183.75		0.210759
183.875		0.210759
184		0.210759
184.125		0.210759
184.25		0.210759
184.375		0.210759
184.5		0.210759
184.625		0.210759
184.75		0.210759
184.875		0.210759
185		0.210759
185.125		0.238462
185.25		0.238462
185.375		0.238462
185.5		0.238462
185.625		0.238462
185.75		0.238462
185.875		0.238462
186		0.238462
186.125		0.238462
186.25		0.238462
186.375		0.238462
186.5		0.238462
186.625		0.238462
186.75		0.238462
186.875		0.238462
187		0.238462
187.125		0.238462
187.25		0.238462
187.375		0.238462
187.5		0.238462
187.625		0.238462
187.75		0.238462
187.875		0.238462
188		0.238462
188.125		0.238462
188.25		0.238462
188.375		0.238462
188.5		0.238462
188.625		0.238462
188.75		0.238462
188.875		0.238462
189		0.238462
189.125		0.238462
189.25		0.238462
189.375		0.238462
189.5		0.238462
189.625		0.238462
189.75		0.238462
189.875		0.238462
190		0.238462
190.125		0.253175
190.25		0.253175
190.375		0.253175
190.5		0.253175
190.625		0.253175
190.75		0.253175
190.875		0.253175
191		0.253175
191.125		0.253175
191.25		0.253175
191.375		0.253175
191.5		0.253175
191.625		0.253175
191.75		0.253175
191.875		0.253175
192		0.253175
192.125		0.253175
192.25		0.253175
192.375		0.253175
192.5		0.253175
192.625		0.253175
192.75		0.253175
192.875		0.253175
193		0.253175
193.125		0.253175
193.25		0.253175
193.375		0.253175
193.5		0.253175
193.625		0.253175
193.75		0.253175
193.875		0.253175
194		0.253175
194.125		0.253175
194.25		0.253175
194.375		0.253175
194.5		0.253175
194.625		0.253175
194.75		0.253175
194.875		0.253175
195		0.253175
195.125		0.260762
195.25		0.260762
195.375		0.260762
195.5		0.260762
195.625		0.260762
195.75		0.260762
195.875		0.260762
196		0.260762
196.125		0.260762
196.25		0.260762
196.375		0.260762
196.5		0.260762
196.625		0.260762
196.75		0.260762
196.875		0.260762
197		0.260762
197.125		0.260762
197.25		0.260762
197.375		0.260762
197.5		0.260762
197.625		0.260762
197.75		0.260762
197.875		0.260762
198		0.260762
198.125		0.260762
198.25		0.260762
198.375		0.260762
198.5		0.260762
198.625		0.260762
198.75		0.260762
198.875		0.260762
199		0.260762
199.125		0.260762
199.25		0.260762
199.375		0.260762
199.5		0.260762
199.625		0.260762
199.75		0.260762
199.875		0.260762
200		0.260762
200.125		0.263693
200.25		0.263693
200.375		0.263693
200.5		0.263693
200.625		0.263693
200.75		0.263693
200.875		0.263693
201		0.263693
201.125		0.263693
201.25		0.263693
201.375		0.263693
201.5		0.263693
201.625		0.263693
201.75		0.263693
201.875		0.263693
202		0.263693
202.125		0.263693
202.25		0.263693
202.375		0.263693
202.5		0.263693
202.625		0.263693
202.75		0.263693
202.875		0.263693
203		0.263693
203.125		0.263693
203.25		0.263693
203.375		0.263693
203.5		0.263693
203.625		0.263693
203.75		0.263693
203.875		0.263693
204		0.263693
204.125		0.263693
204.25		0.263693
204.375		0.263693
204.5		0.263693
204.625		0.263693
204.75		0.263693
204.875		0.263693
205		0.263693
205.125		0.274786
205.25		0.274786
205.375		0.274786
205.5		0.274786
205.625		0.274786
205.75		0.274786
205.875		0.274786
206		0.274786
206.125		0.274786
206.25		0.274786
206.375		0.274786
206.5		0.274786
206.625		0.274786
206.75		0.274786
206.875		0.274786
207		0.274786
207.125		0.274786
207.25		0.274786
207.375		0.274786
207.5		0.274786
207.625		0.274786
207.75		0.274786
207.875		0.274786
208		0.274786
208.125		0.274786
208.25		0.274786
208.375		0.274786
208.5		0.274786
208.625		0.274786
208.75		0.274786
208.875		0.274786
209		0.274786
209.125		0.274786
209.25		0.274786
209.375		0.274786
209.5		0.274786
209.625		0.274786
209.75		0.274786
209.875		0.274786
210		0.274786
210.125		0.303236
210.25		0.303236
210.375		0.303236
210.5		0.303236
210.625		0.303236
210.75		0.303236
210.875		0.303236
211		0.303236
211.125		0.303236
211.25		0.303236
211.375		0.303236
211.5		0.303236
211.625		0.303236
211.75		0.303236
211.875		0.303236
212		0.303236
212.125		0.303236
212.25		0.303236
212.375		0.303236
212.5		0.303236
212.625		0.303236
212.75		0.303236
212.875		0.303236
213		0.303236
213.125		0.303236
213.25		0.303236
213.375		0.303236
213.5		0.303236
213.625		0.303236
213.75		0.303236
213.875		0.303236
214		0.303236
214.125		0.303236
214.25		0.303236
214.375		0.303236
214.5		0.303236
214.625		0.303236
214.75		0.303236
214.875		0.303236
215		0.303236
215.125		0.305018
215.25		0.305018
215.375		0.305018
215.5		0.305018
215.625		0.305018
215.75		0.305018
215.875		0.305018
216		0.305018
216.125		0.305018
216.25		0.305018
216.375		0.305018
216.5		0.305018
216.625		0.305018
216.75		0.305018
216.875		0.305018
217		0.305018
217.125		0.305018
217.25		0.305018
217.375		0.305018
217.5		0.305018
217.625		0.305018
217.75		0.305018
217.875		0.305018
218		0.305018
218.125		0.305018
218.25		0.305018
218.375		0.305018
218.5		0.305018
218.625		0.305018
218.75		0.305018
218.875		0.305018
219		0.305018
219.125		0.305018
219.25		0.305018
219.375		0.305018
219.5		0.305018
219.625		0.305018
219.75		0.305018
219.875		0.305018
220		0.305018
220.125		0.32226
220.25		0.32226
220.375		0.32226
220.5		0.32226
220.625		0.32226
220.75		0.32226
220.875		0.32226
221		0.32226
221.125		0.32226
221.25		0.32226
221.375		0.32226
221.5		0.32226
221.625		0.32226
221.75		0.32226
221.875		0.32226
222		0.32226
222.125		0.32226
222.25		0.32226
222.375		0.32226
222.5		0.32226
222.625		0.32226
222.75		0.32226
222.875		0.32226
223		0.32226
223.125		0.32226
223.25		0.32226
223.375		0.32226
223.5		0.32226
223.625		0.32226
223.75		0.32226
223.875		0.32226
224		0.32226
224.125		0.32226
224.25		0.32226
224.375		0.32226
224.5		0.32226
224.625		0.32226
224.75		0.32226
224.875		0.32226
225		0.32226
225.125		0.340192
225.25		0.340192
225.375		0.340192
225.5		0.340192
225.625		0.340192
225.75		0.340192
225.875		0.340192
226		0.340192
226.125		0.340192
226.25		0.340192
226.375		0.340192
226.5		0.340192
226.625		0.340192
226.75		0.340192
226.875		0.340192
227		0.340192
227.125		0.340192
227.25		0.340192
227.375		0.340192
227.5		0.340192
227.625		0.340192
227.75		0.340192
227.875		0.340192
228		0.340192
228.125		0.340192
228.25		0.340192
228.375		0.340192
228.5		0.340192
228.625		0.340192
228.75		0.340192
228.875		0.340192
229		0.340192
229.125		0.340192
229.25		0.340192
229.375		0.340192
229.5		0.340192
229.625		0.340192
229.75		0.340192
229.875		0.340192
230		0.340192
230.125		0.349043
230.25		0.349043
230.375		0.349043
230.5		0.349043
230.625		0.349043
230.75		0.349043
230.875		0.349043
231		0.349043
231.125		0.349043
231.25		0.349043
231.375		0.349043
231.5		0.349043
231.625		0.349043
231.75		0.349043
231.875		0.349043
232		0.349043
232.125		0.349043
232.25		0.349043
232.375		0.349043
232.5		0.349043
232.625		0.349043
232.75		0.349043
232.875		0.349043
233		0.349043
233.125		0.349043
233.25		0.349043
233.375		0.349043
233.5		0.349043
233.625		0.349043
233.75		0.349043
233.875		0.349043
234		0.349043
234.125		0.349043
234.25		0.349043
234.375		0.349043
234.5		0.349043
234.625		0.349043
234.75		0.349043
234.875		0.349043
235		0.349043
235.125		0.355883
235.25		0.355883
235.375		0.355883
235.5		0.355883
235.625		0.355883
235.75		0.355883
235.875		0.355883
236		0.355883
236.125		0.355883
236.25		0.355883
236.375		0.355883
236.5		0.355883
236.625		0.355883
236.75		0.355883
236.875		0.355883
237		0.355883
237.125		0.355883
237.25		0.355883
237.375		0.355883
237.5		0.355883
237.625		0.355883
237.75		0.355883
237.875		0.355883
238		0.355883
238.125		0.355883
238.25		0.355883
238.375		0.355883
238.5		0.355883
238.625		0.355883
238.75		0.355883
238.875		0.355883
239		0.355883
239.125		0.355883
239.25		0.355883
239.375		0.355883
239.5		0.355883
239.625		0.355883
239.75		0.355883
239.875		0.355883
240		0.355883
240.125		0.374274
240.25		0.374274
240.375		0.374274
240.5		0.374274
240.625		0.374274
240.75		0.374274
240.875		0.374274
241		0.374274
241.125		0.374274
241.25		0.374274
241.375		0.374274
241.5		0.374274
241.625		0.374274
241.75		0.374274
241.875		0.374274
242		0.374274
242.125		0.374274
242.25		0.374274
242.375		0.374274
242.5		0.374274
242.625		0.374274
242.75		0.374274
242.875		0.374274
243		0.374274
243.125		0.374274
243.25		0.374274
243.375		0.374274
243.5		0.374274
243.625		0.374274
243.75		0.374274
243.875		0.374274
244		0.374274
244.125		0.374274
244.25		0.374274
244.375		0.374274
244.5		0.374274
244.625		0.374274
244.75		0.374274
244.875		0.374274
245		0.374274
245.125		0.395253
245.25		0.395253
245.375		0.395253
245.5		0.395253
245.625		0.395253
245.75		0.395253
245.875		0.395253
246		0.395253
246.125		0.395253
246.25		0.395253
246.375		0.395253
246.5		0.395253
246.625		0.395253
246.75		0.395253
246.875		0.395253
247		0.395253
247.125		0.395253
247.25		0.395253
247.375		0.395253
247.5		0.395253
247.625		0.395253
247.75		0.395253
247.875		0.395253
248		0.395253
248.125		0.395253
248.25		0.395253
248.375		0.395253
248.5		0.395253
248.625		0.395253
248.75		0.395253
248.875		0.395253
249		0.395253
249.125		0.395253
249.25		0.395253
249.375		0.395253
249.5		0.395253
249.625		0.395253
249.75		0.395253
249.875		0.395253
250		0.395253
250.125		0.397322
250.25		0.397322
250.375		0.397322
250.5		0.397322
250.625		0.397322
250.75		0.397322
250.875		0.397322
251		0.397322
251.125		0.397322
251.25		0.397322
251.375		0.397322
251.5		0.397322
251.625		0.397322
251.75		0.397322
251.875		0.397322
252		0.397322
252.125		0.397322
252.25		0.397322
252.375		0.397322
252.5		0.397322
252.625		0.397322
252.75		0.397322
252.875		0.397322
253		0.397322
253.125		0.397322
253.25		0.397322
253.375		0.397322
253.5		0.397322
253.625		0.397322
253.75		0.397322
253.875		0.397322
254		0.397322
254.125		0.397322
254.25		0.397322
254.375		0.397322
254.5		0.397322
254.625		0.397322
254.75		0.397322
254.875		0.397322
255		0.397322
255.125		0.426576
255.25		0.426576
255.375		0.426576
255.5		0.426576
255.625		0.426576
255.75		0.426576
255.875		0.426576
256		0.426576
256.125		0.426576
256.25		0.426576
256.375		0.426576
256.5		0.426576
256.625		0.426576
256.75		0.426576
256.875		0.426576
257		0.426576
257.125		0.426576
257.25		0.426576
257.375		0.426576
257.5		0.426576
257.625		0.426576
257.75		0.426576
257.875		0.426576
258		0.426576
258.125		0.426576
258.25		0.426576
258.375		0.426576
258.5		0.426576
258.625		0.426576
258.75		0.426576
258.875		0.426576
259		0.426576
259.125		0.426576
259.25		0.426576
259.375		0.426576
259.5		0.426576
259.625		0.426576
259.75		0.426576
259.875		0.426576
260		0.426576
260.125		0.430944
260.25		0.430944
260.375		0.430944
260.5		0.430944
260.625		0.430944
260.75		0.430944
260.875		0.430944
261		0.430944
261.125		0.430944
261.25		0.430944
261.375		0.430944
261.5		0.430944
261.625		0.430944
261.75		0.430944
261.875		0.430944
262		0.430944
262.125		0.430944
262.25		0.430944
262.375		0.430944
262.5		0.430944
262.625		0.430944
262.75		0.430944
262.875		0.430944
263		0.430944
263.125		0.430944
263.25		0.430944
263.375		0.430944
263.5		0.430944
263.625		0.430944
263.75		0.430944
263.875		0.430944
264		0.430944
264.125		0.430944
264.25		0.430944
264.375		0.430944
264.5		0.430944
264.625		0.430944
264.75		0.430944
264.875		0.430944
265		0.430944
265.125		0.439393
265.25		0.439393
265.375		0.439393
265.5		0.439393
265.625		0.439393
265.75		0.439393
265.875		0.439393
266		0.439393
266.125		0.439393
266.25		0.439393
266.375		0.439393
266.5		0.439393
266.625		0.439393
266.75		0.439393
266.875		0.439393
267		0.439393
267.125		0.439393
267.25		0.439393
267.375		0.439393
267.5		0.439393
267.625		0.439393
267.75		0.439393
267.875		0.439393
268		0.439393
268.125		0.439393
268.25		0.439393
268.375		0.439393
268.5		0.439393
268.625		0.439393
268.75		0.439393
268.875		0.439393
269		0.439393
269.125		0.439393
269.25		0.439393
269.375		0.439393
269.5		0.439393
269.625		0.439393
269.75		0.439393
269.875		0.439393
270		0.439393
270.125		0.460831
270.25		0.460831
270.375		0.460831
270.5		0.460831
270.625		0.460831
270.75		0.460831
270.875		0.460831
271		0.460831
271.125		0.460831
271.25		0.460831
271.375		0.460831
271.5		0.460831
271.625		0.460831
271.75		0.460831
271.875		0.460831
272		0.460831
272.125		0.460831
272.25		0.460831
272.375		0.460831
272.5		0.460831
272.625		0.460831
272.75		0.460831
272.875		0.460831
273		0.460831
273.125		0.460831
273.25		0.460831
273.375		0.460831
273.5		0.460831
273.625		0.460831
273.75		0.460831
273.875		0.460831
274		0.460831
274.125		0.460831
274.25		0.460831
274.375		0.460831
274.5		0.460831
274.625		0.460831
274.75		0.460831
274.875		0.460831
275		0.460831
275.125		0.463073
275.25		0.463073
275.375		0.463073
275.5		0.463073
275.625		0.463073
275.75		0.463073
275.875		0.463073
276		0.463073
276.125		0.463073
276.25		0.463073
276.375		0.463073
276.5		0.463073
276.625		0.463073
276.75		0.463073
276.875		0.463073
277		0.463073
277.125		0.463073
277.25		0.463073
277.375		0.463073
277.5		0.463073
277.625		0.463073
277.75		0.463073
277.875		0.463073
278		0.463073
278.125		0.463073
278.25		0.463073
278.375		0.463073
278.5		0.463073
278.625		0.463073
278.75		0.463073
278.875		0.463073
279		0.463073
279.125		0.463073
279.25		0.463073
279.375		0.463073
279.5		0.463073
279.625		0.463073
279.75		0.463073
279.875		0.463073
280		0.463073
280.125		0.470314
280.25		0.470314
280.375		0.470314
280.5		0.470314
280.625		0.470314
280.75		0.470314
280.875		0.470314
281		0.470314
281.125		0.470314
281.25		0.470314
281.375		0.470314
281.5		0.470314
281.625		0.470314
281.75		0.470314
281.875		0.470314
282		0.470314
282.125		0.470314
282.25		0.470314
282.375		0.470314
282.5		0.470314
282.625		0.470314
282.75		0.470314
282.875		0.470314
283		0.470314
283.125		0.470314
283.25		0.470314
283.375		0.470314
283.5		0.470314
283.625		0.470314
283.75		0.470314
283.875		0.470314
284		0.470314
284.125		0.470314
284.25		0.470314
284.375		0.470314
284.5		0.470314
284.625		0.470314
284.75		0.470314
284.875		0.470314
285		0.470314
285.125		0.499167
285.25		0.499167
285.375		0.499167
285.5		0.499167
285.625		0.499167
285.75		0.499167
285.875		0.499167
286		0.499167
286.125		0.499167
286.25		0.499167
286.375		0.499167
286.5		0.499167
286.625		0.499167
286.75		0.499167
286.875		0.499167
287		0.499167
287.125		0.499167
287.25		0.499167
287.375		0.499167
287.5		0.499167
287.625		0.499167
287.75		0.499167
287.875		0.499167
288		0.499167
288.125		0.499167
288.25		0.499167
288.375		0.499167
288.5		0.499167
288.625		0.499167
288.75		0.499167
288.875		0.499167
289		0.499167
289.125		0.499167
289.25		0.499167
289.375		0.499167
289.5		0.499167
289.625		0.499167
289.75		0.499167
289.875		0.499167
290		0.499167
290.125		0.507615
290.25		0.507615
290.375		0.507615
290.5		0.507615
290.625		0.507615
290.75		0.507615
290.875		0.507615
291		0.507615
291.125		0.507615
291.25		0.507615
291.375		0.507615
291.5		0.507615
291.625		0.507615
291.75		0.507615
291.875		0.507615
292		0.507615
292.125		0.507615
292.25		0.507615
292.375		0.507615
292.5		0.507615
292.625		0.507615
292.75		0.507615
292.875		0.507615
293		0.507615
293.125		0.507615
293.25		0.507615
293.375		0.507615
293.5		0.507615
293.625		0.507615
293.75		0.507615
293.875		0.507615
294		0.507615
294.125		0.507615
294.25		0.507615
294.375		0.507615
294.5		0.507615
294.625		0.507615
294.75		0.507615
294.875		0.507615
295		0.507615
295.125		0.524283
295.25		0.524283
295.375		0.524283
295.5		0.524283
295.625		0.524283
295.75		0.524283
295.875		0.524283
296		0.524283
296.125		0.524283
296.25		0.524283
296.375		0.524283
296.5		0.524283
296.625		0.524283
296.75		0.524283
296.875		0.524283
297		0.524283
297.125		0.524283
297.25		0.524283
297.375		0.524283
297.5		0.524283
297.625		0.524283
297.75		0.524283
297.875		0.524283
298		0.524283
298.125		0.524283
298.25		0.524283
298.375		0.524283
298.5		0.524283
298.625		0.524283
298.75		0.524283
298.875		0.524283
299		0.524283
299.125		0.524283
299.25		0.524283
299.375		0.524283
299.5		0.524283
299.625		0.524283
299.75		0.524283
299.875		0.524283
300		0.524283
300.125		0.532042
300.25		0.532042
300.375		0.532042
300.5		0.532042
300.625		0.532042
300.75		0.532042
300.875		0.532042
301		0.532042
301.125		0.532042
301.25		0.532042
301.375		0.532042
301.5		0.532042
301.625		0.532042
301.75		0.532042
301.875		0.532042
302		0.532042
302.125		0.532042
302.25		0.532042
302.375		0.532042
302.5		0.532042
302.625		0.532042
302.75		0.532042
302.875		0.532042
303		0.532042
303.125		0.532042
303.25		0.532042
303.375		0.532042
303.5		0.532042
303.625		0.532042
303.75		0.532042
303.875		0.532042
304		0.532042
304.125		0.532042
304.25		0.532042
304.375		0.532042
304.5		0.532042
304.625		0.532042
304.75		0.532042
304.875		0.532042
305		0.532042
305.125		0.533479
305.25		0.533479
305.375		0.533479
305.5		0.533479
305.625		0.533479
305.75		0.533479
305.875		0.533479
306		0.533479
306.125		0.533479
306.25		0.533479
306.375		0.533479
306.5		0.533479
306.625		0.533479
306.75		0.533479
306.875		0.533479
307		0.533479
307.125		0.533479
307.25		0.533479
307.375		0.533479
307.5		0.533479
307.625		0.533479
307.75		0.533479
307.875		0.533479
308		0.533479
308.125		0.533479
308.25		0.533479
308.375		0.533479
308.5		0.533479
308.625		0.533479
308.75		0.533479
308.875		0.533479
309		0.533479
309.125		0.533479
309.25		0.533479
309.375		0.533479
309.5		0.533479
309.625		0.533479
309.75		0.533479
309.875		0.533479
310		0.533479
310.125		0.535031
310.25		0.535031
310.375		0.535031
310.5		0.535031
310.625		0.535031
310.75		0.535031
310.875		0.535031
311		0.535031
311.125		0.535031
311.25		0.535031
311.375		0.535031
311.5		0.535031
311.625		0.535031
311.75		0.535031
311.875		0.535031
312		0.535031
312.125		0.535031
312.25		0.535031
312.375		0.535031
312.5		0.535031
312.625		0.535031
312.75		0.535031
312.875		0.535031
313		0.535031
313.125		0.535031
313.25		0.535031
313.375		0.535031
313.5		0.535031
313.625		0.535031
313.75		0.535031
313.875		0.535031
314		0.535031
314.125		0.535031
314.25		0.535031
314.375		0.535031
314.5		0.535031
314.625		0.535031
314.75		0.535031
314.875		0.535031
315		0.535031
315.125		0.566124
315.25		0.566124
315.375		0.566124
315.5		0.566124
315.625		0.566124
315.75		0.566124
315.875		0.566124
316		0.566124
316.125		0.566124
316.25		0.566124
316.375		0.566124
316.5		0.566124
316.625		0.566124
316.75		0.566124
316.875		0.566124
317		0.566124
317.125		0.566124
317.25		0.566124
317.375		0.566124
317.5		0.566124
317.625		0.566124
317.75		0.566124
317.875		0.566124
318		0.566124
318.125		0.566124
318.25		0.566124
318.375		0.566124
318.5		0.566124
318.625		0.566124
318.75		0.566124
318.875		0.566124
319		0.566124
319.125		0.566124
319.25		0.566124
319.375		0.566124
319.5		0.566124
319.625		0.566124
319.75		0.566124
319.875		0.566124
320		0.566124
320.125		0.579574
320.25		0.579574
320.375		0.579574
320.5		0.579574
320.625		0.579574
320.75		0.579574
320.875		0.579574
321		0.579574
321.125		0.579574
321.25		0.579574
321.375		0.579574
321.5		0.579574
321.625		0.579574
321.75		0.579574
321.875		0.579574
322		0.579574
322.125		0.579574
322.25		0.579574
322.375		0.579574
322.5		0.579574
322.625		0.579574
322.75		0.579574
322.875		0.579574
323		0.579574
323.125		0.579574
323.25		0.579574
323.375		0.579574
323.5		0.579574
323.625		0.579574
323.75		0.579574
323.875		0.579574
324		0.579574
324.125		0.579574
324.25		0.579574
324.375		0.579574
324.5		0.579574
324.625		0.579574
324.75		0.579574
324.875		0.579574
325		0.579574
325.125		0.58193
325.25		0.58193
325.375		0.58193
325.5		0.58193
325.625		0.58193
325.75		0.58193
325.875		0.58193
326		0.58193
326.125		0.58193
326.25		0.58193
326.375		0.58193
326.5		0.58193
326.625		0.58193
326.75		0.58193
326.875		0.58193
327		0.58193
327.125		0.58193
327.25		0.58193
327.375		0.58193
327.5		0.58193
327.625		0.58193
327.75		0.58193
327.875		0.58193
328		0.58193
328.125		0.58193
328.25		0.58193
328.375		0.58193
328.5		0.58193
328.625		0.58193
328.75		0.58193
328.875		0.58193
329		0.58193
329.125		0.58193
329.25		0.58193
329.375		0.58193
329.5		0.58193
329.625		0.58193
329.75		0.58193
329.875		0.58193
330		0.58193
330.125		0.593138
330.25		0.593138
330.375		0.593138
330.5		0.593138
330.625		0.593138
330.75		0.593138
330.875		0.593138
331		0.593138
331.125		0.593138
331.25		0.593138
331.375		0.593138
331.5		0.593138
331.625		0.593138
331.75		0.593138
331.875		0.593138
332		0.593138
332.125		0.593138
332.25		0.593138
332.375		0.593138
332.5		0.593138
332.625		0.593138
332.75		0.593138
332.875		0.593138
333		0.593138
333.125		0.593138
333.25		0.593138
333.375		0.593138
333.5		0.593138
333.625		0.593138
333.75		0.593138
333.875		0.593138
334		0.593138
334.125		0.593138
334.25		0.593138
334.375		0.593138
334.5		0.593138
334.625		0.593138
334.75		0.593138
334.875		0.593138
335		0.593138
335.125		0.607564
335.25		0.607564
335.375		0.607564
335.5		0.607564
335.625		0.607564
335.75		0.607564
335.875		0.607564
336		0.607564
336.125		0.607564
336.25		0.607564
336.375		0.607564
336.5		0.607564
336.625		0.607564
336.75		0.607564
336.875		0.607564
337		0.607564
337.125		0.607564
337.25		0.607564
337.375		0.607564
337.5		0.607564
337.625		0.607564
337.75		0.607564
337.875		0.607564
338		0.607564
338.125		0.607564
338.25		0.607564
338.375		0.607564
338.5		0.607564
338.625		0.607564
338.75		0.607564
338.875		0.607564
339		0.607564
339.125		0.607564
339.25		0.607564
339.375		0.607564
339.5		0.607564
339.625		0.607564
339.75		0.607564
339.875		0.607564
340		0.607564
340.125		0.618886
340.25		0.618886
340.375		0.618886
340.5		0.618886
340.625		0.618886
340.75		0.618886
340.875		0.618886
341		0.618886
341.125		0.618886
341.25		0.618886
341.375		0.618886
341.5		0.618886
341.625		0.618886
341.75		0.618886
341.875		0.618886
342		0.618886
342.125		0.618886
342.25		0.618886
342.375		0.618886
342.5		0.618886
342.625		0.618886
342.75		0.618886
342.875		0.618886
343		0.618886
343.125		0.618886
343.25		0.618886
343.375		0.618886
343.5		0.618886
343.625		0.618886
343.75		0.618886
343.875		0.618886
344		0.618886
344.125		0.618886
344.25		0.618886
344.375		0.618886
344.5		0.618886
344.625		0.618886
344.75		0.618886
344.875		0.618886
345		0.618886
345.125		0.631703
345.25		0.631703
345.375		0.631703
345.5		0.631703
345.625		0.631703
345.75		0.631703
345.875		0.631703
346		0.631703
346.125		0.631703
346.25		0.631703
346.375		0.631703
346.5		0.631703
346.625		0.631703
346.75		0.631703
346.875		0.631703
347		0.631703
347.125		0.631703
347.25		0.631703
347.375		0.631703
347.5		0.631703
347.625		0.631703
347.75		0.631703
347.875		0.631703
348		0.631703
348.125		0.631703
348.25		0.631703
348.375		0.631703
348.5		0.631703
348.625		0.631703
348.75		0.631703
348.875		0.631703
349		0.631703
349.125		0.631703
349.25		0.631703
349.375		0.631703
349.5		0.631703
349.625		0.631703
349.75		0.631703
349.875		0.631703
350		0.631703
350.125		0.641876
350.25		0.641876
350.375		0.641876
350.5		0.641876
350.625		0.641876
350.75		0.641876
350.875		0.641876
351		0.641876
351.125		0.641876
351.25		0.641876
351.375		0.641876
351.5		0.641876
351.625		0.641876
351.75		0.641876
351.875		0.641876
352		0.641876
352.125		0.641876
352.25		0.641876
352.375		0.641876
352.5		0.641876
352.625		0.641876
352.75		0.641876
352.875		0.641876
353		0.641876
353.125		0.641876
353.25		0.641876
353.375		0.641876
353.5		0.641876
353.625		0.641876
353.75		0.641876
353.875		0.641876
354		0.641876
354.125		0.641876
354.25		0.641876
354.375		0.641876
354.5		0.641876
354.625		0.641876
354.75		0.641876
354.875		0.641876
355		0.641876
355.125		0.644922
355.25		0.644922
355.375		0.644922
355.5		0.644922
355.625		0.644922
355.75		0.644922
355.875		0.644922
356		0.644922
356.125		0.644922
356.25		0.644922
356.375		0.644922
356.5		0.644922
356.625		0.644922
356.75		0.644922
356.875		0.644922
357		0.644922
357.125		0.644922
357.25		0.644922
357.375		0.644922
357.5		0.644922
357.625		0.644922
357.75		0.644922
357.875		0.644922
358		0.644922
358.125		0.644922
358.25		0.644922
358.375		0.644922
358.5		0.644922
358.625		0.644922
358.75		0.644922
358.875		0.644922
359		0.644922
359.125		0.644922
359.25		0.644922
359.375		0.644922
359.5		0.644922
359.625		0.644922
359.75		0.644922
359.875		0.644922
360		0.644922
360.125		0.666877
360.25		0.666877
360.375		0.666877
360.5		0.666877
360.625		0.666877
360.75		0.666877
360.875		0.666877
361		0.666877
361.125		0.666877
361.25		0.666877
361.375		0.666877
361.5		0.666877
361.625		0.666877
361.75		0.666877
361.875		0.666877
362		0.666877
362.125		0.666877
362.25		0.666877
362.375		0.666877
362.5		0.666877
362.625		0.666877
362.75		0.666877
362.875		0.666877
363		0.666877
363.125		0.666877
363.25		0.666877
363.375		0.666877
363.5		0.666877
363.625		0.666877
363.75		0.666877
363.875		0.666877
364		0.666877
364.125		0.666877
364.25		0.666877
364.375		0.666877
364.5		0.666877
364.625		0.666877
364.75		0.666877
364.875		0.666877
365		0.666877
365.125		0.668487
365.25		0.668487
365.375		0.668487
365.5		0.668487
365.625		0.668487
365.75		0.668487
365.875		0.668487
366		0.668487
366.125		0.668487
366.25		0.668487
366.375		0.668487
366.5		0.668487
366.625		0.668487
366.75		0.668487
366.875		0.668487
367		0.668487
367.125		0.668487
367.25		0.668487
367.375		0.668487
367.5		0.668487
367.625		0.668487
367.75		0.668487
367.875		0.668487
368		0.668487
368.125		0.668487
368.25		0.668487
368.375		0.668487
368.5		0.668487
368.625		0.668487
368.75		0.668487
368.875		0.668487
369		0.668487
369.125		0.668487
369.25		0.668487
369.375		0.668487
369.5		0.668487
369.625		0.668487
369.75		0.668487
369.875		0.668487
370		0.668487
370.125		0.682683
370.25		0.682683
370.375		0.682683
370.5		0.682683
370.625		0.682683
370.75		0.682683
370.875		0.682683
371		0.682683
371.125		0.682683
371.25		0.682683
371.375		0.682683
371.5		0.682683
371.625		0.682683
371.75		0.682683
371.875		0.682683
372		0.682683
372.125		0.682683
372.25		0.682683
372.375		0.682683
372.5		0.682683
372.625		0.682683
372.75		0.682683
372.875		0.682683
373		0.682683
373.125		0.682683
373.25		0.682683
373.375		0.682683
373.5		0.682683
373.625		0.682683
373.75		0.682683
373.875		0.682683
374		0.682683
374.125		0.682683
374.25		0.682683
374.375		0.682683
374.5		0.682683
374.625		0.682683
374.75		0.682683
374.875		0.682683
375		0.682683
375.125		0.691362
375.25		0.691362
375.375		0.691362
375.5		0.691362
375.625		0.691362
375.75		0.691362
375.875		0.691362
376		0.691362
376.125		0.691362
376.25		0.691362
376.375		0.691362
376.5		0.691362
376.625		0.691362
376.75		0.691362
376.875		0.691362
377		0.691362
377.125		0.691362
377.25		0.691362
377.375		0.691362
377.5		0.691362
377.625		0.691362
377.75		0.691362
377.875		0.691362
378		0.691362
378.125		0.691362
378.25		0.691362
378.375		0.691362
378.5		0.691362
378.625		0.691362
378.75		0.691362
378.875		0.691362
379		0.691362
379.125		0.691362
379.25		0.691362
379.375		0.691362
379.5		0.691362
379.625		0.691362
379.75		0.691362
379.875		0.691362
380		0.691362
380.125		0.72803
380.25		0.72803
380.375		0.72803
380.5		0.72803
380.625		0.72803
380.75		0.72803
380.875		0.72803
381		0.72803
381.125		0.72803
381.25		0.72803
381.375		0.72803
381.5		0.72803
381.625		0.72803
381.75		0.72803
381.875		0.72803
382		0.72803
382.125		0.72803
382.25		0.72803
382.375		0.72803
382.5		0.72803
382.625		0.72803
382.75		0.72803
382.875		0.72803
383		0.72803
383.125		0.72803
383.25		0.72803
383.375		0.72803
383.5		0.72803
383.625		0.72803
383.75		0.72803
383.875		0.72803
384		0.72803
384.125		0.72803
384.25		0.72803
384.375		0.72803
384.5		0.72803
384.625		0.72803
384.75		0.72803
384.875		0.72803
385		0.72803
385.125		0.72964
385.25		0.72964
385.375		0.72964
385.5		0.72964
385.625		0.72964
385.75		0.72964
385.875		0.72964
386		0.72964
386.125		0.72964
386.25		0.72964
386.375		0.72964
386.5		0.72964
386.625		0.72964
386.75		0.72964
386.875		0.72964
387		0.72964
387.125		0.72964
387.25		0.72964
387.375		0.72964
387.5		0.72964
387.625		0.72964
387.75		0.72964
387.875		0.72964
388		0.72964
388.125		0.72964
388.25		0.72964
388.375		0.72964
388.5		0.72964
388.625		0.72964
388.75		0.72964
388.875		0.72964
389		0.72964
389.125		0.72964
389.25		0.72964
389.375		0.72964
389.5		0.72964
389.625		0.72964
389.75		0.72964
389.875		0.72964
390		0.72964
390.125		0.734123
390.25		0.734123
390.375		0.734123
390.5		0.734123
390.625		0.734123
390.75		0.734123
390.875		0.734123
391		0.734123
391.125		0.734123
391.25		0.734123
391.375		0.734123
391.5		0.734123
391.625		0.734123
391.75		0.734123
391.875		0.734123
392		0.734123
392.125		0.734123
392.25		0.734123
392.375		0.734123
392.5		0.734123
392.625		0.734123
392.75		0.734123
392.875		0.734123
393		0.734123
393.125		0.734123
393.25		0.734123
393.375		0.734123
393.5		0.734123
393.625		0.734123
393.75		0.734123
393.875		0.734123
394		0.734123
394.125		0.734123
394.25		0.734123
394.375		0.734123
394.5		0.734123
394.625		0.734123
394.75		0.734123
394.875		0.734123
395		0.734123
395.125		0.745445
395.25		0.745445
395.375		0.745445
395.5		0.745445
395.625		0.745445
395.75		0.745445
395.875		0.745445
396		0.745445
396.125		0.745445
396.25		0.745445
396.375		0.745445
396.5		0.745445
396.625		0.745445
396.75		0.745445
396.875		0.745445
397		0.745445
397.125		0.745445
397.25		0.745445
397.375		0.745445
397.5		0.745445
397.625		0.745445
397.75		0.745445
397.875		0.745445
398		0.745445
398.125		0.745445
398.25		0.745445
398.375		0.745445
398.5		0.745445
398.625		0.745445
398.75		0.745445
398.875		0.745445
399		0.745445
399.125		0.745445
399.25		0.745445
399.375		0.745445
399.5		0.745445
399.625		0.745445
399.75		0.745445
399.875		0.745445
400		0.745445
400.125		0.745445
400.25		0.745445
400.375		0.745445
400.5		0.745445
400.625		0.745445
400.75		0.745445
400.875		0.745445
401		0.745445
401.125		0.745445
401.25		0.745445
401.375		0.745445
401.5		0.745445
401.625		0.745445
401.75		0.745445
401.875		0.745445
402		0.745445
402.125		0.745445
402.25		0.745445
402.375		0.745445
402.5		0.745445
402.625		0.745445
402.75		0.745445
402.875		0.745445
403		0.745445
403.125		0.745445
403.25		0.745445
403.375		0.745445
403.5		0.745445
403.625		0.745445
403.75		0.745445
403.875		0.745445
404		0.745445
404.125		0.745445
404.25		0.745445
404.375		0.745445
404.5		0.745445
404.625		0.745445
404.75		0.745445
404.875		0.745445
405		0.745445
405.125		0.782631
405.25		0.782631
405.375		0.782631
405.5		0.782631
405.625		0.782631
405.75		0.782631
405.875		0.782631
406		0.782631
406.125		0.782631
406.25		0.782631
406.375		0.782631
406.5		0.782631
406.625		0.782631
406.75		0.782631
406.875		0.782631
407		0.782631
407.125		0.782631
407.25		0.782631
407.375		0.782631
407.5		0.782631
407.625		0.782631
407.75		0.782631
407.875		0.782631
408		0.782631
408.125		0.782631
408.25		0.782631
408.375		0.782631
408.5		0.782631
408.625		0.782631
408.75		0.782631
408.875		0.782631
409		0.782631
409.125		0.782631
409.25		0.782631
409.375		0.782631
409.5		0.782631
409.625		0.782631
409.75		0.782631
409.875		0.782631
410		0.782631
410.125		0.801081
410.25		0.801081
410.375		0.801081
410.5		0.801081
410.625		0.801081
410.75		0.801081
410.875		0.801081
411		0.801081
411.125		0.801081
411.25		0.801081
411.375		0.801081
411.5		0.801081
411.625		0.801081
411.75		0.801081
411.875		0.801081
412		0.801081
412.125		0.801081
412.25		0.801081
412.375		0.801081
412.5		0.801081
412.625		0.801081
412.75		0.801081
412.875		0.801081
413		0.801081
413.125		0.801081
413.25		0.801081
413.375		0.801081
413.5		0.801081
413.625		0.801081
413.75		0.801081
413.875		0.801081
414		0.801081
414.125		0.801081
414.25		0.801081
414.375		0.801081
414.5		0.801081
414.625		0.801081
414.75		0.801081
414.875		0.801081
415		0.801081
415.125		0.80246
415.25		0.80246
415.375		0.80246
415.5		0.80246
415.625		0.80246
415.75		0.80246
415.875		0.80246
416		0.80246
416.125		0.80246
416.25		0.80246
416.375		0.80246
416.5		0.80246
416.625		0.80246
416.75		0.80246
416.875		0.80246
417		0.80246
417.125		0.80246
417.25		0.80246
417.375		0.80246
417.5		0.80246
417.625		0.80246
417.75		0.80246
417.875		0.80246
418		0.80246
418.125		0.80246
418.25		0.80246
418.375		0.80246
418.5		0.80246
418.625		0.80246
418.75		0.80246
418.875		0.80246
419		0.80246
419.125		0.80246
419.25		0.80246
419.375		0.80246
419.5		0.80246
419.625		0.80246
419.75		0.80246
419.875		0.80246
420		0.80246
420.125		0.809299
420.25		0.809299
420.375		0.809299
420.5		0.809299
420.625		0.809299
420.75		0.809299
420.875		0.809299
421		0.809299
421.125		0.809299
421.25		0.809299
421.375		0.809299
421.5		0.809299
421.625		0.809299
421.75		0.809299
421.875		0.809299
422		0.809299
422.125		0.809299
422.25		0.809299
422.375		0.809299
422.5		0.809299
422.625		0.809299
422.75		0.809299
422.875		0.809299
423		0.809299
423.125		0.809299
423.25		0.809299
423.375		0.809299
423.5		0.809299
423.625		0.809299
423.75		0.809299
423.875		0.809299
424		0.809299
424.125		0.809299
424.25		0.809299
424.375		0.809299
424.5		0.809299
424.625		0.809299
424.75		0.809299
424.875		0.809299
425		0.809299
425.125		0.81338
425.25		0.81338
425.375		0.81338
425.5		0.81338
425.625		0.81338
425.75		0.81338
425.875		0.81338
426		0.81338
426.125		0.81338
426.25		0.81338
426.375		0.81338
426.5		0.81338
426.625		0.81338
426.75		0.81338
426.875		0.81338
427		0.81338
427.125		0.81338
427.25		0.81338
427.375		0.81338
427.5		0.81338
427.625		0.81338
427.75		0.81338
427.875		0.81338
428		0.81338
428.125		0.81338
428.25		0.81338
428.375		0.81338
428.5		0.81338
428.625		0.81338
428.75		0.81338
428.875		0.81338
429		0.81338
429.125		0.81338
429.25		0.81338
429.375		0.81338
429.5		0.81338
429.625		0.81338
429.75		0.81338
429.875		0.81338
430		0.81338
430.125		0.8243
430.25		0.8243
430.375		0.8243
430.5		0.8243
430.625		0.8243
430.75		0.8243
430.875		0.8243
431		0.8243
431.125		0.8243
431.25		0.8243
431.375		0.8243
431.5		0.8243
431.625		0.8243
431.75		0.8243
431.875		0.8243
432		0.8243
432.125		0.8243
432.25		0.8243
432.375		0.8243
432.5		0.8243
432.625		0.8243
432.75		0.8243
432.875		0.8243
433		0.8243
433.125		0.8243
433.25		0.8243
433.375		0.8243
433.5		0.8243
433.625		0.8243
433.75		0.8243
433.875		0.8243
434		0.8243
434.125		0.8243
434.25		0.8243
434.375		0.8243
434.5		0.8243
434.625		0.8243
434.75		0.8243
434.875		0.8243
435		0.8243
435.125		0.85252
435.25		0.85252
435.375		0.85252
435.5		0.85252
435.625		0.85252
435.75		0.85252
435.875		0.85252
436		0.85252
436.125		0.85252
436.25		0.85252
436.375		0.85252
436.5		0.85252
436.625		0.85252
436.75		0.85252
436.875		0.85252
437		0.85252
437.125		0.85252
437.25		0.85252
437.375		0.85252
437.5		0.85252
437.625		0.85252
437.75		0.85252
437.875		0.85252
438		0.85252
438.125		0.85252
438.25		0.85252
438.375		0.85252
438.5		0.85252
438.625		0.85252
438.75		0.85252
438.875		0.85252
439		0.85252
439.125		0.85252
439.25		0.85252
439.375		0.85252
439.5		0.85252
439.625		0.85252
439.75		0.85252
439.875		0.85252
440		0.85252
440.125		0.85344
440.25		0.85344
440.375		0.85344
440.5		0.85344
440.625		0.85344
440.75		0.85344
440.875		0.85344
441		0.85344
441.125		0.85344
441.25		0.85344
441.375		0.85344
441.5		0.85344
441.625		0.85344
441.75		0.85344
441.875		0.85344
442		0.85344
442.125		0.85344
442.25		0.85344
442.375		0.85344
442.5		0.85344
442.625		0.85344
442.75		0.85344
442.875		0.85344
443		0.85344
443.125		0.85344
443.25		0.85344
443.375		0.85344
443.5		0.85344
443.625		0.85344
443.75		0.85344
443.875		0.85344
444		0.85344
444.125		0.85344
444.25		0.85344
444.375		0.85344
444.5		0.85344
444.625		0.85344
444.75		0.85344
444.875		0.85344
445		0.85344
445.125		0.854532
445.25		0.854532
445.375		0.854532
445.5		0.854532
445.625		0.854532
445.75		0.854532
445.875		0.854532
446		0.854532
446.125		0.854532
446.25		0.854532
446.375		0.854532
446.5		0.854532
446.625		0.854532
446.75		0.854532
446.875		0.854532
447		0.854532
447.125		0.854532
447.25		0.854532
447.375		0.854532
447.5		0.854532
447.625		0.854532
447.75		0.854532
447.875		0.854532
448		0.854532
448.125		0.854532
448.25		0.854532
448.375		0.854532
448.5		0.854532
448.625		0.854532
448.75		0.854532
448.875		0.854532
449		0.854532
449.125		0.854532
449.25		0.854532
449.375		0.854532
449.5		0.854532
449.625		0.854532
449.75		0.854532
449.875		0.854532
450		0.854532
450.125		0.893672
450.25		0.893672
450.375		0.893672
450.5		0.893672
450.625		0.893672
450.75		0.893672
450.875		0.893672
451		0.893672
451.125		0.893672
451.25		0.893672
451.375		0.893672
451.5		0.893672
451.625		0.893672
451.75		0.893672
451.875		0.893672
452		0.893672
452.125		0.893672
452.25		0.893672
452.375		0.893672
452.5		0.893672
452.625		0.893672
452.75		0.893672
452.875		0.893672
453		0.893672
453.125		0.893672
453.25		0.893672
453.375		0.893672
453.5		0.893672
453.625		0.893672
453.75		0.893672
453.875		0.893672
454		0.893672
454.125		0.893672
454.25		0.893672
454.375		0.893672
454.5		0.893672
454.625		0.893672
454.75		0.893672
454.875		0.893672
455		0.893672
455.125		0.895051
455.25		0.895051
455.375		0.895051
455.5		0.895051
455.625		0.895051
455.75		0.895051
455.875		0.895051
456		0.895051
456.125		0.895051
456.25		0.895051
456.375		0.895051
456.5		0.895051
456.625		0.895051
456.75		0.895051
456.875		0.895051
457		0.895051
457.125		0.895051
457.25		0.895051
457.375		0.895051
457.5		0.895051
457.625		0.895051
457.75		0.895051
457.875		0.895051
458		0.895051
458.125		0.895051
458.25		0.895051
458.375		0.895051
458.5		0.895051
458.625		0.895051
458.75		0.895051
458.875		0.895051
459		0.895051
459.125		0.895051
459.25		0.895051
459.375		0.895051
459.5		0.895051
459.625		0.895051
459.75		0.895051
459.875		0.895051
460		0.895051
460.125		0.91534
460.25		0.91534
460.375		0.91534
460.5		0.91534
460.625		0.91534
460.75		0.91534
460.875		0.91534
461		0.91534
461.125		0.91534
461.25		0.91534
461.375		0.91534
461.5		0.91534
461.625		0.91534
461.75		0.91534
461.875		0.91534
462		0.91534
462.125		0.91534
462.25		0.91534
462.375		0.91534
462.5		0.91534
462.625		0.91534
462.75		0.91534
462.875		0.91534
463		0.91534
463.125		0.91534
463.25		0.91534
463.375		0.91534
463.5		0.91534
463.625		0.91534
463.75		0.91534
463.875		0.91534
464		0.91534
464.125		0.91534
464.25		0.91534
464.375		0.91534
464.5		0.91534
464.625		0.91534
464.75		0.91534
464.875		0.91534
465		0.91534
465.125		0.926662
465.25		0.926662
465.375		0.926662
465.5		0.926662
465.625		0.926662
465.75		0.926662
465.875		0.926662
466		0.926662
466.125		0.926662
466.25		0.926662
466.375		0.926662
466.5		0.926662
466.625		0.926662
466.75		0.926662
466.875		0.926662
467		0.926662
467.125		0.926662
467.25		0.926662
467.375		0.926662
467.5		0.926662
467.625		0.926662
467.75		0.926662
467.875		0.926662
468		0.926662
468.125		0.926662
468.25		0.926662
468.375		0.926662
468.5		0.926662
468.625		0.926662
468.75		0.926662
468.875		0.926662
469		0.926662
469.125		0.926662
469.25		0.926662
469.375		0.926662
469.5		0.926662
469.625		0.926662
469.75		0.926662
469.875		0.926662
470		0.926662
470.125		0.936261
470.25		0.936261
470.375		0.936261
470.5		0.936261
470.625		0.936261
470.75		0.936261
470.875		0.936261
471		0.936261
471.125		0.936261
471.25		0.936261
471.375		0.936261
471.5		0.936261
471.625		0.936261
471.75		0.936261
471.875		0.936261
472		0.936261
472.125		0.936261
472.25		0.936261
472.375		0.936261
472.5		0.936261
472.625		0.936261
472.75		0.936261
472.875		0.936261
473		0.936261
473.125		0.936261
473.25		0.936261
473.375		0.936261
473.5		0.936261
473.625		0.936261
473.75		0.936261
473.875		0.936261
474		0.936261
474.125		0.936261
474.25		0.936261
474.375		0.936261
474.5		0.936261
474.625		0.936261
474.75		0.936261
474.875		0.936261
475		0.936261
475.125		0.948043
475.25		0.948043
475.375		0.948043
475.5		0.948043
475.625		0.948043
475.75		0.948043
475.875		0.948043
476		0.948043
476.125		0.948043
476.25		0.948043
476.375		0.948043
476.5		0.948043
476.625		0.948043
476.75		0.948043
476.875		0.948043
477		0.948043
477.125		0.948043
477.25		0.948043
477.375		0.948043
477.5		0.948043
477.625		0.948043
477.75		0.948043
477.875		0.948043
478		0.948043
478.125		0.948043
478.25		0.948043
478.375		0.948043
478.5		0.948043
478.625		0.948043
478.75		0.948043
478.875		0.948043
479		0.948043
479.125		0.948043
479.25		0.948043
479.375		0.948043
479.5		0.948043
479.625		0.948043
479.75		0.948043
479.875		0.948043
480		0.948043
480.125		0.960975
480.25		0.960975
480.375		0.960975
480.5		0.960975
480.625		0.960975
480.75		0.960975
480.875		0.960975
481		0.960975
481.125		0.960975
481.25		0.960975
481.375		0.960975
481.5		0.960975
481.625		0.960975
481.75		0.960975
481.875		0.960975
482		0.960975
482.125		0.960975
482.25		0.960975
482.375		0.960975
482.5		0.960975
482.625		0.960975
482.75		0.960975
482.875		0.960975
483		0.960975
483.125		0.960975
483.25		0.960975
483.375		0.960975
483.5		0.960975
483.625		0.960975
483.75		0.960975
483.875		0.960975
484		0.960975
484.125		0.960975
484.25		0.960975
484.375		0.960975
484.5		0.960975
484.625		0.960975
484.75		0.960975
484.875		0.960975
485		0.960975
485.125		0.977987
485.25		0.977987
485.375		0.977987
485.5		0.977987
485.625		0.977987
485.75		0.977987
485.875		0.977987
486		0.977987
486.125		0.977987
486.25		0.977987
486.375		0.977987
486.5		0.977987
486.625		0.977987
486.75		0.977987
486.875		0.977987
487		0.977987
487.125		0.977987
487.25		0.977987
487.375		0.977987
487.5		0.977987
487.625		0.977987
487.75		0.977987
487.875		0.977987
488		0.977987
488.125		0.977987
488.25		0.977987
488.375		0.977987
488.5		0.977987
488.625		0.977987
488.75		0.977987
488.875		0.977987
489		0.977987
489.125		0.977987
489.25		0.977987
489.375		0.977987
489.5		0.977987
489.625		0.977987
489.75		0.977987
489.875		0.977987
490		0.977987
490.125		0.987011
490.25		0.987011
490.375		0.987011
490.5		0.987011
490.625		0.987011
490.75		0.987011
490.875		0.987011
491		0.987011
491.125		0.987011
491.25		0.987011
491.375		0.987011
491.5		0.987011
491.625		0.987011
491.75		0.987011
491.875		0.987011
492		0.987011
492.125		0.987011
492.25		0.987011
492.375		0.987011
492.5		0.987011
492.625		0.987011
492.75		0.987011
492.875		0.987011
493		0.987011
493.125		0.987011
493.25		0.987011
493.375		0.987011
493.5		0.987011
493.625		0.987011
493.75		0.987011
493.875		0.987011
494		0.987011
494.125		0.987011
494.25		0.987011
494.375		0.987011
494.5		0.987011
494.625		0.987011
494.75		0.987011
494.875		0.987011
495		0.987011
495.125		1
495.25		1
495.375		1
495.5		1
495.625		1
495.75		1
495.875		1
496		1
496.125		1
496.25		1
496.375		1
496.5		1
496.625		1
496.75		1
496.875		1
497		1
497.125		1
497.25		1
497.375		1
497.5		1
497.625		1
497.75		1
497.875		1
498		1
498.125		1
498.25		1
498.375		1
498.5		1
498.625		1
498.75		1
498.875		1
499		1
499.125		1
499.25		1
499.375		1
499.5		1
499.625		1
499.75		1
499.875		1
500		1
