# Calibration file of tamex_id 0 @ channel 16
# fine_T bin		 Calibration value
0.125		0
0.25		0
0.375		0
0.5		0
0.625		0
0.75		0
0.875		0
1		0
1.125		0
1.25		0
1.375		0
1.5		0
1.625		0
1.75		0
1.875		0
2		0
2.125		0
2.25		0
2.375		0
2.5		0
2.625		0
2.75		0
2.875		0
3		0
3.125		0
3.25		0
3.375		0
3.5		0
3.625		0
3.75		0
3.875		0
4		0
4.125		0
4.25		0
4.375		0
4.5		0
4.625		0
4.75		0
4.875		0
5		0
5.125		0
5.25		0
5.375		0
5.5		0
5.625		0
5.75		0
5.875		0
6		0
6.125		0
6.25		0
6.375		0
6.5		0
6.625		0
6.75		0
6.875		0
7		0
7.125		0
7.25		0
7.375		0
7.5		0
7.625		0
7.75		0
7.875		0
8		0
8.125		0
8.25		0
8.375		0
8.5		0
8.625		0
8.75		0
8.875		0
9		0
9.125		0
9.25		0
9.375		0
9.5		0
9.625		0
9.75		0
9.875		0
10		0
10.125		0
10.25		0
10.375		0
10.5		0
10.625		0
10.75		0
10.875		0
11		0
11.125		0
11.25		0
11.375		0
11.5		0
11.625		0
11.75		0
11.875		0
12		0
12.125		0
12.25		0
12.375		0
12.5		0
12.625		0
12.75		0
12.875		0
13		0
13.125		0
13.25		0
13.375		0
13.5		0
13.625		0
13.75		0
13.875		0
14		0
14.125		0
14.25		0
14.375		0
14.5		0
14.625		0
14.75		0
14.875		0
15		0
15.125		0
15.25		0
15.375		0
15.5		0
15.625		0
15.75		0
15.875		0
16		0
16.125		0
16.25		0
16.375		0
16.5		0
16.625		0
16.75		0
16.875		0
17		0
17.125		0
17.25		0
17.375		0
17.5		0
17.625		0
17.75		0
17.875		0
18		0
18.125		0
18.25		0
18.375		0
18.5		0
18.625		0
18.75		0
18.875		0
19		0
19.125		0
19.25		0
19.375		0
19.5		0
19.625		0
19.75		0
19.875		0
20		0
20.125		0
20.25		0
20.375		0
20.5		0
20.625		0
20.75		0
20.875		0
21		0
21.125		0
21.25		0
21.375		0
21.5		0
21.625		0
21.75		0
21.875		0
22		0
22.125		0
22.25		0
22.375		0
22.5		0
22.625		0
22.75		0
22.875		0
23		0
23.125		0
23.25		0
23.375		0
23.5		0
23.625		0
23.75		0
23.875		0
24		0
24.125		0
24.25		0
24.375		0
24.5		0
24.625		0
24.75		0
24.875		0
25		0
25.125		0
25.25		0
25.375		0
25.5		0
25.625		0
25.75		0
25.875		0
26		0
26.125		0
26.25		0
26.375		0
26.5		0
26.625		0
26.75		0
26.875		0
27		0
27.125		0
27.25		0
27.375		0
27.5		0
27.625		0
27.75		0
27.875		0
28		0
28.125		0
28.25		0
28.375		0
28.5		0
28.625		0
28.75		0
28.875		0
29		0
29.125		0
29.25		0
29.375		0
29.5		0
29.625		0
29.75		0
29.875		0
30		0
30.125		0
30.25		0
30.375		0
30.5		0
30.625		0
30.75		0
30.875		0
31		0
31.125		0
31.25		0
31.375		0
31.5		0
31.625		0
31.75		0
31.875		0
32		0
32.125		0
32.25		0
32.375		0
32.5		0
32.625		0
32.75		0
32.875		0
33		0
33.125		0
33.25		0
33.375		0
33.5		0
33.625		0
33.75		0
33.875		0
34		0
34.125		0
34.25		0
34.375		0
34.5		0
34.625		0
34.75		0
34.875		0
35		0
35.125		0
35.25		0
35.375		0
35.5		0
35.625		0
35.75		0
35.875		0
36		0
36.125		0
36.25		0
36.375		0
36.5		0
36.625		0
36.75		0
36.875		0
37		0
37.125		0
37.25		0
37.375		0
37.5		0
37.625		0
37.75		0
37.875		0
38		0
38.125		0
38.25		0
38.375		0
38.5		0
38.625		0
38.75		0
38.875		0
39		0
39.125		0
39.25		0
39.375		0
39.5		0
39.625		0
39.75		0
39.875		0
40		0
40.125		0
40.25		0
40.375		0
40.5		0
40.625		0
40.75		0
40.875		0
41		0
41.125		0
41.25		0
41.375		0
41.5		0
41.625		0
41.75		0
41.875		0
42		0
42.125		0
42.25		0
42.375		0
42.5		0
42.625		0
42.75		0
42.875		0
43		0
43.125		0
43.25		0
43.375		0
43.5		0
43.625		0
43.75		0
43.875		0
44		0
44.125		0
44.25		0
44.375		0
44.5		0
44.625		0
44.75		0
44.875		0
45		0
45.125		0
45.25		0
45.375		0
45.5		0
45.625		0
45.75		0
45.875		0
46		0
46.125		0
46.25		0
46.375		0
46.5		0
46.625		0
46.75		0
46.875		0
47		0
47.125		0
47.25		0
47.375		0
47.5		0
47.625		0
47.75		0
47.875		0
48		0
48.125		0
48.25		0
48.375		0
48.5		0
48.625		0
48.75		0
48.875		0
49		0
49.125		0
49.25		0
49.375		0
49.5		0
49.625		0
49.75		0
49.875		0
50		0
50.125		0
50.25		0
50.375		0
50.5		0
50.625		0
50.75		0
50.875		0
51		0
51.125		0
51.25		0
51.375		0
51.5		0
51.625		0
51.75		0
51.875		0
52		0
52.125		0
52.25		0
52.375		0
52.5		0
52.625		0
52.75		0
52.875		0
53		0
53.125		0
53.25		0
53.375		0
53.5		0
53.625		0
53.75		0
53.875		0
54		0
54.125		0
54.25		0
54.375		0
54.5		0
54.625		0
54.75		0
54.875		0
55		0
55.125		0
55.25		0
55.375		0
55.5		0
55.625		0
55.75		0
55.875		0
56		0
56.125		0
56.25		0
56.375		0
56.5		0
56.625		0
56.75		0
56.875		0
57		0
57.125		0
57.25		0
57.375		0
57.5		0
57.625		0
57.75		0
57.875		0
58		0
58.125		0
58.25		0
58.375		0
58.5		0
58.625		0
58.75		0
58.875		0
59		0
59.125		0
59.25		0
59.375		0
59.5		0
59.625		0
59.75		0
59.875		0
60		0
60.125		0
60.25		0
60.375		0
60.5		0
60.625		0
60.75		0
60.875		0
61		0
61.125		0
61.25		0
61.375		0
61.5		0
61.625		0
61.75		0
61.875		0
62		0
62.125		0
62.25		0
62.375		0
62.5		0
62.625		0
62.75		0
62.875		0
63		0
63.125		0
63.25		0
63.375		0
63.5		0
63.625		0
63.75		0
63.875		0
64		0
64.125		0
64.25		0
64.375		0
64.5		0
64.625		0
64.75		0
64.875		0
65		0
65.125		0
65.25		0
65.375		0
65.5		0
65.625		0
65.75		0
65.875		0
66		0
66.125		0
66.25		0
66.375		0
66.5		0
66.625		0
66.75		0
66.875		0
67		0
67.125		0
67.25		0
67.375		0
67.5		0
67.625		0
67.75		0
67.875		0
68		0
68.125		0
68.25		0
68.375		0
68.5		0
68.625		0
68.75		0
68.875		0
69		0
69.125		0
69.25		0
69.375		0
69.5		0
69.625		0
69.75		0
69.875		0
70		0
70.125		0
70.25		0
70.375		0
70.5		0
70.625		0
70.75		0
70.875		0
71		0
71.125		0
71.25		0
71.375		0
71.5		0
71.625		0
71.75		0
71.875		0
72		0
72.125		0
72.25		0
72.375		0
72.5		0
72.625		0
72.75		0
72.875		0
73		0
73.125		0
73.25		0
73.375		0
73.5		0
73.625		0
73.75		0
73.875		0
74		0
74.125		0
74.25		0
74.375		0
74.5		0
74.625		0
74.75		0
74.875		0
75		0
75.125		0
75.25		0
75.375		0
75.5		0
75.625		0
75.75		0
75.875		0
76		0
76.125		0
76.25		0
76.375		0
76.5		0
76.625		0
76.75		0
76.875		0
77		0
77.125		0
77.25		0
77.375		0
77.5		0
77.625		0
77.75		0
77.875		0
78		0
78.125		0
78.25		0
78.375		0
78.5		0
78.625		0
78.75		0
78.875		0
79		0
79.125		0
79.25		0
79.375		0
79.5		0
79.625		0
79.75		0
79.875		0
80		0
80.125		0.0389827
80.25		0.0389827
80.375		0.0389827
80.5		0.0389827
80.625		0.0389827
80.75		0.0389827
80.875		0.0389827
81		0.0389827
81.125		0.0389827
81.25		0.0389827
81.375		0.0389827
81.5		0.0389827
81.625		0.0389827
81.75		0.0389827
81.875		0.0389827
82		0.0389827
82.125		0.0389827
82.25		0.0389827
82.375		0.0389827
82.5		0.0389827
82.625		0.0389827
82.75		0.0389827
82.875		0.0389827
83		0.0389827
83.125		0.0389827
83.25		0.0389827
83.375		0.0389827
83.5		0.0389827
83.625		0.0389827
83.75		0.0389827
83.875		0.0389827
84		0.0389827
84.125		0.0389827
84.25		0.0389827
84.375		0.0389827
84.5		0.0389827
84.625		0.0389827
84.75		0.0389827
84.875		0.0389827
85		0.0389827
85.125		0.0591516
85.25		0.0591516
85.375		0.0591516
85.5		0.0591516
85.625		0.0591516
85.75		0.0591516
85.875		0.0591516
86		0.0591516
86.125		0.0591516
86.25		0.0591516
86.375		0.0591516
86.5		0.0591516
86.625		0.0591516
86.75		0.0591516
86.875		0.0591516
87		0.0591516
87.125		0.0591516
87.25		0.0591516
87.375		0.0591516
87.5		0.0591516
87.625		0.0591516
87.75		0.0591516
87.875		0.0591516
88		0.0591516
88.125		0.0591516
88.25		0.0591516
88.375		0.0591516
88.5		0.0591516
88.625		0.0591516
88.75		0.0591516
88.875		0.0591516
89		0.0591516
89.125		0.0591516
89.25		0.0591516
89.375		0.0591516
89.5		0.0591516
89.625		0.0591516
89.75		0.0591516
89.875		0.0591516
90		0.0591516
90.125		0.0675943
90.25		0.0675943
90.375		0.0675943
90.5		0.0675943
90.625		0.0675943
90.75		0.0675943
90.875		0.0675943
91		0.0675943
91.125		0.0675943
91.25		0.0675943
91.375		0.0675943
91.5		0.0675943
91.625		0.0675943
91.75		0.0675943
91.875		0.0675943
92		0.0675943
92.125		0.0675943
92.25		0.0675943
92.375		0.0675943
92.5		0.0675943
92.625		0.0675943
92.75		0.0675943
92.875		0.0675943
93		0.0675943
93.125		0.0675943
93.25		0.0675943
93.375		0.0675943
93.5		0.0675943
93.625		0.0675943
93.75		0.0675943
93.875		0.0675943
94		0.0675943
94.125		0.0675943
94.25		0.0675943
94.375		0.0675943
94.5		0.0675943
94.625		0.0675943
94.75		0.0675943
94.875		0.0675943
95		0.0675943
95.125		0.0694184
95.25		0.0694184
95.375		0.0694184
95.5		0.0694184
95.625		0.0694184
95.75		0.0694184
95.875		0.0694184
96		0.0694184
96.125		0.0694184
96.25		0.0694184
96.375		0.0694184
96.5		0.0694184
96.625		0.0694184
96.75		0.0694184
96.875		0.0694184
97		0.0694184
97.125		0.0694184
97.25		0.0694184
97.375		0.0694184
97.5		0.0694184
97.625		0.0694184
97.75		0.0694184
97.875		0.0694184
98		0.0694184
98.125		0.0694184
98.25		0.0694184
98.375		0.0694184
98.5		0.0694184
98.625		0.0694184
98.75		0.0694184
98.875		0.0694184
99		0.0694184
99.125		0.0694184
99.25		0.0694184
99.375		0.0694184
99.5		0.0694184
99.625		0.0694184
99.75		0.0694184
99.875		0.0694184
100		0.0694184
100.125		0.103659
100.25		0.103659
100.375		0.103659
100.5		0.103659
100.625		0.103659
100.75		0.103659
100.875		0.103659
101		0.103659
101.125		0.103659
101.25		0.103659
101.375		0.103659
101.5		0.103659
101.625		0.103659
101.75		0.103659
101.875		0.103659
102		0.103659
102.125		0.103659
102.25		0.103659
102.375		0.103659
102.5		0.103659
102.625		0.103659
102.75		0.103659
102.875		0.103659
103		0.103659
103.125		0.103659
103.25		0.103659
103.375		0.103659
103.5		0.103659
103.625		0.103659
103.75		0.103659
103.875		0.103659
104		0.103659
104.125		0.103659
104.25		0.103659
104.375		0.103659
104.5		0.103659
104.625		0.103659
104.75		0.103659
104.875		0.103659
105		0.103659
105.125		0.11528
105.25		0.11528
105.375		0.11528
105.5		0.11528
105.625		0.11528
105.75		0.11528
105.875		0.11528
106		0.11528
106.125		0.11528
106.25		0.11528
106.375		0.11528
106.5		0.11528
106.625		0.11528
106.75		0.11528
106.875		0.11528
107		0.11528
107.125		0.11528
107.25		0.11528
107.375		0.11528
107.5		0.11528
107.625		0.11528
107.75		0.11528
107.875		0.11528
108		0.11528
108.125		0.11528
108.25		0.11528
108.375		0.11528
108.5		0.11528
108.625		0.11528
108.75		0.11528
108.875		0.11528
109		0.11528
109.125		0.11528
109.25		0.11528
109.375		0.11528
109.5		0.11528
109.625		0.11528
109.75		0.11528
109.875		0.11528
110		0.11528
110.125		0.127632
110.25		0.127632
110.375		0.127632
110.5		0.127632
110.625		0.127632
110.75		0.127632
110.875		0.127632
111		0.127632
111.125		0.127632
111.25		0.127632
111.375		0.127632
111.5		0.127632
111.625		0.127632
111.75		0.127632
111.875		0.127632
112		0.127632
112.125		0.127632
112.25		0.127632
112.375		0.127632
112.5		0.127632
112.625		0.127632
112.75		0.127632
112.875		0.127632
113		0.127632
113.125		0.127632
113.25		0.127632
113.375		0.127632
113.5		0.127632
113.625		0.127632
113.75		0.127632
113.875		0.127632
114		0.127632
114.125		0.127632
114.25		0.127632
114.375		0.127632
114.5		0.127632
114.625		0.127632
114.75		0.127632
114.875		0.127632
115		0.127632
115.125		0.128518
115.25		0.128518
115.375		0.128518
115.5		0.128518
115.625		0.128518
115.75		0.128518
115.875		0.128518
116		0.128518
116.125		0.128518
116.25		0.128518
116.375		0.128518
116.5		0.128518
116.625		0.128518
116.75		0.128518
116.875		0.128518
117		0.128518
117.125		0.128518
117.25		0.128518
117.375		0.128518
117.5		0.128518
117.625		0.128518
117.75		0.128518
117.875		0.128518
118		0.128518
118.125		0.128518
118.25		0.128518
118.375		0.128518
118.5		0.128518
118.625		0.128518
118.75		0.128518
118.875		0.128518
119		0.128518
119.125		0.128518
119.25		0.128518
119.375		0.128518
119.5		0.128518
119.625		0.128518
119.75		0.128518
119.875		0.128518
120		0.128518
120.125		0.154993
120.25		0.154993
120.375		0.154993
120.5		0.154993
120.625		0.154993
120.75		0.154993
120.875		0.154993
121		0.154993
121.125		0.154993
121.25		0.154993
121.375		0.154993
121.5		0.154993
121.625		0.154993
121.75		0.154993
121.875		0.154993
122		0.154993
122.125		0.154993
122.25		0.154993
122.375		0.154993
122.5		0.154993
122.625		0.154993
122.75		0.154993
122.875		0.154993
123		0.154993
123.125		0.154993
123.25		0.154993
123.375		0.154993
123.5		0.154993
123.625		0.154993
123.75		0.154993
123.875		0.154993
124		0.154993
124.125		0.154993
124.25		0.154993
124.375		0.154993
124.5		0.154993
124.625		0.154993
124.75		0.154993
124.875		0.154993
125		0.154993
125.125		0.155774
125.25		0.155774
125.375		0.155774
125.5		0.155774
125.625		0.155774
125.75		0.155774
125.875		0.155774
126		0.155774
126.125		0.155774
126.25		0.155774
126.375		0.155774
126.5		0.155774
126.625		0.155774
126.75		0.155774
126.875		0.155774
127		0.155774
127.125		0.155774
127.25		0.155774
127.375		0.155774
127.5		0.155774
127.625		0.155774
127.75		0.155774
127.875		0.155774
128		0.155774
128.125		0.155774
128.25		0.155774
128.375		0.155774
128.5		0.155774
128.625		0.155774
128.75		0.155774
128.875		0.155774
129		0.155774
129.125		0.155774
129.25		0.155774
129.375		0.155774
129.5		0.155774
129.625		0.155774
129.75		0.155774
129.875		0.155774
130		0.155774
130.125		0.165885
130.25		0.165885
130.375		0.165885
130.5		0.165885
130.625		0.165885
130.75		0.165885
130.875		0.165885
131		0.165885
131.125		0.165885
131.25		0.165885
131.375		0.165885
131.5		0.165885
131.625		0.165885
131.75		0.165885
131.875		0.165885
132		0.165885
132.125		0.165885
132.25		0.165885
132.375		0.165885
132.5		0.165885
132.625		0.165885
132.75		0.165885
132.875		0.165885
133		0.165885
133.125		0.165885
133.25		0.165885
133.375		0.165885
133.5		0.165885
133.625		0.165885
133.75		0.165885
133.875		0.165885
134		0.165885
134.125		0.165885
134.25		0.165885
134.375		0.165885
134.5		0.165885
134.625		0.165885
134.75		0.165885
134.875		0.165885
135		0.165885
135.125		0.186419
135.25		0.186419
135.375		0.186419
135.5		0.186419
135.625		0.186419
135.75		0.186419
135.875		0.186419
136		0.186419
136.125		0.186419
136.25		0.186419
136.375		0.186419
136.5		0.186419
136.625		0.186419
136.75		0.186419
136.875		0.186419
137		0.186419
137.125		0.186419
137.25		0.186419
137.375		0.186419
137.5		0.186419
137.625		0.186419
137.75		0.186419
137.875		0.186419
138		0.186419
138.125		0.186419
138.25		0.186419
138.375		0.186419
138.5		0.186419
138.625		0.186419
138.75		0.186419
138.875		0.186419
139		0.186419
139.125		0.186419
139.25		0.186419
139.375		0.186419
139.5		0.186419
139.625		0.186419
139.75		0.186419
139.875		0.186419
140		0.186419
140.125		0.197988
140.25		0.197988
140.375		0.197988
140.5		0.197988
140.625		0.197988
140.75		0.197988
140.875		0.197988
141		0.197988
141.125		0.197988
141.25		0.197988
141.375		0.197988
141.5		0.197988
141.625		0.197988
141.75		0.197988
141.875		0.197988
142		0.197988
142.125		0.197988
142.25		0.197988
142.375		0.197988
142.5		0.197988
142.625		0.197988
142.75		0.197988
142.875		0.197988
143		0.197988
143.125		0.197988
143.25		0.197988
143.375		0.197988
143.5		0.197988
143.625		0.197988
143.75		0.197988
143.875		0.197988
144		0.197988
144.125		0.197988
144.25		0.197988
144.375		0.197988
144.5		0.197988
144.625		0.197988
144.75		0.197988
144.875		0.197988
145		0.197988
145.125		0.199135
145.25		0.199135
145.375		0.199135
145.5		0.199135
145.625		0.199135
145.75		0.199135
145.875		0.199135
146		0.199135
146.125		0.199135
146.25		0.199135
146.375		0.199135
146.5		0.199135
146.625		0.199135
146.75		0.199135
146.875		0.199135
147		0.199135
147.125		0.199135
147.25		0.199135
147.375		0.199135
147.5		0.199135
147.625		0.199135
147.75		0.199135
147.875		0.199135
148		0.199135
148.125		0.199135
148.25		0.199135
148.375		0.199135
148.5		0.199135
148.625		0.199135
148.75		0.199135
148.875		0.199135
149		0.199135
149.125		0.199135
149.25		0.199135
149.375		0.199135
149.5		0.199135
149.625		0.199135
149.75		0.199135
149.875		0.199135
150		0.199135
150.125		0.213936
150.25		0.213936
150.375		0.213936
150.5		0.213936
150.625		0.213936
150.75		0.213936
150.875		0.213936
151		0.213936
151.125		0.213936
151.25		0.213936
151.375		0.213936
151.5		0.213936
151.625		0.213936
151.75		0.213936
151.875		0.213936
152		0.213936
152.125		0.213936
152.25		0.213936
152.375		0.213936
152.5		0.213936
152.625		0.213936
152.75		0.213936
152.875		0.213936
153		0.213936
153.125		0.213936
153.25		0.213936
153.375		0.213936
153.5		0.213936
153.625		0.213936
153.75		0.213936
153.875		0.213936
154		0.213936
154.125		0.213936
154.25		0.213936
154.375		0.213936
154.5		0.213936
154.625		0.213936
154.75		0.213936
154.875		0.213936
155		0.213936
155.125		0.222535
155.25		0.222535
155.375		0.222535
155.5		0.222535
155.625		0.222535
155.75		0.222535
155.875		0.222535
156		0.222535
156.125		0.222535
156.25		0.222535
156.375		0.222535
156.5		0.222535
156.625		0.222535
156.75		0.222535
156.875		0.222535
157		0.222535
157.125		0.222535
157.25		0.222535
157.375		0.222535
157.5		0.222535
157.625		0.222535
157.75		0.222535
157.875		0.222535
158		0.222535
158.125		0.222535
158.25		0.222535
158.375		0.222535
158.5		0.222535
158.625		0.222535
158.75		0.222535
158.875		0.222535
159		0.222535
159.125		0.222535
159.25		0.222535
159.375		0.222535
159.5		0.222535
159.625		0.222535
159.75		0.222535
159.875		0.222535
160		0.222535
160.125		0.230248
160.25		0.230248
160.375		0.230248
160.5		0.230248
160.625		0.230248
160.75		0.230248
160.875		0.230248
161		0.230248
161.125		0.230248
161.25		0.230248
161.375		0.230248
161.5		0.230248
161.625		0.230248
161.75		0.230248
161.875		0.230248
162		0.230248
162.125		0.230248
162.25		0.230248
162.375		0.230248
162.5		0.230248
162.625		0.230248
162.75		0.230248
162.875		0.230248
163		0.230248
163.125		0.230248
163.25		0.230248
163.375		0.230248
163.5		0.230248
163.625		0.230248
163.75		0.230248
163.875		0.230248
164		0.230248
164.125		0.230248
164.25		0.230248
164.375		0.230248
164.5		0.230248
164.625		0.230248
164.75		0.230248
164.875		0.230248
165		0.230248
165.125		0.251042
165.25		0.251042
165.375		0.251042
165.5		0.251042
165.625		0.251042
165.75		0.251042
165.875		0.251042
166		0.251042
166.125		0.251042
166.25		0.251042
166.375		0.251042
166.5		0.251042
166.625		0.251042
166.75		0.251042
166.875		0.251042
167		0.251042
167.125		0.251042
167.25		0.251042
167.375		0.251042
167.5		0.251042
167.625		0.251042
167.75		0.251042
167.875		0.251042
168		0.251042
168.125		0.251042
168.25		0.251042
168.375		0.251042
168.5		0.251042
168.625		0.251042
168.75		0.251042
168.875		0.251042
169		0.251042
169.125		0.251042
169.25		0.251042
169.375		0.251042
169.5		0.251042
169.625		0.251042
169.75		0.251042
169.875		0.251042
170		0.251042
170.125		0.252345
170.25		0.252345
170.375		0.252345
170.5		0.252345
170.625		0.252345
170.75		0.252345
170.875		0.252345
171		0.252345
171.125		0.252345
171.25		0.252345
171.375		0.252345
171.5		0.252345
171.625		0.252345
171.75		0.252345
171.875		0.252345
172		0.252345
172.125		0.252345
172.25		0.252345
172.375		0.252345
172.5		0.252345
172.625		0.252345
172.75		0.252345
172.875		0.252345
173		0.252345
173.125		0.252345
173.25		0.252345
173.375		0.252345
173.5		0.252345
173.625		0.252345
173.75		0.252345
173.875		0.252345
174		0.252345
174.125		0.252345
174.25		0.252345
174.375		0.252345
174.5		0.252345
174.625		0.252345
174.75		0.252345
174.875		0.252345
175		0.252345
175.125		0.258547
175.25		0.258547
175.375		0.258547
175.5		0.258547
175.625		0.258547
175.75		0.258547
175.875		0.258547
176		0.258547
176.125		0.258547
176.25		0.258547
176.375		0.258547
176.5		0.258547
176.625		0.258547
176.75		0.258547
176.875		0.258547
177		0.258547
177.125		0.258547
177.25		0.258547
177.375		0.258547
177.5		0.258547
177.625		0.258547
177.75		0.258547
177.875		0.258547
178		0.258547
178.125		0.258547
178.25		0.258547
178.375		0.258547
178.5		0.258547
178.625		0.258547
178.75		0.258547
178.875		0.258547
179		0.258547
179.125		0.258547
179.25		0.258547
179.375		0.258547
179.5		0.258547
179.625		0.258547
179.75		0.258547
179.875		0.258547
180		0.258547
180.125		0.267198
180.25		0.267198
180.375		0.267198
180.5		0.267198
180.625		0.267198
180.75		0.267198
180.875		0.267198
181		0.267198
181.125		0.267198
181.25		0.267198
181.375		0.267198
181.5		0.267198
181.625		0.267198
181.75		0.267198
181.875		0.267198
182		0.267198
182.125		0.267198
182.25		0.267198
182.375		0.267198
182.5		0.267198
182.625		0.267198
182.75		0.267198
182.875		0.267198
183		0.267198
183.125		0.267198
183.25		0.267198
183.375		0.267198
183.5		0.267198
183.625		0.267198
183.75		0.267198
183.875		0.267198
184		0.267198
184.125		0.267198
184.25		0.267198
184.375		0.267198
184.5		0.267198
184.625		0.267198
184.75		0.267198
184.875		0.267198
185		0.267198
185.125		0.29065
185.25		0.29065
185.375		0.29065
185.5		0.29065
185.625		0.29065
185.75		0.29065
185.875		0.29065
186		0.29065
186.125		0.29065
186.25		0.29065
186.375		0.29065
186.5		0.29065
186.625		0.29065
186.75		0.29065
186.875		0.29065
187		0.29065
187.125		0.29065
187.25		0.29065
187.375		0.29065
187.5		0.29065
187.625		0.29065
187.75		0.29065
187.875		0.29065
188		0.29065
188.125		0.29065
188.25		0.29065
188.375		0.29065
188.5		0.29065
188.625		0.29065
188.75		0.29065
188.875		0.29065
189		0.29065
189.125		0.29065
189.25		0.29065
189.375		0.29065
189.5		0.29065
189.625		0.29065
189.75		0.29065
189.875		0.29065
190		0.29065
190.125		0.292318
190.25		0.292318
190.375		0.292318
190.5		0.292318
190.625		0.292318
190.75		0.292318
190.875		0.292318
191		0.292318
191.125		0.292318
191.25		0.292318
191.375		0.292318
191.5		0.292318
191.625		0.292318
191.75		0.292318
191.875		0.292318
192		0.292318
192.125		0.292318
192.25		0.292318
192.375		0.292318
192.5		0.292318
192.625		0.292318
192.75		0.292318
192.875		0.292318
193		0.292318
193.125		0.292318
193.25		0.292318
193.375		0.292318
193.5		0.292318
193.625		0.292318
193.75		0.292318
193.875		0.292318
194		0.292318
194.125		0.292318
194.25		0.292318
194.375		0.292318
194.5		0.292318
194.625		0.292318
194.75		0.292318
194.875		0.292318
195		0.292318
195.125		0.295966
195.25		0.295966
195.375		0.295966
195.5		0.295966
195.625		0.295966
195.75		0.295966
195.875		0.295966
196		0.295966
196.125		0.295966
196.25		0.295966
196.375		0.295966
196.5		0.295966
196.625		0.295966
196.75		0.295966
196.875		0.295966
197		0.295966
197.125		0.295966
197.25		0.295966
197.375		0.295966
197.5		0.295966
197.625		0.295966
197.75		0.295966
197.875		0.295966
198		0.295966
198.125		0.295966
198.25		0.295966
198.375		0.295966
198.5		0.295966
198.625		0.295966
198.75		0.295966
198.875		0.295966
199		0.295966
199.125		0.295966
199.25		0.295966
199.375		0.295966
199.5		0.295966
199.625		0.295966
199.75		0.295966
199.875		0.295966
200		0.295966
200.125		0.32562
200.25		0.32562
200.375		0.32562
200.5		0.32562
200.625		0.32562
200.75		0.32562
200.875		0.32562
201		0.32562
201.125		0.32562
201.25		0.32562
201.375		0.32562
201.5		0.32562
201.625		0.32562
201.75		0.32562
201.875		0.32562
202		0.32562
202.125		0.32562
202.25		0.32562
202.375		0.32562
202.5		0.32562
202.625		0.32562
202.75		0.32562
202.875		0.32562
203		0.32562
203.125		0.32562
203.25		0.32562
203.375		0.32562
203.5		0.32562
203.625		0.32562
203.75		0.32562
203.875		0.32562
204		0.32562
204.125		0.32562
204.25		0.32562
204.375		0.32562
204.5		0.32562
204.625		0.32562
204.75		0.32562
204.875		0.32562
205		0.32562
205.125		0.326506
205.25		0.326506
205.375		0.326506
205.5		0.326506
205.625		0.326506
205.75		0.326506
205.875		0.326506
206		0.326506
206.125		0.326506
206.25		0.326506
206.375		0.326506
206.5		0.326506
206.625		0.326506
206.75		0.326506
206.875		0.326506
207		0.326506
207.125		0.326506
207.25		0.326506
207.375		0.326506
207.5		0.326506
207.625		0.326506
207.75		0.326506
207.875		0.326506
208		0.326506
208.125		0.326506
208.25		0.326506
208.375		0.326506
208.5		0.326506
208.625		0.326506
208.75		0.326506
208.875		0.326506
209		0.326506
209.125		0.326506
209.25		0.326506
209.375		0.326506
209.5		0.326506
209.625		0.326506
209.75		0.326506
209.875		0.326506
210		0.326506
210.125		0.339327
210.25		0.339327
210.375		0.339327
210.5		0.339327
210.625		0.339327
210.75		0.339327
210.875		0.339327
211		0.339327
211.125		0.339327
211.25		0.339327
211.375		0.339327
211.5		0.339327
211.625		0.339327
211.75		0.339327
211.875		0.339327
212		0.339327
212.125		0.339327
212.25		0.339327
212.375		0.339327
212.5		0.339327
212.625		0.339327
212.75		0.339327
212.875		0.339327
213		0.339327
213.125		0.339327
213.25		0.339327
213.375		0.339327
213.5		0.339327
213.625		0.339327
213.75		0.339327
213.875		0.339327
214		0.339327
214.125		0.339327
214.25		0.339327
214.375		0.339327
214.5		0.339327
214.625		0.339327
214.75		0.339327
214.875		0.339327
215		0.339327
215.125		0.34334
215.25		0.34334
215.375		0.34334
215.5		0.34334
215.625		0.34334
215.75		0.34334
215.875		0.34334
216		0.34334
216.125		0.34334
216.25		0.34334
216.375		0.34334
216.5		0.34334
216.625		0.34334
216.75		0.34334
216.875		0.34334
217		0.34334
217.125		0.34334
217.25		0.34334
217.375		0.34334
217.5		0.34334
217.625		0.34334
217.75		0.34334
217.875		0.34334
218		0.34334
218.125		0.34334
218.25		0.34334
218.375		0.34334
218.5		0.34334
218.625		0.34334
218.75		0.34334
218.875		0.34334
219		0.34334
219.125		0.34334
219.25		0.34334
219.375		0.34334
219.5		0.34334
219.625		0.34334
219.75		0.34334
219.875		0.34334
220		0.34334
220.125		0.360538
220.25		0.360538
220.375		0.360538
220.5		0.360538
220.625		0.360538
220.75		0.360538
220.875		0.360538
221		0.360538
221.125		0.360538
221.25		0.360538
221.375		0.360538
221.5		0.360538
221.625		0.360538
221.75		0.360538
221.875		0.360538
222		0.360538
222.125		0.360538
222.25		0.360538
222.375		0.360538
222.5		0.360538
222.625		0.360538
222.75		0.360538
222.875		0.360538
223		0.360538
223.125		0.360538
223.25		0.360538
223.375		0.360538
223.5		0.360538
223.625		0.360538
223.75		0.360538
223.875		0.360538
224		0.360538
224.125		0.360538
224.25		0.360538
224.375		0.360538
224.5		0.360538
224.625		0.360538
224.75		0.360538
224.875		0.360538
225		0.360538
225.125		0.363248
225.25		0.363248
225.375		0.363248
225.5		0.363248
225.625		0.363248
225.75		0.363248
225.875		0.363248
226		0.363248
226.125		0.363248
226.25		0.363248
226.375		0.363248
226.5		0.363248
226.625		0.363248
226.75		0.363248
226.875		0.363248
227		0.363248
227.125		0.363248
227.25		0.363248
227.375		0.363248
227.5		0.363248
227.625		0.363248
227.75		0.363248
227.875		0.363248
228		0.363248
228.125		0.363248
228.25		0.363248
228.375		0.363248
228.5		0.363248
228.625		0.363248
228.75		0.363248
228.875		0.363248
229		0.363248
229.125		0.363248
229.25		0.363248
229.375		0.363248
229.5		0.363248
229.625		0.363248
229.75		0.363248
229.875		0.363248
230		0.363248
230.125		0.394465
230.25		0.394465
230.375		0.394465
230.5		0.394465
230.625		0.394465
230.75		0.394465
230.875		0.394465
231		0.394465
231.125		0.394465
231.25		0.394465
231.375		0.394465
231.5		0.394465
231.625		0.394465
231.75		0.394465
231.875		0.394465
232		0.394465
232.125		0.394465
232.25		0.394465
232.375		0.394465
232.5		0.394465
232.625		0.394465
232.75		0.394465
232.875		0.394465
233		0.394465
233.125		0.394465
233.25		0.394465
233.375		0.394465
233.5		0.394465
233.625		0.394465
233.75		0.394465
233.875		0.394465
234		0.394465
234.125		0.394465
234.25		0.394465
234.375		0.394465
234.5		0.394465
234.625		0.394465
234.75		0.394465
234.875		0.394465
235		0.394465
235.125		0.399364
235.25		0.399364
235.375		0.399364
235.5		0.399364
235.625		0.399364
235.75		0.399364
235.875		0.399364
236		0.399364
236.125		0.399364
236.25		0.399364
236.375		0.399364
236.5		0.399364
236.625		0.399364
236.75		0.399364
236.875		0.399364
237		0.399364
237.125		0.399364
237.25		0.399364
237.375		0.399364
237.5		0.399364
237.625		0.399364
237.75		0.399364
237.875		0.399364
238		0.399364
238.125		0.399364
238.25		0.399364
238.375		0.399364
238.5		0.399364
238.625		0.399364
238.75		0.399364
238.875		0.399364
239		0.399364
239.125		0.399364
239.25		0.399364
239.375		0.399364
239.5		0.399364
239.625		0.399364
239.75		0.399364
239.875		0.399364
240		0.399364
240.125		0.401084
240.25		0.401084
240.375		0.401084
240.5		0.401084
240.625		0.401084
240.75		0.401084
240.875		0.401084
241		0.401084
241.125		0.401084
241.25		0.401084
241.375		0.401084
241.5		0.401084
241.625		0.401084
241.75		0.401084
241.875		0.401084
242		0.401084
242.125		0.401084
242.25		0.401084
242.375		0.401084
242.5		0.401084
242.625		0.401084
242.75		0.401084
242.875		0.401084
243		0.401084
243.125		0.401084
243.25		0.401084
243.375		0.401084
243.5		0.401084
243.625		0.401084
243.75		0.401084
243.875		0.401084
244		0.401084
244.125		0.401084
244.25		0.401084
244.375		0.401084
244.5		0.401084
244.625		0.401084
244.75		0.401084
244.875		0.401084
245		0.401084
245.125		0.402178
245.25		0.402178
245.375		0.402178
245.5		0.402178
245.625		0.402178
245.75		0.402178
245.875		0.402178
246		0.402178
246.125		0.402178
246.25		0.402178
246.375		0.402178
246.5		0.402178
246.625		0.402178
246.75		0.402178
246.875		0.402178
247		0.402178
247.125		0.402178
247.25		0.402178
247.375		0.402178
247.5		0.402178
247.625		0.402178
247.75		0.402178
247.875		0.402178
248		0.402178
248.125		0.402178
248.25		0.402178
248.375		0.402178
248.5		0.402178
248.625		0.402178
248.75		0.402178
248.875		0.402178
249		0.402178
249.125		0.402178
249.25		0.402178
249.375		0.402178
249.5		0.402178
249.625		0.402178
249.75		0.402178
249.875		0.402178
250		0.402178
250.125		0.440901
250.25		0.440901
250.375		0.440901
250.5		0.440901
250.625		0.440901
250.75		0.440901
250.875		0.440901
251		0.440901
251.125		0.440901
251.25		0.440901
251.375		0.440901
251.5		0.440901
251.625		0.440901
251.75		0.440901
251.875		0.440901
252		0.440901
252.125		0.440901
252.25		0.440901
252.375		0.440901
252.5		0.440901
252.625		0.440901
252.75		0.440901
252.875		0.440901
253		0.440901
253.125		0.440901
253.25		0.440901
253.375		0.440901
253.5		0.440901
253.625		0.440901
253.75		0.440901
253.875		0.440901
254		0.440901
254.125		0.440901
254.25		0.440901
254.375		0.440901
254.5		0.440901
254.625		0.440901
254.75		0.440901
254.875		0.440901
255		0.440901
255.125		0.451584
255.25		0.451584
255.375		0.451584
255.5		0.451584
255.625		0.451584
255.75		0.451584
255.875		0.451584
256		0.451584
256.125		0.451584
256.25		0.451584
256.375		0.451584
256.5		0.451584
256.625		0.451584
256.75		0.451584
256.875		0.451584
257		0.451584
257.125		0.451584
257.25		0.451584
257.375		0.451584
257.5		0.451584
257.625		0.451584
257.75		0.451584
257.875		0.451584
258		0.451584
258.125		0.451584
258.25		0.451584
258.375		0.451584
258.5		0.451584
258.625		0.451584
258.75		0.451584
258.875		0.451584
259		0.451584
259.125		0.451584
259.25		0.451584
259.375		0.451584
259.5		0.451584
259.625		0.451584
259.75		0.451584
259.875		0.451584
260		0.451584
260.125		0.461278
260.25		0.461278
260.375		0.461278
260.5		0.461278
260.625		0.461278
260.75		0.461278
260.875		0.461278
261		0.461278
261.125		0.461278
261.25		0.461278
261.375		0.461278
261.5		0.461278
261.625		0.461278
261.75		0.461278
261.875		0.461278
262		0.461278
262.125		0.461278
262.25		0.461278
262.375		0.461278
262.5		0.461278
262.625		0.461278
262.75		0.461278
262.875		0.461278
263		0.461278
263.125		0.461278
263.25		0.461278
263.375		0.461278
263.5		0.461278
263.625		0.461278
263.75		0.461278
263.875		0.461278
264		0.461278
264.125		0.461278
264.25		0.461278
264.375		0.461278
264.5		0.461278
264.625		0.461278
264.75		0.461278
264.875		0.461278
265		0.461278
265.125		0.470607
265.25		0.470607
265.375		0.470607
265.5		0.470607
265.625		0.470607
265.75		0.470607
265.875		0.470607
266		0.470607
266.125		0.470607
266.25		0.470607
266.375		0.470607
266.5		0.470607
266.625		0.470607
266.75		0.470607
266.875		0.470607
267		0.470607
267.125		0.470607
267.25		0.470607
267.375		0.470607
267.5		0.470607
267.625		0.470607
267.75		0.470607
267.875		0.470607
268		0.470607
268.125		0.470607
268.25		0.470607
268.375		0.470607
268.5		0.470607
268.625		0.470607
268.75		0.470607
268.875		0.470607
269		0.470607
269.125		0.470607
269.25		0.470607
269.375		0.470607
269.5		0.470607
269.625		0.470607
269.75		0.470607
269.875		0.470607
270		0.470607
270.125		0.480926
270.25		0.480926
270.375		0.480926
270.5		0.480926
270.625		0.480926
270.75		0.480926
270.875		0.480926
271		0.480926
271.125		0.480926
271.25		0.480926
271.375		0.480926
271.5		0.480926
271.625		0.480926
271.75		0.480926
271.875		0.480926
272		0.480926
272.125		0.480926
272.25		0.480926
272.375		0.480926
272.5		0.480926
272.625		0.480926
272.75		0.480926
272.875		0.480926
273		0.480926
273.125		0.480926
273.25		0.480926
273.375		0.480926
273.5		0.480926
273.625		0.480926
273.75		0.480926
273.875		0.480926
274		0.480926
274.125		0.480926
274.25		0.480926
274.375		0.480926
274.5		0.480926
274.625		0.480926
274.75		0.480926
274.875		0.480926
275		0.480926
275.125		0.49927
275.25		0.49927
275.375		0.49927
275.5		0.49927
275.625		0.49927
275.75		0.49927
275.875		0.49927
276		0.49927
276.125		0.49927
276.25		0.49927
276.375		0.49927
276.5		0.49927
276.625		0.49927
276.75		0.49927
276.875		0.49927
277		0.49927
277.125		0.49927
277.25		0.49927
277.375		0.49927
277.5		0.49927
277.625		0.49927
277.75		0.49927
277.875		0.49927
278		0.49927
278.125		0.49927
278.25		0.49927
278.375		0.49927
278.5		0.49927
278.625		0.49927
278.75		0.49927
278.875		0.49927
279		0.49927
279.125		0.49927
279.25		0.49927
279.375		0.49927
279.5		0.49927
279.625		0.49927
279.75		0.49927
279.875		0.49927
280		0.49927
280.125		0.501668
280.25		0.501668
280.375		0.501668
280.5		0.501668
280.625		0.501668
280.75		0.501668
280.875		0.501668
281		0.501668
281.125		0.501668
281.25		0.501668
281.375		0.501668
281.5		0.501668
281.625		0.501668
281.75		0.501668
281.875		0.501668
282		0.501668
282.125		0.501668
282.25		0.501668
282.375		0.501668
282.5		0.501668
282.625		0.501668
282.75		0.501668
282.875		0.501668
283		0.501668
283.125		0.501668
283.25		0.501668
283.375		0.501668
283.5		0.501668
283.625		0.501668
283.75		0.501668
283.875		0.501668
284		0.501668
284.125		0.501668
284.25		0.501668
284.375		0.501668
284.5		0.501668
284.625		0.501668
284.75		0.501668
284.875		0.501668
285		0.501668
285.125		0.520951
285.25		0.520951
285.375		0.520951
285.5		0.520951
285.625		0.520951
285.75		0.520951
285.875		0.520951
286		0.520951
286.125		0.520951
286.25		0.520951
286.375		0.520951
286.5		0.520951
286.625		0.520951
286.75		0.520951
286.875		0.520951
287		0.520951
287.125		0.520951
287.25		0.520951
287.375		0.520951
287.5		0.520951
287.625		0.520951
287.75		0.520951
287.875		0.520951
288		0.520951
288.125		0.520951
288.25		0.520951
288.375		0.520951
288.5		0.520951
288.625		0.520951
288.75		0.520951
288.875		0.520951
289		0.520951
289.125		0.520951
289.25		0.520951
289.375		0.520951
289.5		0.520951
289.625		0.520951
289.75		0.520951
289.875		0.520951
290		0.520951
290.125		0.522566
290.25		0.522566
290.375		0.522566
290.5		0.522566
290.625		0.522566
290.75		0.522566
290.875		0.522566
291		0.522566
291.125		0.522566
291.25		0.522566
291.375		0.522566
291.5		0.522566
291.625		0.522566
291.75		0.522566
291.875		0.522566
292		0.522566
292.125		0.522566
292.25		0.522566
292.375		0.522566
292.5		0.522566
292.625		0.522566
292.75		0.522566
292.875		0.522566
293		0.522566
293.125		0.522566
293.25		0.522566
293.375		0.522566
293.5		0.522566
293.625		0.522566
293.75		0.522566
293.875		0.522566
294		0.522566
294.125		0.522566
294.25		0.522566
294.375		0.522566
294.5		0.522566
294.625		0.522566
294.75		0.522566
294.875		0.522566
295		0.522566
295.125		0.544194
295.25		0.544194
295.375		0.544194
295.5		0.544194
295.625		0.544194
295.75		0.544194
295.875		0.544194
296		0.544194
296.125		0.544194
296.25		0.544194
296.375		0.544194
296.5		0.544194
296.625		0.544194
296.75		0.544194
296.875		0.544194
297		0.544194
297.125		0.544194
297.25		0.544194
297.375		0.544194
297.5		0.544194
297.625		0.544194
297.75		0.544194
297.875		0.544194
298		0.544194
298.125		0.544194
298.25		0.544194
298.375		0.544194
298.5		0.544194
298.625		0.544194
298.75		0.544194
298.875		0.544194
299		0.544194
299.125		0.544194
299.25		0.544194
299.375		0.544194
299.5		0.544194
299.625		0.544194
299.75		0.544194
299.875		0.544194
300		0.544194
300.125		0.545549
300.25		0.545549
300.375		0.545549
300.5		0.545549
300.625		0.545549
300.75		0.545549
300.875		0.545549
301		0.545549
301.125		0.545549
301.25		0.545549
301.375		0.545549
301.5		0.545549
301.625		0.545549
301.75		0.545549
301.875		0.545549
302		0.545549
302.125		0.545549
302.25		0.545549
302.375		0.545549
302.5		0.545549
302.625		0.545549
302.75		0.545549
302.875		0.545549
303		0.545549
303.125		0.545549
303.25		0.545549
303.375		0.545549
303.5		0.545549
303.625		0.545549
303.75		0.545549
303.875		0.545549
304		0.545549
304.125		0.545549
304.25		0.545549
304.375		0.545549
304.5		0.545549
304.625		0.545549
304.75		0.545549
304.875		0.545549
305		0.545549
305.125		0.56551
305.25		0.56551
305.375		0.56551
305.5		0.56551
305.625		0.56551
305.75		0.56551
305.875		0.56551
306		0.56551
306.125		0.56551
306.25		0.56551
306.375		0.56551
306.5		0.56551
306.625		0.56551
306.75		0.56551
306.875		0.56551
307		0.56551
307.125		0.56551
307.25		0.56551
307.375		0.56551
307.5		0.56551
307.625		0.56551
307.75		0.56551
307.875		0.56551
308		0.56551
308.125		0.56551
308.25		0.56551
308.375		0.56551
308.5		0.56551
308.625		0.56551
308.75		0.56551
308.875		0.56551
309		0.56551
309.125		0.56551
309.25		0.56551
309.375		0.56551
309.5		0.56551
309.625		0.56551
309.75		0.56551
309.875		0.56551
310		0.56551
310.125		0.570773
310.25		0.570773
310.375		0.570773
310.5		0.570773
310.625		0.570773
310.75		0.570773
310.875		0.570773
311		0.570773
311.125		0.570773
311.25		0.570773
311.375		0.570773
311.5		0.570773
311.625		0.570773
311.75		0.570773
311.875		0.570773
312		0.570773
312.125		0.570773
312.25		0.570773
312.375		0.570773
312.5		0.570773
312.625		0.570773
312.75		0.570773
312.875		0.570773
313		0.570773
313.125		0.570773
313.25		0.570773
313.375		0.570773
313.5		0.570773
313.625		0.570773
313.75		0.570773
313.875		0.570773
314		0.570773
314.125		0.570773
314.25		0.570773
314.375		0.570773
314.5		0.570773
314.625		0.570773
314.75		0.570773
314.875		0.570773
315		0.570773
315.125		0.577444
315.25		0.577444
315.375		0.577444
315.5		0.577444
315.625		0.577444
315.75		0.577444
315.875		0.577444
316		0.577444
316.125		0.577444
316.25		0.577444
316.375		0.577444
316.5		0.577444
316.625		0.577444
316.75		0.577444
316.875		0.577444
317		0.577444
317.125		0.577444
317.25		0.577444
317.375		0.577444
317.5		0.577444
317.625		0.577444
317.75		0.577444
317.875		0.577444
318		0.577444
318.125		0.577444
318.25		0.577444
318.375		0.577444
318.5		0.577444
318.625		0.577444
318.75		0.577444
318.875		0.577444
319		0.577444
319.125		0.577444
319.25		0.577444
319.375		0.577444
319.5		0.577444
319.625		0.577444
319.75		0.577444
319.875		0.577444
320		0.577444
320.125		0.584636
320.25		0.584636
320.375		0.584636
320.5		0.584636
320.625		0.584636
320.75		0.584636
320.875		0.584636
321		0.584636
321.125		0.584636
321.25		0.584636
321.375		0.584636
321.5		0.584636
321.625		0.584636
321.75		0.584636
321.875		0.584636
322		0.584636
322.125		0.584636
322.25		0.584636
322.375		0.584636
322.5		0.584636
322.625		0.584636
322.75		0.584636
322.875		0.584636
323		0.584636
323.125		0.584636
323.25		0.584636
323.375		0.584636
323.5		0.584636
323.625		0.584636
323.75		0.584636
323.875		0.584636
324		0.584636
324.125		0.584636
324.25		0.584636
324.375		0.584636
324.5		0.584636
324.625		0.584636
324.75		0.584636
324.875		0.584636
325		0.584636
325.125		0.593183
325.25		0.593183
325.375		0.593183
325.5		0.593183
325.625		0.593183
325.75		0.593183
325.875		0.593183
326		0.593183
326.125		0.593183
326.25		0.593183
326.375		0.593183
326.5		0.593183
326.625		0.593183
326.75		0.593183
326.875		0.593183
327		0.593183
327.125		0.593183
327.25		0.593183
327.375		0.593183
327.5		0.593183
327.625		0.593183
327.75		0.593183
327.875		0.593183
328		0.593183
328.125		0.593183
328.25		0.593183
328.375		0.593183
328.5		0.593183
328.625		0.593183
328.75		0.593183
328.875		0.593183
329		0.593183
329.125		0.593183
329.25		0.593183
329.375		0.593183
329.5		0.593183
329.625		0.593183
329.75		0.593183
329.875		0.593183
330		0.593183
330.125		0.61059
330.25		0.61059
330.375		0.61059
330.5		0.61059
330.625		0.61059
330.75		0.61059
330.875		0.61059
331		0.61059
331.125		0.61059
331.25		0.61059
331.375		0.61059
331.5		0.61059
331.625		0.61059
331.75		0.61059
331.875		0.61059
332		0.61059
332.125		0.61059
332.25		0.61059
332.375		0.61059
332.5		0.61059
332.625		0.61059
332.75		0.61059
332.875		0.61059
333		0.61059
333.125		0.61059
333.25		0.61059
333.375		0.61059
333.5		0.61059
333.625		0.61059
333.75		0.61059
333.875		0.61059
334		0.61059
334.125		0.61059
334.25		0.61059
334.375		0.61059
334.5		0.61059
334.625		0.61059
334.75		0.61059
334.875		0.61059
335		0.61059
335.125		0.627684
335.25		0.627684
335.375		0.627684
335.5		0.627684
335.625		0.627684
335.75		0.627684
335.875		0.627684
336		0.627684
336.125		0.627684
336.25		0.627684
336.375		0.627684
336.5		0.627684
336.625		0.627684
336.75		0.627684
336.875		0.627684
337		0.627684
337.125		0.627684
337.25		0.627684
337.375		0.627684
337.5		0.627684
337.625		0.627684
337.75		0.627684
337.875		0.627684
338		0.627684
338.125		0.627684
338.25		0.627684
338.375		0.627684
338.5		0.627684
338.625		0.627684
338.75		0.627684
338.875		0.627684
339		0.627684
339.125		0.627684
339.25		0.627684
339.375		0.627684
339.5		0.627684
339.625		0.627684
339.75		0.627684
339.875		0.627684
340		0.627684
340.125		0.637742
340.25		0.637742
340.375		0.637742
340.5		0.637742
340.625		0.637742
340.75		0.637742
340.875		0.637742
341		0.637742
341.125		0.637742
341.25		0.637742
341.375		0.637742
341.5		0.637742
341.625		0.637742
341.75		0.637742
341.875		0.637742
342		0.637742
342.125		0.637742
342.25		0.637742
342.375		0.637742
342.5		0.637742
342.625		0.637742
342.75		0.637742
342.875		0.637742
343		0.637742
343.125		0.637742
343.25		0.637742
343.375		0.637742
343.5		0.637742
343.625		0.637742
343.75		0.637742
343.875		0.637742
344		0.637742
344.125		0.637742
344.25		0.637742
344.375		0.637742
344.5		0.637742
344.625		0.637742
344.75		0.637742
344.875		0.637742
345		0.637742
345.125		0.6527
345.25		0.6527
345.375		0.6527
345.5		0.6527
345.625		0.6527
345.75		0.6527
345.875		0.6527
346		0.6527
346.125		0.6527
346.25		0.6527
346.375		0.6527
346.5		0.6527
346.625		0.6527
346.75		0.6527
346.875		0.6527
347		0.6527
347.125		0.6527
347.25		0.6527
347.375		0.6527
347.5		0.6527
347.625		0.6527
347.75		0.6527
347.875		0.6527
348		0.6527
348.125		0.6527
348.25		0.6527
348.375		0.6527
348.5		0.6527
348.625		0.6527
348.75		0.6527
348.875		0.6527
349		0.6527
349.125		0.6527
349.25		0.6527
349.375		0.6527
349.5		0.6527
349.625		0.6527
349.75		0.6527
349.875		0.6527
350		0.6527
350.125		0.6564
350.25		0.6564
350.375		0.6564
350.5		0.6564
350.625		0.6564
350.75		0.6564
350.875		0.6564
351		0.6564
351.125		0.6564
351.25		0.6564
351.375		0.6564
351.5		0.6564
351.625		0.6564
351.75		0.6564
351.875		0.6564
352		0.6564
352.125		0.6564
352.25		0.6564
352.375		0.6564
352.5		0.6564
352.625		0.6564
352.75		0.6564
352.875		0.6564
353		0.6564
353.125		0.6564
353.25		0.6564
353.375		0.6564
353.5		0.6564
353.625		0.6564
353.75		0.6564
353.875		0.6564
354		0.6564
354.125		0.6564
354.25		0.6564
354.375		0.6564
354.5		0.6564
354.625		0.6564
354.75		0.6564
354.875		0.6564
355		0.6564
355.125		0.661924
355.25		0.661924
355.375		0.661924
355.5		0.661924
355.625		0.661924
355.75		0.661924
355.875		0.661924
356		0.661924
356.125		0.661924
356.25		0.661924
356.375		0.661924
356.5		0.661924
356.625		0.661924
356.75		0.661924
356.875		0.661924
357		0.661924
357.125		0.661924
357.25		0.661924
357.375		0.661924
357.5		0.661924
357.625		0.661924
357.75		0.661924
357.875		0.661924
358		0.661924
358.125		0.661924
358.25		0.661924
358.375		0.661924
358.5		0.661924
358.625		0.661924
358.75		0.661924
358.875		0.661924
359		0.661924
359.125		0.661924
359.25		0.661924
359.375		0.661924
359.5		0.661924
359.625		0.661924
359.75		0.661924
359.875		0.661924
360		0.661924
360.125		0.684334
360.25		0.684334
360.375		0.684334
360.5		0.684334
360.625		0.684334
360.75		0.684334
360.875		0.684334
361		0.684334
361.125		0.684334
361.25		0.684334
361.375		0.684334
361.5		0.684334
361.625		0.684334
361.75		0.684334
361.875		0.684334
362		0.684334
362.125		0.684334
362.25		0.684334
362.375		0.684334
362.5		0.684334
362.625		0.684334
362.75		0.684334
362.875		0.684334
363		0.684334
363.125		0.684334
363.25		0.684334
363.375		0.684334
363.5		0.684334
363.625		0.684334
363.75		0.684334
363.875		0.684334
364		0.684334
364.125		0.684334
364.25		0.684334
364.375		0.684334
364.5		0.684334
364.625		0.684334
364.75		0.684334
364.875		0.684334
365		0.684334
365.125		0.703669
365.25		0.703669
365.375		0.703669
365.5		0.703669
365.625		0.703669
365.75		0.703669
365.875		0.703669
366		0.703669
366.125		0.703669
366.25		0.703669
366.375		0.703669
366.5		0.703669
366.625		0.703669
366.75		0.703669
366.875		0.703669
367		0.703669
367.125		0.703669
367.25		0.703669
367.375		0.703669
367.5		0.703669
367.625		0.703669
367.75		0.703669
367.875		0.703669
368		0.703669
368.125		0.703669
368.25		0.703669
368.375		0.703669
368.5		0.703669
368.625		0.703669
368.75		0.703669
368.875		0.703669
369		0.703669
369.125		0.703669
369.25		0.703669
369.375		0.703669
369.5		0.703669
369.625		0.703669
369.75		0.703669
369.875		0.703669
370		0.703669
370.125		0.707369
370.25		0.707369
370.375		0.707369
370.5		0.707369
370.625		0.707369
370.75		0.707369
370.875		0.707369
371		0.707369
371.125		0.707369
371.25		0.707369
371.375		0.707369
371.5		0.707369
371.625		0.707369
371.75		0.707369
371.875		0.707369
372		0.707369
372.125		0.707369
372.25		0.707369
372.375		0.707369
372.5		0.707369
372.625		0.707369
372.75		0.707369
372.875		0.707369
373		0.707369
373.125		0.707369
373.25		0.707369
373.375		0.707369
373.5		0.707369
373.625		0.707369
373.75		0.707369
373.875		0.707369
374		0.707369
374.125		0.707369
374.25		0.707369
374.375		0.707369
374.5		0.707369
374.625		0.707369
374.75		0.707369
374.875		0.707369
375		0.707369
375.125		0.714561
375.25		0.714561
375.375		0.714561
375.5		0.714561
375.625		0.714561
375.75		0.714561
375.875		0.714561
376		0.714561
376.125		0.714561
376.25		0.714561
376.375		0.714561
376.5		0.714561
376.625		0.714561
376.75		0.714561
376.875		0.714561
377		0.714561
377.125		0.714561
377.25		0.714561
377.375		0.714561
377.5		0.714561
377.625		0.714561
377.75		0.714561
377.875		0.714561
378		0.714561
378.125		0.714561
378.25		0.714561
378.375		0.714561
378.5		0.714561
378.625		0.714561
378.75		0.714561
378.875		0.714561
379		0.714561
379.125		0.714561
379.25		0.714561
379.375		0.714561
379.5		0.714561
379.625		0.714561
379.75		0.714561
379.875		0.714561
380		0.714561
380.125		0.718053
380.25		0.718053
380.375		0.718053
380.5		0.718053
380.625		0.718053
380.75		0.718053
380.875		0.718053
381		0.718053
381.125		0.718053
381.25		0.718053
381.375		0.718053
381.5		0.718053
381.625		0.718053
381.75		0.718053
381.875		0.718053
382		0.718053
382.125		0.718053
382.25		0.718053
382.375		0.718053
382.5		0.718053
382.625		0.718053
382.75		0.718053
382.875		0.718053
383		0.718053
383.125		0.718053
383.25		0.718053
383.375		0.718053
383.5		0.718053
383.625		0.718053
383.75		0.718053
383.875		0.718053
384		0.718053
384.125		0.718053
384.25		0.718053
384.375		0.718053
384.5		0.718053
384.625		0.718053
384.75		0.718053
384.875		0.718053
385		0.718053
385.125		0.749479
385.25		0.749479
385.375		0.749479
385.5		0.749479
385.625		0.749479
385.75		0.749479
385.875		0.749479
386		0.749479
386.125		0.749479
386.25		0.749479
386.375		0.749479
386.5		0.749479
386.625		0.749479
386.75		0.749479
386.875		0.749479
387		0.749479
387.125		0.749479
387.25		0.749479
387.375		0.749479
387.5		0.749479
387.625		0.749479
387.75		0.749479
387.875		0.749479
388		0.749479
388.125		0.749479
388.25		0.749479
388.375		0.749479
388.5		0.749479
388.625		0.749479
388.75		0.749479
388.875		0.749479
389		0.749479
389.125		0.749479
389.25		0.749479
389.375		0.749479
389.5		0.749479
389.625		0.749479
389.75		0.749479
389.875		0.749479
390		0.749479
390.125		0.75443
390.25		0.75443
390.375		0.75443
390.5		0.75443
390.625		0.75443
390.75		0.75443
390.875		0.75443
391		0.75443
391.125		0.75443
391.25		0.75443
391.375		0.75443
391.5		0.75443
391.625		0.75443
391.75		0.75443
391.875		0.75443
392		0.75443
392.125		0.75443
392.25		0.75443
392.375		0.75443
392.5		0.75443
392.625		0.75443
392.75		0.75443
392.875		0.75443
393		0.75443
393.125		0.75443
393.25		0.75443
393.375		0.75443
393.5		0.75443
393.625		0.75443
393.75		0.75443
393.875		0.75443
394		0.75443
394.125		0.75443
394.25		0.75443
394.375		0.75443
394.5		0.75443
394.625		0.75443
394.75		0.75443
394.875		0.75443
395		0.75443
395.125		0.780123
395.25		0.780123
395.375		0.780123
395.5		0.780123
395.625		0.780123
395.75		0.780123
395.875		0.780123
396		0.780123
396.125		0.780123
396.25		0.780123
396.375		0.780123
396.5		0.780123
396.625		0.780123
396.75		0.780123
396.875		0.780123
397		0.780123
397.125		0.780123
397.25		0.780123
397.375		0.780123
397.5		0.780123
397.625		0.780123
397.75		0.780123
397.875		0.780123
398		0.780123
398.125		0.780123
398.25		0.780123
398.375		0.780123
398.5		0.780123
398.625		0.780123
398.75		0.780123
398.875		0.780123
399		0.780123
399.125		0.780123
399.25		0.780123
399.375		0.780123
399.5		0.780123
399.625		0.780123
399.75		0.780123
399.875		0.780123
400		0.780123
400.125		0.782156
400.25		0.782156
400.375		0.782156
400.5		0.782156
400.625		0.782156
400.75		0.782156
400.875		0.782156
401		0.782156
401.125		0.782156
401.25		0.782156
401.375		0.782156
401.5		0.782156
401.625		0.782156
401.75		0.782156
401.875		0.782156
402		0.782156
402.125		0.782156
402.25		0.782156
402.375		0.782156
402.5		0.782156
402.625		0.782156
402.75		0.782156
402.875		0.782156
403		0.782156
403.125		0.782156
403.25		0.782156
403.375		0.782156
403.5		0.782156
403.625		0.782156
403.75		0.782156
403.875		0.782156
404		0.782156
404.125		0.782156
404.25		0.782156
404.375		0.782156
404.5		0.782156
404.625		0.782156
404.75		0.782156
404.875		0.782156
405		0.782156
405.125		0.787628
405.25		0.787628
405.375		0.787628
405.5		0.787628
405.625		0.787628
405.75		0.787628
405.875		0.787628
406		0.787628
406.125		0.787628
406.25		0.787628
406.375		0.787628
406.5		0.787628
406.625		0.787628
406.75		0.787628
406.875		0.787628
407		0.787628
407.125		0.787628
407.25		0.787628
407.375		0.787628
407.5		0.787628
407.625		0.787628
407.75		0.787628
407.875		0.787628
408		0.787628
408.125		0.787628
408.25		0.787628
408.375		0.787628
408.5		0.787628
408.625		0.787628
408.75		0.787628
408.875		0.787628
409		0.787628
409.125		0.787628
409.25		0.787628
409.375		0.787628
409.5		0.787628
409.625		0.787628
409.75		0.787628
409.875		0.787628
410		0.787628
410.125		0.793204
410.25		0.793204
410.375		0.793204
410.5		0.793204
410.625		0.793204
410.75		0.793204
410.875		0.793204
411		0.793204
411.125		0.793204
411.25		0.793204
411.375		0.793204
411.5		0.793204
411.625		0.793204
411.75		0.793204
411.875		0.793204
412		0.793204
412.125		0.793204
412.25		0.793204
412.375		0.793204
412.5		0.793204
412.625		0.793204
412.75		0.793204
412.875		0.793204
413		0.793204
413.125		0.793204
413.25		0.793204
413.375		0.793204
413.5		0.793204
413.625		0.793204
413.75		0.793204
413.875		0.793204
414		0.793204
414.125		0.793204
414.25		0.793204
414.375		0.793204
414.5		0.793204
414.625		0.793204
414.75		0.793204
414.875		0.793204
415		0.793204
415.125		0.801751
415.25		0.801751
415.375		0.801751
415.5		0.801751
415.625		0.801751
415.75		0.801751
415.875		0.801751
416		0.801751
416.125		0.801751
416.25		0.801751
416.375		0.801751
416.5		0.801751
416.625		0.801751
416.75		0.801751
416.875		0.801751
417		0.801751
417.125		0.801751
417.25		0.801751
417.375		0.801751
417.5		0.801751
417.625		0.801751
417.75		0.801751
417.875		0.801751
418		0.801751
418.125		0.801751
418.25		0.801751
418.375		0.801751
418.5		0.801751
418.625		0.801751
418.75		0.801751
418.875		0.801751
419		0.801751
419.125		0.801751
419.25		0.801751
419.375		0.801751
419.5		0.801751
419.625		0.801751
419.75		0.801751
419.875		0.801751
420		0.801751
420.125		0.823848
420.25		0.823848
420.375		0.823848
420.5		0.823848
420.625		0.823848
420.75		0.823848
420.875		0.823848
421		0.823848
421.125		0.823848
421.25		0.823848
421.375		0.823848
421.5		0.823848
421.625		0.823848
421.75		0.823848
421.875		0.823848
422		0.823848
422.125		0.823848
422.25		0.823848
422.375		0.823848
422.5		0.823848
422.625		0.823848
422.75		0.823848
422.875		0.823848
423		0.823848
423.125		0.823848
423.25		0.823848
423.375		0.823848
423.5		0.823848
423.625		0.823848
423.75		0.823848
423.875		0.823848
424		0.823848
424.125		0.823848
424.25		0.823848
424.375		0.823848
424.5		0.823848
424.625		0.823848
424.75		0.823848
424.875		0.823848
425		0.823848
425.125		0.846154
425.25		0.846154
425.375		0.846154
425.5		0.846154
425.625		0.846154
425.75		0.846154
425.875		0.846154
426		0.846154
426.125		0.846154
426.25		0.846154
426.375		0.846154
426.5		0.846154
426.625		0.846154
426.75		0.846154
426.875		0.846154
427		0.846154
427.125		0.846154
427.25		0.846154
427.375		0.846154
427.5		0.846154
427.625		0.846154
427.75		0.846154
427.875		0.846154
428		0.846154
428.125		0.846154
428.25		0.846154
428.375		0.846154
428.5		0.846154
428.625		0.846154
428.75		0.846154
428.875		0.846154
429		0.846154
429.125		0.846154
429.25		0.846154
429.375		0.846154
429.5		0.846154
429.625		0.846154
429.75		0.846154
429.875		0.846154
430		0.846154
430.125		0.853554
430.25		0.853554
430.375		0.853554
430.5		0.853554
430.625		0.853554
430.75		0.853554
430.875		0.853554
431		0.853554
431.125		0.853554
431.25		0.853554
431.375		0.853554
431.5		0.853554
431.625		0.853554
431.75		0.853554
431.875		0.853554
432		0.853554
432.125		0.853554
432.25		0.853554
432.375		0.853554
432.5		0.853554
432.625		0.853554
432.75		0.853554
432.875		0.853554
433		0.853554
433.125		0.853554
433.25		0.853554
433.375		0.853554
433.5		0.853554
433.625		0.853554
433.75		0.853554
433.875		0.853554
434		0.853554
434.125		0.853554
434.25		0.853554
434.375		0.853554
434.5		0.853554
434.625		0.853554
434.75		0.853554
434.875		0.853554
435		0.853554
435.125		0.854545
435.25		0.854545
435.375		0.854545
435.5		0.854545
435.625		0.854545
435.75		0.854545
435.875		0.854545
436		0.854545
436.125		0.854545
436.25		0.854545
436.375		0.854545
436.5		0.854545
436.625		0.854545
436.75		0.854545
436.875		0.854545
437		0.854545
437.125		0.854545
437.25		0.854545
437.375		0.854545
437.5		0.854545
437.625		0.854545
437.75		0.854545
437.875		0.854545
438		0.854545
438.125		0.854545
438.25		0.854545
438.375		0.854545
438.5		0.854545
438.625		0.854545
438.75		0.854545
438.875		0.854545
439		0.854545
439.125		0.854545
439.25		0.854545
439.375		0.854545
439.5		0.854545
439.625		0.854545
439.75		0.854545
439.875		0.854545
440		0.854545
440.125		0.856733
440.25		0.856733
440.375		0.856733
440.5		0.856733
440.625		0.856733
440.75		0.856733
440.875		0.856733
441		0.856733
441.125		0.856733
441.25		0.856733
441.375		0.856733
441.5		0.856733
441.625		0.856733
441.75		0.856733
441.875		0.856733
442		0.856733
442.125		0.856733
442.25		0.856733
442.375		0.856733
442.5		0.856733
442.625		0.856733
442.75		0.856733
442.875		0.856733
443		0.856733
443.125		0.856733
443.25		0.856733
443.375		0.856733
443.5		0.856733
443.625		0.856733
443.75		0.856733
443.875		0.856733
444		0.856733
444.125		0.856733
444.25		0.856733
444.375		0.856733
444.5		0.856733
444.625		0.856733
444.75		0.856733
444.875		0.856733
445		0.856733
445.125		0.857776
445.25		0.857776
445.375		0.857776
445.5		0.857776
445.625		0.857776
445.75		0.857776
445.875		0.857776
446		0.857776
446.125		0.857776
446.25		0.857776
446.375		0.857776
446.5		0.857776
446.625		0.857776
446.75		0.857776
446.875		0.857776
447		0.857776
447.125		0.857776
447.25		0.857776
447.375		0.857776
447.5		0.857776
447.625		0.857776
447.75		0.857776
447.875		0.857776
448		0.857776
448.125		0.857776
448.25		0.857776
448.375		0.857776
448.5		0.857776
448.625		0.857776
448.75		0.857776
448.875		0.857776
449		0.857776
449.125		0.857776
449.25		0.857776
449.375		0.857776
449.5		0.857776
449.625		0.857776
449.75		0.857776
449.875		0.857776
450		0.857776
450.125		0.898322
450.25		0.898322
450.375		0.898322
450.5		0.898322
450.625		0.898322
450.75		0.898322
450.875		0.898322
451		0.898322
451.125		0.898322
451.25		0.898322
451.375		0.898322
451.5		0.898322
451.625		0.898322
451.75		0.898322
451.875		0.898322
452		0.898322
452.125		0.898322
452.25		0.898322
452.375		0.898322
452.5		0.898322
452.625		0.898322
452.75		0.898322
452.875		0.898322
453		0.898322
453.125		0.898322
453.25		0.898322
453.375		0.898322
453.5		0.898322
453.625		0.898322
453.75		0.898322
453.875		0.898322
454		0.898322
454.125		0.898322
454.25		0.898322
454.375		0.898322
454.5		0.898322
454.625		0.898322
454.75		0.898322
454.875		0.898322
455		0.898322
455.125		0.906608
455.25		0.906608
455.375		0.906608
455.5		0.906608
455.625		0.906608
455.75		0.906608
455.875		0.906608
456		0.906608
456.125		0.906608
456.25		0.906608
456.375		0.906608
456.5		0.906608
456.625		0.906608
456.75		0.906608
456.875		0.906608
457		0.906608
457.125		0.906608
457.25		0.906608
457.375		0.906608
457.5		0.906608
457.625		0.906608
457.75		0.906608
457.875		0.906608
458		0.906608
458.125		0.906608
458.25		0.906608
458.375		0.906608
458.5		0.906608
458.625		0.906608
458.75		0.906608
458.875		0.906608
459		0.906608
459.125		0.906608
459.25		0.906608
459.375		0.906608
459.5		0.906608
459.625		0.906608
459.75		0.906608
459.875		0.906608
460		0.906608
460.125		0.914217
460.25		0.914217
460.375		0.914217
460.5		0.914217
460.625		0.914217
460.75		0.914217
460.875		0.914217
461		0.914217
461.125		0.914217
461.25		0.914217
461.375		0.914217
461.5		0.914217
461.625		0.914217
461.75		0.914217
461.875		0.914217
462		0.914217
462.125		0.914217
462.25		0.914217
462.375		0.914217
462.5		0.914217
462.625		0.914217
462.75		0.914217
462.875		0.914217
463		0.914217
463.125		0.914217
463.25		0.914217
463.375		0.914217
463.5		0.914217
463.625		0.914217
463.75		0.914217
463.875		0.914217
464		0.914217
464.125		0.914217
464.25		0.914217
464.375		0.914217
464.5		0.914217
464.625		0.914217
464.75		0.914217
464.875		0.914217
465		0.914217
465.125		0.917292
465.25		0.917292
465.375		0.917292
465.5		0.917292
465.625		0.917292
465.75		0.917292
465.875		0.917292
466		0.917292
466.125		0.917292
466.25		0.917292
466.375		0.917292
466.5		0.917292
466.625		0.917292
466.75		0.917292
466.875		0.917292
467		0.917292
467.125		0.917292
467.25		0.917292
467.375		0.917292
467.5		0.917292
467.625		0.917292
467.75		0.917292
467.875		0.917292
468		0.917292
468.125		0.917292
468.25		0.917292
468.375		0.917292
468.5		0.917292
468.625		0.917292
468.75		0.917292
468.875		0.917292
469		0.917292
469.125		0.917292
469.25		0.917292
469.375		0.917292
469.5		0.917292
469.625		0.917292
469.75		0.917292
469.875		0.917292
470		0.917292
470.125		0.927976
470.25		0.927976
470.375		0.927976
470.5		0.927976
470.625		0.927976
470.75		0.927976
470.875		0.927976
471		0.927976
471.125		0.927976
471.25		0.927976
471.375		0.927976
471.5		0.927976
471.625		0.927976
471.75		0.927976
471.875		0.927976
472		0.927976
472.125		0.927976
472.25		0.927976
472.375		0.927976
472.5		0.927976
472.625		0.927976
472.75		0.927976
472.875		0.927976
473		0.927976
473.125		0.927976
473.25		0.927976
473.375		0.927976
473.5		0.927976
473.625		0.927976
473.75		0.927976
473.875		0.927976
474		0.927976
474.125		0.927976
474.25		0.927976
474.375		0.927976
474.5		0.927976
474.625		0.927976
474.75		0.927976
474.875		0.927976
475		0.927976
475.125		0.944444
475.25		0.944444
475.375		0.944444
475.5		0.944444
475.625		0.944444
475.75		0.944444
475.875		0.944444
476		0.944444
476.125		0.944444
476.25		0.944444
476.375		0.944444
476.5		0.944444
476.625		0.944444
476.75		0.944444
476.875		0.944444
477		0.944444
477.125		0.944444
477.25		0.944444
477.375		0.944444
477.5		0.944444
477.625		0.944444
477.75		0.944444
477.875		0.944444
478		0.944444
478.125		0.944444
478.25		0.944444
478.375		0.944444
478.5		0.944444
478.625		0.944444
478.75		0.944444
478.875		0.944444
479		0.944444
479.125		0.944444
479.25		0.944444
479.375		0.944444
479.5		0.944444
479.625		0.944444
479.75		0.944444
479.875		0.944444
480		0.944444
480.125		0.970033
480.25		0.970033
480.375		0.970033
480.5		0.970033
480.625		0.970033
480.75		0.970033
480.875		0.970033
481		0.970033
481.125		0.970033
481.25		0.970033
481.375		0.970033
481.5		0.970033
481.625		0.970033
481.75		0.970033
481.875		0.970033
482		0.970033
482.125		0.970033
482.25		0.970033
482.375		0.970033
482.5		0.970033
482.625		0.970033
482.75		0.970033
482.875		0.970033
483		0.970033
483.125		0.970033
483.25		0.970033
483.375		0.970033
483.5		0.970033
483.625		0.970033
483.75		0.970033
483.875		0.970033
484		0.970033
484.125		0.970033
484.25		0.970033
484.375		0.970033
484.5		0.970033
484.625		0.970033
484.75		0.970033
484.875		0.970033
485		0.970033
485.125		0.973473
485.25		0.973473
485.375		0.973473
485.5		0.973473
485.625		0.973473
485.75		0.973473
485.875		0.973473
486		0.973473
486.125		0.973473
486.25		0.973473
486.375		0.973473
486.5		0.973473
486.625		0.973473
486.75		0.973473
486.875		0.973473
487		0.973473
487.125		0.973473
487.25		0.973473
487.375		0.973473
487.5		0.973473
487.625		0.973473
487.75		0.973473
487.875		0.973473
488		0.973473
488.125		0.973473
488.25		0.973473
488.375		0.973473
488.5		0.973473
488.625		0.973473
488.75		0.973473
488.875		0.973473
489		0.973473
489.125		0.973473
489.25		0.973473
489.375		0.973473
489.5		0.973473
489.625		0.973473
489.75		0.973473
489.875		0.973473
490		0.973473
490.125		0.979935
490.25		0.979935
490.375		0.979935
490.5		0.979935
490.625		0.979935
490.75		0.979935
490.875		0.979935
491		0.979935
491.125		0.979935
491.25		0.979935
491.375		0.979935
491.5		0.979935
491.625		0.979935
491.75		0.979935
491.875		0.979935
492		0.979935
492.125		0.979935
492.25		0.979935
492.375		0.979935
492.5		0.979935
492.625		0.979935
492.75		0.979935
492.875		0.979935
493		0.979935
493.125		0.979935
493.25		0.979935
493.375		0.979935
493.5		0.979935
493.625		0.979935
493.75		0.979935
493.875		0.979935
494		0.979935
494.125		0.979935
494.25		0.979935
494.375		0.979935
494.5		0.979935
494.625		0.979935
494.75		0.979935
494.875		0.979935
495		0.979935
495.125		1
495.25		1
495.375		1
495.5		1
495.625		1
495.75		1
495.875		1
496		1
496.125		1
496.25		1
496.375		1
496.5		1
496.625		1
496.75		1
496.875		1
497		1
497.125		1
497.25		1
497.375		1
497.5		1
497.625		1
497.75		1
497.875		1
498		1
498.125		1
498.25		1
498.375		1
498.5		1
498.625		1
498.75		1
498.875		1
499		1
499.125		1
499.25		1
499.375		1
499.5		1
499.625		1
499.75		1
499.875		1
500		1
