# Calibration file of tamex_id 0 @ channel 10
# fine_T bin		 Calibration value
0.125		0
0.25		0
0.375		0
0.5		0
0.625		0
0.75		0
0.875		0
1		0
1.125		0
1.25		0
1.375		0
1.5		0
1.625		0
1.75		0
1.875		0
2		0
2.125		0
2.25		0
2.375		0
2.5		0
2.625		0
2.75		0
2.875		0
3		0
3.125		0
3.25		0
3.375		0
3.5		0
3.625		0
3.75		0
3.875		0
4		0
4.125		0
4.25		0
4.375		0
4.5		0
4.625		0
4.75		0
4.875		0
5		0
5.125		0
5.25		0
5.375		0
5.5		0
5.625		0
5.75		0
5.875		0
6		0
6.125		0
6.25		0
6.375		0
6.5		0
6.625		0
6.75		0
6.875		0
7		0
7.125		0
7.25		0
7.375		0
7.5		0
7.625		0
7.75		0
7.875		0
8		0
8.125		0
8.25		0
8.375		0
8.5		0
8.625		0
8.75		0
8.875		0
9		0
9.125		0
9.25		0
9.375		0
9.5		0
9.625		0
9.75		0
9.875		0
10		0
10.125		0
10.25		0
10.375		0
10.5		0
10.625		0
10.75		0
10.875		0
11		0
11.125		0
11.25		0
11.375		0
11.5		0
11.625		0
11.75		0
11.875		0
12		0
12.125		0
12.25		0
12.375		0
12.5		0
12.625		0
12.75		0
12.875		0
13		0
13.125		0
13.25		0
13.375		0
13.5		0
13.625		0
13.75		0
13.875		0
14		0
14.125		0
14.25		0
14.375		0
14.5		0
14.625		0
14.75		0
14.875		0
15		0
15.125		0
15.25		0
15.375		0
15.5		0
15.625		0
15.75		0
15.875		0
16		0
16.125		0
16.25		0
16.375		0
16.5		0
16.625		0
16.75		0
16.875		0
17		0
17.125		0
17.25		0
17.375		0
17.5		0
17.625		0
17.75		0
17.875		0
18		0
18.125		0
18.25		0
18.375		0
18.5		0
18.625		0
18.75		0
18.875		0
19		0
19.125		0
19.25		0
19.375		0
19.5		0
19.625		0
19.75		0
19.875		0
20		0
20.125		0
20.25		0
20.375		0
20.5		0
20.625		0
20.75		0
20.875		0
21		0
21.125		0
21.25		0
21.375		0
21.5		0
21.625		0
21.75		0
21.875		0
22		0
22.125		0
22.25		0
22.375		0
22.5		0
22.625		0
22.75		0
22.875		0
23		0
23.125		0
23.25		0
23.375		0
23.5		0
23.625		0
23.75		0
23.875		0
24		0
24.125		0
24.25		0
24.375		0
24.5		0
24.625		0
24.75		0
24.875		0
25		0
25.125		0
25.25		0
25.375		0
25.5		0
25.625		0
25.75		0
25.875		0
26		0
26.125		0
26.25		0
26.375		0
26.5		0
26.625		0
26.75		0
26.875		0
27		0
27.125		0
27.25		0
27.375		0
27.5		0
27.625		0
27.75		0
27.875		0
28		0
28.125		0
28.25		0
28.375		0
28.5		0
28.625		0
28.75		0
28.875		0
29		0
29.125		0
29.25		0
29.375		0
29.5		0
29.625		0
29.75		0
29.875		0
30		0
30.125		0
30.25		0
30.375		0
30.5		0
30.625		0
30.75		0
30.875		0
31		0
31.125		0
31.25		0
31.375		0
31.5		0
31.625		0
31.75		0
31.875		0
32		0
32.125		0
32.25		0
32.375		0
32.5		0
32.625		0
32.75		0
32.875		0
33		0
33.125		0
33.25		0
33.375		0
33.5		0
33.625		0
33.75		0
33.875		0
34		0
34.125		0
34.25		0
34.375		0
34.5		0
34.625		0
34.75		0
34.875		0
35		0
35.125		0
35.25		0
35.375		0
35.5		0
35.625		0
35.75		0
35.875		0
36		0
36.125		0
36.25		0
36.375		0
36.5		0
36.625		0
36.75		0
36.875		0
37		0
37.125		0
37.25		0
37.375		0
37.5		0
37.625		0
37.75		0
37.875		0
38		0
38.125		0
38.25		0
38.375		0
38.5		0
38.625		0
38.75		0
38.875		0
39		0
39.125		0
39.25		0
39.375		0
39.5		0
39.625		0
39.75		0
39.875		0
40		0
40.125		0
40.25		0
40.375		0
40.5		0
40.625		0
40.75		0
40.875		0
41		0
41.125		0
41.25		0
41.375		0
41.5		0
41.625		0
41.75		0
41.875		0
42		0
42.125		0
42.25		0
42.375		0
42.5		0
42.625		0
42.75		0
42.875		0
43		0
43.125		0
43.25		0
43.375		0
43.5		0
43.625		0
43.75		0
43.875		0
44		0
44.125		0
44.25		0
44.375		0
44.5		0
44.625		0
44.75		0
44.875		0
45		0
45.125		0
45.25		0
45.375		0
45.5		0
45.625		0
45.75		0
45.875		0
46		0
46.125		0
46.25		0
46.375		0
46.5		0
46.625		0
46.75		0
46.875		0
47		0
47.125		0
47.25		0
47.375		0
47.5		0
47.625		0
47.75		0
47.875		0
48		0
48.125		0
48.25		0
48.375		0
48.5		0
48.625		0
48.75		0
48.875		0
49		0
49.125		0
49.25		0
49.375		0
49.5		0
49.625		0
49.75		0
49.875		0
50		0
50.125		0
50.25		0
50.375		0
50.5		0
50.625		0
50.75		0
50.875		0
51		0
51.125		0
51.25		0
51.375		0
51.5		0
51.625		0
51.75		0
51.875		0
52		0
52.125		0
52.25		0
52.375		0
52.5		0
52.625		0
52.75		0
52.875		0
53		0
53.125		0
53.25		0
53.375		0
53.5		0
53.625		0
53.75		0
53.875		0
54		0
54.125		0
54.25		0
54.375		0
54.5		0
54.625		0
54.75		0
54.875		0
55		0
55.125		0
55.25		0
55.375		0
55.5		0
55.625		0
55.75		0
55.875		0
56		0
56.125		0
56.25		0
56.375		0
56.5		0
56.625		0
56.75		0
56.875		0
57		0
57.125		0
57.25		0
57.375		0
57.5		0
57.625		0
57.75		0
57.875		0
58		0
58.125		0
58.25		0
58.375		0
58.5		0
58.625		0
58.75		0
58.875		0
59		0
59.125		0
59.25		0
59.375		0
59.5		0
59.625		0
59.75		0
59.875		0
60		0
60.125		0
60.25		0
60.375		0
60.5		0
60.625		0
60.75		0
60.875		0
61		0
61.125		0
61.25		0
61.375		0
61.5		0
61.625		0
61.75		0
61.875		0
62		0
62.125		0
62.25		0
62.375		0
62.5		0
62.625		0
62.75		0
62.875		0
63		0
63.125		0
63.25		0
63.375		0
63.5		0
63.625		0
63.75		0
63.875		0
64		0
64.125		0
64.25		0
64.375		0
64.5		0
64.625		0
64.75		0
64.875		0
65		0
65.125		0
65.25		0
65.375		0
65.5		0
65.625		0
65.75		0
65.875		0
66		0
66.125		0
66.25		0
66.375		0
66.5		0
66.625		0
66.75		0
66.875		0
67		0
67.125		0
67.25		0
67.375		0
67.5		0
67.625		0
67.75		0
67.875		0
68		0
68.125		0
68.25		0
68.375		0
68.5		0
68.625		0
68.75		0
68.875		0
69		0
69.125		0
69.25		0
69.375		0
69.5		0
69.625		0
69.75		0
69.875		0
70		0
70.125		0
70.25		0
70.375		0
70.5		0
70.625		0
70.75		0
70.875		0
71		0
71.125		0
71.25		0
71.375		0
71.5		0
71.625		0
71.75		0
71.875		0
72		0
72.125		0
72.25		0
72.375		0
72.5		0
72.625		0
72.75		0
72.875		0
73		0
73.125		0
73.25		0
73.375		0
73.5		0
73.625		0
73.75		0
73.875		0
74		0
74.125		0
74.25		0
74.375		0
74.5		0
74.625		0
74.75		0
74.875		0
75		0
75.125		0
75.25		0
75.375		0
75.5		0
75.625		0
75.75		0
75.875		0
76		0
76.125		0
76.25		0
76.375		0
76.5		0
76.625		0
76.75		0
76.875		0
77		0
77.125		0
77.25		0
77.375		0
77.5		0
77.625		0
77.75		0
77.875		0
78		0
78.125		0
78.25		0
78.375		0
78.5		0
78.625		0
78.75		0
78.875		0
79		0
79.125		0
79.25		0
79.375		0
79.5		0
79.625		0
79.75		0
79.875		0
80		0
80.125		0.00016292
80.25		0.00016292
80.375		0.00016292
80.5		0.00016292
80.625		0.00016292
80.75		0.00016292
80.875		0.00016292
81		0.00016292
81.125		0.00016292
81.25		0.00016292
81.375		0.00016292
81.5		0.00016292
81.625		0.00016292
81.75		0.00016292
81.875		0.00016292
82		0.00016292
82.125		0.00016292
82.25		0.00016292
82.375		0.00016292
82.5		0.00016292
82.625		0.00016292
82.75		0.00016292
82.875		0.00016292
83		0.00016292
83.125		0.00016292
83.25		0.00016292
83.375		0.00016292
83.5		0.00016292
83.625		0.00016292
83.75		0.00016292
83.875		0.00016292
84		0.00016292
84.125		0.00016292
84.25		0.00016292
84.375		0.00016292
84.5		0.00016292
84.625		0.00016292
84.75		0.00016292
84.875		0.00016292
85		0.00016292
85.125		0.0462691
85.25		0.0462691
85.375		0.0462691
85.5		0.0462691
85.625		0.0462691
85.75		0.0462691
85.875		0.0462691
86		0.0462691
86.125		0.0462691
86.25		0.0462691
86.375		0.0462691
86.5		0.0462691
86.625		0.0462691
86.75		0.0462691
86.875		0.0462691
87		0.0462691
87.125		0.0462691
87.25		0.0462691
87.375		0.0462691
87.5		0.0462691
87.625		0.0462691
87.75		0.0462691
87.875		0.0462691
88		0.0462691
88.125		0.0462691
88.25		0.0462691
88.375		0.0462691
88.5		0.0462691
88.625		0.0462691
88.75		0.0462691
88.875		0.0462691
89		0.0462691
89.125		0.0462691
89.25		0.0462691
89.375		0.0462691
89.5		0.0462691
89.625		0.0462691
89.75		0.0462691
89.875		0.0462691
90		0.0462691
90.125		0.0588139
90.25		0.0588139
90.375		0.0588139
90.5		0.0588139
90.625		0.0588139
90.75		0.0588139
90.875		0.0588139
91		0.0588139
91.125		0.0588139
91.25		0.0588139
91.375		0.0588139
91.5		0.0588139
91.625		0.0588139
91.75		0.0588139
91.875		0.0588139
92		0.0588139
92.125		0.0588139
92.25		0.0588139
92.375		0.0588139
92.5		0.0588139
92.625		0.0588139
92.75		0.0588139
92.875		0.0588139
93		0.0588139
93.125		0.0588139
93.25		0.0588139
93.375		0.0588139
93.5		0.0588139
93.625		0.0588139
93.75		0.0588139
93.875		0.0588139
94		0.0588139
94.125		0.0588139
94.25		0.0588139
94.375		0.0588139
94.5		0.0588139
94.625		0.0588139
94.75		0.0588139
94.875		0.0588139
95		0.0588139
95.125		0.0643532
95.25		0.0643532
95.375		0.0643532
95.5		0.0643532
95.625		0.0643532
95.75		0.0643532
95.875		0.0643532
96		0.0643532
96.125		0.0643532
96.25		0.0643532
96.375		0.0643532
96.5		0.0643532
96.625		0.0643532
96.75		0.0643532
96.875		0.0643532
97		0.0643532
97.125		0.0643532
97.25		0.0643532
97.375		0.0643532
97.5		0.0643532
97.625		0.0643532
97.75		0.0643532
97.875		0.0643532
98		0.0643532
98.125		0.0643532
98.25		0.0643532
98.375		0.0643532
98.5		0.0643532
98.625		0.0643532
98.75		0.0643532
98.875		0.0643532
99		0.0643532
99.125		0.0643532
99.25		0.0643532
99.375		0.0643532
99.5		0.0643532
99.625		0.0643532
99.75		0.0643532
99.875		0.0643532
100		0.0643532
100.125		0.0966656
100.25		0.0966656
100.375		0.0966656
100.5		0.0966656
100.625		0.0966656
100.75		0.0966656
100.875		0.0966656
101		0.0966656
101.125		0.0966656
101.25		0.0966656
101.375		0.0966656
101.5		0.0966656
101.625		0.0966656
101.75		0.0966656
101.875		0.0966656
102		0.0966656
102.125		0.0966656
102.25		0.0966656
102.375		0.0966656
102.5		0.0966656
102.625		0.0966656
102.75		0.0966656
102.875		0.0966656
103		0.0966656
103.125		0.0966656
103.25		0.0966656
103.375		0.0966656
103.5		0.0966656
103.625		0.0966656
103.75		0.0966656
103.875		0.0966656
104		0.0966656
104.125		0.0966656
104.25		0.0966656
104.375		0.0966656
104.5		0.0966656
104.625		0.0966656
104.75		0.0966656
104.875		0.0966656
105		0.0966656
105.125		0.0972086
105.25		0.0972086
105.375		0.0972086
105.5		0.0972086
105.625		0.0972086
105.75		0.0972086
105.875		0.0972086
106		0.0972086
106.125		0.0972086
106.25		0.0972086
106.375		0.0972086
106.5		0.0972086
106.625		0.0972086
106.75		0.0972086
106.875		0.0972086
107		0.0972086
107.125		0.0972086
107.25		0.0972086
107.375		0.0972086
107.5		0.0972086
107.625		0.0972086
107.75		0.0972086
107.875		0.0972086
108		0.0972086
108.125		0.0972086
108.25		0.0972086
108.375		0.0972086
108.5		0.0972086
108.625		0.0972086
108.75		0.0972086
108.875		0.0972086
109		0.0972086
109.125		0.0972086
109.25		0.0972086
109.375		0.0972086
109.5		0.0972086
109.625		0.0972086
109.75		0.0972086
109.875		0.0972086
110		0.0972086
110.125		0.113881
110.25		0.113881
110.375		0.113881
110.5		0.113881
110.625		0.113881
110.75		0.113881
110.875		0.113881
111		0.113881
111.125		0.113881
111.25		0.113881
111.375		0.113881
111.5		0.113881
111.625		0.113881
111.75		0.113881
111.875		0.113881
112		0.113881
112.125		0.113881
112.25		0.113881
112.375		0.113881
112.5		0.113881
112.625		0.113881
112.75		0.113881
112.875		0.113881
113		0.113881
113.125		0.113881
113.25		0.113881
113.375		0.113881
113.5		0.113881
113.625		0.113881
113.75		0.113881
113.875		0.113881
114		0.113881
114.125		0.113881
114.25		0.113881
114.375		0.113881
114.5		0.113881
114.625		0.113881
114.75		0.113881
114.875		0.113881
115		0.113881
115.125		0.128326
115.25		0.128326
115.375		0.128326
115.5		0.128326
115.625		0.128326
115.75		0.128326
115.875		0.128326
116		0.128326
116.125		0.128326
116.25		0.128326
116.375		0.128326
116.5		0.128326
116.625		0.128326
116.75		0.128326
116.875		0.128326
117		0.128326
117.125		0.128326
117.25		0.128326
117.375		0.128326
117.5		0.128326
117.625		0.128326
117.75		0.128326
117.875		0.128326
118		0.128326
118.125		0.128326
118.25		0.128326
118.375		0.128326
118.5		0.128326
118.625		0.128326
118.75		0.128326
118.875		0.128326
119		0.128326
119.125		0.128326
119.25		0.128326
119.375		0.128326
119.5		0.128326
119.625		0.128326
119.75		0.128326
119.875		0.128326
120		0.128326
120.125		0.133051
120.25		0.133051
120.375		0.133051
120.5		0.133051
120.625		0.133051
120.75		0.133051
120.875		0.133051
121		0.133051
121.125		0.133051
121.25		0.133051
121.375		0.133051
121.5		0.133051
121.625		0.133051
121.75		0.133051
121.875		0.133051
122		0.133051
122.125		0.133051
122.25		0.133051
122.375		0.133051
122.5		0.133051
122.625		0.133051
122.75		0.133051
122.875		0.133051
123		0.133051
123.125		0.133051
123.25		0.133051
123.375		0.133051
123.5		0.133051
123.625		0.133051
123.75		0.133051
123.875		0.133051
124		0.133051
124.125		0.133051
124.25		0.133051
124.375		0.133051
124.5		0.133051
124.625		0.133051
124.75		0.133051
124.875		0.133051
125		0.133051
125.125		0.156566
125.25		0.156566
125.375		0.156566
125.5		0.156566
125.625		0.156566
125.75		0.156566
125.875		0.156566
126		0.156566
126.125		0.156566
126.25		0.156566
126.375		0.156566
126.5		0.156566
126.625		0.156566
126.75		0.156566
126.875		0.156566
127		0.156566
127.125		0.156566
127.25		0.156566
127.375		0.156566
127.5		0.156566
127.625		0.156566
127.75		0.156566
127.875		0.156566
128		0.156566
128.125		0.156566
128.25		0.156566
128.375		0.156566
128.5		0.156566
128.625		0.156566
128.75		0.156566
128.875		0.156566
129		0.156566
129.125		0.156566
129.25		0.156566
129.375		0.156566
129.5		0.156566
129.625		0.156566
129.75		0.156566
129.875		0.156566
130		0.156566
130.125		0.165037
130.25		0.165037
130.375		0.165037
130.5		0.165037
130.625		0.165037
130.75		0.165037
130.875		0.165037
131		0.165037
131.125		0.165037
131.25		0.165037
131.375		0.165037
131.5		0.165037
131.625		0.165037
131.75		0.165037
131.875		0.165037
132		0.165037
132.125		0.165037
132.25		0.165037
132.375		0.165037
132.5		0.165037
132.625		0.165037
132.75		0.165037
132.875		0.165037
133		0.165037
133.125		0.165037
133.25		0.165037
133.375		0.165037
133.5		0.165037
133.625		0.165037
133.75		0.165037
133.875		0.165037
134		0.165037
134.125		0.165037
134.25		0.165037
134.375		0.165037
134.5		0.165037
134.625		0.165037
134.75		0.165037
134.875		0.165037
135		0.165037
135.125		0.167318
135.25		0.167318
135.375		0.167318
135.5		0.167318
135.625		0.167318
135.75		0.167318
135.875		0.167318
136		0.167318
136.125		0.167318
136.25		0.167318
136.375		0.167318
136.5		0.167318
136.625		0.167318
136.75		0.167318
136.875		0.167318
137		0.167318
137.125		0.167318
137.25		0.167318
137.375		0.167318
137.5		0.167318
137.625		0.167318
137.75		0.167318
137.875		0.167318
138		0.167318
138.125		0.167318
138.25		0.167318
138.375		0.167318
138.5		0.167318
138.625		0.167318
138.75		0.167318
138.875		0.167318
139		0.167318
139.125		0.167318
139.25		0.167318
139.375		0.167318
139.5		0.167318
139.625		0.167318
139.75		0.167318
139.875		0.167318
140		0.167318
140.125		0.171065
140.25		0.171065
140.375		0.171065
140.5		0.171065
140.625		0.171065
140.75		0.171065
140.875		0.171065
141		0.171065
141.125		0.171065
141.25		0.171065
141.375		0.171065
141.5		0.171065
141.625		0.171065
141.75		0.171065
141.875		0.171065
142		0.171065
142.125		0.171065
142.25		0.171065
142.375		0.171065
142.5		0.171065
142.625		0.171065
142.75		0.171065
142.875		0.171065
143		0.171065
143.125		0.171065
143.25		0.171065
143.375		0.171065
143.5		0.171065
143.625		0.171065
143.75		0.171065
143.875		0.171065
144		0.171065
144.125		0.171065
144.25		0.171065
144.375		0.171065
144.5		0.171065
144.625		0.171065
144.75		0.171065
144.875		0.171065
145		0.171065
145.125		0.18562
145.25		0.18562
145.375		0.18562
145.5		0.18562
145.625		0.18562
145.75		0.18562
145.875		0.18562
146		0.18562
146.125		0.18562
146.25		0.18562
146.375		0.18562
146.5		0.18562
146.625		0.18562
146.75		0.18562
146.875		0.18562
147		0.18562
147.125		0.18562
147.25		0.18562
147.375		0.18562
147.5		0.18562
147.625		0.18562
147.75		0.18562
147.875		0.18562
148		0.18562
148.125		0.18562
148.25		0.18562
148.375		0.18562
148.5		0.18562
148.625		0.18562
148.75		0.18562
148.875		0.18562
149		0.18562
149.125		0.18562
149.25		0.18562
149.375		0.18562
149.5		0.18562
149.625		0.18562
149.75		0.18562
149.875		0.18562
150		0.18562
150.125		0.209514
150.25		0.209514
150.375		0.209514
150.5		0.209514
150.625		0.209514
150.75		0.209514
150.875		0.209514
151		0.209514
151.125		0.209514
151.25		0.209514
151.375		0.209514
151.5		0.209514
151.625		0.209514
151.75		0.209514
151.875		0.209514
152		0.209514
152.125		0.209514
152.25		0.209514
152.375		0.209514
152.5		0.209514
152.625		0.209514
152.75		0.209514
152.875		0.209514
153		0.209514
153.125		0.209514
153.25		0.209514
153.375		0.209514
153.5		0.209514
153.625		0.209514
153.75		0.209514
153.875		0.209514
154		0.209514
154.125		0.209514
154.25		0.209514
154.375		0.209514
154.5		0.209514
154.625		0.209514
154.75		0.209514
154.875		0.209514
155		0.209514
155.125		0.22005
155.25		0.22005
155.375		0.22005
155.5		0.22005
155.625		0.22005
155.75		0.22005
155.875		0.22005
156		0.22005
156.125		0.22005
156.25		0.22005
156.375		0.22005
156.5		0.22005
156.625		0.22005
156.75		0.22005
156.875		0.22005
157		0.22005
157.125		0.22005
157.25		0.22005
157.375		0.22005
157.5		0.22005
157.625		0.22005
157.75		0.22005
157.875		0.22005
158		0.22005
158.125		0.22005
158.25		0.22005
158.375		0.22005
158.5		0.22005
158.625		0.22005
158.75		0.22005
158.875		0.22005
159		0.22005
159.125		0.22005
159.25		0.22005
159.375		0.22005
159.5		0.22005
159.625		0.22005
159.75		0.22005
159.875		0.22005
160		0.22005
160.125		0.228793
160.25		0.228793
160.375		0.228793
160.5		0.228793
160.625		0.228793
160.75		0.228793
160.875		0.228793
161		0.228793
161.125		0.228793
161.25		0.228793
161.375		0.228793
161.5		0.228793
161.625		0.228793
161.75		0.228793
161.875		0.228793
162		0.228793
162.125		0.228793
162.25		0.228793
162.375		0.228793
162.5		0.228793
162.625		0.228793
162.75		0.228793
162.875		0.228793
163		0.228793
163.125		0.228793
163.25		0.228793
163.375		0.228793
163.5		0.228793
163.625		0.228793
163.75		0.228793
163.875		0.228793
164		0.228793
164.125		0.228793
164.25		0.228793
164.375		0.228793
164.5		0.228793
164.625		0.228793
164.75		0.228793
164.875		0.228793
165		0.228793
165.125		0.23254
165.25		0.23254
165.375		0.23254
165.5		0.23254
165.625		0.23254
165.75		0.23254
165.875		0.23254
166		0.23254
166.125		0.23254
166.25		0.23254
166.375		0.23254
166.5		0.23254
166.625		0.23254
166.75		0.23254
166.875		0.23254
167		0.23254
167.125		0.23254
167.25		0.23254
167.375		0.23254
167.5		0.23254
167.625		0.23254
167.75		0.23254
167.875		0.23254
168		0.23254
168.125		0.23254
168.25		0.23254
168.375		0.23254
168.5		0.23254
168.625		0.23254
168.75		0.23254
168.875		0.23254
169		0.23254
169.125		0.23254
169.25		0.23254
169.375		0.23254
169.5		0.23254
169.625		0.23254
169.75		0.23254
169.875		0.23254
170		0.23254
170.125		0.249375
170.25		0.249375
170.375		0.249375
170.5		0.249375
170.625		0.249375
170.75		0.249375
170.875		0.249375
171		0.249375
171.125		0.249375
171.25		0.249375
171.375		0.249375
171.5		0.249375
171.625		0.249375
171.75		0.249375
171.875		0.249375
172		0.249375
172.125		0.249375
172.25		0.249375
172.375		0.249375
172.5		0.249375
172.625		0.249375
172.75		0.249375
172.875		0.249375
173		0.249375
173.125		0.249375
173.25		0.249375
173.375		0.249375
173.5		0.249375
173.625		0.249375
173.75		0.249375
173.875		0.249375
174		0.249375
174.125		0.249375
174.25		0.249375
174.375		0.249375
174.5		0.249375
174.625		0.249375
174.75		0.249375
174.875		0.249375
175		0.249375
175.125		0.274302
175.25		0.274302
175.375		0.274302
175.5		0.274302
175.625		0.274302
175.75		0.274302
175.875		0.274302
176		0.274302
176.125		0.274302
176.25		0.274302
176.375		0.274302
176.5		0.274302
176.625		0.274302
176.75		0.274302
176.875		0.274302
177		0.274302
177.125		0.274302
177.25		0.274302
177.375		0.274302
177.5		0.274302
177.625		0.274302
177.75		0.274302
177.875		0.274302
178		0.274302
178.125		0.274302
178.25		0.274302
178.375		0.274302
178.5		0.274302
178.625		0.274302
178.75		0.274302
178.875		0.274302
179		0.274302
179.125		0.274302
179.25		0.274302
179.375		0.274302
179.5		0.274302
179.625		0.274302
179.75		0.274302
179.875		0.274302
180		0.274302
180.125		0.276149
180.25		0.276149
180.375		0.276149
180.5		0.276149
180.625		0.276149
180.75		0.276149
180.875		0.276149
181		0.276149
181.125		0.276149
181.25		0.276149
181.375		0.276149
181.5		0.276149
181.625		0.276149
181.75		0.276149
181.875		0.276149
182		0.276149
182.125		0.276149
182.25		0.276149
182.375		0.276149
182.5		0.276149
182.625		0.276149
182.75		0.276149
182.875		0.276149
183		0.276149
183.125		0.276149
183.25		0.276149
183.375		0.276149
183.5		0.276149
183.625		0.276149
183.75		0.276149
183.875		0.276149
184		0.276149
184.125		0.276149
184.25		0.276149
184.375		0.276149
184.5		0.276149
184.625		0.276149
184.75		0.276149
184.875		0.276149
185		0.276149
185.125		0.282014
185.25		0.282014
185.375		0.282014
185.5		0.282014
185.625		0.282014
185.75		0.282014
185.875		0.282014
186		0.282014
186.125		0.282014
186.25		0.282014
186.375		0.282014
186.5		0.282014
186.625		0.282014
186.75		0.282014
186.875		0.282014
187		0.282014
187.125		0.282014
187.25		0.282014
187.375		0.282014
187.5		0.282014
187.625		0.282014
187.75		0.282014
187.875		0.282014
188		0.282014
188.125		0.282014
188.25		0.282014
188.375		0.282014
188.5		0.282014
188.625		0.282014
188.75		0.282014
188.875		0.282014
189		0.282014
189.125		0.282014
189.25		0.282014
189.375		0.282014
189.5		0.282014
189.625		0.282014
189.75		0.282014
189.875		0.282014
190		0.282014
190.125		0.288422
190.25		0.288422
190.375		0.288422
190.5		0.288422
190.625		0.288422
190.75		0.288422
190.875		0.288422
191		0.288422
191.125		0.288422
191.25		0.288422
191.375		0.288422
191.5		0.288422
191.625		0.288422
191.75		0.288422
191.875		0.288422
192		0.288422
192.125		0.288422
192.25		0.288422
192.375		0.288422
192.5		0.288422
192.625		0.288422
192.75		0.288422
192.875		0.288422
193		0.288422
193.125		0.288422
193.25		0.288422
193.375		0.288422
193.5		0.288422
193.625		0.288422
193.75		0.288422
193.875		0.288422
194		0.288422
194.125		0.288422
194.25		0.288422
194.375		0.288422
194.5		0.288422
194.625		0.288422
194.75		0.288422
194.875		0.288422
195		0.288422
195.125		0.301781
195.25		0.301781
195.375		0.301781
195.5		0.301781
195.625		0.301781
195.75		0.301781
195.875		0.301781
196		0.301781
196.125		0.301781
196.25		0.301781
196.375		0.301781
196.5		0.301781
196.625		0.301781
196.75		0.301781
196.875		0.301781
197		0.301781
197.125		0.301781
197.25		0.301781
197.375		0.301781
197.5		0.301781
197.625		0.301781
197.75		0.301781
197.875		0.301781
198		0.301781
198.125		0.301781
198.25		0.301781
198.375		0.301781
198.5		0.301781
198.625		0.301781
198.75		0.301781
198.875		0.301781
199		0.301781
199.125		0.301781
199.25		0.301781
199.375		0.301781
199.5		0.301781
199.625		0.301781
199.75		0.301781
199.875		0.301781
200		0.301781
200.125		0.323232
200.25		0.323232
200.375		0.323232
200.5		0.323232
200.625		0.323232
200.75		0.323232
200.875		0.323232
201		0.323232
201.125		0.323232
201.25		0.323232
201.375		0.323232
201.5		0.323232
201.625		0.323232
201.75		0.323232
201.875		0.323232
202		0.323232
202.125		0.323232
202.25		0.323232
202.375		0.323232
202.5		0.323232
202.625		0.323232
202.75		0.323232
202.875		0.323232
203		0.323232
203.125		0.323232
203.25		0.323232
203.375		0.323232
203.5		0.323232
203.625		0.323232
203.75		0.323232
203.875		0.323232
204		0.323232
204.125		0.323232
204.25		0.323232
204.375		0.323232
204.5		0.323232
204.625		0.323232
204.75		0.323232
204.875		0.323232
205		0.323232
205.125		0.324807
205.25		0.324807
205.375		0.324807
205.5		0.324807
205.625		0.324807
205.75		0.324807
205.875		0.324807
206		0.324807
206.125		0.324807
206.25		0.324807
206.375		0.324807
206.5		0.324807
206.625		0.324807
206.75		0.324807
206.875		0.324807
207		0.324807
207.125		0.324807
207.25		0.324807
207.375		0.324807
207.5		0.324807
207.625		0.324807
207.75		0.324807
207.875		0.324807
208		0.324807
208.125		0.324807
208.25		0.324807
208.375		0.324807
208.5		0.324807
208.625		0.324807
208.75		0.324807
208.875		0.324807
209		0.324807
209.125		0.324807
209.25		0.324807
209.375		0.324807
209.5		0.324807
209.625		0.324807
209.75		0.324807
209.875		0.324807
210		0.324807
210.125		0.349191
210.25		0.349191
210.375		0.349191
210.5		0.349191
210.625		0.349191
210.75		0.349191
210.875		0.349191
211		0.349191
211.125		0.349191
211.25		0.349191
211.375		0.349191
211.5		0.349191
211.625		0.349191
211.75		0.349191
211.875		0.349191
212		0.349191
212.125		0.349191
212.25		0.349191
212.375		0.349191
212.5		0.349191
212.625		0.349191
212.75		0.349191
212.875		0.349191
213		0.349191
213.125		0.349191
213.25		0.349191
213.375		0.349191
213.5		0.349191
213.625		0.349191
213.75		0.349191
213.875		0.349191
214		0.349191
214.125		0.349191
214.25		0.349191
214.375		0.349191
214.5		0.349191
214.625		0.349191
214.75		0.349191
214.875		0.349191
215		0.349191
215.125		0.355762
215.25		0.355762
215.375		0.355762
215.5		0.355762
215.625		0.355762
215.75		0.355762
215.875		0.355762
216		0.355762
216.125		0.355762
216.25		0.355762
216.375		0.355762
216.5		0.355762
216.625		0.355762
216.75		0.355762
216.875		0.355762
217		0.355762
217.125		0.355762
217.25		0.355762
217.375		0.355762
217.5		0.355762
217.625		0.355762
217.75		0.355762
217.875		0.355762
218		0.355762
218.125		0.355762
218.25		0.355762
218.375		0.355762
218.5		0.355762
218.625		0.355762
218.75		0.355762
218.875		0.355762
219		0.355762
219.125		0.355762
219.25		0.355762
219.375		0.355762
219.5		0.355762
219.625		0.355762
219.75		0.355762
219.875		0.355762
220		0.355762
220.125		0.357554
220.25		0.357554
220.375		0.357554
220.5		0.357554
220.625		0.357554
220.75		0.357554
220.875		0.357554
221		0.357554
221.125		0.357554
221.25		0.357554
221.375		0.357554
221.5		0.357554
221.625		0.357554
221.75		0.357554
221.875		0.357554
222		0.357554
222.125		0.357554
222.25		0.357554
222.375		0.357554
222.5		0.357554
222.625		0.357554
222.75		0.357554
222.875		0.357554
223		0.357554
223.125		0.357554
223.25		0.357554
223.375		0.357554
223.5		0.357554
223.625		0.357554
223.75		0.357554
223.875		0.357554
224		0.357554
224.125		0.357554
224.25		0.357554
224.375		0.357554
224.5		0.357554
224.625		0.357554
224.75		0.357554
224.875		0.357554
225		0.357554
225.125		0.36179
225.25		0.36179
225.375		0.36179
225.5		0.36179
225.625		0.36179
225.75		0.36179
225.875		0.36179
226		0.36179
226.125		0.36179
226.25		0.36179
226.375		0.36179
226.5		0.36179
226.625		0.36179
226.75		0.36179
226.875		0.36179
227		0.36179
227.125		0.36179
227.25		0.36179
227.375		0.36179
227.5		0.36179
227.625		0.36179
227.75		0.36179
227.875		0.36179
228		0.36179
228.125		0.36179
228.25		0.36179
228.375		0.36179
228.5		0.36179
228.625		0.36179
228.75		0.36179
228.875		0.36179
229		0.36179
229.125		0.36179
229.25		0.36179
229.375		0.36179
229.5		0.36179
229.625		0.36179
229.75		0.36179
229.875		0.36179
230		0.36179
230.125		0.389215
230.25		0.389215
230.375		0.389215
230.5		0.389215
230.625		0.389215
230.75		0.389215
230.875		0.389215
231		0.389215
231.125		0.389215
231.25		0.389215
231.375		0.389215
231.5		0.389215
231.625		0.389215
231.75		0.389215
231.875		0.389215
232		0.389215
232.125		0.389215
232.25		0.389215
232.375		0.389215
232.5		0.389215
232.625		0.389215
232.75		0.389215
232.875		0.389215
233		0.389215
233.125		0.389215
233.25		0.389215
233.375		0.389215
233.5		0.389215
233.625		0.389215
233.75		0.389215
233.875		0.389215
234		0.389215
234.125		0.389215
234.25		0.389215
234.375		0.389215
234.5		0.389215
234.625		0.389215
234.75		0.389215
234.875		0.389215
235		0.389215
235.125		0.397469
235.25		0.397469
235.375		0.397469
235.5		0.397469
235.625		0.397469
235.75		0.397469
235.875		0.397469
236		0.397469
236.125		0.397469
236.25		0.397469
236.375		0.397469
236.5		0.397469
236.625		0.397469
236.75		0.397469
236.875		0.397469
237		0.397469
237.125		0.397469
237.25		0.397469
237.375		0.397469
237.5		0.397469
237.625		0.397469
237.75		0.397469
237.875		0.397469
238		0.397469
238.125		0.397469
238.25		0.397469
238.375		0.397469
238.5		0.397469
238.625		0.397469
238.75		0.397469
238.875		0.397469
239		0.397469
239.125		0.397469
239.25		0.397469
239.375		0.397469
239.5		0.397469
239.625		0.397469
239.75		0.397469
239.875		0.397469
240		0.397469
240.125		0.404692
240.25		0.404692
240.375		0.404692
240.5		0.404692
240.625		0.404692
240.75		0.404692
240.875		0.404692
241		0.404692
241.125		0.404692
241.25		0.404692
241.375		0.404692
241.5		0.404692
241.625		0.404692
241.75		0.404692
241.875		0.404692
242		0.404692
242.125		0.404692
242.25		0.404692
242.375		0.404692
242.5		0.404692
242.625		0.404692
242.75		0.404692
242.875		0.404692
243		0.404692
243.125		0.404692
243.25		0.404692
243.375		0.404692
243.5		0.404692
243.625		0.404692
243.75		0.404692
243.875		0.404692
244		0.404692
244.125		0.404692
244.25		0.404692
244.375		0.404692
244.5		0.404692
244.625		0.404692
244.75		0.404692
244.875		0.404692
245		0.404692
245.125		0.416422
245.25		0.416422
245.375		0.416422
245.5		0.416422
245.625		0.416422
245.75		0.416422
245.875		0.416422
246		0.416422
246.125		0.416422
246.25		0.416422
246.375		0.416422
246.5		0.416422
246.625		0.416422
246.75		0.416422
246.875		0.416422
247		0.416422
247.125		0.416422
247.25		0.416422
247.375		0.416422
247.5		0.416422
247.625		0.416422
247.75		0.416422
247.875		0.416422
248		0.416422
248.125		0.416422
248.25		0.416422
248.375		0.416422
248.5		0.416422
248.625		0.416422
248.75		0.416422
248.875		0.416422
249		0.416422
249.125		0.416422
249.25		0.416422
249.375		0.416422
249.5		0.416422
249.625		0.416422
249.75		0.416422
249.875		0.416422
250		0.416422
250.125		0.444444
250.25		0.444444
250.375		0.444444
250.5		0.444444
250.625		0.444444
250.75		0.444444
250.875		0.444444
251		0.444444
251.125		0.444444
251.25		0.444444
251.375		0.444444
251.5		0.444444
251.625		0.444444
251.75		0.444444
251.875		0.444444
252		0.444444
252.125		0.444444
252.25		0.444444
252.375		0.444444
252.5		0.444444
252.625		0.444444
252.75		0.444444
252.875		0.444444
253		0.444444
253.125		0.444444
253.25		0.444444
253.375		0.444444
253.5		0.444444
253.625		0.444444
253.75		0.444444
253.875		0.444444
254		0.444444
254.125		0.444444
254.25		0.444444
254.375		0.444444
254.5		0.444444
254.625		0.444444
254.75		0.444444
254.875		0.444444
255		0.444444
255.125		0.445042
255.25		0.445042
255.375		0.445042
255.5		0.445042
255.625		0.445042
255.75		0.445042
255.875		0.445042
256		0.445042
256.125		0.445042
256.25		0.445042
256.375		0.445042
256.5		0.445042
256.625		0.445042
256.75		0.445042
256.875		0.445042
257		0.445042
257.125		0.445042
257.25		0.445042
257.375		0.445042
257.5		0.445042
257.625		0.445042
257.75		0.445042
257.875		0.445042
258		0.445042
258.125		0.445042
258.25		0.445042
258.375		0.445042
258.5		0.445042
258.625		0.445042
258.75		0.445042
258.875		0.445042
259		0.445042
259.125		0.445042
259.25		0.445042
259.375		0.445042
259.5		0.445042
259.625		0.445042
259.75		0.445042
259.875		0.445042
260		0.445042
260.125		0.446997
260.25		0.446997
260.375		0.446997
260.5		0.446997
260.625		0.446997
260.75		0.446997
260.875		0.446997
261		0.446997
261.125		0.446997
261.25		0.446997
261.375		0.446997
261.5		0.446997
261.625		0.446997
261.75		0.446997
261.875		0.446997
262		0.446997
262.125		0.446997
262.25		0.446997
262.375		0.446997
262.5		0.446997
262.625		0.446997
262.75		0.446997
262.875		0.446997
263		0.446997
263.125		0.446997
263.25		0.446997
263.375		0.446997
263.5		0.446997
263.625		0.446997
263.75		0.446997
263.875		0.446997
264		0.446997
264.125		0.446997
264.25		0.446997
264.375		0.446997
264.5		0.446997
264.625		0.446997
264.75		0.446997
264.875		0.446997
265		0.446997
265.125		0.464049
265.25		0.464049
265.375		0.464049
265.5		0.464049
265.625		0.464049
265.75		0.464049
265.875		0.464049
266		0.464049
266.125		0.464049
266.25		0.464049
266.375		0.464049
266.5		0.464049
266.625		0.464049
266.75		0.464049
266.875		0.464049
267		0.464049
267.125		0.464049
267.25		0.464049
267.375		0.464049
267.5		0.464049
267.625		0.464049
267.75		0.464049
267.875		0.464049
268		0.464049
268.125		0.464049
268.25		0.464049
268.375		0.464049
268.5		0.464049
268.625		0.464049
268.75		0.464049
268.875		0.464049
269		0.464049
269.125		0.464049
269.25		0.464049
269.375		0.464049
269.5		0.464049
269.625		0.464049
269.75		0.464049
269.875		0.464049
270		0.464049
270.125		0.479092
270.25		0.479092
270.375		0.479092
270.5		0.479092
270.625		0.479092
270.75		0.479092
270.875		0.479092
271		0.479092
271.125		0.479092
271.25		0.479092
271.375		0.479092
271.5		0.479092
271.625		0.479092
271.75		0.479092
271.875		0.479092
272		0.479092
272.125		0.479092
272.25		0.479092
272.375		0.479092
272.5		0.479092
272.625		0.479092
272.75		0.479092
272.875		0.479092
273		0.479092
273.125		0.479092
273.25		0.479092
273.375		0.479092
273.5		0.479092
273.625		0.479092
273.75		0.479092
273.875		0.479092
274		0.479092
274.125		0.479092
274.25		0.479092
274.375		0.479092
274.5		0.479092
274.625		0.479092
274.75		0.479092
274.875		0.479092
275		0.479092
275.125		0.495547
275.25		0.495547
275.375		0.495547
275.5		0.495547
275.625		0.495547
275.75		0.495547
275.875		0.495547
276		0.495547
276.125		0.495547
276.25		0.495547
276.375		0.495547
276.5		0.495547
276.625		0.495547
276.75		0.495547
276.875		0.495547
277		0.495547
277.125		0.495547
277.25		0.495547
277.375		0.495547
277.5		0.495547
277.625		0.495547
277.75		0.495547
277.875		0.495547
278		0.495547
278.125		0.495547
278.25		0.495547
278.375		0.495547
278.5		0.495547
278.625		0.495547
278.75		0.495547
278.875		0.495547
279		0.495547
279.125		0.495547
279.25		0.495547
279.375		0.495547
279.5		0.495547
279.625		0.495547
279.75		0.495547
279.875		0.495547
280		0.495547
280.125		0.51097
280.25		0.51097
280.375		0.51097
280.5		0.51097
280.625		0.51097
280.75		0.51097
280.875		0.51097
281		0.51097
281.125		0.51097
281.25		0.51097
281.375		0.51097
281.5		0.51097
281.625		0.51097
281.75		0.51097
281.875		0.51097
282		0.51097
282.125		0.51097
282.25		0.51097
282.375		0.51097
282.5		0.51097
282.625		0.51097
282.75		0.51097
282.875		0.51097
283		0.51097
283.125		0.51097
283.25		0.51097
283.375		0.51097
283.5		0.51097
283.625		0.51097
283.75		0.51097
283.875		0.51097
284		0.51097
284.125		0.51097
284.25		0.51097
284.375		0.51097
284.5		0.51097
284.625		0.51097
284.75		0.51097
284.875		0.51097
285		0.51097
285.125		0.512219
285.25		0.512219
285.375		0.512219
285.5		0.512219
285.625		0.512219
285.75		0.512219
285.875		0.512219
286		0.512219
286.125		0.512219
286.25		0.512219
286.375		0.512219
286.5		0.512219
286.625		0.512219
286.75		0.512219
286.875		0.512219
287		0.512219
287.125		0.512219
287.25		0.512219
287.375		0.512219
287.5		0.512219
287.625		0.512219
287.75		0.512219
287.875		0.512219
288		0.512219
288.125		0.512219
288.25		0.512219
288.375		0.512219
288.5		0.512219
288.625		0.512219
288.75		0.512219
288.875		0.512219
289		0.512219
289.125		0.512219
289.25		0.512219
289.375		0.512219
289.5		0.512219
289.625		0.512219
289.75		0.512219
289.875		0.512219
290		0.512219
290.125		0.517052
290.25		0.517052
290.375		0.517052
290.5		0.517052
290.625		0.517052
290.75		0.517052
290.875		0.517052
291		0.517052
291.125		0.517052
291.25		0.517052
291.375		0.517052
291.5		0.517052
291.625		0.517052
291.75		0.517052
291.875		0.517052
292		0.517052
292.125		0.517052
292.25		0.517052
292.375		0.517052
292.5		0.517052
292.625		0.517052
292.75		0.517052
292.875		0.517052
293		0.517052
293.125		0.517052
293.25		0.517052
293.375		0.517052
293.5		0.517052
293.625		0.517052
293.75		0.517052
293.875		0.517052
294		0.517052
294.125		0.517052
294.25		0.517052
294.375		0.517052
294.5		0.517052
294.625		0.517052
294.75		0.517052
294.875		0.517052
295		0.517052
295.125		0.536005
295.25		0.536005
295.375		0.536005
295.5		0.536005
295.625		0.536005
295.75		0.536005
295.875		0.536005
296		0.536005
296.125		0.536005
296.25		0.536005
296.375		0.536005
296.5		0.536005
296.625		0.536005
296.75		0.536005
296.875		0.536005
297		0.536005
297.125		0.536005
297.25		0.536005
297.375		0.536005
297.5		0.536005
297.625		0.536005
297.75		0.536005
297.875		0.536005
298		0.536005
298.125		0.536005
298.25		0.536005
298.375		0.536005
298.5		0.536005
298.625		0.536005
298.75		0.536005
298.875		0.536005
299		0.536005
299.125		0.536005
299.25		0.536005
299.375		0.536005
299.5		0.536005
299.625		0.536005
299.75		0.536005
299.875		0.536005
300		0.536005
300.125		0.557239
300.25		0.557239
300.375		0.557239
300.5		0.557239
300.625		0.557239
300.75		0.557239
300.875		0.557239
301		0.557239
301.125		0.557239
301.25		0.557239
301.375		0.557239
301.5		0.557239
301.625		0.557239
301.75		0.557239
301.875		0.557239
302		0.557239
302.125		0.557239
302.25		0.557239
302.375		0.557239
302.5		0.557239
302.625		0.557239
302.75		0.557239
302.875		0.557239
303		0.557239
303.125		0.557239
303.25		0.557239
303.375		0.557239
303.5		0.557239
303.625		0.557239
303.75		0.557239
303.875		0.557239
304		0.557239
304.125		0.557239
304.25		0.557239
304.375		0.557239
304.5		0.557239
304.625		0.557239
304.75		0.557239
304.875		0.557239
305		0.557239
305.125		0.563484
305.25		0.563484
305.375		0.563484
305.5		0.563484
305.625		0.563484
305.75		0.563484
305.875		0.563484
306		0.563484
306.125		0.563484
306.25		0.563484
306.375		0.563484
306.5		0.563484
306.625		0.563484
306.75		0.563484
306.875		0.563484
307		0.563484
307.125		0.563484
307.25		0.563484
307.375		0.563484
307.5		0.563484
307.625		0.563484
307.75		0.563484
307.875		0.563484
308		0.563484
308.125		0.563484
308.25		0.563484
308.375		0.563484
308.5		0.563484
308.625		0.563484
308.75		0.563484
308.875		0.563484
309		0.563484
309.125		0.563484
309.25		0.563484
309.375		0.563484
309.5		0.563484
309.625		0.563484
309.75		0.563484
309.875		0.563484
310		0.563484
310.125		0.571413
310.25		0.571413
310.375		0.571413
310.5		0.571413
310.625		0.571413
310.75		0.571413
310.875		0.571413
311		0.571413
311.125		0.571413
311.25		0.571413
311.375		0.571413
311.5		0.571413
311.625		0.571413
311.75		0.571413
311.875		0.571413
312		0.571413
312.125		0.571413
312.25		0.571413
312.375		0.571413
312.5		0.571413
312.625		0.571413
312.75		0.571413
312.875		0.571413
313		0.571413
313.125		0.571413
313.25		0.571413
313.375		0.571413
313.5		0.571413
313.625		0.571413
313.75		0.571413
313.875		0.571413
314		0.571413
314.125		0.571413
314.25		0.571413
314.375		0.571413
314.5		0.571413
314.625		0.571413
314.75		0.571413
314.875		0.571413
315		0.571413
315.125		0.574726
315.25		0.574726
315.375		0.574726
315.5		0.574726
315.625		0.574726
315.75		0.574726
315.875		0.574726
316		0.574726
316.125		0.574726
316.25		0.574726
316.375		0.574726
316.5		0.574726
316.625		0.574726
316.75		0.574726
316.875		0.574726
317		0.574726
317.125		0.574726
317.25		0.574726
317.375		0.574726
317.5		0.574726
317.625		0.574726
317.75		0.574726
317.875		0.574726
318		0.574726
318.125		0.574726
318.25		0.574726
318.375		0.574726
318.5		0.574726
318.625		0.574726
318.75		0.574726
318.875		0.574726
319		0.574726
319.125		0.574726
319.25		0.574726
319.375		0.574726
319.5		0.574726
319.625		0.574726
319.75		0.574726
319.875		0.574726
320		0.574726
320.125		0.603182
320.25		0.603182
320.375		0.603182
320.5		0.603182
320.625		0.603182
320.75		0.603182
320.875		0.603182
321		0.603182
321.125		0.603182
321.25		0.603182
321.375		0.603182
321.5		0.603182
321.625		0.603182
321.75		0.603182
321.875		0.603182
322		0.603182
322.125		0.603182
322.25		0.603182
322.375		0.603182
322.5		0.603182
322.625		0.603182
322.75		0.603182
322.875		0.603182
323		0.603182
323.125		0.603182
323.25		0.603182
323.375		0.603182
323.5		0.603182
323.625		0.603182
323.75		0.603182
323.875		0.603182
324		0.603182
324.125		0.603182
324.25		0.603182
324.375		0.603182
324.5		0.603182
324.625		0.603182
324.75		0.603182
324.875		0.603182
325		0.603182
325.125		0.60845
325.25		0.60845
325.375		0.60845
325.5		0.60845
325.625		0.60845
325.75		0.60845
325.875		0.60845
326		0.60845
326.125		0.60845
326.25		0.60845
326.375		0.60845
326.5		0.60845
326.625		0.60845
326.75		0.60845
326.875		0.60845
327		0.60845
327.125		0.60845
327.25		0.60845
327.375		0.60845
327.5		0.60845
327.625		0.60845
327.75		0.60845
327.875		0.60845
328		0.60845
328.125		0.60845
328.25		0.60845
328.375		0.60845
328.5		0.60845
328.625		0.60845
328.75		0.60845
328.875		0.60845
329		0.60845
329.125		0.60845
329.25		0.60845
329.375		0.60845
329.5		0.60845
329.625		0.60845
329.75		0.60845
329.875		0.60845
330		0.60845
330.125		0.613881
330.25		0.613881
330.375		0.613881
330.5		0.613881
330.625		0.613881
330.75		0.613881
330.875		0.613881
331		0.613881
331.125		0.613881
331.25		0.613881
331.375		0.613881
331.5		0.613881
331.625		0.613881
331.75		0.613881
331.875		0.613881
332		0.613881
332.125		0.613881
332.25		0.613881
332.375		0.613881
332.5		0.613881
332.625		0.613881
332.75		0.613881
332.875		0.613881
333		0.613881
333.125		0.613881
333.25		0.613881
333.375		0.613881
333.5		0.613881
333.625		0.613881
333.75		0.613881
333.875		0.613881
334		0.613881
334.125		0.613881
334.25		0.613881
334.375		0.613881
334.5		0.613881
334.625		0.613881
334.75		0.613881
334.875		0.613881
335		0.613881
335.125		0.615564
335.25		0.615564
335.375		0.615564
335.5		0.615564
335.625		0.615564
335.75		0.615564
335.875		0.615564
336		0.615564
336.125		0.615564
336.25		0.615564
336.375		0.615564
336.5		0.615564
336.625		0.615564
336.75		0.615564
336.875		0.615564
337		0.615564
337.125		0.615564
337.25		0.615564
337.375		0.615564
337.5		0.615564
337.625		0.615564
337.75		0.615564
337.875		0.615564
338		0.615564
338.125		0.615564
338.25		0.615564
338.375		0.615564
338.5		0.615564
338.625		0.615564
338.75		0.615564
338.875		0.615564
339		0.615564
339.125		0.615564
339.25		0.615564
339.375		0.615564
339.5		0.615564
339.625		0.615564
339.75		0.615564
339.875		0.615564
340		0.615564
340.125		0.647496
340.25		0.647496
340.375		0.647496
340.5		0.647496
340.625		0.647496
340.75		0.647496
340.875		0.647496
341		0.647496
341.125		0.647496
341.25		0.647496
341.375		0.647496
341.5		0.647496
341.625		0.647496
341.75		0.647496
341.875		0.647496
342		0.647496
342.125		0.647496
342.25		0.647496
342.375		0.647496
342.5		0.647496
342.625		0.647496
342.75		0.647496
342.875		0.647496
343		0.647496
343.125		0.647496
343.25		0.647496
343.375		0.647496
343.5		0.647496
343.625		0.647496
343.75		0.647496
343.875		0.647496
344		0.647496
344.125		0.647496
344.25		0.647496
344.375		0.647496
344.5		0.647496
344.625		0.647496
344.75		0.647496
344.875		0.647496
345		0.647496
345.125		0.651135
345.25		0.651135
345.375		0.651135
345.5		0.651135
345.625		0.651135
345.75		0.651135
345.875		0.651135
346		0.651135
346.125		0.651135
346.25		0.651135
346.375		0.651135
346.5		0.651135
346.625		0.651135
346.75		0.651135
346.875		0.651135
347		0.651135
347.125		0.651135
347.25		0.651135
347.375		0.651135
347.5		0.651135
347.625		0.651135
347.75		0.651135
347.875		0.651135
348		0.651135
348.125		0.651135
348.25		0.651135
348.375		0.651135
348.5		0.651135
348.625		0.651135
348.75		0.651135
348.875		0.651135
349		0.651135
349.125		0.651135
349.25		0.651135
349.375		0.651135
349.5		0.651135
349.625		0.651135
349.75		0.651135
349.875		0.651135
350		0.651135
350.125		0.657815
350.25		0.657815
350.375		0.657815
350.5		0.657815
350.625		0.657815
350.75		0.657815
350.875		0.657815
351		0.657815
351.125		0.657815
351.25		0.657815
351.375		0.657815
351.5		0.657815
351.625		0.657815
351.75		0.657815
351.875		0.657815
352		0.657815
352.125		0.657815
352.25		0.657815
352.375		0.657815
352.5		0.657815
352.625		0.657815
352.75		0.657815
352.875		0.657815
353		0.657815
353.125		0.657815
353.25		0.657815
353.375		0.657815
353.5		0.657815
353.625		0.657815
353.75		0.657815
353.875		0.657815
354		0.657815
354.125		0.657815
354.25		0.657815
354.375		0.657815
354.5		0.657815
354.625		0.657815
354.75		0.657815
354.875		0.657815
355		0.657815
355.125		0.665472
355.25		0.665472
355.375		0.665472
355.5		0.665472
355.625		0.665472
355.75		0.665472
355.875		0.665472
356		0.665472
356.125		0.665472
356.25		0.665472
356.375		0.665472
356.5		0.665472
356.625		0.665472
356.75		0.665472
356.875		0.665472
357		0.665472
357.125		0.665472
357.25		0.665472
357.375		0.665472
357.5		0.665472
357.625		0.665472
357.75		0.665472
357.875		0.665472
358		0.665472
358.125		0.665472
358.25		0.665472
358.375		0.665472
358.5		0.665472
358.625		0.665472
358.75		0.665472
358.875		0.665472
359		0.665472
359.125		0.665472
359.25		0.665472
359.375		0.665472
359.5		0.665472
359.625		0.665472
359.75		0.665472
359.875		0.665472
360		0.665472
360.125		0.684099
360.25		0.684099
360.375		0.684099
360.5		0.684099
360.625		0.684099
360.75		0.684099
360.875		0.684099
361		0.684099
361.125		0.684099
361.25		0.684099
361.375		0.684099
361.5		0.684099
361.625		0.684099
361.75		0.684099
361.875		0.684099
362		0.684099
362.125		0.684099
362.25		0.684099
362.375		0.684099
362.5		0.684099
362.625		0.684099
362.75		0.684099
362.875		0.684099
363		0.684099
363.125		0.684099
363.25		0.684099
363.375		0.684099
363.5		0.684099
363.625		0.684099
363.75		0.684099
363.875		0.684099
364		0.684099
364.125		0.684099
364.25		0.684099
364.375		0.684099
364.5		0.684099
364.625		0.684099
364.75		0.684099
364.875		0.684099
365		0.684099
365.125		0.706147
365.25		0.706147
365.375		0.706147
365.5		0.706147
365.625		0.706147
365.75		0.706147
365.875		0.706147
366		0.706147
366.125		0.706147
366.25		0.706147
366.375		0.706147
366.5		0.706147
366.625		0.706147
366.75		0.706147
366.875		0.706147
367		0.706147
367.125		0.706147
367.25		0.706147
367.375		0.706147
367.5		0.706147
367.625		0.706147
367.75		0.706147
367.875		0.706147
368		0.706147
368.125		0.706147
368.25		0.706147
368.375		0.706147
368.5		0.706147
368.625		0.706147
368.75		0.706147
368.875		0.706147
369		0.706147
369.125		0.706147
369.25		0.706147
369.375		0.706147
369.5		0.706147
369.625		0.706147
369.75		0.706147
369.875		0.706147
370		0.706147
370.125		0.709569
370.25		0.709569
370.375		0.709569
370.5		0.709569
370.625		0.709569
370.75		0.709569
370.875		0.709569
371		0.709569
371.125		0.709569
371.25		0.709569
371.375		0.709569
371.5		0.709569
371.625		0.709569
371.75		0.709569
371.875		0.709569
372		0.709569
372.125		0.709569
372.25		0.709569
372.375		0.709569
372.5		0.709569
372.625		0.709569
372.75		0.709569
372.875		0.709569
373		0.709569
373.125		0.709569
373.25		0.709569
373.375		0.709569
373.5		0.709569
373.625		0.709569
373.75		0.709569
373.875		0.709569
374		0.709569
374.125		0.709569
374.25		0.709569
374.375		0.709569
374.5		0.709569
374.625		0.709569
374.75		0.709569
374.875		0.709569
375		0.709569
375.125		0.711089
375.25		0.711089
375.375		0.711089
375.5		0.711089
375.625		0.711089
375.75		0.711089
375.875		0.711089
376		0.711089
376.125		0.711089
376.25		0.711089
376.375		0.711089
376.5		0.711089
376.625		0.711089
376.75		0.711089
376.875		0.711089
377		0.711089
377.125		0.711089
377.25		0.711089
377.375		0.711089
377.5		0.711089
377.625		0.711089
377.75		0.711089
377.875		0.711089
378		0.711089
378.125		0.711089
378.25		0.711089
378.375		0.711089
378.5		0.711089
378.625		0.711089
378.75		0.711089
378.875		0.711089
379		0.711089
379.125		0.711089
379.25		0.711089
379.375		0.711089
379.5		0.711089
379.625		0.711089
379.75		0.711089
379.875		0.711089
380		0.711089
380.125		0.745085
380.25		0.745085
380.375		0.745085
380.5		0.745085
380.625		0.745085
380.75		0.745085
380.875		0.745085
381		0.745085
381.125		0.745085
381.25		0.745085
381.375		0.745085
381.5		0.745085
381.625		0.745085
381.75		0.745085
381.875		0.745085
382		0.745085
382.125		0.745085
382.25		0.745085
382.375		0.745085
382.5		0.745085
382.625		0.745085
382.75		0.745085
382.875		0.745085
383		0.745085
383.125		0.745085
383.25		0.745085
383.375		0.745085
383.5		0.745085
383.625		0.745085
383.75		0.745085
383.875		0.745085
384		0.745085
384.125		0.745085
384.25		0.745085
384.375		0.745085
384.5		0.745085
384.625		0.745085
384.75		0.745085
384.875		0.745085
385		0.745085
385.125		0.746117
385.25		0.746117
385.375		0.746117
385.5		0.746117
385.625		0.746117
385.75		0.746117
385.875		0.746117
386		0.746117
386.125		0.746117
386.25		0.746117
386.375		0.746117
386.5		0.746117
386.625		0.746117
386.75		0.746117
386.875		0.746117
387		0.746117
387.125		0.746117
387.25		0.746117
387.375		0.746117
387.5		0.746117
387.625		0.746117
387.75		0.746117
387.875		0.746117
388		0.746117
388.125		0.746117
388.25		0.746117
388.375		0.746117
388.5		0.746117
388.625		0.746117
388.75		0.746117
388.875		0.746117
389		0.746117
389.125		0.746117
389.25		0.746117
389.375		0.746117
389.5		0.746117
389.625		0.746117
389.75		0.746117
389.875		0.746117
390		0.746117
390.125		0.767025
390.25		0.767025
390.375		0.767025
390.5		0.767025
390.625		0.767025
390.75		0.767025
390.875		0.767025
391		0.767025
391.125		0.767025
391.25		0.767025
391.375		0.767025
391.5		0.767025
391.625		0.767025
391.75		0.767025
391.875		0.767025
392		0.767025
392.125		0.767025
392.25		0.767025
392.375		0.767025
392.5		0.767025
392.625		0.767025
392.75		0.767025
392.875		0.767025
393		0.767025
393.125		0.767025
393.25		0.767025
393.375		0.767025
393.5		0.767025
393.625		0.767025
393.75		0.767025
393.875		0.767025
394		0.767025
394.125		0.767025
394.25		0.767025
394.375		0.767025
394.5		0.767025
394.625		0.767025
394.75		0.767025
394.875		0.767025
395		0.767025
395.125		0.771315
395.25		0.771315
395.375		0.771315
395.5		0.771315
395.625		0.771315
395.75		0.771315
395.875		0.771315
396		0.771315
396.125		0.771315
396.25		0.771315
396.375		0.771315
396.5		0.771315
396.625		0.771315
396.75		0.771315
396.875		0.771315
397		0.771315
397.125		0.771315
397.25		0.771315
397.375		0.771315
397.5		0.771315
397.625		0.771315
397.75		0.771315
397.875		0.771315
398		0.771315
398.125		0.771315
398.25		0.771315
398.375		0.771315
398.5		0.771315
398.625		0.771315
398.75		0.771315
398.875		0.771315
399		0.771315
399.125		0.771315
399.25		0.771315
399.375		0.771315
399.5		0.771315
399.625		0.771315
399.75		0.771315
399.875		0.771315
400		0.771315
400.125		0.772619
400.25		0.772619
400.375		0.772619
400.5		0.772619
400.625		0.772619
400.75		0.772619
400.875		0.772619
401		0.772619
401.125		0.772619
401.25		0.772619
401.375		0.772619
401.5		0.772619
401.625		0.772619
401.75		0.772619
401.875		0.772619
402		0.772619
402.125		0.772619
402.25		0.772619
402.375		0.772619
402.5		0.772619
402.625		0.772619
402.75		0.772619
402.875		0.772619
403		0.772619
403.125		0.772619
403.25		0.772619
403.375		0.772619
403.5		0.772619
403.625		0.772619
403.75		0.772619
403.875		0.772619
404		0.772619
404.125		0.772619
404.25		0.772619
404.375		0.772619
404.5		0.772619
404.625		0.772619
404.75		0.772619
404.875		0.772619
405		0.772619
405.125		0.805148
405.25		0.805148
405.375		0.805148
405.5		0.805148
405.625		0.805148
405.75		0.805148
405.875		0.805148
406		0.805148
406.125		0.805148
406.25		0.805148
406.375		0.805148
406.5		0.805148
406.625		0.805148
406.75		0.805148
406.875		0.805148
407		0.805148
407.125		0.805148
407.25		0.805148
407.375		0.805148
407.5		0.805148
407.625		0.805148
407.75		0.805148
407.875		0.805148
408		0.805148
408.125		0.805148
408.25		0.805148
408.375		0.805148
408.5		0.805148
408.625		0.805148
408.75		0.805148
408.875		0.805148
409		0.805148
409.125		0.805148
409.25		0.805148
409.375		0.805148
409.5		0.805148
409.625		0.805148
409.75		0.805148
409.875		0.805148
410		0.805148
410.125		0.807809
410.25		0.807809
410.375		0.807809
410.5		0.807809
410.625		0.807809
410.75		0.807809
410.875		0.807809
411		0.807809
411.125		0.807809
411.25		0.807809
411.375		0.807809
411.5		0.807809
411.625		0.807809
411.75		0.807809
411.875		0.807809
412		0.807809
412.125		0.807809
412.25		0.807809
412.375		0.807809
412.5		0.807809
412.625		0.807809
412.75		0.807809
412.875		0.807809
413		0.807809
413.125		0.807809
413.25		0.807809
413.375		0.807809
413.5		0.807809
413.625		0.807809
413.75		0.807809
413.875		0.807809
414		0.807809
414.125		0.807809
414.25		0.807809
414.375		0.807809
414.5		0.807809
414.625		0.807809
414.75		0.807809
414.875		0.807809
415		0.807809
415.125		0.819539
415.25		0.819539
415.375		0.819539
415.5		0.819539
415.625		0.819539
415.75		0.819539
415.875		0.819539
416		0.819539
416.125		0.819539
416.25		0.819539
416.375		0.819539
416.5		0.819539
416.625		0.819539
416.75		0.819539
416.875		0.819539
417		0.819539
417.125		0.819539
417.25		0.819539
417.375		0.819539
417.5		0.819539
417.625		0.819539
417.75		0.819539
417.875		0.819539
418		0.819539
418.125		0.819539
418.25		0.819539
418.375		0.819539
418.5		0.819539
418.625		0.819539
418.75		0.819539
418.875		0.819539
419		0.819539
419.125		0.819539
419.25		0.819539
419.375		0.819539
419.5		0.819539
419.625		0.819539
419.75		0.819539
419.875		0.819539
420		0.819539
420.125		0.8285
420.25		0.8285
420.375		0.8285
420.5		0.8285
420.625		0.8285
420.75		0.8285
420.875		0.8285
421		0.8285
421.125		0.8285
421.25		0.8285
421.375		0.8285
421.5		0.8285
421.625		0.8285
421.75		0.8285
421.875		0.8285
422		0.8285
422.125		0.8285
422.25		0.8285
422.375		0.8285
422.5		0.8285
422.625		0.8285
422.75		0.8285
422.875		0.8285
423		0.8285
423.125		0.8285
423.25		0.8285
423.375		0.8285
423.5		0.8285
423.625		0.8285
423.75		0.8285
423.875		0.8285
424		0.8285
424.125		0.8285
424.25		0.8285
424.375		0.8285
424.5		0.8285
424.625		0.8285
424.75		0.8285
424.875		0.8285
425		0.8285
425.125		0.831324
425.25		0.831324
425.375		0.831324
425.5		0.831324
425.625		0.831324
425.75		0.831324
425.875		0.831324
426		0.831324
426.125		0.831324
426.25		0.831324
426.375		0.831324
426.5		0.831324
426.625		0.831324
426.75		0.831324
426.875		0.831324
427		0.831324
427.125		0.831324
427.25		0.831324
427.375		0.831324
427.5		0.831324
427.625		0.831324
427.75		0.831324
427.875		0.831324
428		0.831324
428.125		0.831324
428.25		0.831324
428.375		0.831324
428.5		0.831324
428.625		0.831324
428.75		0.831324
428.875		0.831324
429		0.831324
429.125		0.831324
429.25		0.831324
429.375		0.831324
429.5		0.831324
429.625		0.831324
429.75		0.831324
429.875		0.831324
430		0.831324
430.125		0.855165
430.25		0.855165
430.375		0.855165
430.5		0.855165
430.625		0.855165
430.75		0.855165
430.875		0.855165
431		0.855165
431.125		0.855165
431.25		0.855165
431.375		0.855165
431.5		0.855165
431.625		0.855165
431.75		0.855165
431.875		0.855165
432		0.855165
432.125		0.855165
432.25		0.855165
432.375		0.855165
432.5		0.855165
432.625		0.855165
432.75		0.855165
432.875		0.855165
433		0.855165
433.125		0.855165
433.25		0.855165
433.375		0.855165
433.5		0.855165
433.625		0.855165
433.75		0.855165
433.875		0.855165
434		0.855165
434.125		0.855165
434.25		0.855165
434.375		0.855165
434.5		0.855165
434.625		0.855165
434.75		0.855165
434.875		0.855165
435		0.855165
435.125		0.856577
435.25		0.856577
435.375		0.856577
435.5		0.856577
435.625		0.856577
435.75		0.856577
435.875		0.856577
436		0.856577
436.125		0.856577
436.25		0.856577
436.375		0.856577
436.5		0.856577
436.625		0.856577
436.75		0.856577
436.875		0.856577
437		0.856577
437.125		0.856577
437.25		0.856577
437.375		0.856577
437.5		0.856577
437.625		0.856577
437.75		0.856577
437.875		0.856577
438		0.856577
438.125		0.856577
438.25		0.856577
438.375		0.856577
438.5		0.856577
438.625		0.856577
438.75		0.856577
438.875		0.856577
439		0.856577
439.125		0.856577
439.25		0.856577
439.375		0.856577
439.5		0.856577
439.625		0.856577
439.75		0.856577
439.875		0.856577
440		0.856577
440.125		0.866243
440.25		0.866243
440.375		0.866243
440.5		0.866243
440.625		0.866243
440.75		0.866243
440.875		0.866243
441		0.866243
441.125		0.866243
441.25		0.866243
441.375		0.866243
441.5		0.866243
441.625		0.866243
441.75		0.866243
441.875		0.866243
442		0.866243
442.125		0.866243
442.25		0.866243
442.375		0.866243
442.5		0.866243
442.625		0.866243
442.75		0.866243
442.875		0.866243
443		0.866243
443.125		0.866243
443.25		0.866243
443.375		0.866243
443.5		0.866243
443.625		0.866243
443.75		0.866243
443.875		0.866243
444		0.866243
444.125		0.866243
444.25		0.866243
444.375		0.866243
444.5		0.866243
444.625		0.866243
444.75		0.866243
444.875		0.866243
445		0.866243
445.125		0.870207
445.25		0.870207
445.375		0.870207
445.5		0.870207
445.625		0.870207
445.75		0.870207
445.875		0.870207
446		0.870207
446.125		0.870207
446.25		0.870207
446.375		0.870207
446.5		0.870207
446.625		0.870207
446.75		0.870207
446.875		0.870207
447		0.870207
447.125		0.870207
447.25		0.870207
447.375		0.870207
447.5		0.870207
447.625		0.870207
447.75		0.870207
447.875		0.870207
448		0.870207
448.125		0.870207
448.25		0.870207
448.375		0.870207
448.5		0.870207
448.625		0.870207
448.75		0.870207
448.875		0.870207
449		0.870207
449.125		0.870207
449.25		0.870207
449.375		0.870207
449.5		0.870207
449.625		0.870207
449.75		0.870207
449.875		0.870207
450		0.870207
450.125		0.906593
450.25		0.906593
450.375		0.906593
450.5		0.906593
450.625		0.906593
450.75		0.906593
450.875		0.906593
451		0.906593
451.125		0.906593
451.25		0.906593
451.375		0.906593
451.5		0.906593
451.625		0.906593
451.75		0.906593
451.875		0.906593
452		0.906593
452.125		0.906593
452.25		0.906593
452.375		0.906593
452.5		0.906593
452.625		0.906593
452.75		0.906593
452.875		0.906593
453		0.906593
453.125		0.906593
453.25		0.906593
453.375		0.906593
453.5		0.906593
453.625		0.906593
453.75		0.906593
453.875		0.906593
454		0.906593
454.125		0.906593
454.25		0.906593
454.375		0.906593
454.5		0.906593
454.625		0.906593
454.75		0.906593
454.875		0.906593
455		0.906593
455.125		0.911372
455.25		0.911372
455.375		0.911372
455.5		0.911372
455.625		0.911372
455.75		0.911372
455.875		0.911372
456		0.911372
456.125		0.911372
456.25		0.911372
456.375		0.911372
456.5		0.911372
456.625		0.911372
456.75		0.911372
456.875		0.911372
457		0.911372
457.125		0.911372
457.25		0.911372
457.375		0.911372
457.5		0.911372
457.625		0.911372
457.75		0.911372
457.875		0.911372
458		0.911372
458.125		0.911372
458.25		0.911372
458.375		0.911372
458.5		0.911372
458.625		0.911372
458.75		0.911372
458.875		0.911372
459		0.911372
459.125		0.911372
459.25		0.911372
459.375		0.911372
459.5		0.911372
459.625		0.911372
459.75		0.911372
459.875		0.911372
460		0.911372
460.125		0.914304
460.25		0.914304
460.375		0.914304
460.5		0.914304
460.625		0.914304
460.75		0.914304
460.875		0.914304
461		0.914304
461.125		0.914304
461.25		0.914304
461.375		0.914304
461.5		0.914304
461.625		0.914304
461.75		0.914304
461.875		0.914304
462		0.914304
462.125		0.914304
462.25		0.914304
462.375		0.914304
462.5		0.914304
462.625		0.914304
462.75		0.914304
462.875		0.914304
463		0.914304
463.125		0.914304
463.25		0.914304
463.375		0.914304
463.5		0.914304
463.625		0.914304
463.75		0.914304
463.875		0.914304
464		0.914304
464.125		0.914304
464.25		0.914304
464.375		0.914304
464.5		0.914304
464.625		0.914304
464.75		0.914304
464.875		0.914304
465		0.914304
465.125		0.929619
465.25		0.929619
465.375		0.929619
465.5		0.929619
465.625		0.929619
465.75		0.929619
465.875		0.929619
466		0.929619
466.125		0.929619
466.25		0.929619
466.375		0.929619
466.5		0.929619
466.625		0.929619
466.75		0.929619
466.875		0.929619
467		0.929619
467.125		0.929619
467.25		0.929619
467.375		0.929619
467.5		0.929619
467.625		0.929619
467.75		0.929619
467.875		0.929619
468		0.929619
468.125		0.929619
468.25		0.929619
468.375		0.929619
468.5		0.929619
468.625		0.929619
468.75		0.929619
468.875		0.929619
469		0.929619
469.125		0.929619
469.25		0.929619
469.375		0.929619
469.5		0.929619
469.625		0.929619
469.75		0.929619
469.875		0.929619
470		0.929619
470.125		0.939503
470.25		0.939503
470.375		0.939503
470.5		0.939503
470.625		0.939503
470.75		0.939503
470.875		0.939503
471		0.939503
471.125		0.939503
471.25		0.939503
471.375		0.939503
471.5		0.939503
471.625		0.939503
471.75		0.939503
471.875		0.939503
472		0.939503
472.125		0.939503
472.25		0.939503
472.375		0.939503
472.5		0.939503
472.625		0.939503
472.75		0.939503
472.875		0.939503
473		0.939503
473.125		0.939503
473.25		0.939503
473.375		0.939503
473.5		0.939503
473.625		0.939503
473.75		0.939503
473.875		0.939503
474		0.939503
474.125		0.939503
474.25		0.939503
474.375		0.939503
474.5		0.939503
474.625		0.939503
474.75		0.939503
474.875		0.939503
475		0.939503
475.125		0.957858
475.25		0.957858
475.375		0.957858
475.5		0.957858
475.625		0.957858
475.75		0.957858
475.875		0.957858
476		0.957858
476.125		0.957858
476.25		0.957858
476.375		0.957858
476.5		0.957858
476.625		0.957858
476.75		0.957858
476.875		0.957858
477		0.957858
477.125		0.957858
477.25		0.957858
477.375		0.957858
477.5		0.957858
477.625		0.957858
477.75		0.957858
477.875		0.957858
478		0.957858
478.125		0.957858
478.25		0.957858
478.375		0.957858
478.5		0.957858
478.625		0.957858
478.75		0.957858
478.875		0.957858
479		0.957858
479.125		0.957858
479.25		0.957858
479.375		0.957858
479.5		0.957858
479.625		0.957858
479.75		0.957858
479.875		0.957858
480		0.957858
480.125		0.960193
480.25		0.960193
480.375		0.960193
480.5		0.960193
480.625		0.960193
480.75		0.960193
480.875		0.960193
481		0.960193
481.125		0.960193
481.25		0.960193
481.375		0.960193
481.5		0.960193
481.625		0.960193
481.75		0.960193
481.875		0.960193
482		0.960193
482.125		0.960193
482.25		0.960193
482.375		0.960193
482.5		0.960193
482.625		0.960193
482.75		0.960193
482.875		0.960193
483		0.960193
483.125		0.960193
483.25		0.960193
483.375		0.960193
483.5		0.960193
483.625		0.960193
483.75		0.960193
483.875		0.960193
484		0.960193
484.125		0.960193
484.25		0.960193
484.375		0.960193
484.5		0.960193
484.625		0.960193
484.75		0.960193
484.875		0.960193
485		0.960193
485.125		0.977517
485.25		0.977517
485.375		0.977517
485.5		0.977517
485.625		0.977517
485.75		0.977517
485.875		0.977517
486		0.977517
486.125		0.977517
486.25		0.977517
486.375		0.977517
486.5		0.977517
486.625		0.977517
486.75		0.977517
486.875		0.977517
487		0.977517
487.125		0.977517
487.25		0.977517
487.375		0.977517
487.5		0.977517
487.625		0.977517
487.75		0.977517
487.875		0.977517
488		0.977517
488.125		0.977517
488.25		0.977517
488.375		0.977517
488.5		0.977517
488.625		0.977517
488.75		0.977517
488.875		0.977517
489		0.977517
489.125		0.977517
489.25		0.977517
489.375		0.977517
489.5		0.977517
489.625		0.977517
489.75		0.977517
489.875		0.977517
490		0.977517
490.125		0.983219
490.25		0.983219
490.375		0.983219
490.5		0.983219
490.625		0.983219
490.75		0.983219
490.875		0.983219
491		0.983219
491.125		0.983219
491.25		0.983219
491.375		0.983219
491.5		0.983219
491.625		0.983219
491.75		0.983219
491.875		0.983219
492		0.983219
492.125		0.983219
492.25		0.983219
492.375		0.983219
492.5		0.983219
492.625		0.983219
492.75		0.983219
492.875		0.983219
493		0.983219
493.125		0.983219
493.25		0.983219
493.375		0.983219
493.5		0.983219
493.625		0.983219
493.75		0.983219
493.875		0.983219
494		0.983219
494.125		0.983219
494.25		0.983219
494.375		0.983219
494.5		0.983219
494.625		0.983219
494.75		0.983219
494.875		0.983219
495		0.983219
495.125		1
495.25		1
495.375		1
495.5		1
495.625		1
495.75		1
495.875		1
496		1
496.125		1
496.25		1
496.375		1
496.5		1
496.625		1
496.75		1
496.875		1
497		1
497.125		1
497.25		1
497.375		1
497.5		1
497.625		1
497.75		1
497.875		1
498		1
498.125		1
498.25		1
498.375		1
498.5		1
498.625		1
498.75		1
498.875		1
499		1
499.125		1
499.25		1
499.375		1
499.5		1
499.625		1
499.75		1
499.875		1
500		1
