# Calibration file of tamex_id 1 @ channel 12
# fine_T bin		 Calibration value
0.125		0
0.25		0
0.375		0
0.5		0
0.625		0
0.75		0
0.875		0
1		0
1.125		0
1.25		0
1.375		0
1.5		0
1.625		0
1.75		0
1.875		0
2		0
2.125		0
2.25		0
2.375		0
2.5		0
2.625		0
2.75		0
2.875		0
3		0
3.125		0
3.25		0
3.375		0
3.5		0
3.625		0
3.75		0
3.875		0
4		0
4.125		0
4.25		0
4.375		0
4.5		0
4.625		0
4.75		0
4.875		0
5		0
5.125		0
5.25		0
5.375		0
5.5		0
5.625		0
5.75		0
5.875		0
6		0
6.125		0
6.25		0
6.375		0
6.5		0
6.625		0
6.75		0
6.875		0
7		0
7.125		0
7.25		0
7.375		0
7.5		0
7.625		0
7.75		0
7.875		0
8		0
8.125		0
8.25		0
8.375		0
8.5		0
8.625		0
8.75		0
8.875		0
9		0
9.125		0
9.25		0
9.375		0
9.5		0
9.625		0
9.75		0
9.875		0
10		0
10.125		0
10.25		0
10.375		0
10.5		0
10.625		0
10.75		0
10.875		0
11		0
11.125		0
11.25		0
11.375		0
11.5		0
11.625		0
11.75		0
11.875		0
12		0
12.125		0
12.25		0
12.375		0
12.5		0
12.625		0
12.75		0
12.875		0
13		0
13.125		0
13.25		0
13.375		0
13.5		0
13.625		0
13.75		0
13.875		0
14		0
14.125		0
14.25		0
14.375		0
14.5		0
14.625		0
14.75		0
14.875		0
15		0
15.125		0
15.25		0
15.375		0
15.5		0
15.625		0
15.75		0
15.875		0
16		0
16.125		0
16.25		0
16.375		0
16.5		0
16.625		0
16.75		0
16.875		0
17		0
17.125		0
17.25		0
17.375		0
17.5		0
17.625		0
17.75		0
17.875		0
18		0
18.125		0
18.25		0
18.375		0
18.5		0
18.625		0
18.75		0
18.875		0
19		0
19.125		0
19.25		0
19.375		0
19.5		0
19.625		0
19.75		0
19.875		0
20		0
20.125		0
20.25		0
20.375		0
20.5		0
20.625		0
20.75		0
20.875		0
21		0
21.125		0
21.25		0
21.375		0
21.5		0
21.625		0
21.75		0
21.875		0
22		0
22.125		0
22.25		0
22.375		0
22.5		0
22.625		0
22.75		0
22.875		0
23		0
23.125		0
23.25		0
23.375		0
23.5		0
23.625		0
23.75		0
23.875		0
24		0
24.125		0
24.25		0
24.375		0
24.5		0
24.625		0
24.75		0
24.875		0
25		0
25.125		0
25.25		0
25.375		0
25.5		0
25.625		0
25.75		0
25.875		0
26		0
26.125		0
26.25		0
26.375		0
26.5		0
26.625		0
26.75		0
26.875		0
27		0
27.125		0
27.25		0
27.375		0
27.5		0
27.625		0
27.75		0
27.875		0
28		0
28.125		0
28.25		0
28.375		0
28.5		0
28.625		0
28.75		0
28.875		0
29		0
29.125		0
29.25		0
29.375		0
29.5		0
29.625		0
29.75		0
29.875		0
30		0
30.125		0
30.25		0
30.375		0
30.5		0
30.625		0
30.75		0
30.875		0
31		0
31.125		0
31.25		0
31.375		0
31.5		0
31.625		0
31.75		0
31.875		0
32		0
32.125		0
32.25		0
32.375		0
32.5		0
32.625		0
32.75		0
32.875		0
33		0
33.125		0
33.25		0
33.375		0
33.5		0
33.625		0
33.75		0
33.875		0
34		0
34.125		0
34.25		0
34.375		0
34.5		0
34.625		0
34.75		0
34.875		0
35		0
35.125		0
35.25		0
35.375		0
35.5		0
35.625		0
35.75		0
35.875		0
36		0
36.125		0
36.25		0
36.375		0
36.5		0
36.625		0
36.75		0
36.875		0
37		0
37.125		0
37.25		0
37.375		0
37.5		0
37.625		0
37.75		0
37.875		0
38		0
38.125		0
38.25		0
38.375		0
38.5		0
38.625		0
38.75		0
38.875		0
39		0
39.125		0
39.25		0
39.375		0
39.5		0
39.625		0
39.75		0
39.875		0
40		0
40.125		0
40.25		0
40.375		0
40.5		0
40.625		0
40.75		0
40.875		0
41		0
41.125		0
41.25		0
41.375		0
41.5		0
41.625		0
41.75		0
41.875		0
42		0
42.125		0
42.25		0
42.375		0
42.5		0
42.625		0
42.75		0
42.875		0
43		0
43.125		0
43.25		0
43.375		0
43.5		0
43.625		0
43.75		0
43.875		0
44		0
44.125		0
44.25		0
44.375		0
44.5		0
44.625		0
44.75		0
44.875		0
45		0
45.125		0
45.25		0
45.375		0
45.5		0
45.625		0
45.75		0
45.875		0
46		0
46.125		0
46.25		0
46.375		0
46.5		0
46.625		0
46.75		0
46.875		0
47		0
47.125		0
47.25		0
47.375		0
47.5		0
47.625		0
47.75		0
47.875		0
48		0
48.125		0
48.25		0
48.375		0
48.5		0
48.625		0
48.75		0
48.875		0
49		0
49.125		0
49.25		0
49.375		0
49.5		0
49.625		0
49.75		0
49.875		0
50		0
50.125		0
50.25		0
50.375		0
50.5		0
50.625		0
50.75		0
50.875		0
51		0
51.125		0
51.25		0
51.375		0
51.5		0
51.625		0
51.75		0
51.875		0
52		0
52.125		0
52.25		0
52.375		0
52.5		0
52.625		0
52.75		0
52.875		0
53		0
53.125		0
53.25		0
53.375		0
53.5		0
53.625		0
53.75		0
53.875		0
54		0
54.125		0
54.25		0
54.375		0
54.5		0
54.625		0
54.75		0
54.875		0
55		0
55.125		0
55.25		0
55.375		0
55.5		0
55.625		0
55.75		0
55.875		0
56		0
56.125		0
56.25		0
56.375		0
56.5		0
56.625		0
56.75		0
56.875		0
57		0
57.125		0
57.25		0
57.375		0
57.5		0
57.625		0
57.75		0
57.875		0
58		0
58.125		0
58.25		0
58.375		0
58.5		0
58.625		0
58.75		0
58.875		0
59		0
59.125		0
59.25		0
59.375		0
59.5		0
59.625		0
59.75		0
59.875		0
60		0
60.125		0
60.25		0
60.375		0
60.5		0
60.625		0
60.75		0
60.875		0
61		0
61.125		0
61.25		0
61.375		0
61.5		0
61.625		0
61.75		0
61.875		0
62		0
62.125		0
62.25		0
62.375		0
62.5		0
62.625		0
62.75		0
62.875		0
63		0
63.125		0
63.25		0
63.375		0
63.5		0
63.625		0
63.75		0
63.875		0
64		0
64.125		0
64.25		0
64.375		0
64.5		0
64.625		0
64.75		0
64.875		0
65		0
65.125		0
65.25		0
65.375		0
65.5		0
65.625		0
65.75		0
65.875		0
66		0
66.125		0
66.25		0
66.375		0
66.5		0
66.625		0
66.75		0
66.875		0
67		0
67.125		0
67.25		0
67.375		0
67.5		0
67.625		0
67.75		0
67.875		0
68		0
68.125		0
68.25		0
68.375		0
68.5		0
68.625		0
68.75		0
68.875		0
69		0
69.125		0
69.25		0
69.375		0
69.5		0
69.625		0
69.75		0
69.875		0
70		0
70.125		0
70.25		0
70.375		0
70.5		0
70.625		0
70.75		0
70.875		0
71		0
71.125		0
71.25		0
71.375		0
71.5		0
71.625		0
71.75		0
71.875		0
72		0
72.125		0
72.25		0
72.375		0
72.5		0
72.625		0
72.75		0
72.875		0
73		0
73.125		0
73.25		0
73.375		0
73.5		0
73.625		0
73.75		0
73.875		0
74		0
74.125		0
74.25		0
74.375		0
74.5		0
74.625		0
74.75		0
74.875		0
75		0
75.125		0
75.25		0
75.375		0
75.5		0
75.625		0
75.75		0
75.875		0
76		0
76.125		0
76.25		0
76.375		0
76.5		0
76.625		0
76.75		0
76.875		0
77		0
77.125		0
77.25		0
77.375		0
77.5		0
77.625		0
77.75		0
77.875		0
78		0
78.125		0
78.25		0
78.375		0
78.5		0
78.625		0
78.75		0
78.875		0
79		0
79.125		0
79.25		0
79.375		0
79.5		0
79.625		0
79.75		0
79.875		0
80		0
80.125		0.0495542
80.25		0.0495542
80.375		0.0495542
80.5		0.0495542
80.625		0.0495542
80.75		0.0495542
80.875		0.0495542
81		0.0495542
81.125		0.0495542
81.25		0.0495542
81.375		0.0495542
81.5		0.0495542
81.625		0.0495542
81.75		0.0495542
81.875		0.0495542
82		0.0495542
82.125		0.0495542
82.25		0.0495542
82.375		0.0495542
82.5		0.0495542
82.625		0.0495542
82.75		0.0495542
82.875		0.0495542
83		0.0495542
83.125		0.0495542
83.25		0.0495542
83.375		0.0495542
83.5		0.0495542
83.625		0.0495542
83.75		0.0495542
83.875		0.0495542
84		0.0495542
84.125		0.0495542
84.25		0.0495542
84.375		0.0495542
84.5		0.0495542
84.625		0.0495542
84.75		0.0495542
84.875		0.0495542
85		0.0495542
85.125		0.050646
85.25		0.050646
85.375		0.050646
85.5		0.050646
85.625		0.050646
85.75		0.050646
85.875		0.050646
86		0.050646
86.125		0.050646
86.25		0.050646
86.375		0.050646
86.5		0.050646
86.625		0.050646
86.75		0.050646
86.875		0.050646
87		0.050646
87.125		0.050646
87.25		0.050646
87.375		0.050646
87.5		0.050646
87.625		0.050646
87.75		0.050646
87.875		0.050646
88		0.050646
88.125		0.050646
88.25		0.050646
88.375		0.050646
88.5		0.050646
88.625		0.050646
88.75		0.050646
88.875		0.050646
89		0.050646
89.125		0.050646
89.25		0.050646
89.375		0.050646
89.5		0.050646
89.625		0.050646
89.75		0.050646
89.875		0.050646
90		0.050646
90.125		0.0574998
90.25		0.0574998
90.375		0.0574998
90.5		0.0574998
90.625		0.0574998
90.75		0.0574998
90.875		0.0574998
91		0.0574998
91.125		0.0574998
91.25		0.0574998
91.375		0.0574998
91.5		0.0574998
91.625		0.0574998
91.75		0.0574998
91.875		0.0574998
92		0.0574998
92.125		0.0574998
92.25		0.0574998
92.375		0.0574998
92.5		0.0574998
92.625		0.0574998
92.75		0.0574998
92.875		0.0574998
93		0.0574998
93.125		0.0574998
93.25		0.0574998
93.375		0.0574998
93.5		0.0574998
93.625		0.0574998
93.75		0.0574998
93.875		0.0574998
94		0.0574998
94.125		0.0574998
94.25		0.0574998
94.375		0.0574998
94.5		0.0574998
94.625		0.0574998
94.75		0.0574998
94.875		0.0574998
95		0.0574998
95.125		0.0786074
95.25		0.0786074
95.375		0.0786074
95.5		0.0786074
95.625		0.0786074
95.75		0.0786074
95.875		0.0786074
96		0.0786074
96.125		0.0786074
96.25		0.0786074
96.375		0.0786074
96.5		0.0786074
96.625		0.0786074
96.75		0.0786074
96.875		0.0786074
97		0.0786074
97.125		0.0786074
97.25		0.0786074
97.375		0.0786074
97.5		0.0786074
97.625		0.0786074
97.75		0.0786074
97.875		0.0786074
98		0.0786074
98.125		0.0786074
98.25		0.0786074
98.375		0.0786074
98.5		0.0786074
98.625		0.0786074
98.75		0.0786074
98.875		0.0786074
99		0.0786074
99.125		0.0786074
99.25		0.0786074
99.375		0.0786074
99.5		0.0786074
99.625		0.0786074
99.75		0.0786074
99.875		0.0786074
100		0.0786074
100.125		0.111421
100.25		0.111421
100.375		0.111421
100.5		0.111421
100.625		0.111421
100.75		0.111421
100.875		0.111421
101		0.111421
101.125		0.111421
101.25		0.111421
101.375		0.111421
101.5		0.111421
101.625		0.111421
101.75		0.111421
101.875		0.111421
102		0.111421
102.125		0.111421
102.25		0.111421
102.375		0.111421
102.5		0.111421
102.625		0.111421
102.75		0.111421
102.875		0.111421
103		0.111421
103.125		0.111421
103.25		0.111421
103.375		0.111421
103.5		0.111421
103.625		0.111421
103.75		0.111421
103.875		0.111421
104		0.111421
104.125		0.111421
104.25		0.111421
104.375		0.111421
104.5		0.111421
104.625		0.111421
104.75		0.111421
104.875		0.111421
105		0.111421
105.125		0.113059
105.25		0.113059
105.375		0.113059
105.5		0.113059
105.625		0.113059
105.75		0.113059
105.875		0.113059
106		0.113059
106.125		0.113059
106.25		0.113059
106.375		0.113059
106.5		0.113059
106.625		0.113059
106.75		0.113059
106.875		0.113059
107		0.113059
107.125		0.113059
107.25		0.113059
107.375		0.113059
107.5		0.113059
107.625		0.113059
107.75		0.113059
107.875		0.113059
108		0.113059
108.125		0.113059
108.25		0.113059
108.375		0.113059
108.5		0.113059
108.625		0.113059
108.75		0.113059
108.875		0.113059
109		0.113059
109.125		0.113059
109.25		0.113059
109.375		0.113059
109.5		0.113059
109.625		0.113059
109.75		0.113059
109.875		0.113059
110		0.113059
110.125		0.114636
110.25		0.114636
110.375		0.114636
110.5		0.114636
110.625		0.114636
110.75		0.114636
110.875		0.114636
111		0.114636
111.125		0.114636
111.25		0.114636
111.375		0.114636
111.5		0.114636
111.625		0.114636
111.75		0.114636
111.875		0.114636
112		0.114636
112.125		0.114636
112.25		0.114636
112.375		0.114636
112.5		0.114636
112.625		0.114636
112.75		0.114636
112.875		0.114636
113		0.114636
113.125		0.114636
113.25		0.114636
113.375		0.114636
113.5		0.114636
113.625		0.114636
113.75		0.114636
113.875		0.114636
114		0.114636
114.125		0.114636
114.25		0.114636
114.375		0.114636
114.5		0.114636
114.625		0.114636
114.75		0.114636
114.875		0.114636
115		0.114636
115.125		0.14096
115.25		0.14096
115.375		0.14096
115.5		0.14096
115.625		0.14096
115.75		0.14096
115.875		0.14096
116		0.14096
116.125		0.14096
116.25		0.14096
116.375		0.14096
116.5		0.14096
116.625		0.14096
116.75		0.14096
116.875		0.14096
117		0.14096
117.125		0.14096
117.25		0.14096
117.375		0.14096
117.5		0.14096
117.625		0.14096
117.75		0.14096
117.875		0.14096
118		0.14096
118.125		0.14096
118.25		0.14096
118.375		0.14096
118.5		0.14096
118.625		0.14096
118.75		0.14096
118.875		0.14096
119		0.14096
119.125		0.14096
119.25		0.14096
119.375		0.14096
119.5		0.14096
119.625		0.14096
119.75		0.14096
119.875		0.14096
120		0.14096
120.125		0.153636
120.25		0.153636
120.375		0.153636
120.5		0.153636
120.625		0.153636
120.75		0.153636
120.875		0.153636
121		0.153636
121.125		0.153636
121.25		0.153636
121.375		0.153636
121.5		0.153636
121.625		0.153636
121.75		0.153636
121.875		0.153636
122		0.153636
122.125		0.153636
122.25		0.153636
122.375		0.153636
122.5		0.153636
122.625		0.153636
122.75		0.153636
122.875		0.153636
123		0.153636
123.125		0.153636
123.25		0.153636
123.375		0.153636
123.5		0.153636
123.625		0.153636
123.75		0.153636
123.875		0.153636
124		0.153636
124.125		0.153636
124.25		0.153636
124.375		0.153636
124.5		0.153636
124.625		0.153636
124.75		0.153636
124.875		0.153636
125		0.153636
125.125		0.164372
125.25		0.164372
125.375		0.164372
125.5		0.164372
125.625		0.164372
125.75		0.164372
125.875		0.164372
126		0.164372
126.125		0.164372
126.25		0.164372
126.375		0.164372
126.5		0.164372
126.625		0.164372
126.75		0.164372
126.875		0.164372
127		0.164372
127.125		0.164372
127.25		0.164372
127.375		0.164372
127.5		0.164372
127.625		0.164372
127.75		0.164372
127.875		0.164372
128		0.164372
128.125		0.164372
128.25		0.164372
128.375		0.164372
128.5		0.164372
128.625		0.164372
128.75		0.164372
128.875		0.164372
129		0.164372
129.125		0.164372
129.25		0.164372
129.375		0.164372
129.5		0.164372
129.625		0.164372
129.75		0.164372
129.875		0.164372
130		0.164372
130.125		0.167647
130.25		0.167647
130.375		0.167647
130.5		0.167647
130.625		0.167647
130.75		0.167647
130.875		0.167647
131		0.167647
131.125		0.167647
131.25		0.167647
131.375		0.167647
131.5		0.167647
131.625		0.167647
131.75		0.167647
131.875		0.167647
132		0.167647
132.125		0.167647
132.25		0.167647
132.375		0.167647
132.5		0.167647
132.625		0.167647
132.75		0.167647
132.875		0.167647
133		0.167647
133.125		0.167647
133.25		0.167647
133.375		0.167647
133.5		0.167647
133.625		0.167647
133.75		0.167647
133.875		0.167647
134		0.167647
134.125		0.167647
134.25		0.167647
134.375		0.167647
134.5		0.167647
134.625		0.167647
134.75		0.167647
134.875		0.167647
135		0.167647
135.125		0.16977
135.25		0.16977
135.375		0.16977
135.5		0.16977
135.625		0.16977
135.75		0.16977
135.875		0.16977
136		0.16977
136.125		0.16977
136.25		0.16977
136.375		0.16977
136.5		0.16977
136.625		0.16977
136.75		0.16977
136.875		0.16977
137		0.16977
137.125		0.16977
137.25		0.16977
137.375		0.16977
137.5		0.16977
137.625		0.16977
137.75		0.16977
137.875		0.16977
138		0.16977
138.125		0.16977
138.25		0.16977
138.375		0.16977
138.5		0.16977
138.625		0.16977
138.75		0.16977
138.875		0.16977
139		0.16977
139.125		0.16977
139.25		0.16977
139.375		0.16977
139.5		0.16977
139.625		0.16977
139.75		0.16977
139.875		0.16977
140		0.16977
140.125		0.181294
140.25		0.181294
140.375		0.181294
140.5		0.181294
140.625		0.181294
140.75		0.181294
140.875		0.181294
141		0.181294
141.125		0.181294
141.25		0.181294
141.375		0.181294
141.5		0.181294
141.625		0.181294
141.75		0.181294
141.875		0.181294
142		0.181294
142.125		0.181294
142.25		0.181294
142.375		0.181294
142.5		0.181294
142.625		0.181294
142.75		0.181294
142.875		0.181294
143		0.181294
143.125		0.181294
143.25		0.181294
143.375		0.181294
143.5		0.181294
143.625		0.181294
143.75		0.181294
143.875		0.181294
144		0.181294
144.125		0.181294
144.25		0.181294
144.375		0.181294
144.5		0.181294
144.625		0.181294
144.75		0.181294
144.875		0.181294
145		0.181294
145.125		0.186389
145.25		0.186389
145.375		0.186389
145.5		0.186389
145.625		0.186389
145.75		0.186389
145.875		0.186389
146		0.186389
146.125		0.186389
146.25		0.186389
146.375		0.186389
146.5		0.186389
146.625		0.186389
146.75		0.186389
146.875		0.186389
147		0.186389
147.125		0.186389
147.25		0.186389
147.375		0.186389
147.5		0.186389
147.625		0.186389
147.75		0.186389
147.875		0.186389
148		0.186389
148.125		0.186389
148.25		0.186389
148.375		0.186389
148.5		0.186389
148.625		0.186389
148.75		0.186389
148.875		0.186389
149		0.186389
149.125		0.186389
149.25		0.186389
149.375		0.186389
149.5		0.186389
149.625		0.186389
149.75		0.186389
149.875		0.186389
150		0.186389
150.125		0.217505
150.25		0.217505
150.375		0.217505
150.5		0.217505
150.625		0.217505
150.75		0.217505
150.875		0.217505
151		0.217505
151.125		0.217505
151.25		0.217505
151.375		0.217505
151.5		0.217505
151.625		0.217505
151.75		0.217505
151.875		0.217505
152		0.217505
152.125		0.217505
152.25		0.217505
152.375		0.217505
152.5		0.217505
152.625		0.217505
152.75		0.217505
152.875		0.217505
153		0.217505
153.125		0.217505
153.25		0.217505
153.375		0.217505
153.5		0.217505
153.625		0.217505
153.75		0.217505
153.875		0.217505
154		0.217505
154.125		0.217505
154.25		0.217505
154.375		0.217505
154.5		0.217505
154.625		0.217505
154.75		0.217505
154.875		0.217505
155		0.217505
155.125		0.218233
155.25		0.218233
155.375		0.218233
155.5		0.218233
155.625		0.218233
155.75		0.218233
155.875		0.218233
156		0.218233
156.125		0.218233
156.25		0.218233
156.375		0.218233
156.5		0.218233
156.625		0.218233
156.75		0.218233
156.875		0.218233
157		0.218233
157.125		0.218233
157.25		0.218233
157.375		0.218233
157.5		0.218233
157.625		0.218233
157.75		0.218233
157.875		0.218233
158		0.218233
158.125		0.218233
158.25		0.218233
158.375		0.218233
158.5		0.218233
158.625		0.218233
158.75		0.218233
158.875		0.218233
159		0.218233
159.125		0.218233
159.25		0.218233
159.375		0.218233
159.5		0.218233
159.625		0.218233
159.75		0.218233
159.875		0.218233
160		0.218233
160.125		0.218536
160.25		0.218536
160.375		0.218536
160.5		0.218536
160.625		0.218536
160.75		0.218536
160.875		0.218536
161		0.218536
161.125		0.218536
161.25		0.218536
161.375		0.218536
161.5		0.218536
161.625		0.218536
161.75		0.218536
161.875		0.218536
162		0.218536
162.125		0.218536
162.25		0.218536
162.375		0.218536
162.5		0.218536
162.625		0.218536
162.75		0.218536
162.875		0.218536
163		0.218536
163.125		0.218536
163.25		0.218536
163.375		0.218536
163.5		0.218536
163.625		0.218536
163.75		0.218536
163.875		0.218536
164		0.218536
164.125		0.218536
164.25		0.218536
164.375		0.218536
164.5		0.218536
164.625		0.218536
164.75		0.218536
164.875		0.218536
165		0.218536
165.125		0.234609
165.25		0.234609
165.375		0.234609
165.5		0.234609
165.625		0.234609
165.75		0.234609
165.875		0.234609
166		0.234609
166.125		0.234609
166.25		0.234609
166.375		0.234609
166.5		0.234609
166.625		0.234609
166.75		0.234609
166.875		0.234609
167		0.234609
167.125		0.234609
167.25		0.234609
167.375		0.234609
167.5		0.234609
167.625		0.234609
167.75		0.234609
167.875		0.234609
168		0.234609
168.125		0.234609
168.25		0.234609
168.375		0.234609
168.5		0.234609
168.625		0.234609
168.75		0.234609
168.875		0.234609
169		0.234609
169.125		0.234609
169.25		0.234609
169.375		0.234609
169.5		0.234609
169.625		0.234609
169.75		0.234609
169.875		0.234609
170		0.234609
170.125		0.244738
170.25		0.244738
170.375		0.244738
170.5		0.244738
170.625		0.244738
170.75		0.244738
170.875		0.244738
171		0.244738
171.125		0.244738
171.25		0.244738
171.375		0.244738
171.5		0.244738
171.625		0.244738
171.75		0.244738
171.875		0.244738
172		0.244738
172.125		0.244738
172.25		0.244738
172.375		0.244738
172.5		0.244738
172.625		0.244738
172.75		0.244738
172.875		0.244738
173		0.244738
173.125		0.244738
173.25		0.244738
173.375		0.244738
173.5		0.244738
173.625		0.244738
173.75		0.244738
173.875		0.244738
174		0.244738
174.125		0.244738
174.25		0.244738
174.375		0.244738
174.5		0.244738
174.625		0.244738
174.75		0.244738
174.875		0.244738
175		0.244738
175.125		0.255595
175.25		0.255595
175.375		0.255595
175.5		0.255595
175.625		0.255595
175.75		0.255595
175.875		0.255595
176		0.255595
176.125		0.255595
176.25		0.255595
176.375		0.255595
176.5		0.255595
176.625		0.255595
176.75		0.255595
176.875		0.255595
177		0.255595
177.125		0.255595
177.25		0.255595
177.375		0.255595
177.5		0.255595
177.625		0.255595
177.75		0.255595
177.875		0.255595
178		0.255595
178.125		0.255595
178.25		0.255595
178.375		0.255595
178.5		0.255595
178.625		0.255595
178.75		0.255595
178.875		0.255595
179		0.255595
179.125		0.255595
179.25		0.255595
179.375		0.255595
179.5		0.255595
179.625		0.255595
179.75		0.255595
179.875		0.255595
180		0.255595
180.125		0.262025
180.25		0.262025
180.375		0.262025
180.5		0.262025
180.625		0.262025
180.75		0.262025
180.875		0.262025
181		0.262025
181.125		0.262025
181.25		0.262025
181.375		0.262025
181.5		0.262025
181.625		0.262025
181.75		0.262025
181.875		0.262025
182		0.262025
182.125		0.262025
182.25		0.262025
182.375		0.262025
182.5		0.262025
182.625		0.262025
182.75		0.262025
182.875		0.262025
183		0.262025
183.125		0.262025
183.25		0.262025
183.375		0.262025
183.5		0.262025
183.625		0.262025
183.75		0.262025
183.875		0.262025
184		0.262025
184.125		0.262025
184.25		0.262025
184.375		0.262025
184.5		0.262025
184.625		0.262025
184.75		0.262025
184.875		0.262025
185		0.262025
185.125		0.287317
185.25		0.287317
185.375		0.287317
185.5		0.287317
185.625		0.287317
185.75		0.287317
185.875		0.287317
186		0.287317
186.125		0.287317
186.25		0.287317
186.375		0.287317
186.5		0.287317
186.625		0.287317
186.75		0.287317
186.875		0.287317
187		0.287317
187.125		0.287317
187.25		0.287317
187.375		0.287317
187.5		0.287317
187.625		0.287317
187.75		0.287317
187.875		0.287317
188		0.287317
188.125		0.287317
188.25		0.287317
188.375		0.287317
188.5		0.287317
188.625		0.287317
188.75		0.287317
188.875		0.287317
189		0.287317
189.125		0.287317
189.25		0.287317
189.375		0.287317
189.5		0.287317
189.625		0.287317
189.75		0.287317
189.875		0.287317
190		0.287317
190.125		0.289137
190.25		0.289137
190.375		0.289137
190.5		0.289137
190.625		0.289137
190.75		0.289137
190.875		0.289137
191		0.289137
191.125		0.289137
191.25		0.289137
191.375		0.289137
191.5		0.289137
191.625		0.289137
191.75		0.289137
191.875		0.289137
192		0.289137
192.125		0.289137
192.25		0.289137
192.375		0.289137
192.5		0.289137
192.625		0.289137
192.75		0.289137
192.875		0.289137
193		0.289137
193.125		0.289137
193.25		0.289137
193.375		0.289137
193.5		0.289137
193.625		0.289137
193.75		0.289137
193.875		0.289137
194		0.289137
194.125		0.289137
194.25		0.289137
194.375		0.289137
194.5		0.289137
194.625		0.289137
194.75		0.289137
194.875		0.289137
195		0.289137
195.125		0.311579
195.25		0.311579
195.375		0.311579
195.5		0.311579
195.625		0.311579
195.75		0.311579
195.875		0.311579
196		0.311579
196.125		0.311579
196.25		0.311579
196.375		0.311579
196.5		0.311579
196.625		0.311579
196.75		0.311579
196.875		0.311579
197		0.311579
197.125		0.311579
197.25		0.311579
197.375		0.311579
197.5		0.311579
197.625		0.311579
197.75		0.311579
197.875		0.311579
198		0.311579
198.125		0.311579
198.25		0.311579
198.375		0.311579
198.5		0.311579
198.625		0.311579
198.75		0.311579
198.875		0.311579
199		0.311579
199.125		0.311579
199.25		0.311579
199.375		0.311579
199.5		0.311579
199.625		0.311579
199.75		0.311579
199.875		0.311579
200		0.311579
200.125		0.313762
200.25		0.313762
200.375		0.313762
200.5		0.313762
200.625		0.313762
200.75		0.313762
200.875		0.313762
201		0.313762
201.125		0.313762
201.25		0.313762
201.375		0.313762
201.5		0.313762
201.625		0.313762
201.75		0.313762
201.875		0.313762
202		0.313762
202.125		0.313762
202.25		0.313762
202.375		0.313762
202.5		0.313762
202.625		0.313762
202.75		0.313762
202.875		0.313762
203		0.313762
203.125		0.313762
203.25		0.313762
203.375		0.313762
203.5		0.313762
203.625		0.313762
203.75		0.313762
203.875		0.313762
204		0.313762
204.125		0.313762
204.25		0.313762
204.375		0.313762
204.5		0.313762
204.625		0.313762
204.75		0.313762
204.875		0.313762
205		0.313762
205.125		0.33214
205.25		0.33214
205.375		0.33214
205.5		0.33214
205.625		0.33214
205.75		0.33214
205.875		0.33214
206		0.33214
206.125		0.33214
206.25		0.33214
206.375		0.33214
206.5		0.33214
206.625		0.33214
206.75		0.33214
206.875		0.33214
207		0.33214
207.125		0.33214
207.25		0.33214
207.375		0.33214
207.5		0.33214
207.625		0.33214
207.75		0.33214
207.875		0.33214
208		0.33214
208.125		0.33214
208.25		0.33214
208.375		0.33214
208.5		0.33214
208.625		0.33214
208.75		0.33214
208.875		0.33214
209		0.33214
209.125		0.33214
209.25		0.33214
209.375		0.33214
209.5		0.33214
209.625		0.33214
209.75		0.33214
209.875		0.33214
210		0.33214
210.125		0.338145
210.25		0.338145
210.375		0.338145
210.5		0.338145
210.625		0.338145
210.75		0.338145
210.875		0.338145
211		0.338145
211.125		0.338145
211.25		0.338145
211.375		0.338145
211.5		0.338145
211.625		0.338145
211.75		0.338145
211.875		0.338145
212		0.338145
212.125		0.338145
212.25		0.338145
212.375		0.338145
212.5		0.338145
212.625		0.338145
212.75		0.338145
212.875		0.338145
213		0.338145
213.125		0.338145
213.25		0.338145
213.375		0.338145
213.5		0.338145
213.625		0.338145
213.75		0.338145
213.875		0.338145
214		0.338145
214.125		0.338145
214.25		0.338145
214.375		0.338145
214.5		0.338145
214.625		0.338145
214.75		0.338145
214.875		0.338145
215		0.338145
215.125		0.348396
215.25		0.348396
215.375		0.348396
215.5		0.348396
215.625		0.348396
215.75		0.348396
215.875		0.348396
216		0.348396
216.125		0.348396
216.25		0.348396
216.375		0.348396
216.5		0.348396
216.625		0.348396
216.75		0.348396
216.875		0.348396
217		0.348396
217.125		0.348396
217.25		0.348396
217.375		0.348396
217.5		0.348396
217.625		0.348396
217.75		0.348396
217.875		0.348396
218		0.348396
218.125		0.348396
218.25		0.348396
218.375		0.348396
218.5		0.348396
218.625		0.348396
218.75		0.348396
218.875		0.348396
219		0.348396
219.125		0.348396
219.25		0.348396
219.375		0.348396
219.5		0.348396
219.625		0.348396
219.75		0.348396
219.875		0.348396
220		0.348396
220.125		0.350094
220.25		0.350094
220.375		0.350094
220.5		0.350094
220.625		0.350094
220.75		0.350094
220.875		0.350094
221		0.350094
221.125		0.350094
221.25		0.350094
221.375		0.350094
221.5		0.350094
221.625		0.350094
221.75		0.350094
221.875		0.350094
222		0.350094
222.125		0.350094
222.25		0.350094
222.375		0.350094
222.5		0.350094
222.625		0.350094
222.75		0.350094
222.875		0.350094
223		0.350094
223.125		0.350094
223.25		0.350094
223.375		0.350094
223.5		0.350094
223.625		0.350094
223.75		0.350094
223.875		0.350094
224		0.350094
224.125		0.350094
224.25		0.350094
224.375		0.350094
224.5		0.350094
224.625		0.350094
224.75		0.350094
224.875		0.350094
225		0.350094
225.125		0.375811
225.25		0.375811
225.375		0.375811
225.5		0.375811
225.625		0.375811
225.75		0.375811
225.875		0.375811
226		0.375811
226.125		0.375811
226.25		0.375811
226.375		0.375811
226.5		0.375811
226.625		0.375811
226.75		0.375811
226.875		0.375811
227		0.375811
227.125		0.375811
227.25		0.375811
227.375		0.375811
227.5		0.375811
227.625		0.375811
227.75		0.375811
227.875		0.375811
228		0.375811
228.125		0.375811
228.25		0.375811
228.375		0.375811
228.5		0.375811
228.625		0.375811
228.75		0.375811
228.875		0.375811
229		0.375811
229.125		0.375811
229.25		0.375811
229.375		0.375811
229.5		0.375811
229.625		0.375811
229.75		0.375811
229.875		0.375811
230		0.375811
230.125		0.39055
230.25		0.39055
230.375		0.39055
230.5		0.39055
230.625		0.39055
230.75		0.39055
230.875		0.39055
231		0.39055
231.125		0.39055
231.25		0.39055
231.375		0.39055
231.5		0.39055
231.625		0.39055
231.75		0.39055
231.875		0.39055
232		0.39055
232.125		0.39055
232.25		0.39055
232.375		0.39055
232.5		0.39055
232.625		0.39055
232.75		0.39055
232.875		0.39055
233		0.39055
233.125		0.39055
233.25		0.39055
233.375		0.39055
233.5		0.39055
233.625		0.39055
233.75		0.39055
233.875		0.39055
234		0.39055
234.125		0.39055
234.25		0.39055
234.375		0.39055
234.5		0.39055
234.625		0.39055
234.75		0.39055
234.875		0.39055
235		0.39055
235.125		0.395039
235.25		0.395039
235.375		0.395039
235.5		0.395039
235.625		0.395039
235.75		0.395039
235.875		0.395039
236		0.395039
236.125		0.395039
236.25		0.395039
236.375		0.395039
236.5		0.395039
236.625		0.395039
236.75		0.395039
236.875		0.395039
237		0.395039
237.125		0.395039
237.25		0.395039
237.375		0.395039
237.5		0.395039
237.625		0.395039
237.75		0.395039
237.875		0.395039
238		0.395039
238.125		0.395039
238.25		0.395039
238.375		0.395039
238.5		0.395039
238.625		0.395039
238.75		0.395039
238.875		0.395039
239		0.395039
239.125		0.395039
239.25		0.395039
239.375		0.395039
239.5		0.395039
239.625		0.395039
239.75		0.395039
239.875		0.395039
240		0.395039
240.125		0.405228
240.25		0.405228
240.375		0.405228
240.5		0.405228
240.625		0.405228
240.75		0.405228
240.875		0.405228
241		0.405228
241.125		0.405228
241.25		0.405228
241.375		0.405228
241.5		0.405228
241.625		0.405228
241.75		0.405228
241.875		0.405228
242		0.405228
242.125		0.405228
242.25		0.405228
242.375		0.405228
242.5		0.405228
242.625		0.405228
242.75		0.405228
242.875		0.405228
243		0.405228
243.125		0.405228
243.25		0.405228
243.375		0.405228
243.5		0.405228
243.625		0.405228
243.75		0.405228
243.875		0.405228
244		0.405228
244.125		0.405228
244.25		0.405228
244.375		0.405228
244.5		0.405228
244.625		0.405228
244.75		0.405228
244.875		0.405228
245		0.405228
245.125		0.406987
245.25		0.406987
245.375		0.406987
245.5		0.406987
245.625		0.406987
245.75		0.406987
245.875		0.406987
246		0.406987
246.125		0.406987
246.25		0.406987
246.375		0.406987
246.5		0.406987
246.625		0.406987
246.75		0.406987
246.875		0.406987
247		0.406987
247.125		0.406987
247.25		0.406987
247.375		0.406987
247.5		0.406987
247.625		0.406987
247.75		0.406987
247.875		0.406987
248		0.406987
248.125		0.406987
248.25		0.406987
248.375		0.406987
248.5		0.406987
248.625		0.406987
248.75		0.406987
248.875		0.406987
249		0.406987
249.125		0.406987
249.25		0.406987
249.375		0.406987
249.5		0.406987
249.625		0.406987
249.75		0.406987
249.875		0.406987
250		0.406987
250.125		0.41463
250.25		0.41463
250.375		0.41463
250.5		0.41463
250.625		0.41463
250.75		0.41463
250.875		0.41463
251		0.41463
251.125		0.41463
251.25		0.41463
251.375		0.41463
251.5		0.41463
251.625		0.41463
251.75		0.41463
251.875		0.41463
252		0.41463
252.125		0.41463
252.25		0.41463
252.375		0.41463
252.5		0.41463
252.625		0.41463
252.75		0.41463
252.875		0.41463
253		0.41463
253.125		0.41463
253.25		0.41463
253.375		0.41463
253.5		0.41463
253.625		0.41463
253.75		0.41463
253.875		0.41463
254		0.41463
254.125		0.41463
254.25		0.41463
254.375		0.41463
254.5		0.41463
254.625		0.41463
254.75		0.41463
254.875		0.41463
255		0.41463
255.125		0.441196
255.25		0.441196
255.375		0.441196
255.5		0.441196
255.625		0.441196
255.75		0.441196
255.875		0.441196
256		0.441196
256.125		0.441196
256.25		0.441196
256.375		0.441196
256.5		0.441196
256.625		0.441196
256.75		0.441196
256.875		0.441196
257		0.441196
257.125		0.441196
257.25		0.441196
257.375		0.441196
257.5		0.441196
257.625		0.441196
257.75		0.441196
257.875		0.441196
258		0.441196
258.125		0.441196
258.25		0.441196
258.375		0.441196
258.5		0.441196
258.625		0.441196
258.75		0.441196
258.875		0.441196
259		0.441196
259.125		0.441196
259.25		0.441196
259.375		0.441196
259.5		0.441196
259.625		0.441196
259.75		0.441196
259.875		0.441196
260		0.441196
260.125		0.454904
260.25		0.454904
260.375		0.454904
260.5		0.454904
260.625		0.454904
260.75		0.454904
260.875		0.454904
261		0.454904
261.125		0.454904
261.25		0.454904
261.375		0.454904
261.5		0.454904
261.625		0.454904
261.75		0.454904
261.875		0.454904
262		0.454904
262.125		0.454904
262.25		0.454904
262.375		0.454904
262.5		0.454904
262.625		0.454904
262.75		0.454904
262.875		0.454904
263		0.454904
263.125		0.454904
263.25		0.454904
263.375		0.454904
263.5		0.454904
263.625		0.454904
263.75		0.454904
263.875		0.454904
264		0.454904
264.125		0.454904
264.25		0.454904
264.375		0.454904
264.5		0.454904
264.625		0.454904
264.75		0.454904
264.875		0.454904
265		0.454904
265.125		0.463031
265.25		0.463031
265.375		0.463031
265.5		0.463031
265.625		0.463031
265.75		0.463031
265.875		0.463031
266		0.463031
266.125		0.463031
266.25		0.463031
266.375		0.463031
266.5		0.463031
266.625		0.463031
266.75		0.463031
266.875		0.463031
267		0.463031
267.125		0.463031
267.25		0.463031
267.375		0.463031
267.5		0.463031
267.625		0.463031
267.75		0.463031
267.875		0.463031
268		0.463031
268.125		0.463031
268.25		0.463031
268.375		0.463031
268.5		0.463031
268.625		0.463031
268.75		0.463031
268.875		0.463031
269		0.463031
269.125		0.463031
269.25		0.463031
269.375		0.463031
269.5		0.463031
269.625		0.463031
269.75		0.463031
269.875		0.463031
270		0.463031
270.125		0.467884
270.25		0.467884
270.375		0.467884
270.5		0.467884
270.625		0.467884
270.75		0.467884
270.875		0.467884
271		0.467884
271.125		0.467884
271.25		0.467884
271.375		0.467884
271.5		0.467884
271.625		0.467884
271.75		0.467884
271.875		0.467884
272		0.467884
272.125		0.467884
272.25		0.467884
272.375		0.467884
272.5		0.467884
272.625		0.467884
272.75		0.467884
272.875		0.467884
273		0.467884
273.125		0.467884
273.25		0.467884
273.375		0.467884
273.5		0.467884
273.625		0.467884
273.75		0.467884
273.875		0.467884
274		0.467884
274.125		0.467884
274.25		0.467884
274.375		0.467884
274.5		0.467884
274.625		0.467884
274.75		0.467884
274.875		0.467884
275		0.467884
275.125		0.470735
275.25		0.470735
275.375		0.470735
275.5		0.470735
275.625		0.470735
275.75		0.470735
275.875		0.470735
276		0.470735
276.125		0.470735
276.25		0.470735
276.375		0.470735
276.5		0.470735
276.625		0.470735
276.75		0.470735
276.875		0.470735
277		0.470735
277.125		0.470735
277.25		0.470735
277.375		0.470735
277.5		0.470735
277.625		0.470735
277.75		0.470735
277.875		0.470735
278		0.470735
278.125		0.470735
278.25		0.470735
278.375		0.470735
278.5		0.470735
278.625		0.470735
278.75		0.470735
278.875		0.470735
279		0.470735
279.125		0.470735
279.25		0.470735
279.375		0.470735
279.5		0.470735
279.625		0.470735
279.75		0.470735
279.875		0.470735
280		0.470735
280.125		0.478195
280.25		0.478195
280.375		0.478195
280.5		0.478195
280.625		0.478195
280.75		0.478195
280.875		0.478195
281		0.478195
281.125		0.478195
281.25		0.478195
281.375		0.478195
281.5		0.478195
281.625		0.478195
281.75		0.478195
281.875		0.478195
282		0.478195
282.125		0.478195
282.25		0.478195
282.375		0.478195
282.5		0.478195
282.625		0.478195
282.75		0.478195
282.875		0.478195
283		0.478195
283.125		0.478195
283.25		0.478195
283.375		0.478195
283.5		0.478195
283.625		0.478195
283.75		0.478195
283.875		0.478195
284		0.478195
284.125		0.478195
284.25		0.478195
284.375		0.478195
284.5		0.478195
284.625		0.478195
284.75		0.478195
284.875		0.478195
285		0.478195
285.125		0.511494
285.25		0.511494
285.375		0.511494
285.5		0.511494
285.625		0.511494
285.75		0.511494
285.875		0.511494
286		0.511494
286.125		0.511494
286.25		0.511494
286.375		0.511494
286.5		0.511494
286.625		0.511494
286.75		0.511494
286.875		0.511494
287		0.511494
287.125		0.511494
287.25		0.511494
287.375		0.511494
287.5		0.511494
287.625		0.511494
287.75		0.511494
287.875		0.511494
288		0.511494
288.125		0.511494
288.25		0.511494
288.375		0.511494
288.5		0.511494
288.625		0.511494
288.75		0.511494
288.875		0.511494
289		0.511494
289.125		0.511494
289.25		0.511494
289.375		0.511494
289.5		0.511494
289.625		0.511494
289.75		0.511494
289.875		0.511494
290		0.511494
290.125		0.522108
290.25		0.522108
290.375		0.522108
290.5		0.522108
290.625		0.522108
290.75		0.522108
290.875		0.522108
291		0.522108
291.125		0.522108
291.25		0.522108
291.375		0.522108
291.5		0.522108
291.625		0.522108
291.75		0.522108
291.875		0.522108
292		0.522108
292.125		0.522108
292.25		0.522108
292.375		0.522108
292.5		0.522108
292.625		0.522108
292.75		0.522108
292.875		0.522108
293		0.522108
293.125		0.522108
293.25		0.522108
293.375		0.522108
293.5		0.522108
293.625		0.522108
293.75		0.522108
293.875		0.522108
294		0.522108
294.125		0.522108
294.25		0.522108
294.375		0.522108
294.5		0.522108
294.625		0.522108
294.75		0.522108
294.875		0.522108
295		0.522108
295.125		0.530661
295.25		0.530661
295.375		0.530661
295.5		0.530661
295.625		0.530661
295.75		0.530661
295.875		0.530661
296		0.530661
296.125		0.530661
296.25		0.530661
296.375		0.530661
296.5		0.530661
296.625		0.530661
296.75		0.530661
296.875		0.530661
297		0.530661
297.125		0.530661
297.25		0.530661
297.375		0.530661
297.5		0.530661
297.625		0.530661
297.75		0.530661
297.875		0.530661
298		0.530661
298.125		0.530661
298.25		0.530661
298.375		0.530661
298.5		0.530661
298.625		0.530661
298.75		0.530661
298.875		0.530661
299		0.530661
299.125		0.530661
299.25		0.530661
299.375		0.530661
299.5		0.530661
299.625		0.530661
299.75		0.530661
299.875		0.530661
300		0.530661
300.125		0.533815
300.25		0.533815
300.375		0.533815
300.5		0.533815
300.625		0.533815
300.75		0.533815
300.875		0.533815
301		0.533815
301.125		0.533815
301.25		0.533815
301.375		0.533815
301.5		0.533815
301.625		0.533815
301.75		0.533815
301.875		0.533815
302		0.533815
302.125		0.533815
302.25		0.533815
302.375		0.533815
302.5		0.533815
302.625		0.533815
302.75		0.533815
302.875		0.533815
303		0.533815
303.125		0.533815
303.25		0.533815
303.375		0.533815
303.5		0.533815
303.625		0.533815
303.75		0.533815
303.875		0.533815
304		0.533815
304.125		0.533815
304.25		0.533815
304.375		0.533815
304.5		0.533815
304.625		0.533815
304.75		0.533815
304.875		0.533815
305		0.533815
305.125		0.534724
305.25		0.534724
305.375		0.534724
305.5		0.534724
305.625		0.534724
305.75		0.534724
305.875		0.534724
306		0.534724
306.125		0.534724
306.25		0.534724
306.375		0.534724
306.5		0.534724
306.625		0.534724
306.75		0.534724
306.875		0.534724
307		0.534724
307.125		0.534724
307.25		0.534724
307.375		0.534724
307.5		0.534724
307.625		0.534724
307.75		0.534724
307.875		0.534724
308		0.534724
308.125		0.534724
308.25		0.534724
308.375		0.534724
308.5		0.534724
308.625		0.534724
308.75		0.534724
308.875		0.534724
309		0.534724
309.125		0.534724
309.25		0.534724
309.375		0.534724
309.5		0.534724
309.625		0.534724
309.75		0.534724
309.875		0.534724
310		0.534724
310.125		0.575484
310.25		0.575484
310.375		0.575484
310.5		0.575484
310.625		0.575484
310.75		0.575484
310.875		0.575484
311		0.575484
311.125		0.575484
311.25		0.575484
311.375		0.575484
311.5		0.575484
311.625		0.575484
311.75		0.575484
311.875		0.575484
312		0.575484
312.125		0.575484
312.25		0.575484
312.375		0.575484
312.5		0.575484
312.625		0.575484
312.75		0.575484
312.875		0.575484
313		0.575484
313.125		0.575484
313.25		0.575484
313.375		0.575484
313.5		0.575484
313.625		0.575484
313.75		0.575484
313.875		0.575484
314		0.575484
314.125		0.575484
314.25		0.575484
314.375		0.575484
314.5		0.575484
314.625		0.575484
314.75		0.575484
314.875		0.575484
315		0.575484
315.125		0.577789
315.25		0.577789
315.375		0.577789
315.5		0.577789
315.625		0.577789
315.75		0.577789
315.875		0.577789
316		0.577789
316.125		0.577789
316.25		0.577789
316.375		0.577789
316.5		0.577789
316.625		0.577789
316.75		0.577789
316.875		0.577789
317		0.577789
317.125		0.577789
317.25		0.577789
317.375		0.577789
317.5		0.577789
317.625		0.577789
317.75		0.577789
317.875		0.577789
318		0.577789
318.125		0.577789
318.25		0.577789
318.375		0.577789
318.5		0.577789
318.625		0.577789
318.75		0.577789
318.875		0.577789
319		0.577789
319.125		0.577789
319.25		0.577789
319.375		0.577789
319.5		0.577789
319.625		0.577789
319.75		0.577789
319.875		0.577789
320		0.577789
320.125		0.584521
320.25		0.584521
320.375		0.584521
320.5		0.584521
320.625		0.584521
320.75		0.584521
320.875		0.584521
321		0.584521
321.125		0.584521
321.25		0.584521
321.375		0.584521
321.5		0.584521
321.625		0.584521
321.75		0.584521
321.875		0.584521
322		0.584521
322.125		0.584521
322.25		0.584521
322.375		0.584521
322.5		0.584521
322.625		0.584521
322.75		0.584521
322.875		0.584521
323		0.584521
323.125		0.584521
323.25		0.584521
323.375		0.584521
323.5		0.584521
323.625		0.584521
323.75		0.584521
323.875		0.584521
324		0.584521
324.125		0.584521
324.25		0.584521
324.375		0.584521
324.5		0.584521
324.625		0.584521
324.75		0.584521
324.875		0.584521
325		0.584521
325.125		0.601868
325.25		0.601868
325.375		0.601868
325.5		0.601868
325.625		0.601868
325.75		0.601868
325.875		0.601868
326		0.601868
326.125		0.601868
326.25		0.601868
326.375		0.601868
326.5		0.601868
326.625		0.601868
326.75		0.601868
326.875		0.601868
327		0.601868
327.125		0.601868
327.25		0.601868
327.375		0.601868
327.5		0.601868
327.625		0.601868
327.75		0.601868
327.875		0.601868
328		0.601868
328.125		0.601868
328.25		0.601868
328.375		0.601868
328.5		0.601868
328.625		0.601868
328.75		0.601868
328.875		0.601868
329		0.601868
329.125		0.601868
329.25		0.601868
329.375		0.601868
329.5		0.601868
329.625		0.601868
329.75		0.601868
329.875		0.601868
330		0.601868
330.125		0.606478
330.25		0.606478
330.375		0.606478
330.5		0.606478
330.625		0.606478
330.75		0.606478
330.875		0.606478
331		0.606478
331.125		0.606478
331.25		0.606478
331.375		0.606478
331.5		0.606478
331.625		0.606478
331.75		0.606478
331.875		0.606478
332		0.606478
332.125		0.606478
332.25		0.606478
332.375		0.606478
332.5		0.606478
332.625		0.606478
332.75		0.606478
332.875		0.606478
333		0.606478
333.125		0.606478
333.25		0.606478
333.375		0.606478
333.5		0.606478
333.625		0.606478
333.75		0.606478
333.875		0.606478
334		0.606478
334.125		0.606478
334.25		0.606478
334.375		0.606478
334.5		0.606478
334.625		0.606478
334.75		0.606478
334.875		0.606478
335		0.606478
335.125		0.615515
335.25		0.615515
335.375		0.615515
335.5		0.615515
335.625		0.615515
335.75		0.615515
335.875		0.615515
336		0.615515
336.125		0.615515
336.25		0.615515
336.375		0.615515
336.5		0.615515
336.625		0.615515
336.75		0.615515
336.875		0.615515
337		0.615515
337.125		0.615515
337.25		0.615515
337.375		0.615515
337.5		0.615515
337.625		0.615515
337.75		0.615515
337.875		0.615515
338		0.615515
338.125		0.615515
338.25		0.615515
338.375		0.615515
338.5		0.615515
338.625		0.615515
338.75		0.615515
338.875		0.615515
339		0.615515
339.125		0.615515
339.25		0.615515
339.375		0.615515
339.5		0.615515
339.625		0.615515
339.75		0.615515
339.875		0.615515
340		0.615515
340.125		0.633711
340.25		0.633711
340.375		0.633711
340.5		0.633711
340.625		0.633711
340.75		0.633711
340.875		0.633711
341		0.633711
341.125		0.633711
341.25		0.633711
341.375		0.633711
341.5		0.633711
341.625		0.633711
341.75		0.633711
341.875		0.633711
342		0.633711
342.125		0.633711
342.25		0.633711
342.375		0.633711
342.5		0.633711
342.625		0.633711
342.75		0.633711
342.875		0.633711
343		0.633711
343.125		0.633711
343.25		0.633711
343.375		0.633711
343.5		0.633711
343.625		0.633711
343.75		0.633711
343.875		0.633711
344		0.633711
344.125		0.633711
344.25		0.633711
344.375		0.633711
344.5		0.633711
344.625		0.633711
344.75		0.633711
344.875		0.633711
345		0.633711
345.125		0.6419
345.25		0.6419
345.375		0.6419
345.5		0.6419
345.625		0.6419
345.75		0.6419
345.875		0.6419
346		0.6419
346.125		0.6419
346.25		0.6419
346.375		0.6419
346.5		0.6419
346.625		0.6419
346.75		0.6419
346.875		0.6419
347		0.6419
347.125		0.6419
347.25		0.6419
347.375		0.6419
347.5		0.6419
347.625		0.6419
347.75		0.6419
347.875		0.6419
348		0.6419
348.125		0.6419
348.25		0.6419
348.375		0.6419
348.5		0.6419
348.625		0.6419
348.75		0.6419
348.875		0.6419
349		0.6419
349.125		0.6419
349.25		0.6419
349.375		0.6419
349.5		0.6419
349.625		0.6419
349.75		0.6419
349.875		0.6419
350		0.6419
350.125		0.658761
350.25		0.658761
350.375		0.658761
350.5		0.658761
350.625		0.658761
350.75		0.658761
350.875		0.658761
351		0.658761
351.125		0.658761
351.25		0.658761
351.375		0.658761
351.5		0.658761
351.625		0.658761
351.75		0.658761
351.875		0.658761
352		0.658761
352.125		0.658761
352.25		0.658761
352.375		0.658761
352.5		0.658761
352.625		0.658761
352.75		0.658761
352.875		0.658761
353		0.658761
353.125		0.658761
353.25		0.658761
353.375		0.658761
353.5		0.658761
353.625		0.658761
353.75		0.658761
353.875		0.658761
354		0.658761
354.125		0.658761
354.25		0.658761
354.375		0.658761
354.5		0.658761
354.625		0.658761
354.75		0.658761
354.875		0.658761
355		0.658761
355.125		0.67071
355.25		0.67071
355.375		0.67071
355.5		0.67071
355.625		0.67071
355.75		0.67071
355.875		0.67071
356		0.67071
356.125		0.67071
356.25		0.67071
356.375		0.67071
356.5		0.67071
356.625		0.67071
356.75		0.67071
356.875		0.67071
357		0.67071
357.125		0.67071
357.25		0.67071
357.375		0.67071
357.5		0.67071
357.625		0.67071
357.75		0.67071
357.875		0.67071
358		0.67071
358.125		0.67071
358.25		0.67071
358.375		0.67071
358.5		0.67071
358.625		0.67071
358.75		0.67071
358.875		0.67071
359		0.67071
359.125		0.67071
359.25		0.67071
359.375		0.67071
359.5		0.67071
359.625		0.67071
359.75		0.67071
359.875		0.67071
360		0.67071
360.125		0.676654
360.25		0.676654
360.375		0.676654
360.5		0.676654
360.625		0.676654
360.75		0.676654
360.875		0.676654
361		0.676654
361.125		0.676654
361.25		0.676654
361.375		0.676654
361.5		0.676654
361.625		0.676654
361.75		0.676654
361.875		0.676654
362		0.676654
362.125		0.676654
362.25		0.676654
362.375		0.676654
362.5		0.676654
362.625		0.676654
362.75		0.676654
362.875		0.676654
363		0.676654
363.125		0.676654
363.25		0.676654
363.375		0.676654
363.5		0.676654
363.625		0.676654
363.75		0.676654
363.875		0.676654
364		0.676654
364.125		0.676654
364.25		0.676654
364.375		0.676654
364.5		0.676654
364.625		0.676654
364.75		0.676654
364.875		0.676654
365		0.676654
365.125		0.68557
365.25		0.68557
365.375		0.68557
365.5		0.68557
365.625		0.68557
365.75		0.68557
365.875		0.68557
366		0.68557
366.125		0.68557
366.25		0.68557
366.375		0.68557
366.5		0.68557
366.625		0.68557
366.75		0.68557
366.875		0.68557
367		0.68557
367.125		0.68557
367.25		0.68557
367.375		0.68557
367.5		0.68557
367.625		0.68557
367.75		0.68557
367.875		0.68557
368		0.68557
368.125		0.68557
368.25		0.68557
368.375		0.68557
368.5		0.68557
368.625		0.68557
368.75		0.68557
368.875		0.68557
369		0.68557
369.125		0.68557
369.25		0.68557
369.375		0.68557
369.5		0.68557
369.625		0.68557
369.75		0.68557
369.875		0.68557
370		0.68557
370.125		0.698065
370.25		0.698065
370.375		0.698065
370.5		0.698065
370.625		0.698065
370.75		0.698065
370.875		0.698065
371		0.698065
371.125		0.698065
371.25		0.698065
371.375		0.698065
371.5		0.698065
371.625		0.698065
371.75		0.698065
371.875		0.698065
372		0.698065
372.125		0.698065
372.25		0.698065
372.375		0.698065
372.5		0.698065
372.625		0.698065
372.75		0.698065
372.875		0.698065
373		0.698065
373.125		0.698065
373.25		0.698065
373.375		0.698065
373.5		0.698065
373.625		0.698065
373.75		0.698065
373.875		0.698065
374		0.698065
374.125		0.698065
374.25		0.698065
374.375		0.698065
374.5		0.698065
374.625		0.698065
374.75		0.698065
374.875		0.698065
375		0.698065
375.125		0.716443
375.25		0.716443
375.375		0.716443
375.5		0.716443
375.625		0.716443
375.75		0.716443
375.875		0.716443
376		0.716443
376.125		0.716443
376.25		0.716443
376.375		0.716443
376.5		0.716443
376.625		0.716443
376.75		0.716443
376.875		0.716443
377		0.716443
377.125		0.716443
377.25		0.716443
377.375		0.716443
377.5		0.716443
377.625		0.716443
377.75		0.716443
377.875		0.716443
378		0.716443
378.125		0.716443
378.25		0.716443
378.375		0.716443
378.5		0.716443
378.625		0.716443
378.75		0.716443
378.875		0.716443
379		0.716443
379.125		0.716443
379.25		0.716443
379.375		0.716443
379.5		0.716443
379.625		0.716443
379.75		0.716443
379.875		0.716443
380		0.716443
380.125		0.723904
380.25		0.723904
380.375		0.723904
380.5		0.723904
380.625		0.723904
380.75		0.723904
380.875		0.723904
381		0.723904
381.125		0.723904
381.25		0.723904
381.375		0.723904
381.5		0.723904
381.625		0.723904
381.75		0.723904
381.875		0.723904
382		0.723904
382.125		0.723904
382.25		0.723904
382.375		0.723904
382.5		0.723904
382.625		0.723904
382.75		0.723904
382.875		0.723904
383		0.723904
383.125		0.723904
383.25		0.723904
383.375		0.723904
383.5		0.723904
383.625		0.723904
383.75		0.723904
383.875		0.723904
384		0.723904
384.125		0.723904
384.25		0.723904
384.375		0.723904
384.5		0.723904
384.625		0.723904
384.75		0.723904
384.875		0.723904
385		0.723904
385.125		0.738279
385.25		0.738279
385.375		0.738279
385.5		0.738279
385.625		0.738279
385.75		0.738279
385.875		0.738279
386		0.738279
386.125		0.738279
386.25		0.738279
386.375		0.738279
386.5		0.738279
386.625		0.738279
386.75		0.738279
386.875		0.738279
387		0.738279
387.125		0.738279
387.25		0.738279
387.375		0.738279
387.5		0.738279
387.625		0.738279
387.75		0.738279
387.875		0.738279
388		0.738279
388.125		0.738279
388.25		0.738279
388.375		0.738279
388.5		0.738279
388.625		0.738279
388.75		0.738279
388.875		0.738279
389		0.738279
389.125		0.738279
389.25		0.738279
389.375		0.738279
389.5		0.738279
389.625		0.738279
389.75		0.738279
389.875		0.738279
390		0.738279
390.125		0.744405
390.25		0.744405
390.375		0.744405
390.5		0.744405
390.625		0.744405
390.75		0.744405
390.875		0.744405
391		0.744405
391.125		0.744405
391.25		0.744405
391.375		0.744405
391.5		0.744405
391.625		0.744405
391.75		0.744405
391.875		0.744405
392		0.744405
392.125		0.744405
392.25		0.744405
392.375		0.744405
392.5		0.744405
392.625		0.744405
392.75		0.744405
392.875		0.744405
393		0.744405
393.125		0.744405
393.25		0.744405
393.375		0.744405
393.5		0.744405
393.625		0.744405
393.75		0.744405
393.875		0.744405
394		0.744405
394.125		0.744405
394.25		0.744405
394.375		0.744405
394.5		0.744405
394.625		0.744405
394.75		0.744405
394.875		0.744405
395		0.744405
395.125		0.761145
395.25		0.761145
395.375		0.761145
395.5		0.761145
395.625		0.761145
395.75		0.761145
395.875		0.761145
396		0.761145
396.125		0.761145
396.25		0.761145
396.375		0.761145
396.5		0.761145
396.625		0.761145
396.75		0.761145
396.875		0.761145
397		0.761145
397.125		0.761145
397.25		0.761145
397.375		0.761145
397.5		0.761145
397.625		0.761145
397.75		0.761145
397.875		0.761145
398		0.761145
398.125		0.761145
398.25		0.761145
398.375		0.761145
398.5		0.761145
398.625		0.761145
398.75		0.761145
398.875		0.761145
399		0.761145
399.125		0.761145
399.25		0.761145
399.375		0.761145
399.5		0.761145
399.625		0.761145
399.75		0.761145
399.875		0.761145
400		0.761145
400.125		0.769697
400.25		0.769697
400.375		0.769697
400.5		0.769697
400.625		0.769697
400.75		0.769697
400.875		0.769697
401		0.769697
401.125		0.769697
401.25		0.769697
401.375		0.769697
401.5		0.769697
401.625		0.769697
401.75		0.769697
401.875		0.769697
402		0.769697
402.125		0.769697
402.25		0.769697
402.375		0.769697
402.5		0.769697
402.625		0.769697
402.75		0.769697
402.875		0.769697
403		0.769697
403.125		0.769697
403.25		0.769697
403.375		0.769697
403.5		0.769697
403.625		0.769697
403.75		0.769697
403.875		0.769697
404		0.769697
404.125		0.769697
404.25		0.769697
404.375		0.769697
404.5		0.769697
404.625		0.769697
404.75		0.769697
404.875		0.769697
405		0.769697
405.125		0.783526
405.25		0.783526
405.375		0.783526
405.5		0.783526
405.625		0.783526
405.75		0.783526
405.875		0.783526
406		0.783526
406.125		0.783526
406.25		0.783526
406.375		0.783526
406.5		0.783526
406.625		0.783526
406.75		0.783526
406.875		0.783526
407		0.783526
407.125		0.783526
407.25		0.783526
407.375		0.783526
407.5		0.783526
407.625		0.783526
407.75		0.783526
407.875		0.783526
408		0.783526
408.125		0.783526
408.25		0.783526
408.375		0.783526
408.5		0.783526
408.625		0.783526
408.75		0.783526
408.875		0.783526
409		0.783526
409.125		0.783526
409.25		0.783526
409.375		0.783526
409.5		0.783526
409.625		0.783526
409.75		0.783526
409.875		0.783526
410		0.783526
410.125		0.794687
410.25		0.794687
410.375		0.794687
410.5		0.794687
410.625		0.794687
410.75		0.794687
410.875		0.794687
411		0.794687
411.125		0.794687
411.25		0.794687
411.375		0.794687
411.5		0.794687
411.625		0.794687
411.75		0.794687
411.875		0.794687
412		0.794687
412.125		0.794687
412.25		0.794687
412.375		0.794687
412.5		0.794687
412.625		0.794687
412.75		0.794687
412.875		0.794687
413		0.794687
413.125		0.794687
413.25		0.794687
413.375		0.794687
413.5		0.794687
413.625		0.794687
413.75		0.794687
413.875		0.794687
414		0.794687
414.125		0.794687
414.25		0.794687
414.375		0.794687
414.5		0.794687
414.625		0.794687
414.75		0.794687
414.875		0.794687
415		0.794687
415.125		0.79681
415.25		0.79681
415.375		0.79681
415.5		0.79681
415.625		0.79681
415.75		0.79681
415.875		0.79681
416		0.79681
416.125		0.79681
416.25		0.79681
416.375		0.79681
416.5		0.79681
416.625		0.79681
416.75		0.79681
416.875		0.79681
417		0.79681
417.125		0.79681
417.25		0.79681
417.375		0.79681
417.5		0.79681
417.625		0.79681
417.75		0.79681
417.875		0.79681
418		0.79681
418.125		0.79681
418.25		0.79681
418.375		0.79681
418.5		0.79681
418.625		0.79681
418.75		0.79681
418.875		0.79681
419		0.79681
419.125		0.79681
419.25		0.79681
419.375		0.79681
419.5		0.79681
419.625		0.79681
419.75		0.79681
419.875		0.79681
420		0.79681
420.125		0.813853
420.25		0.813853
420.375		0.813853
420.5		0.813853
420.625		0.813853
420.75		0.813853
420.875		0.813853
421		0.813853
421.125		0.813853
421.25		0.813853
421.375		0.813853
421.5		0.813853
421.625		0.813853
421.75		0.813853
421.875		0.813853
422		0.813853
422.125		0.813853
422.25		0.813853
422.375		0.813853
422.5		0.813853
422.625		0.813853
422.75		0.813853
422.875		0.813853
423		0.813853
423.125		0.813853
423.25		0.813853
423.375		0.813853
423.5		0.813853
423.625		0.813853
423.75		0.813853
423.875		0.813853
424		0.813853
424.125		0.813853
424.25		0.813853
424.375		0.813853
424.5		0.813853
424.625		0.813853
424.75		0.813853
424.875		0.813853
425		0.813853
425.125		0.827197
425.25		0.827197
425.375		0.827197
425.5		0.827197
425.625		0.827197
425.75		0.827197
425.875		0.827197
426		0.827197
426.125		0.827197
426.25		0.827197
426.375		0.827197
426.5		0.827197
426.625		0.827197
426.75		0.827197
426.875		0.827197
427		0.827197
427.125		0.827197
427.25		0.827197
427.375		0.827197
427.5		0.827197
427.625		0.827197
427.75		0.827197
427.875		0.827197
428		0.827197
428.125		0.827197
428.25		0.827197
428.375		0.827197
428.5		0.827197
428.625		0.827197
428.75		0.827197
428.875		0.827197
429		0.827197
429.125		0.827197
429.25		0.827197
429.375		0.827197
429.5		0.827197
429.625		0.827197
429.75		0.827197
429.875		0.827197
430		0.827197
430.125		0.841511
430.25		0.841511
430.375		0.841511
430.5		0.841511
430.625		0.841511
430.75		0.841511
430.875		0.841511
431		0.841511
431.125		0.841511
431.25		0.841511
431.375		0.841511
431.5		0.841511
431.625		0.841511
431.75		0.841511
431.875		0.841511
432		0.841511
432.125		0.841511
432.25		0.841511
432.375		0.841511
432.5		0.841511
432.625		0.841511
432.75		0.841511
432.875		0.841511
433		0.841511
433.125		0.841511
433.25		0.841511
433.375		0.841511
433.5		0.841511
433.625		0.841511
433.75		0.841511
433.875		0.841511
434		0.841511
434.125		0.841511
434.25		0.841511
434.375		0.841511
434.5		0.841511
434.625		0.841511
434.75		0.841511
434.875		0.841511
435		0.841511
435.125		0.842603
435.25		0.842603
435.375		0.842603
435.5		0.842603
435.625		0.842603
435.75		0.842603
435.875		0.842603
436		0.842603
436.125		0.842603
436.25		0.842603
436.375		0.842603
436.5		0.842603
436.625		0.842603
436.75		0.842603
436.875		0.842603
437		0.842603
437.125		0.842603
437.25		0.842603
437.375		0.842603
437.5		0.842603
437.625		0.842603
437.75		0.842603
437.875		0.842603
438		0.842603
438.125		0.842603
438.25		0.842603
438.375		0.842603
438.5		0.842603
438.625		0.842603
438.75		0.842603
438.875		0.842603
439		0.842603
439.125		0.842603
439.25		0.842603
439.375		0.842603
439.5		0.842603
439.625		0.842603
439.75		0.842603
439.875		0.842603
440		0.842603
440.125		0.867168
440.25		0.867168
440.375		0.867168
440.5		0.867168
440.625		0.867168
440.75		0.867168
440.875		0.867168
441		0.867168
441.125		0.867168
441.25		0.867168
441.375		0.867168
441.5		0.867168
441.625		0.867168
441.75		0.867168
441.875		0.867168
442		0.867168
442.125		0.867168
442.25		0.867168
442.375		0.867168
442.5		0.867168
442.625		0.867168
442.75		0.867168
442.875		0.867168
443		0.867168
443.125		0.867168
443.25		0.867168
443.375		0.867168
443.5		0.867168
443.625		0.867168
443.75		0.867168
443.875		0.867168
444		0.867168
444.125		0.867168
444.25		0.867168
444.375		0.867168
444.5		0.867168
444.625		0.867168
444.75		0.867168
444.875		0.867168
445		0.867168
445.125		0.874992
445.25		0.874992
445.375		0.874992
445.5		0.874992
445.625		0.874992
445.75		0.874992
445.875		0.874992
446		0.874992
446.125		0.874992
446.25		0.874992
446.375		0.874992
446.5		0.874992
446.625		0.874992
446.75		0.874992
446.875		0.874992
447		0.874992
447.125		0.874992
447.25		0.874992
447.375		0.874992
447.5		0.874992
447.625		0.874992
447.75		0.874992
447.875		0.874992
448		0.874992
448.125		0.874992
448.25		0.874992
448.375		0.874992
448.5		0.874992
448.625		0.874992
448.75		0.874992
448.875		0.874992
449		0.874992
449.125		0.874992
449.25		0.874992
449.375		0.874992
449.5		0.874992
449.625		0.874992
449.75		0.874992
449.875		0.874992
450		0.874992
450.125		0.886577
450.25		0.886577
450.375		0.886577
450.5		0.886577
450.625		0.886577
450.75		0.886577
450.875		0.886577
451		0.886577
451.125		0.886577
451.25		0.886577
451.375		0.886577
451.5		0.886577
451.625		0.886577
451.75		0.886577
451.875		0.886577
452		0.886577
452.125		0.886577
452.25		0.886577
452.375		0.886577
452.5		0.886577
452.625		0.886577
452.75		0.886577
452.875		0.886577
453		0.886577
453.125		0.886577
453.25		0.886577
453.375		0.886577
453.5		0.886577
453.625		0.886577
453.75		0.886577
453.875		0.886577
454		0.886577
454.125		0.886577
454.25		0.886577
454.375		0.886577
454.5		0.886577
454.625		0.886577
454.75		0.886577
454.875		0.886577
455		0.886577
455.125		0.904531
455.25		0.904531
455.375		0.904531
455.5		0.904531
455.625		0.904531
455.75		0.904531
455.875		0.904531
456		0.904531
456.125		0.904531
456.25		0.904531
456.375		0.904531
456.5		0.904531
456.625		0.904531
456.75		0.904531
456.875		0.904531
457		0.904531
457.125		0.904531
457.25		0.904531
457.375		0.904531
457.5		0.904531
457.625		0.904531
457.75		0.904531
457.875		0.904531
458		0.904531
458.125		0.904531
458.25		0.904531
458.375		0.904531
458.5		0.904531
458.625		0.904531
458.75		0.904531
458.875		0.904531
459		0.904531
459.125		0.904531
459.25		0.904531
459.375		0.904531
459.5		0.904531
459.625		0.904531
459.75		0.904531
459.875		0.904531
460		0.904531
460.125		0.905987
460.25		0.905987
460.375		0.905987
460.5		0.905987
460.625		0.905987
460.75		0.905987
460.875		0.905987
461		0.905987
461.125		0.905987
461.25		0.905987
461.375		0.905987
461.5		0.905987
461.625		0.905987
461.75		0.905987
461.875		0.905987
462		0.905987
462.125		0.905987
462.25		0.905987
462.375		0.905987
462.5		0.905987
462.625		0.905987
462.75		0.905987
462.875		0.905987
463		0.905987
463.125		0.905987
463.25		0.905987
463.375		0.905987
463.5		0.905987
463.625		0.905987
463.75		0.905987
463.875		0.905987
464		0.905987
464.125		0.905987
464.25		0.905987
464.375		0.905987
464.5		0.905987
464.625		0.905987
464.75		0.905987
464.875		0.905987
465		0.905987
465.125		0.923697
465.25		0.923697
465.375		0.923697
465.5		0.923697
465.625		0.923697
465.75		0.923697
465.875		0.923697
466		0.923697
466.125		0.923697
466.25		0.923697
466.375		0.923697
466.5		0.923697
466.625		0.923697
466.75		0.923697
466.875		0.923697
467		0.923697
467.125		0.923697
467.25		0.923697
467.375		0.923697
467.5		0.923697
467.625		0.923697
467.75		0.923697
467.875		0.923697
468		0.923697
468.125		0.923697
468.25		0.923697
468.375		0.923697
468.5		0.923697
468.625		0.923697
468.75		0.923697
468.875		0.923697
469		0.923697
469.125		0.923697
469.25		0.923697
469.375		0.923697
469.5		0.923697
469.625		0.923697
469.75		0.923697
469.875		0.923697
470		0.923697
470.125		0.932068
470.25		0.932068
470.375		0.932068
470.5		0.932068
470.625		0.932068
470.75		0.932068
470.875		0.932068
471		0.932068
471.125		0.932068
471.25		0.932068
471.375		0.932068
471.5		0.932068
471.625		0.932068
471.75		0.932068
471.875		0.932068
472		0.932068
472.125		0.932068
472.25		0.932068
472.375		0.932068
472.5		0.932068
472.625		0.932068
472.75		0.932068
472.875		0.932068
473		0.932068
473.125		0.932068
473.25		0.932068
473.375		0.932068
473.5		0.932068
473.625		0.932068
473.75		0.932068
473.875		0.932068
474		0.932068
474.125		0.932068
474.25		0.932068
474.375		0.932068
474.5		0.932068
474.625		0.932068
474.75		0.932068
474.875		0.932068
475		0.932068
475.125		0.944623
475.25		0.944623
475.375		0.944623
475.5		0.944623
475.625		0.944623
475.75		0.944623
475.875		0.944623
476		0.944623
476.125		0.944623
476.25		0.944623
476.375		0.944623
476.5		0.944623
476.625		0.944623
476.75		0.944623
476.875		0.944623
477		0.944623
477.125		0.944623
477.25		0.944623
477.375		0.944623
477.5		0.944623
477.625		0.944623
477.75		0.944623
477.875		0.944623
478		0.944623
478.125		0.944623
478.25		0.944623
478.375		0.944623
478.5		0.944623
478.625		0.944623
478.75		0.944623
478.875		0.944623
479		0.944623
479.125		0.944623
479.25		0.944623
479.375		0.944623
479.5		0.944623
479.625		0.944623
479.75		0.944623
479.875		0.944623
480		0.944623
480.125		0.955055
480.25		0.955055
480.375		0.955055
480.5		0.955055
480.625		0.955055
480.75		0.955055
480.875		0.955055
481		0.955055
481.125		0.955055
481.25		0.955055
481.375		0.955055
481.5		0.955055
481.625		0.955055
481.75		0.955055
481.875		0.955055
482		0.955055
482.125		0.955055
482.25		0.955055
482.375		0.955055
482.5		0.955055
482.625		0.955055
482.75		0.955055
482.875		0.955055
483		0.955055
483.125		0.955055
483.25		0.955055
483.375		0.955055
483.5		0.955055
483.625		0.955055
483.75		0.955055
483.875		0.955055
484		0.955055
484.125		0.955055
484.25		0.955055
484.375		0.955055
484.5		0.955055
484.625		0.955055
484.75		0.955055
484.875		0.955055
485		0.955055
485.125		0.960636
485.25		0.960636
485.375		0.960636
485.5		0.960636
485.625		0.960636
485.75		0.960636
485.875		0.960636
486		0.960636
486.125		0.960636
486.25		0.960636
486.375		0.960636
486.5		0.960636
486.625		0.960636
486.75		0.960636
486.875		0.960636
487		0.960636
487.125		0.960636
487.25		0.960636
487.375		0.960636
487.5		0.960636
487.625		0.960636
487.75		0.960636
487.875		0.960636
488		0.960636
488.125		0.960636
488.25		0.960636
488.375		0.960636
488.5		0.960636
488.625		0.960636
488.75		0.960636
488.875		0.960636
489		0.960636
489.125		0.960636
489.25		0.960636
489.375		0.960636
489.5		0.960636
489.625		0.960636
489.75		0.960636
489.875		0.960636
490		0.960636
490.125		0.995087
490.25		0.995087
490.375		0.995087
490.5		0.995087
490.625		0.995087
490.75		0.995087
490.875		0.995087
491		0.995087
491.125		0.995087
491.25		0.995087
491.375		0.995087
491.5		0.995087
491.625		0.995087
491.75		0.995087
491.875		0.995087
492		0.995087
492.125		0.995087
492.25		0.995087
492.375		0.995087
492.5		0.995087
492.625		0.995087
492.75		0.995087
492.875		0.995087
493		0.995087
493.125		0.995087
493.25		0.995087
493.375		0.995087
493.5		0.995087
493.625		0.995087
493.75		0.995087
493.875		0.995087
494		0.995087
494.125		0.995087
494.25		0.995087
494.375		0.995087
494.5		0.995087
494.625		0.995087
494.75		0.995087
494.875		0.995087
495		0.995087
495.125		1
495.25		1
495.375		1
495.5		1
495.625		1
495.75		1
495.875		1
496		1
496.125		1
496.25		1
496.375		1
496.5		1
496.625		1
496.75		1
496.875		1
497		1
497.125		1
497.25		1
497.375		1
497.5		1
497.625		1
497.75		1
497.875		1
498		1
498.125		1
498.25		1
498.375		1
498.5		1
498.625		1
498.75		1
498.875		1
499		1
499.125		1
499.25		1
499.375		1
499.5		1
499.625		1
499.75		1
499.875		1
500		1
