# Calibration file of tamex_id 0 @ channel 26
# fine_T bin		 Calibration value
0.125		0
0.25		0
0.375		0
0.5		0
0.625		0
0.75		0
0.875		0
1		0
1.125		0
1.25		0
1.375		0
1.5		0
1.625		0
1.75		0
1.875		0
2		0
2.125		0
2.25		0
2.375		0
2.5		0
2.625		0
2.75		0
2.875		0
3		0
3.125		0
3.25		0
3.375		0
3.5		0
3.625		0
3.75		0
3.875		0
4		0
4.125		0
4.25		0
4.375		0
4.5		0
4.625		0
4.75		0
4.875		0
5		0
5.125		0
5.25		0
5.375		0
5.5		0
5.625		0
5.75		0
5.875		0
6		0
6.125		0
6.25		0
6.375		0
6.5		0
6.625		0
6.75		0
6.875		0
7		0
7.125		0
7.25		0
7.375		0
7.5		0
7.625		0
7.75		0
7.875		0
8		0
8.125		0
8.25		0
8.375		0
8.5		0
8.625		0
8.75		0
8.875		0
9		0
9.125		0
9.25		0
9.375		0
9.5		0
9.625		0
9.75		0
9.875		0
10		0
10.125		0
10.25		0
10.375		0
10.5		0
10.625		0
10.75		0
10.875		0
11		0
11.125		0
11.25		0
11.375		0
11.5		0
11.625		0
11.75		0
11.875		0
12		0
12.125		0
12.25		0
12.375		0
12.5		0
12.625		0
12.75		0
12.875		0
13		0
13.125		0
13.25		0
13.375		0
13.5		0
13.625		0
13.75		0
13.875		0
14		0
14.125		0
14.25		0
14.375		0
14.5		0
14.625		0
14.75		0
14.875		0
15		0
15.125		0
15.25		0
15.375		0
15.5		0
15.625		0
15.75		0
15.875		0
16		0
16.125		0
16.25		0
16.375		0
16.5		0
16.625		0
16.75		0
16.875		0
17		0
17.125		0
17.25		0
17.375		0
17.5		0
17.625		0
17.75		0
17.875		0
18		0
18.125		0
18.25		0
18.375		0
18.5		0
18.625		0
18.75		0
18.875		0
19		0
19.125		0
19.25		0
19.375		0
19.5		0
19.625		0
19.75		0
19.875		0
20		0
20.125		0
20.25		0
20.375		0
20.5		0
20.625		0
20.75		0
20.875		0
21		0
21.125		0
21.25		0
21.375		0
21.5		0
21.625		0
21.75		0
21.875		0
22		0
22.125		0
22.25		0
22.375		0
22.5		0
22.625		0
22.75		0
22.875		0
23		0
23.125		0
23.25		0
23.375		0
23.5		0
23.625		0
23.75		0
23.875		0
24		0
24.125		0
24.25		0
24.375		0
24.5		0
24.625		0
24.75		0
24.875		0
25		0
25.125		0
25.25		0
25.375		0
25.5		0
25.625		0
25.75		0
25.875		0
26		0
26.125		0
26.25		0
26.375		0
26.5		0
26.625		0
26.75		0
26.875		0
27		0
27.125		0
27.25		0
27.375		0
27.5		0
27.625		0
27.75		0
27.875		0
28		0
28.125		0
28.25		0
28.375		0
28.5		0
28.625		0
28.75		0
28.875		0
29		0
29.125		0
29.25		0
29.375		0
29.5		0
29.625		0
29.75		0
29.875		0
30		0
30.125		0
30.25		0
30.375		0
30.5		0
30.625		0
30.75		0
30.875		0
31		0
31.125		0
31.25		0
31.375		0
31.5		0
31.625		0
31.75		0
31.875		0
32		0
32.125		0
32.25		0
32.375		0
32.5		0
32.625		0
32.75		0
32.875		0
33		0
33.125		0
33.25		0
33.375		0
33.5		0
33.625		0
33.75		0
33.875		0
34		0
34.125		0
34.25		0
34.375		0
34.5		0
34.625		0
34.75		0
34.875		0
35		0
35.125		0
35.25		0
35.375		0
35.5		0
35.625		0
35.75		0
35.875		0
36		0
36.125		0
36.25		0
36.375		0
36.5		0
36.625		0
36.75		0
36.875		0
37		0
37.125		0
37.25		0
37.375		0
37.5		0
37.625		0
37.75		0
37.875		0
38		0
38.125		0
38.25		0
38.375		0
38.5		0
38.625		0
38.75		0
38.875		0
39		0
39.125		0
39.25		0
39.375		0
39.5		0
39.625		0
39.75		0
39.875		0
40		0
40.125		0
40.25		0
40.375		0
40.5		0
40.625		0
40.75		0
40.875		0
41		0
41.125		0
41.25		0
41.375		0
41.5		0
41.625		0
41.75		0
41.875		0
42		0
42.125		0
42.25		0
42.375		0
42.5		0
42.625		0
42.75		0
42.875		0
43		0
43.125		0
43.25		0
43.375		0
43.5		0
43.625		0
43.75		0
43.875		0
44		0
44.125		0
44.25		0
44.375		0
44.5		0
44.625		0
44.75		0
44.875		0
45		0
45.125		0
45.25		0
45.375		0
45.5		0
45.625		0
45.75		0
45.875		0
46		0
46.125		0
46.25		0
46.375		0
46.5		0
46.625		0
46.75		0
46.875		0
47		0
47.125		0
47.25		0
47.375		0
47.5		0
47.625		0
47.75		0
47.875		0
48		0
48.125		0
48.25		0
48.375		0
48.5		0
48.625		0
48.75		0
48.875		0
49		0
49.125		0
49.25		0
49.375		0
49.5		0
49.625		0
49.75		0
49.875		0
50		0
50.125		0
50.25		0
50.375		0
50.5		0
50.625		0
50.75		0
50.875		0
51		0
51.125		0
51.25		0
51.375		0
51.5		0
51.625		0
51.75		0
51.875		0
52		0
52.125		0
52.25		0
52.375		0
52.5		0
52.625		0
52.75		0
52.875		0
53		0
53.125		0
53.25		0
53.375		0
53.5		0
53.625		0
53.75		0
53.875		0
54		0
54.125		0
54.25		0
54.375		0
54.5		0
54.625		0
54.75		0
54.875		0
55		0
55.125		0
55.25		0
55.375		0
55.5		0
55.625		0
55.75		0
55.875		0
56		0
56.125		0
56.25		0
56.375		0
56.5		0
56.625		0
56.75		0
56.875		0
57		0
57.125		0
57.25		0
57.375		0
57.5		0
57.625		0
57.75		0
57.875		0
58		0
58.125		0
58.25		0
58.375		0
58.5		0
58.625		0
58.75		0
58.875		0
59		0
59.125		0
59.25		0
59.375		0
59.5		0
59.625		0
59.75		0
59.875		0
60		0
60.125		0
60.25		0
60.375		0
60.5		0
60.625		0
60.75		0
60.875		0
61		0
61.125		0
61.25		0
61.375		0
61.5		0
61.625		0
61.75		0
61.875		0
62		0
62.125		0
62.25		0
62.375		0
62.5		0
62.625		0
62.75		0
62.875		0
63		0
63.125		0
63.25		0
63.375		0
63.5		0
63.625		0
63.75		0
63.875		0
64		0
64.125		0
64.25		0
64.375		0
64.5		0
64.625		0
64.75		0
64.875		0
65		0
65.125		0
65.25		0
65.375		0
65.5		0
65.625		0
65.75		0
65.875		0
66		0
66.125		0
66.25		0
66.375		0
66.5		0
66.625		0
66.75		0
66.875		0
67		0
67.125		0
67.25		0
67.375		0
67.5		0
67.625		0
67.75		0
67.875		0
68		0
68.125		0
68.25		0
68.375		0
68.5		0
68.625		0
68.75		0
68.875		0
69		0
69.125		0
69.25		0
69.375		0
69.5		0
69.625		0
69.75		0
69.875		0
70		0
70.125		0
70.25		0
70.375		0
70.5		0
70.625		0
70.75		0
70.875		0
71		0
71.125		0
71.25		0
71.375		0
71.5		0
71.625		0
71.75		0
71.875		0
72		0
72.125		0
72.25		0
72.375		0
72.5		0
72.625		0
72.75		0
72.875		0
73		0
73.125		0
73.25		0
73.375		0
73.5		0
73.625		0
73.75		0
73.875		0
74		0
74.125		0
74.25		0
74.375		0
74.5		0
74.625		0
74.75		0
74.875		0
75		0
75.125		0
75.25		0
75.375		0
75.5		0
75.625		0
75.75		0
75.875		0
76		0
76.125		0
76.25		0
76.375		0
76.5		0
76.625		0
76.75		0
76.875		0
77		0
77.125		0
77.25		0
77.375		0
77.5		0
77.625		0
77.75		0
77.875		0
78		0
78.125		0
78.25		0
78.375		0
78.5		0
78.625		0
78.75		0
78.875		0
79		0
79.125		0
79.25		0
79.375		0
79.5		0
79.625		0
79.75		0
79.875		0
80		0
80.125		0
80.25		0
80.375		0
80.5		0
80.625		0
80.75		0
80.875		0
81		0
81.125		0
81.25		0
81.375		0
81.5		0
81.625		0
81.75		0
81.875		0
82		0
82.125		0
82.25		0
82.375		0
82.5		0
82.625		0
82.75		0
82.875		0
83		0
83.125		0
83.25		0
83.375		0
83.5		0
83.625		0
83.75		0
83.875		0
84		0
84.125		0
84.25		0
84.375		0
84.5		0
84.625		0
84.75		0
84.875		0
85		0
85.125		0.0305356
85.25		0.0305356
85.375		0.0305356
85.5		0.0305356
85.625		0.0305356
85.75		0.0305356
85.875		0.0305356
86		0.0305356
86.125		0.0305356
86.25		0.0305356
86.375		0.0305356
86.5		0.0305356
86.625		0.0305356
86.75		0.0305356
86.875		0.0305356
87		0.0305356
87.125		0.0305356
87.25		0.0305356
87.375		0.0305356
87.5		0.0305356
87.625		0.0305356
87.75		0.0305356
87.875		0.0305356
88		0.0305356
88.125		0.0305356
88.25		0.0305356
88.375		0.0305356
88.5		0.0305356
88.625		0.0305356
88.75		0.0305356
88.875		0.0305356
89		0.0305356
89.125		0.0305356
89.25		0.0305356
89.375		0.0305356
89.5		0.0305356
89.625		0.0305356
89.75		0.0305356
89.875		0.0305356
90		0.0305356
90.125		0.0385343
90.25		0.0385343
90.375		0.0385343
90.5		0.0385343
90.625		0.0385343
90.75		0.0385343
90.875		0.0385343
91		0.0385343
91.125		0.0385343
91.25		0.0385343
91.375		0.0385343
91.5		0.0385343
91.625		0.0385343
91.75		0.0385343
91.875		0.0385343
92		0.0385343
92.125		0.0385343
92.25		0.0385343
92.375		0.0385343
92.5		0.0385343
92.625		0.0385343
92.75		0.0385343
92.875		0.0385343
93		0.0385343
93.125		0.0385343
93.25		0.0385343
93.375		0.0385343
93.5		0.0385343
93.625		0.0385343
93.75		0.0385343
93.875		0.0385343
94		0.0385343
94.125		0.0385343
94.25		0.0385343
94.375		0.0385343
94.5		0.0385343
94.625		0.0385343
94.75		0.0385343
94.875		0.0385343
95		0.0385343
95.125		0.05491
95.25		0.05491
95.375		0.05491
95.5		0.05491
95.625		0.05491
95.75		0.05491
95.875		0.05491
96		0.05491
96.125		0.05491
96.25		0.05491
96.375		0.05491
96.5		0.05491
96.625		0.05491
96.75		0.05491
96.875		0.05491
97		0.05491
97.125		0.05491
97.25		0.05491
97.375		0.05491
97.5		0.05491
97.625		0.05491
97.75		0.05491
97.875		0.05491
98		0.05491
98.125		0.05491
98.25		0.05491
98.375		0.05491
98.5		0.05491
98.625		0.05491
98.75		0.05491
98.875		0.05491
99		0.05491
99.125		0.05491
99.25		0.05491
99.375		0.05491
99.5		0.05491
99.625		0.05491
99.75		0.05491
99.875		0.05491
100		0.05491
100.125		0.070367
100.25		0.070367
100.375		0.070367
100.5		0.070367
100.625		0.070367
100.75		0.070367
100.875		0.070367
101		0.070367
101.125		0.070367
101.25		0.070367
101.375		0.070367
101.5		0.070367
101.625		0.070367
101.75		0.070367
101.875		0.070367
102		0.070367
102.125		0.070367
102.25		0.070367
102.375		0.070367
102.5		0.070367
102.625		0.070367
102.75		0.070367
102.875		0.070367
103		0.070367
103.125		0.070367
103.25		0.070367
103.375		0.070367
103.5		0.070367
103.625		0.070367
103.75		0.070367
103.875		0.070367
104		0.070367
104.125		0.070367
104.25		0.070367
104.375		0.070367
104.5		0.070367
104.625		0.070367
104.75		0.070367
104.875		0.070367
105		0.070367
105.125		0.0820948
105.25		0.0820948
105.375		0.0820948
105.5		0.0820948
105.625		0.0820948
105.75		0.0820948
105.875		0.0820948
106		0.0820948
106.125		0.0820948
106.25		0.0820948
106.375		0.0820948
106.5		0.0820948
106.625		0.0820948
106.75		0.0820948
106.875		0.0820948
107		0.0820948
107.125		0.0820948
107.25		0.0820948
107.375		0.0820948
107.5		0.0820948
107.625		0.0820948
107.75		0.0820948
107.875		0.0820948
108		0.0820948
108.125		0.0820948
108.25		0.0820948
108.375		0.0820948
108.5		0.0820948
108.625		0.0820948
108.75		0.0820948
108.875		0.0820948
109		0.0820948
109.125		0.0820948
109.25		0.0820948
109.375		0.0820948
109.5		0.0820948
109.625		0.0820948
109.75		0.0820948
109.875		0.0820948
110		0.0820948
110.125		0.0938767
110.25		0.0938767
110.375		0.0938767
110.5		0.0938767
110.625		0.0938767
110.75		0.0938767
110.875		0.0938767
111		0.0938767
111.125		0.0938767
111.25		0.0938767
111.375		0.0938767
111.5		0.0938767
111.625		0.0938767
111.75		0.0938767
111.875		0.0938767
112		0.0938767
112.125		0.0938767
112.25		0.0938767
112.375		0.0938767
112.5		0.0938767
112.625		0.0938767
112.75		0.0938767
112.875		0.0938767
113		0.0938767
113.125		0.0938767
113.25		0.0938767
113.375		0.0938767
113.5		0.0938767
113.625		0.0938767
113.75		0.0938767
113.875		0.0938767
114		0.0938767
114.125		0.0938767
114.25		0.0938767
114.375		0.0938767
114.5		0.0938767
114.625		0.0938767
114.75		0.0938767
114.875		0.0938767
115		0.0938767
115.125		0.0980922
115.25		0.0980922
115.375		0.0980922
115.5		0.0980922
115.625		0.0980922
115.75		0.0980922
115.875		0.0980922
116		0.0980922
116.125		0.0980922
116.25		0.0980922
116.375		0.0980922
116.5		0.0980922
116.625		0.0980922
116.75		0.0980922
116.875		0.0980922
117		0.0980922
117.125		0.0980922
117.25		0.0980922
117.375		0.0980922
117.5		0.0980922
117.625		0.0980922
117.75		0.0980922
117.875		0.0980922
118		0.0980922
118.125		0.0980922
118.25		0.0980922
118.375		0.0980922
118.5		0.0980922
118.625		0.0980922
118.75		0.0980922
118.875		0.0980922
119		0.0980922
119.125		0.0980922
119.25		0.0980922
119.375		0.0980922
119.5		0.0980922
119.625		0.0980922
119.75		0.0980922
119.875		0.0980922
120		0.0980922
120.125		0.120791
120.25		0.120791
120.375		0.120791
120.5		0.120791
120.625		0.120791
120.75		0.120791
120.875		0.120791
121		0.120791
121.125		0.120791
121.25		0.120791
121.375		0.120791
121.5		0.120791
121.625		0.120791
121.75		0.120791
121.875		0.120791
122		0.120791
122.125		0.120791
122.25		0.120791
122.375		0.120791
122.5		0.120791
122.625		0.120791
122.75		0.120791
122.875		0.120791
123		0.120791
123.125		0.120791
123.25		0.120791
123.375		0.120791
123.5		0.120791
123.625		0.120791
123.75		0.120791
123.875		0.120791
124		0.120791
124.125		0.120791
124.25		0.120791
124.375		0.120791
124.5		0.120791
124.625		0.120791
124.75		0.120791
124.875		0.120791
125		0.120791
125.125		0.132033
125.25		0.132033
125.375		0.132033
125.5		0.132033
125.625		0.132033
125.75		0.132033
125.875		0.132033
126		0.132033
126.125		0.132033
126.25		0.132033
126.375		0.132033
126.5		0.132033
126.625		0.132033
126.75		0.132033
126.875		0.132033
127		0.132033
127.125		0.132033
127.25		0.132033
127.375		0.132033
127.5		0.132033
127.625		0.132033
127.75		0.132033
127.875		0.132033
128		0.132033
128.125		0.132033
128.25		0.132033
128.375		0.132033
128.5		0.132033
128.625		0.132033
128.75		0.132033
128.875		0.132033
129		0.132033
129.125		0.132033
129.25		0.132033
129.375		0.132033
129.5		0.132033
129.625		0.132033
129.75		0.132033
129.875		0.132033
130		0.132033
130.125		0.13841
130.25		0.13841
130.375		0.13841
130.5		0.13841
130.625		0.13841
130.75		0.13841
130.875		0.13841
131		0.13841
131.125		0.13841
131.25		0.13841
131.375		0.13841
131.5		0.13841
131.625		0.13841
131.75		0.13841
131.875		0.13841
132		0.13841
132.125		0.13841
132.25		0.13841
132.375		0.13841
132.5		0.13841
132.625		0.13841
132.75		0.13841
132.875		0.13841
133		0.13841
133.125		0.13841
133.25		0.13841
133.375		0.13841
133.5		0.13841
133.625		0.13841
133.75		0.13841
133.875		0.13841
134		0.13841
134.125		0.13841
134.25		0.13841
134.375		0.13841
134.5		0.13841
134.625		0.13841
134.75		0.13841
134.875		0.13841
135		0.13841
135.125		0.158028
135.25		0.158028
135.375		0.158028
135.5		0.158028
135.625		0.158028
135.75		0.158028
135.875		0.158028
136		0.158028
136.125		0.158028
136.25		0.158028
136.375		0.158028
136.5		0.158028
136.625		0.158028
136.75		0.158028
136.875		0.158028
137		0.158028
137.125		0.158028
137.25		0.158028
137.375		0.158028
137.5		0.158028
137.625		0.158028
137.75		0.158028
137.875		0.158028
138		0.158028
138.125		0.158028
138.25		0.158028
138.375		0.158028
138.5		0.158028
138.625		0.158028
138.75		0.158028
138.875		0.158028
139		0.158028
139.125		0.158028
139.25		0.158028
139.375		0.158028
139.5		0.158028
139.625		0.158028
139.75		0.158028
139.875		0.158028
140		0.158028
140.125		0.159163
140.25		0.159163
140.375		0.159163
140.5		0.159163
140.625		0.159163
140.75		0.159163
140.875		0.159163
141		0.159163
141.125		0.159163
141.25		0.159163
141.375		0.159163
141.5		0.159163
141.625		0.159163
141.75		0.159163
141.875		0.159163
142		0.159163
142.125		0.159163
142.25		0.159163
142.375		0.159163
142.5		0.159163
142.625		0.159163
142.75		0.159163
142.875		0.159163
143		0.159163
143.125		0.159163
143.25		0.159163
143.375		0.159163
143.5		0.159163
143.625		0.159163
143.75		0.159163
143.875		0.159163
144		0.159163
144.125		0.159163
144.25		0.159163
144.375		0.159163
144.5		0.159163
144.625		0.159163
144.75		0.159163
144.875		0.159163
145		0.159163
145.125		0.175809
145.25		0.175809
145.375		0.175809
145.5		0.175809
145.625		0.175809
145.75		0.175809
145.875		0.175809
146		0.175809
146.125		0.175809
146.25		0.175809
146.375		0.175809
146.5		0.175809
146.625		0.175809
146.75		0.175809
146.875		0.175809
147		0.175809
147.125		0.175809
147.25		0.175809
147.375		0.175809
147.5		0.175809
147.625		0.175809
147.75		0.175809
147.875		0.175809
148		0.175809
148.125		0.175809
148.25		0.175809
148.375		0.175809
148.5		0.175809
148.625		0.175809
148.75		0.175809
148.875		0.175809
149		0.175809
149.125		0.175809
149.25		0.175809
149.375		0.175809
149.5		0.175809
149.625		0.175809
149.75		0.175809
149.875		0.175809
150		0.175809
150.125		0.189753
150.25		0.189753
150.375		0.189753
150.5		0.189753
150.625		0.189753
150.75		0.189753
150.875		0.189753
151		0.189753
151.125		0.189753
151.25		0.189753
151.375		0.189753
151.5		0.189753
151.625		0.189753
151.75		0.189753
151.875		0.189753
152		0.189753
152.125		0.189753
152.25		0.189753
152.375		0.189753
152.5		0.189753
152.625		0.189753
152.75		0.189753
152.875		0.189753
153		0.189753
153.125		0.189753
153.25		0.189753
153.375		0.189753
153.5		0.189753
153.625		0.189753
153.75		0.189753
153.875		0.189753
154		0.189753
154.125		0.189753
154.25		0.189753
154.375		0.189753
154.5		0.189753
154.625		0.189753
154.75		0.189753
154.875		0.189753
155		0.189753
155.125		0.192942
155.25		0.192942
155.375		0.192942
155.5		0.192942
155.625		0.192942
155.75		0.192942
155.875		0.192942
156		0.192942
156.125		0.192942
156.25		0.192942
156.375		0.192942
156.5		0.192942
156.625		0.192942
156.75		0.192942
156.875		0.192942
157		0.192942
157.125		0.192942
157.25		0.192942
157.375		0.192942
157.5		0.192942
157.625		0.192942
157.75		0.192942
157.875		0.192942
158		0.192942
158.125		0.192942
158.25		0.192942
158.375		0.192942
158.5		0.192942
158.625		0.192942
158.75		0.192942
158.875		0.192942
159		0.192942
159.125		0.192942
159.25		0.192942
159.375		0.192942
159.5		0.192942
159.625		0.192942
159.75		0.192942
159.875		0.192942
160		0.192942
160.125		0.194617
160.25		0.194617
160.375		0.194617
160.5		0.194617
160.625		0.194617
160.75		0.194617
160.875		0.194617
161		0.194617
161.125		0.194617
161.25		0.194617
161.375		0.194617
161.5		0.194617
161.625		0.194617
161.75		0.194617
161.875		0.194617
162		0.194617
162.125		0.194617
162.25		0.194617
162.375		0.194617
162.5		0.194617
162.625		0.194617
162.75		0.194617
162.875		0.194617
163		0.194617
163.125		0.194617
163.25		0.194617
163.375		0.194617
163.5		0.194617
163.625		0.194617
163.75		0.194617
163.875		0.194617
164		0.194617
164.125		0.194617
164.25		0.194617
164.375		0.194617
164.5		0.194617
164.625		0.194617
164.75		0.194617
164.875		0.194617
165		0.194617
165.125		0.222018
165.25		0.222018
165.375		0.222018
165.5		0.222018
165.625		0.222018
165.75		0.222018
165.875		0.222018
166		0.222018
166.125		0.222018
166.25		0.222018
166.375		0.222018
166.5		0.222018
166.625		0.222018
166.75		0.222018
166.875		0.222018
167		0.222018
167.125		0.222018
167.25		0.222018
167.375		0.222018
167.5		0.222018
167.625		0.222018
167.75		0.222018
167.875		0.222018
168		0.222018
168.125		0.222018
168.25		0.222018
168.375		0.222018
168.5		0.222018
168.625		0.222018
168.75		0.222018
168.875		0.222018
169		0.222018
169.125		0.222018
169.25		0.222018
169.375		0.222018
169.5		0.222018
169.625		0.222018
169.75		0.222018
169.875		0.222018
170		0.222018
170.125		0.230179
170.25		0.230179
170.375		0.230179
170.5		0.230179
170.625		0.230179
170.75		0.230179
170.875		0.230179
171		0.230179
171.125		0.230179
171.25		0.230179
171.375		0.230179
171.5		0.230179
171.625		0.230179
171.75		0.230179
171.875		0.230179
172		0.230179
172.125		0.230179
172.25		0.230179
172.375		0.230179
172.5		0.230179
172.625		0.230179
172.75		0.230179
172.875		0.230179
173		0.230179
173.125		0.230179
173.25		0.230179
173.375		0.230179
173.5		0.230179
173.625		0.230179
173.75		0.230179
173.875		0.230179
174		0.230179
174.125		0.230179
174.25		0.230179
174.375		0.230179
174.5		0.230179
174.625		0.230179
174.75		0.230179
174.875		0.230179
175		0.230179
175.125		0.231422
175.25		0.231422
175.375		0.231422
175.5		0.231422
175.625		0.231422
175.75		0.231422
175.875		0.231422
176		0.231422
176.125		0.231422
176.25		0.231422
176.375		0.231422
176.5		0.231422
176.625		0.231422
176.75		0.231422
176.875		0.231422
177		0.231422
177.125		0.231422
177.25		0.231422
177.375		0.231422
177.5		0.231422
177.625		0.231422
177.75		0.231422
177.875		0.231422
178		0.231422
178.125		0.231422
178.25		0.231422
178.375		0.231422
178.5		0.231422
178.625		0.231422
178.75		0.231422
178.875		0.231422
179		0.231422
179.125		0.231422
179.25		0.231422
179.375		0.231422
179.5		0.231422
179.625		0.231422
179.75		0.231422
179.875		0.231422
180		0.231422
180.125		0.251148
180.25		0.251148
180.375		0.251148
180.5		0.251148
180.625		0.251148
180.75		0.251148
180.875		0.251148
181		0.251148
181.125		0.251148
181.25		0.251148
181.375		0.251148
181.5		0.251148
181.625		0.251148
181.75		0.251148
181.875		0.251148
182		0.251148
182.125		0.251148
182.25		0.251148
182.375		0.251148
182.5		0.251148
182.625		0.251148
182.75		0.251148
182.875		0.251148
183		0.251148
183.125		0.251148
183.25		0.251148
183.375		0.251148
183.5		0.251148
183.625		0.251148
183.75		0.251148
183.875		0.251148
184		0.251148
184.125		0.251148
184.25		0.251148
184.375		0.251148
184.5		0.251148
184.625		0.251148
184.75		0.251148
184.875		0.251148
185		0.251148
185.125		0.257364
185.25		0.257364
185.375		0.257364
185.5		0.257364
185.625		0.257364
185.75		0.257364
185.875		0.257364
186		0.257364
186.125		0.257364
186.25		0.257364
186.375		0.257364
186.5		0.257364
186.625		0.257364
186.75		0.257364
186.875		0.257364
187		0.257364
187.125		0.257364
187.25		0.257364
187.375		0.257364
187.5		0.257364
187.625		0.257364
187.75		0.257364
187.875		0.257364
188		0.257364
188.125		0.257364
188.25		0.257364
188.375		0.257364
188.5		0.257364
188.625		0.257364
188.75		0.257364
188.875		0.257364
189		0.257364
189.125		0.257364
189.25		0.257364
189.375		0.257364
189.5		0.257364
189.625		0.257364
189.75		0.257364
189.875		0.257364
190		0.257364
190.125		0.272334
190.25		0.272334
190.375		0.272334
190.5		0.272334
190.625		0.272334
190.75		0.272334
190.875		0.272334
191		0.272334
191.125		0.272334
191.25		0.272334
191.375		0.272334
191.5		0.272334
191.625		0.272334
191.75		0.272334
191.875		0.272334
192		0.272334
192.125		0.272334
192.25		0.272334
192.375		0.272334
192.5		0.272334
192.625		0.272334
192.75		0.272334
192.875		0.272334
193		0.272334
193.125		0.272334
193.25		0.272334
193.375		0.272334
193.5		0.272334
193.625		0.272334
193.75		0.272334
193.875		0.272334
194		0.272334
194.125		0.272334
194.25		0.272334
194.375		0.272334
194.5		0.272334
194.625		0.272334
194.75		0.272334
194.875		0.272334
195		0.272334
195.125		0.278712
195.25		0.278712
195.375		0.278712
195.5		0.278712
195.625		0.278712
195.75		0.278712
195.875		0.278712
196		0.278712
196.125		0.278712
196.25		0.278712
196.375		0.278712
196.5		0.278712
196.625		0.278712
196.75		0.278712
196.875		0.278712
197		0.278712
197.125		0.278712
197.25		0.278712
197.375		0.278712
197.5		0.278712
197.625		0.278712
197.75		0.278712
197.875		0.278712
198		0.278712
198.125		0.278712
198.25		0.278712
198.375		0.278712
198.5		0.278712
198.625		0.278712
198.75		0.278712
198.875		0.278712
199		0.278712
199.125		0.278712
199.25		0.278712
199.375		0.278712
199.5		0.278712
199.625		0.278712
199.75		0.278712
199.875		0.278712
200		0.278712
200.125		0.292385
200.25		0.292385
200.375		0.292385
200.5		0.292385
200.625		0.292385
200.75		0.292385
200.875		0.292385
201		0.292385
201.125		0.292385
201.25		0.292385
201.375		0.292385
201.5		0.292385
201.625		0.292385
201.75		0.292385
201.875		0.292385
202		0.292385
202.125		0.292385
202.25		0.292385
202.375		0.292385
202.5		0.292385
202.625		0.292385
202.75		0.292385
202.875		0.292385
203		0.292385
203.125		0.292385
203.25		0.292385
203.375		0.292385
203.5		0.292385
203.625		0.292385
203.75		0.292385
203.875		0.292385
204		0.292385
204.125		0.292385
204.25		0.292385
204.375		0.292385
204.5		0.292385
204.625		0.292385
204.75		0.292385
204.875		0.292385
205		0.292385
205.125		0.3026
205.25		0.3026
205.375		0.3026
205.5		0.3026
205.625		0.3026
205.75		0.3026
205.875		0.3026
206		0.3026
206.125		0.3026
206.25		0.3026
206.375		0.3026
206.5		0.3026
206.625		0.3026
206.75		0.3026
206.875		0.3026
207		0.3026
207.125		0.3026
207.25		0.3026
207.375		0.3026
207.5		0.3026
207.625		0.3026
207.75		0.3026
207.875		0.3026
208		0.3026
208.125		0.3026
208.25		0.3026
208.375		0.3026
208.5		0.3026
208.625		0.3026
208.75		0.3026
208.875		0.3026
209		0.3026
209.125		0.3026
209.25		0.3026
209.375		0.3026
209.5		0.3026
209.625		0.3026
209.75		0.3026
209.875		0.3026
210		0.3026
210.125		0.327947
210.25		0.327947
210.375		0.327947
210.5		0.327947
210.625		0.327947
210.75		0.327947
210.875		0.327947
211		0.327947
211.125		0.327947
211.25		0.327947
211.375		0.327947
211.5		0.327947
211.625		0.327947
211.75		0.327947
211.875		0.327947
212		0.327947
212.125		0.327947
212.25		0.327947
212.375		0.327947
212.5		0.327947
212.625		0.327947
212.75		0.327947
212.875		0.327947
213		0.327947
213.125		0.327947
213.25		0.327947
213.375		0.327947
213.5		0.327947
213.625		0.327947
213.75		0.327947
213.875		0.327947
214		0.327947
214.125		0.327947
214.25		0.327947
214.375		0.327947
214.5		0.327947
214.625		0.327947
214.75		0.327947
214.875		0.327947
215		0.327947
215.125		0.335351
215.25		0.335351
215.375		0.335351
215.5		0.335351
215.625		0.335351
215.75		0.335351
215.875		0.335351
216		0.335351
216.125		0.335351
216.25		0.335351
216.375		0.335351
216.5		0.335351
216.625		0.335351
216.75		0.335351
216.875		0.335351
217		0.335351
217.125		0.335351
217.25		0.335351
217.375		0.335351
217.5		0.335351
217.625		0.335351
217.75		0.335351
217.875		0.335351
218		0.335351
218.125		0.335351
218.25		0.335351
218.375		0.335351
218.5		0.335351
218.625		0.335351
218.75		0.335351
218.875		0.335351
219		0.335351
219.125		0.335351
219.25		0.335351
219.375		0.335351
219.5		0.335351
219.625		0.335351
219.75		0.335351
219.875		0.335351
220		0.335351
220.125		0.337837
220.25		0.337837
220.375		0.337837
220.5		0.337837
220.625		0.337837
220.75		0.337837
220.875		0.337837
221		0.337837
221.125		0.337837
221.25		0.337837
221.375		0.337837
221.5		0.337837
221.625		0.337837
221.75		0.337837
221.875		0.337837
222		0.337837
222.125		0.337837
222.25		0.337837
222.375		0.337837
222.5		0.337837
222.625		0.337837
222.75		0.337837
222.875		0.337837
223		0.337837
223.125		0.337837
223.25		0.337837
223.375		0.337837
223.5		0.337837
223.625		0.337837
223.75		0.337837
223.875		0.337837
224		0.337837
224.125		0.337837
224.25		0.337837
224.375		0.337837
224.5		0.337837
224.625		0.337837
224.75		0.337837
224.875		0.337837
225		0.337837
225.125		0.349403
225.25		0.349403
225.375		0.349403
225.5		0.349403
225.625		0.349403
225.75		0.349403
225.875		0.349403
226		0.349403
226.125		0.349403
226.25		0.349403
226.375		0.349403
226.5		0.349403
226.625		0.349403
226.75		0.349403
226.875		0.349403
227		0.349403
227.125		0.349403
227.25		0.349403
227.375		0.349403
227.5		0.349403
227.625		0.349403
227.75		0.349403
227.875		0.349403
228		0.349403
228.125		0.349403
228.25		0.349403
228.375		0.349403
228.5		0.349403
228.625		0.349403
228.75		0.349403
228.875		0.349403
229		0.349403
229.125		0.349403
229.25		0.349403
229.375		0.349403
229.5		0.349403
229.625		0.349403
229.75		0.349403
229.875		0.349403
230		0.349403
230.125		0.366913
230.25		0.366913
230.375		0.366913
230.5		0.366913
230.625		0.366913
230.75		0.366913
230.875		0.366913
231		0.366913
231.125		0.366913
231.25		0.366913
231.375		0.366913
231.5		0.366913
231.625		0.366913
231.75		0.366913
231.875		0.366913
232		0.366913
232.125		0.366913
232.25		0.366913
232.375		0.366913
232.5		0.366913
232.625		0.366913
232.75		0.366913
232.875		0.366913
233		0.366913
233.125		0.366913
233.25		0.366913
233.375		0.366913
233.5		0.366913
233.625		0.366913
233.75		0.366913
233.875		0.366913
234		0.366913
234.125		0.366913
234.25		0.366913
234.375		0.366913
234.5		0.366913
234.625		0.366913
234.75		0.366913
234.875		0.366913
235		0.366913
235.125		0.37502
235.25		0.37502
235.375		0.37502
235.5		0.37502
235.625		0.37502
235.75		0.37502
235.875		0.37502
236		0.37502
236.125		0.37502
236.25		0.37502
236.375		0.37502
236.5		0.37502
236.625		0.37502
236.75		0.37502
236.875		0.37502
237		0.37502
237.125		0.37502
237.25		0.37502
237.375		0.37502
237.5		0.37502
237.625		0.37502
237.75		0.37502
237.875		0.37502
238		0.37502
238.125		0.37502
238.25		0.37502
238.375		0.37502
238.5		0.37502
238.625		0.37502
238.75		0.37502
238.875		0.37502
239		0.37502
239.125		0.37502
239.25		0.37502
239.375		0.37502
239.5		0.37502
239.625		0.37502
239.75		0.37502
239.875		0.37502
240		0.37502
240.125		0.381884
240.25		0.381884
240.375		0.381884
240.5		0.381884
240.625		0.381884
240.75		0.381884
240.875		0.381884
241		0.381884
241.125		0.381884
241.25		0.381884
241.375		0.381884
241.5		0.381884
241.625		0.381884
241.75		0.381884
241.875		0.381884
242		0.381884
242.125		0.381884
242.25		0.381884
242.375		0.381884
242.5		0.381884
242.625		0.381884
242.75		0.381884
242.875		0.381884
243		0.381884
243.125		0.381884
243.25		0.381884
243.375		0.381884
243.5		0.381884
243.625		0.381884
243.75		0.381884
243.875		0.381884
244		0.381884
244.125		0.381884
244.25		0.381884
244.375		0.381884
244.5		0.381884
244.625		0.381884
244.75		0.381884
244.875		0.381884
245		0.381884
245.125		0.395233
245.25		0.395233
245.375		0.395233
245.5		0.395233
245.625		0.395233
245.75		0.395233
245.875		0.395233
246		0.395233
246.125		0.395233
246.25		0.395233
246.375		0.395233
246.5		0.395233
246.625		0.395233
246.75		0.395233
246.875		0.395233
247		0.395233
247.125		0.395233
247.25		0.395233
247.375		0.395233
247.5		0.395233
247.625		0.395233
247.75		0.395233
247.875		0.395233
248		0.395233
248.125		0.395233
248.25		0.395233
248.375		0.395233
248.5		0.395233
248.625		0.395233
248.75		0.395233
248.875		0.395233
249		0.395233
249.125		0.395233
249.25		0.395233
249.375		0.395233
249.5		0.395233
249.625		0.395233
249.75		0.395233
249.875		0.395233
250		0.395233
250.125		0.401178
250.25		0.401178
250.375		0.401178
250.5		0.401178
250.625		0.401178
250.75		0.401178
250.875		0.401178
251		0.401178
251.125		0.401178
251.25		0.401178
251.375		0.401178
251.5		0.401178
251.625		0.401178
251.75		0.401178
251.875		0.401178
252		0.401178
252.125		0.401178
252.25		0.401178
252.375		0.401178
252.5		0.401178
252.625		0.401178
252.75		0.401178
252.875		0.401178
253		0.401178
253.125		0.401178
253.25		0.401178
253.375		0.401178
253.5		0.401178
253.625		0.401178
253.75		0.401178
253.875		0.401178
254		0.401178
254.125		0.401178
254.25		0.401178
254.375		0.401178
254.5		0.401178
254.625		0.401178
254.75		0.401178
254.875		0.401178
255		0.401178
255.125		0.424526
255.25		0.424526
255.375		0.424526
255.5		0.424526
255.625		0.424526
255.75		0.424526
255.875		0.424526
256		0.424526
256.125		0.424526
256.25		0.424526
256.375		0.424526
256.5		0.424526
256.625		0.424526
256.75		0.424526
256.875		0.424526
257		0.424526
257.125		0.424526
257.25		0.424526
257.375		0.424526
257.5		0.424526
257.625		0.424526
257.75		0.424526
257.875		0.424526
258		0.424526
258.125		0.424526
258.25		0.424526
258.375		0.424526
258.5		0.424526
258.625		0.424526
258.75		0.424526
258.875		0.424526
259		0.424526
259.125		0.424526
259.25		0.424526
259.375		0.424526
259.5		0.424526
259.625		0.424526
259.75		0.424526
259.875		0.424526
260		0.424526
260.125		0.436416
260.25		0.436416
260.375		0.436416
260.5		0.436416
260.625		0.436416
260.75		0.436416
260.875		0.436416
261		0.436416
261.125		0.436416
261.25		0.436416
261.375		0.436416
261.5		0.436416
261.625		0.436416
261.75		0.436416
261.875		0.436416
262		0.436416
262.125		0.436416
262.25		0.436416
262.375		0.436416
262.5		0.436416
262.625		0.436416
262.75		0.436416
262.875		0.436416
263		0.436416
263.125		0.436416
263.25		0.436416
263.375		0.436416
263.5		0.436416
263.625		0.436416
263.75		0.436416
263.875		0.436416
264		0.436416
264.125		0.436416
264.25		0.436416
264.375		0.436416
264.5		0.436416
264.625		0.436416
264.75		0.436416
264.875		0.436416
265		0.436416
265.125		0.442577
265.25		0.442577
265.375		0.442577
265.5		0.442577
265.625		0.442577
265.75		0.442577
265.875		0.442577
266		0.442577
266.125		0.442577
266.25		0.442577
266.375		0.442577
266.5		0.442577
266.625		0.442577
266.75		0.442577
266.875		0.442577
267		0.442577
267.125		0.442577
267.25		0.442577
267.375		0.442577
267.5		0.442577
267.625		0.442577
267.75		0.442577
267.875		0.442577
268		0.442577
268.125		0.442577
268.25		0.442577
268.375		0.442577
268.5		0.442577
268.625		0.442577
268.75		0.442577
268.875		0.442577
269		0.442577
269.125		0.442577
269.25		0.442577
269.375		0.442577
269.5		0.442577
269.625		0.442577
269.75		0.442577
269.875		0.442577
270		0.442577
270.125		0.464519
270.25		0.464519
270.375		0.464519
270.5		0.464519
270.625		0.464519
270.75		0.464519
270.875		0.464519
271		0.464519
271.125		0.464519
271.25		0.464519
271.375		0.464519
271.5		0.464519
271.625		0.464519
271.75		0.464519
271.875		0.464519
272		0.464519
272.125		0.464519
272.25		0.464519
272.375		0.464519
272.5		0.464519
272.625		0.464519
272.75		0.464519
272.875		0.464519
273		0.464519
273.125		0.464519
273.25		0.464519
273.375		0.464519
273.5		0.464519
273.625		0.464519
273.75		0.464519
273.875		0.464519
274		0.464519
274.125		0.464519
274.25		0.464519
274.375		0.464519
274.5		0.464519
274.625		0.464519
274.75		0.464519
274.875		0.464519
275		0.464519
275.125		0.46506
275.25		0.46506
275.375		0.46506
275.5		0.46506
275.625		0.46506
275.75		0.46506
275.875		0.46506
276		0.46506
276.125		0.46506
276.25		0.46506
276.375		0.46506
276.5		0.46506
276.625		0.46506
276.75		0.46506
276.875		0.46506
277		0.46506
277.125		0.46506
277.25		0.46506
277.375		0.46506
277.5		0.46506
277.625		0.46506
277.75		0.46506
277.875		0.46506
278		0.46506
278.125		0.46506
278.25		0.46506
278.375		0.46506
278.5		0.46506
278.625		0.46506
278.75		0.46506
278.875		0.46506
279		0.46506
279.125		0.46506
279.25		0.46506
279.375		0.46506
279.5		0.46506
279.625		0.46506
279.75		0.46506
279.875		0.46506
280		0.46506
280.125		0.466141
280.25		0.466141
280.375		0.466141
280.5		0.466141
280.625		0.466141
280.75		0.466141
280.875		0.466141
281		0.466141
281.125		0.466141
281.25		0.466141
281.375		0.466141
281.5		0.466141
281.625		0.466141
281.75		0.466141
281.875		0.466141
282		0.466141
282.125		0.466141
282.25		0.466141
282.375		0.466141
282.5		0.466141
282.625		0.466141
282.75		0.466141
282.875		0.466141
283		0.466141
283.125		0.466141
283.25		0.466141
283.375		0.466141
283.5		0.466141
283.625		0.466141
283.75		0.466141
283.875		0.466141
284		0.466141
284.125		0.466141
284.25		0.466141
284.375		0.466141
284.5		0.466141
284.625		0.466141
284.75		0.466141
284.875		0.466141
285		0.466141
285.125		0.494622
285.25		0.494622
285.375		0.494622
285.5		0.494622
285.625		0.494622
285.75		0.494622
285.875		0.494622
286		0.494622
286.125		0.494622
286.25		0.494622
286.375		0.494622
286.5		0.494622
286.625		0.494622
286.75		0.494622
286.875		0.494622
287		0.494622
287.125		0.494622
287.25		0.494622
287.375		0.494622
287.5		0.494622
287.625		0.494622
287.75		0.494622
287.875		0.494622
288		0.494622
288.125		0.494622
288.25		0.494622
288.375		0.494622
288.5		0.494622
288.625		0.494622
288.75		0.494622
288.875		0.494622
289		0.494622
289.125		0.494622
289.25		0.494622
289.375		0.494622
289.5		0.494622
289.625		0.494622
289.75		0.494622
289.875		0.494622
290		0.494622
290.125		0.516889
290.25		0.516889
290.375		0.516889
290.5		0.516889
290.625		0.516889
290.75		0.516889
290.875		0.516889
291		0.516889
291.125		0.516889
291.25		0.516889
291.375		0.516889
291.5		0.516889
291.625		0.516889
291.75		0.516889
291.875		0.516889
292		0.516889
292.125		0.516889
292.25		0.516889
292.375		0.516889
292.5		0.516889
292.625		0.516889
292.75		0.516889
292.875		0.516889
293		0.516889
293.125		0.516889
293.25		0.516889
293.375		0.516889
293.5		0.516889
293.625		0.516889
293.75		0.516889
293.875		0.516889
294		0.516889
294.125		0.516889
294.25		0.516889
294.375		0.516889
294.5		0.516889
294.625		0.516889
294.75		0.516889
294.875		0.516889
295		0.516889
295.125		0.517484
295.25		0.517484
295.375		0.517484
295.5		0.517484
295.625		0.517484
295.75		0.517484
295.875		0.517484
296		0.517484
296.125		0.517484
296.25		0.517484
296.375		0.517484
296.5		0.517484
296.625		0.517484
296.75		0.517484
296.875		0.517484
297		0.517484
297.125		0.517484
297.25		0.517484
297.375		0.517484
297.5		0.517484
297.625		0.517484
297.75		0.517484
297.875		0.517484
298		0.517484
298.125		0.517484
298.25		0.517484
298.375		0.517484
298.5		0.517484
298.625		0.517484
298.75		0.517484
298.875		0.517484
299		0.517484
299.125		0.517484
299.25		0.517484
299.375		0.517484
299.5		0.517484
299.625		0.517484
299.75		0.517484
299.875		0.517484
300		0.517484
300.125		0.528239
300.25		0.528239
300.375		0.528239
300.5		0.528239
300.625		0.528239
300.75		0.528239
300.875		0.528239
301		0.528239
301.125		0.528239
301.25		0.528239
301.375		0.528239
301.5		0.528239
301.625		0.528239
301.75		0.528239
301.875		0.528239
302		0.528239
302.125		0.528239
302.25		0.528239
302.375		0.528239
302.5		0.528239
302.625		0.528239
302.75		0.528239
302.875		0.528239
303		0.528239
303.125		0.528239
303.25		0.528239
303.375		0.528239
303.5		0.528239
303.625		0.528239
303.75		0.528239
303.875		0.528239
304		0.528239
304.125		0.528239
304.25		0.528239
304.375		0.528239
304.5		0.528239
304.625		0.528239
304.75		0.528239
304.875		0.528239
305		0.528239
305.125		0.540615
305.25		0.540615
305.375		0.540615
305.5		0.540615
305.625		0.540615
305.75		0.540615
305.875		0.540615
306		0.540615
306.125		0.540615
306.25		0.540615
306.375		0.540615
306.5		0.540615
306.625		0.540615
306.75		0.540615
306.875		0.540615
307		0.540615
307.125		0.540615
307.25		0.540615
307.375		0.540615
307.5		0.540615
307.625		0.540615
307.75		0.540615
307.875		0.540615
308		0.540615
308.125		0.540615
308.25		0.540615
308.375		0.540615
308.5		0.540615
308.625		0.540615
308.75		0.540615
308.875		0.540615
309		0.540615
309.125		0.540615
309.25		0.540615
309.375		0.540615
309.5		0.540615
309.625		0.540615
309.75		0.540615
309.875		0.540615
310		0.540615
310.125		0.54202
310.25		0.54202
310.375		0.54202
310.5		0.54202
310.625		0.54202
310.75		0.54202
310.875		0.54202
311		0.54202
311.125		0.54202
311.25		0.54202
311.375		0.54202
311.5		0.54202
311.625		0.54202
311.75		0.54202
311.875		0.54202
312		0.54202
312.125		0.54202
312.25		0.54202
312.375		0.54202
312.5		0.54202
312.625		0.54202
312.75		0.54202
312.875		0.54202
313		0.54202
313.125		0.54202
313.25		0.54202
313.375		0.54202
313.5		0.54202
313.625		0.54202
313.75		0.54202
313.875		0.54202
314		0.54202
314.125		0.54202
314.25		0.54202
314.375		0.54202
314.5		0.54202
314.625		0.54202
314.75		0.54202
314.875		0.54202
315		0.54202
315.125		0.564395
315.25		0.564395
315.375		0.564395
315.5		0.564395
315.625		0.564395
315.75		0.564395
315.875		0.564395
316		0.564395
316.125		0.564395
316.25		0.564395
316.375		0.564395
316.5		0.564395
316.625		0.564395
316.75		0.564395
316.875		0.564395
317		0.564395
317.125		0.564395
317.25		0.564395
317.375		0.564395
317.5		0.564395
317.625		0.564395
317.75		0.564395
317.875		0.564395
318		0.564395
318.125		0.564395
318.25		0.564395
318.375		0.564395
318.5		0.564395
318.625		0.564395
318.75		0.564395
318.875		0.564395
319		0.564395
319.125		0.564395
319.25		0.564395
319.375		0.564395
319.5		0.564395
319.625		0.564395
319.75		0.564395
319.875		0.564395
320		0.564395
320.125		0.569205
320.25		0.569205
320.375		0.569205
320.5		0.569205
320.625		0.569205
320.75		0.569205
320.875		0.569205
321		0.569205
321.125		0.569205
321.25		0.569205
321.375		0.569205
321.5		0.569205
321.625		0.569205
321.75		0.569205
321.875		0.569205
322		0.569205
322.125		0.569205
322.25		0.569205
322.375		0.569205
322.5		0.569205
322.625		0.569205
322.75		0.569205
322.875		0.569205
323		0.569205
323.125		0.569205
323.25		0.569205
323.375		0.569205
323.5		0.569205
323.625		0.569205
323.75		0.569205
323.875		0.569205
324		0.569205
324.125		0.569205
324.25		0.569205
324.375		0.569205
324.5		0.569205
324.625		0.569205
324.75		0.569205
324.875		0.569205
325		0.569205
325.125		0.581852
325.25		0.581852
325.375		0.581852
325.5		0.581852
325.625		0.581852
325.75		0.581852
325.875		0.581852
326		0.581852
326.125		0.581852
326.25		0.581852
326.375		0.581852
326.5		0.581852
326.625		0.581852
326.75		0.581852
326.875		0.581852
327		0.581852
327.125		0.581852
327.25		0.581852
327.375		0.581852
327.5		0.581852
327.625		0.581852
327.75		0.581852
327.875		0.581852
328		0.581852
328.125		0.581852
328.25		0.581852
328.375		0.581852
328.5		0.581852
328.625		0.581852
328.75		0.581852
328.875		0.581852
329		0.581852
329.125		0.581852
329.25		0.581852
329.375		0.581852
329.5		0.581852
329.625		0.581852
329.75		0.581852
329.875		0.581852
330		0.581852
330.125		0.586391
330.25		0.586391
330.375		0.586391
330.5		0.586391
330.625		0.586391
330.75		0.586391
330.875		0.586391
331		0.586391
331.125		0.586391
331.25		0.586391
331.375		0.586391
331.5		0.586391
331.625		0.586391
331.75		0.586391
331.875		0.586391
332		0.586391
332.125		0.586391
332.25		0.586391
332.375		0.586391
332.5		0.586391
332.625		0.586391
332.75		0.586391
332.875		0.586391
333		0.586391
333.125		0.586391
333.25		0.586391
333.375		0.586391
333.5		0.586391
333.625		0.586391
333.75		0.586391
333.875		0.586391
334		0.586391
334.125		0.586391
334.25		0.586391
334.375		0.586391
334.5		0.586391
334.625		0.586391
334.75		0.586391
334.875		0.586391
335		0.586391
335.125		0.601146
335.25		0.601146
335.375		0.601146
335.5		0.601146
335.625		0.601146
335.75		0.601146
335.875		0.601146
336		0.601146
336.125		0.601146
336.25		0.601146
336.375		0.601146
336.5		0.601146
336.625		0.601146
336.75		0.601146
336.875		0.601146
337		0.601146
337.125		0.601146
337.25		0.601146
337.375		0.601146
337.5		0.601146
337.625		0.601146
337.75		0.601146
337.875		0.601146
338		0.601146
338.125		0.601146
338.25		0.601146
338.375		0.601146
338.5		0.601146
338.625		0.601146
338.75		0.601146
338.875		0.601146
339		0.601146
339.125		0.601146
339.25		0.601146
339.375		0.601146
339.5		0.601146
339.625		0.601146
339.75		0.601146
339.875		0.601146
340		0.601146
340.125		0.624061
340.25		0.624061
340.375		0.624061
340.5		0.624061
340.625		0.624061
340.75		0.624061
340.875		0.624061
341		0.624061
341.125		0.624061
341.25		0.624061
341.375		0.624061
341.5		0.624061
341.625		0.624061
341.75		0.624061
341.875		0.624061
342		0.624061
342.125		0.624061
342.25		0.624061
342.375		0.624061
342.5		0.624061
342.625		0.624061
342.75		0.624061
342.875		0.624061
343		0.624061
343.125		0.624061
343.25		0.624061
343.375		0.624061
343.5		0.624061
343.625		0.624061
343.75		0.624061
343.875		0.624061
344		0.624061
344.125		0.624061
344.25		0.624061
344.375		0.624061
344.5		0.624061
344.625		0.624061
344.75		0.624061
344.875		0.624061
345		0.624061
345.125		0.636221
345.25		0.636221
345.375		0.636221
345.5		0.636221
345.625		0.636221
345.75		0.636221
345.875		0.636221
346		0.636221
346.125		0.636221
346.25		0.636221
346.375		0.636221
346.5		0.636221
346.625		0.636221
346.75		0.636221
346.875		0.636221
347		0.636221
347.125		0.636221
347.25		0.636221
347.375		0.636221
347.5		0.636221
347.625		0.636221
347.75		0.636221
347.875		0.636221
348		0.636221
348.125		0.636221
348.25		0.636221
348.375		0.636221
348.5		0.636221
348.625		0.636221
348.75		0.636221
348.875		0.636221
349		0.636221
349.125		0.636221
349.25		0.636221
349.375		0.636221
349.5		0.636221
349.625		0.636221
349.75		0.636221
349.875		0.636221
350		0.636221
350.125		0.644328
350.25		0.644328
350.375		0.644328
350.5		0.644328
350.625		0.644328
350.75		0.644328
350.875		0.644328
351		0.644328
351.125		0.644328
351.25		0.644328
351.375		0.644328
351.5		0.644328
351.625		0.644328
351.75		0.644328
351.875		0.644328
352		0.644328
352.125		0.644328
352.25		0.644328
352.375		0.644328
352.5		0.644328
352.625		0.644328
352.75		0.644328
352.875		0.644328
353		0.644328
353.125		0.644328
353.25		0.644328
353.375		0.644328
353.5		0.644328
353.625		0.644328
353.75		0.644328
353.875		0.644328
354		0.644328
354.125		0.644328
354.25		0.644328
354.375		0.644328
354.5		0.644328
354.625		0.644328
354.75		0.644328
354.875		0.644328
355		0.644328
355.125		0.646003
355.25		0.646003
355.375		0.646003
355.5		0.646003
355.625		0.646003
355.75		0.646003
355.875		0.646003
356		0.646003
356.125		0.646003
356.25		0.646003
356.375		0.646003
356.5		0.646003
356.625		0.646003
356.75		0.646003
356.875		0.646003
357		0.646003
357.125		0.646003
357.25		0.646003
357.375		0.646003
357.5		0.646003
357.625		0.646003
357.75		0.646003
357.875		0.646003
358		0.646003
358.125		0.646003
358.25		0.646003
358.375		0.646003
358.5		0.646003
358.625		0.646003
358.75		0.646003
358.875		0.646003
359		0.646003
359.125		0.646003
359.25		0.646003
359.375		0.646003
359.5		0.646003
359.625		0.646003
359.75		0.646003
359.875		0.646003
360		0.646003
360.125		0.676809
360.25		0.676809
360.375		0.676809
360.5		0.676809
360.625		0.676809
360.75		0.676809
360.875		0.676809
361		0.676809
361.125		0.676809
361.25		0.676809
361.375		0.676809
361.5		0.676809
361.625		0.676809
361.75		0.676809
361.875		0.676809
362		0.676809
362.125		0.676809
362.25		0.676809
362.375		0.676809
362.5		0.676809
362.625		0.676809
362.75		0.676809
362.875		0.676809
363		0.676809
363.125		0.676809
363.25		0.676809
363.375		0.676809
363.5		0.676809
363.625		0.676809
363.75		0.676809
363.875		0.676809
364		0.676809
364.125		0.676809
364.25		0.676809
364.375		0.676809
364.5		0.676809
364.625		0.676809
364.75		0.676809
364.875		0.676809
365		0.676809
365.125		0.687564
365.25		0.687564
365.375		0.687564
365.5		0.687564
365.625		0.687564
365.75		0.687564
365.875		0.687564
366		0.687564
366.125		0.687564
366.25		0.687564
366.375		0.687564
366.5		0.687564
366.625		0.687564
366.75		0.687564
366.875		0.687564
367		0.687564
367.125		0.687564
367.25		0.687564
367.375		0.687564
367.5		0.687564
367.625		0.687564
367.75		0.687564
367.875		0.687564
368		0.687564
368.125		0.687564
368.25		0.687564
368.375		0.687564
368.5		0.687564
368.625		0.687564
368.75		0.687564
368.875		0.687564
369		0.687564
369.125		0.687564
369.25		0.687564
369.375		0.687564
369.5		0.687564
369.625		0.687564
369.75		0.687564
369.875		0.687564
370		0.687564
370.125		0.691672
370.25		0.691672
370.375		0.691672
370.5		0.691672
370.625		0.691672
370.75		0.691672
370.875		0.691672
371		0.691672
371.125		0.691672
371.25		0.691672
371.375		0.691672
371.5		0.691672
371.625		0.691672
371.75		0.691672
371.875		0.691672
372		0.691672
372.125		0.691672
372.25		0.691672
372.375		0.691672
372.5		0.691672
372.625		0.691672
372.75		0.691672
372.875		0.691672
373		0.691672
373.125		0.691672
373.25		0.691672
373.375		0.691672
373.5		0.691672
373.625		0.691672
373.75		0.691672
373.875		0.691672
374		0.691672
374.125		0.691672
374.25		0.691672
374.375		0.691672
374.5		0.691672
374.625		0.691672
374.75		0.691672
374.875		0.691672
375		0.691672
375.125		0.697887
375.25		0.697887
375.375		0.697887
375.5		0.697887
375.625		0.697887
375.75		0.697887
375.875		0.697887
376		0.697887
376.125		0.697887
376.25		0.697887
376.375		0.697887
376.5		0.697887
376.625		0.697887
376.75		0.697887
376.875		0.697887
377		0.697887
377.125		0.697887
377.25		0.697887
377.375		0.697887
377.5		0.697887
377.625		0.697887
377.75		0.697887
377.875		0.697887
378		0.697887
378.125		0.697887
378.25		0.697887
378.375		0.697887
378.5		0.697887
378.625		0.697887
378.75		0.697887
378.875		0.697887
379		0.697887
379.125		0.697887
379.25		0.697887
379.375		0.697887
379.5		0.697887
379.625		0.697887
379.75		0.697887
379.875		0.697887
380		0.697887
380.125		0.722153
380.25		0.722153
380.375		0.722153
380.5		0.722153
380.625		0.722153
380.75		0.722153
380.875		0.722153
381		0.722153
381.125		0.722153
381.25		0.722153
381.375		0.722153
381.5		0.722153
381.625		0.722153
381.75		0.722153
381.875		0.722153
382		0.722153
382.125		0.722153
382.25		0.722153
382.375		0.722153
382.5		0.722153
382.625		0.722153
382.75		0.722153
382.875		0.722153
383		0.722153
383.125		0.722153
383.25		0.722153
383.375		0.722153
383.5		0.722153
383.625		0.722153
383.75		0.722153
383.875		0.722153
384		0.722153
384.125		0.722153
384.25		0.722153
384.375		0.722153
384.5		0.722153
384.625		0.722153
384.75		0.722153
384.875		0.722153
385		0.722153
385.125		0.727828
385.25		0.727828
385.375		0.727828
385.5		0.727828
385.625		0.727828
385.75		0.727828
385.875		0.727828
386		0.727828
386.125		0.727828
386.25		0.727828
386.375		0.727828
386.5		0.727828
386.625		0.727828
386.75		0.727828
386.875		0.727828
387		0.727828
387.125		0.727828
387.25		0.727828
387.375		0.727828
387.5		0.727828
387.625		0.727828
387.75		0.727828
387.875		0.727828
388		0.727828
388.125		0.727828
388.25		0.727828
388.375		0.727828
388.5		0.727828
388.625		0.727828
388.75		0.727828
388.875		0.727828
389		0.727828
389.125		0.727828
389.25		0.727828
389.375		0.727828
389.5		0.727828
389.625		0.727828
389.75		0.727828
389.875		0.727828
390		0.727828
390.125		0.739286
390.25		0.739286
390.375		0.739286
390.5		0.739286
390.625		0.739286
390.75		0.739286
390.875		0.739286
391		0.739286
391.125		0.739286
391.25		0.739286
391.375		0.739286
391.5		0.739286
391.625		0.739286
391.75		0.739286
391.875		0.739286
392		0.739286
392.125		0.739286
392.25		0.739286
392.375		0.739286
392.5		0.739286
392.625		0.739286
392.75		0.739286
392.875		0.739286
393		0.739286
393.125		0.739286
393.25		0.739286
393.375		0.739286
393.5		0.739286
393.625		0.739286
393.75		0.739286
393.875		0.739286
394		0.739286
394.125		0.739286
394.25		0.739286
394.375		0.739286
394.5		0.739286
394.625		0.739286
394.75		0.739286
394.875		0.739286
395		0.739286
395.125		0.745014
395.25		0.745014
395.375		0.745014
395.5		0.745014
395.625		0.745014
395.75		0.745014
395.875		0.745014
396		0.745014
396.125		0.745014
396.25		0.745014
396.375		0.745014
396.5		0.745014
396.625		0.745014
396.75		0.745014
396.875		0.745014
397		0.745014
397.125		0.745014
397.25		0.745014
397.375		0.745014
397.5		0.745014
397.625		0.745014
397.75		0.745014
397.875		0.745014
398		0.745014
398.125		0.745014
398.25		0.745014
398.375		0.745014
398.5		0.745014
398.625		0.745014
398.75		0.745014
398.875		0.745014
399		0.745014
399.125		0.745014
399.25		0.745014
399.375		0.745014
399.5		0.745014
399.625		0.745014
399.75		0.745014
399.875		0.745014
400		0.745014
400.125		0.761066
400.25		0.761066
400.375		0.761066
400.5		0.761066
400.625		0.761066
400.75		0.761066
400.875		0.761066
401		0.761066
401.125		0.761066
401.25		0.761066
401.375		0.761066
401.5		0.761066
401.625		0.761066
401.75		0.761066
401.875		0.761066
402		0.761066
402.125		0.761066
402.25		0.761066
402.375		0.761066
402.5		0.761066
402.625		0.761066
402.75		0.761066
402.875		0.761066
403		0.761066
403.125		0.761066
403.25		0.761066
403.375		0.761066
403.5		0.761066
403.625		0.761066
403.75		0.761066
403.875		0.761066
404		0.761066
404.125		0.761066
404.25		0.761066
404.375		0.761066
404.5		0.761066
404.625		0.761066
404.75		0.761066
404.875		0.761066
405		0.761066
405.125		0.777225
405.25		0.777225
405.375		0.777225
405.5		0.777225
405.625		0.777225
405.75		0.777225
405.875		0.777225
406		0.777225
406.125		0.777225
406.25		0.777225
406.375		0.777225
406.5		0.777225
406.625		0.777225
406.75		0.777225
406.875		0.777225
407		0.777225
407.125		0.777225
407.25		0.777225
407.375		0.777225
407.5		0.777225
407.625		0.777225
407.75		0.777225
407.875		0.777225
408		0.777225
408.125		0.777225
408.25		0.777225
408.375		0.777225
408.5		0.777225
408.625		0.777225
408.75		0.777225
408.875		0.777225
409		0.777225
409.125		0.777225
409.25		0.777225
409.375		0.777225
409.5		0.777225
409.625		0.777225
409.75		0.777225
409.875		0.777225
410		0.777225
410.125		0.791277
410.25		0.791277
410.375		0.791277
410.5		0.791277
410.625		0.791277
410.75		0.791277
410.875		0.791277
411		0.791277
411.125		0.791277
411.25		0.791277
411.375		0.791277
411.5		0.791277
411.625		0.791277
411.75		0.791277
411.875		0.791277
412		0.791277
412.125		0.791277
412.25		0.791277
412.375		0.791277
412.5		0.791277
412.625		0.791277
412.75		0.791277
412.875		0.791277
413		0.791277
413.125		0.791277
413.25		0.791277
413.375		0.791277
413.5		0.791277
413.625		0.791277
413.75		0.791277
413.875		0.791277
414		0.791277
414.125		0.791277
414.25		0.791277
414.375		0.791277
414.5		0.791277
414.625		0.791277
414.75		0.791277
414.875		0.791277
415		0.791277
415.125		0.799168
415.25		0.799168
415.375		0.799168
415.5		0.799168
415.625		0.799168
415.75		0.799168
415.875		0.799168
416		0.799168
416.125		0.799168
416.25		0.799168
416.375		0.799168
416.5		0.799168
416.625		0.799168
416.75		0.799168
416.875		0.799168
417		0.799168
417.125		0.799168
417.25		0.799168
417.375		0.799168
417.5		0.799168
417.625		0.799168
417.75		0.799168
417.875		0.799168
418		0.799168
418.125		0.799168
418.25		0.799168
418.375		0.799168
418.5		0.799168
418.625		0.799168
418.75		0.799168
418.875		0.799168
419		0.799168
419.125		0.799168
419.25		0.799168
419.375		0.799168
419.5		0.799168
419.625		0.799168
419.75		0.799168
419.875		0.799168
420		0.799168
420.125		0.803491
420.25		0.803491
420.375		0.803491
420.5		0.803491
420.625		0.803491
420.75		0.803491
420.875		0.803491
421		0.803491
421.125		0.803491
421.25		0.803491
421.375		0.803491
421.5		0.803491
421.625		0.803491
421.75		0.803491
421.875		0.803491
422		0.803491
422.125		0.803491
422.25		0.803491
422.375		0.803491
422.5		0.803491
422.625		0.803491
422.75		0.803491
422.875		0.803491
423		0.803491
423.125		0.803491
423.25		0.803491
423.375		0.803491
423.5		0.803491
423.625		0.803491
423.75		0.803491
423.875		0.803491
424		0.803491
424.125		0.803491
424.25		0.803491
424.375		0.803491
424.5		0.803491
424.625		0.803491
424.75		0.803491
424.875		0.803491
425		0.803491
425.125		0.832514
425.25		0.832514
425.375		0.832514
425.5		0.832514
425.625		0.832514
425.75		0.832514
425.875		0.832514
426		0.832514
426.125		0.832514
426.25		0.832514
426.375		0.832514
426.5		0.832514
426.625		0.832514
426.75		0.832514
426.875		0.832514
427		0.832514
427.125		0.832514
427.25		0.832514
427.375		0.832514
427.5		0.832514
427.625		0.832514
427.75		0.832514
427.875		0.832514
428		0.832514
428.125		0.832514
428.25		0.832514
428.375		0.832514
428.5		0.832514
428.625		0.832514
428.75		0.832514
428.875		0.832514
429		0.832514
429.125		0.832514
429.25		0.832514
429.375		0.832514
429.5		0.832514
429.625		0.832514
429.75		0.832514
429.875		0.832514
430		0.832514
430.125		0.845214
430.25		0.845214
430.375		0.845214
430.5		0.845214
430.625		0.845214
430.75		0.845214
430.875		0.845214
431		0.845214
431.125		0.845214
431.25		0.845214
431.375		0.845214
431.5		0.845214
431.625		0.845214
431.75		0.845214
431.875		0.845214
432		0.845214
432.125		0.845214
432.25		0.845214
432.375		0.845214
432.5		0.845214
432.625		0.845214
432.75		0.845214
432.875		0.845214
433		0.845214
433.125		0.845214
433.25		0.845214
433.375		0.845214
433.5		0.845214
433.625		0.845214
433.75		0.845214
433.875		0.845214
434		0.845214
434.125		0.845214
434.25		0.845214
434.375		0.845214
434.5		0.845214
434.625		0.845214
434.75		0.845214
434.875		0.845214
435		0.845214
435.125		0.852943
435.25		0.852943
435.375		0.852943
435.5		0.852943
435.625		0.852943
435.75		0.852943
435.875		0.852943
436		0.852943
436.125		0.852943
436.25		0.852943
436.375		0.852943
436.5		0.852943
436.625		0.852943
436.75		0.852943
436.875		0.852943
437		0.852943
437.125		0.852943
437.25		0.852943
437.375		0.852943
437.5		0.852943
437.625		0.852943
437.75		0.852943
437.875		0.852943
438		0.852943
438.125		0.852943
438.25		0.852943
438.375		0.852943
438.5		0.852943
438.625		0.852943
438.75		0.852943
438.875		0.852943
439		0.852943
439.125		0.852943
439.25		0.852943
439.375		0.852943
439.5		0.852943
439.625		0.852943
439.75		0.852943
439.875		0.852943
440		0.852943
440.125		0.857807
440.25		0.857807
440.375		0.857807
440.5		0.857807
440.625		0.857807
440.75		0.857807
440.875		0.857807
441		0.857807
441.125		0.857807
441.25		0.857807
441.375		0.857807
441.5		0.857807
441.625		0.857807
441.75		0.857807
441.875		0.857807
442		0.857807
442.125		0.857807
442.25		0.857807
442.375		0.857807
442.5		0.857807
442.625		0.857807
442.75		0.857807
442.875		0.857807
443		0.857807
443.125		0.857807
443.25		0.857807
443.375		0.857807
443.5		0.857807
443.625		0.857807
443.75		0.857807
443.875		0.857807
444		0.857807
444.125		0.857807
444.25		0.857807
444.375		0.857807
444.5		0.857807
444.625		0.857807
444.75		0.857807
444.875		0.857807
445		0.857807
445.125		0.861482
445.25		0.861482
445.375		0.861482
445.5		0.861482
445.625		0.861482
445.75		0.861482
445.875		0.861482
446		0.861482
446.125		0.861482
446.25		0.861482
446.375		0.861482
446.5		0.861482
446.625		0.861482
446.75		0.861482
446.875		0.861482
447		0.861482
447.125		0.861482
447.25		0.861482
447.375		0.861482
447.5		0.861482
447.625		0.861482
447.75		0.861482
447.875		0.861482
448		0.861482
448.125		0.861482
448.25		0.861482
448.375		0.861482
448.5		0.861482
448.625		0.861482
448.75		0.861482
448.875		0.861482
449		0.861482
449.125		0.861482
449.25		0.861482
449.375		0.861482
449.5		0.861482
449.625		0.861482
449.75		0.861482
449.875		0.861482
450		0.861482
450.125		0.891963
450.25		0.891963
450.375		0.891963
450.5		0.891963
450.625		0.891963
450.75		0.891963
450.875		0.891963
451		0.891963
451.125		0.891963
451.25		0.891963
451.375		0.891963
451.5		0.891963
451.625		0.891963
451.75		0.891963
451.875		0.891963
452		0.891963
452.125		0.891963
452.25		0.891963
452.375		0.891963
452.5		0.891963
452.625		0.891963
452.75		0.891963
452.875		0.891963
453		0.891963
453.125		0.891963
453.25		0.891963
453.375		0.891963
453.5		0.891963
453.625		0.891963
453.75		0.891963
453.875		0.891963
454		0.891963
454.125		0.891963
454.25		0.891963
454.375		0.891963
454.5		0.891963
454.625		0.891963
454.75		0.891963
454.875		0.891963
455		0.891963
455.125		0.901962
455.25		0.901962
455.375		0.901962
455.5		0.901962
455.625		0.901962
455.75		0.901962
455.875		0.901962
456		0.901962
456.125		0.901962
456.25		0.901962
456.375		0.901962
456.5		0.901962
456.625		0.901962
456.75		0.901962
456.875		0.901962
457		0.901962
457.125		0.901962
457.25		0.901962
457.375		0.901962
457.5		0.901962
457.625		0.901962
457.75		0.901962
457.875		0.901962
458		0.901962
458.125		0.901962
458.25		0.901962
458.375		0.901962
458.5		0.901962
458.625		0.901962
458.75		0.901962
458.875		0.901962
459		0.901962
459.125		0.901962
459.25		0.901962
459.375		0.901962
459.5		0.901962
459.625		0.901962
459.75		0.901962
459.875		0.901962
460		0.901962
460.125		0.918824
460.25		0.918824
460.375		0.918824
460.5		0.918824
460.625		0.918824
460.75		0.918824
460.875		0.918824
461		0.918824
461.125		0.918824
461.25		0.918824
461.375		0.918824
461.5		0.918824
461.625		0.918824
461.75		0.918824
461.875		0.918824
462		0.918824
462.125		0.918824
462.25		0.918824
462.375		0.918824
462.5		0.918824
462.625		0.918824
462.75		0.918824
462.875		0.918824
463		0.918824
463.125		0.918824
463.25		0.918824
463.375		0.918824
463.5		0.918824
463.625		0.918824
463.75		0.918824
463.875		0.918824
464		0.918824
464.125		0.918824
464.25		0.918824
464.375		0.918824
464.5		0.918824
464.625		0.918824
464.75		0.918824
464.875		0.918824
465		0.918824
465.125		0.925634
465.25		0.925634
465.375		0.925634
465.5		0.925634
465.625		0.925634
465.75		0.925634
465.875		0.925634
466		0.925634
466.125		0.925634
466.25		0.925634
466.375		0.925634
466.5		0.925634
466.625		0.925634
466.75		0.925634
466.875		0.925634
467		0.925634
467.125		0.925634
467.25		0.925634
467.375		0.925634
467.5		0.925634
467.625		0.925634
467.75		0.925634
467.875		0.925634
468		0.925634
468.125		0.925634
468.25		0.925634
468.375		0.925634
468.5		0.925634
468.625		0.925634
468.75		0.925634
468.875		0.925634
469		0.925634
469.125		0.925634
469.25		0.925634
469.375		0.925634
469.5		0.925634
469.625		0.925634
469.75		0.925634
469.875		0.925634
470		0.925634
470.125		0.950927
470.25		0.950927
470.375		0.950927
470.5		0.950927
470.625		0.950927
470.75		0.950927
470.875		0.950927
471		0.950927
471.125		0.950927
471.25		0.950927
471.375		0.950927
471.5		0.950927
471.625		0.950927
471.75		0.950927
471.875		0.950927
472		0.950927
472.125		0.950927
472.25		0.950927
472.375		0.950927
472.5		0.950927
472.625		0.950927
472.75		0.950927
472.875		0.950927
473		0.950927
473.125		0.950927
473.25		0.950927
473.375		0.950927
473.5		0.950927
473.625		0.950927
473.75		0.950927
473.875		0.950927
474		0.950927
474.125		0.950927
474.25		0.950927
474.375		0.950927
474.5		0.950927
474.625		0.950927
474.75		0.950927
474.875		0.950927
475		0.950927
475.125		0.952116
475.25		0.952116
475.375		0.952116
475.5		0.952116
475.625		0.952116
475.75		0.952116
475.875		0.952116
476		0.952116
476.125		0.952116
476.25		0.952116
476.375		0.952116
476.5		0.952116
476.625		0.952116
476.75		0.952116
476.875		0.952116
477		0.952116
477.125		0.952116
477.25		0.952116
477.375		0.952116
477.5		0.952116
477.625		0.952116
477.75		0.952116
477.875		0.952116
478		0.952116
478.125		0.952116
478.25		0.952116
478.375		0.952116
478.5		0.952116
478.625		0.952116
478.75		0.952116
478.875		0.952116
479		0.952116
479.125		0.952116
479.25		0.952116
479.375		0.952116
479.5		0.952116
479.625		0.952116
479.75		0.952116
479.875		0.952116
480		0.952116
480.125		0.956007
480.25		0.956007
480.375		0.956007
480.5		0.956007
480.625		0.956007
480.75		0.956007
480.875		0.956007
481		0.956007
481.125		0.956007
481.25		0.956007
481.375		0.956007
481.5		0.956007
481.625		0.956007
481.75		0.956007
481.875		0.956007
482		0.956007
482.125		0.956007
482.25		0.956007
482.375		0.956007
482.5		0.956007
482.625		0.956007
482.75		0.956007
482.875		0.956007
483		0.956007
483.125		0.956007
483.25		0.956007
483.375		0.956007
483.5		0.956007
483.625		0.956007
483.75		0.956007
483.875		0.956007
484		0.956007
484.125		0.956007
484.25		0.956007
484.375		0.956007
484.5		0.956007
484.625		0.956007
484.75		0.956007
484.875		0.956007
485		0.956007
485.125		0.968275
485.25		0.968275
485.375		0.968275
485.5		0.968275
485.625		0.968275
485.75		0.968275
485.875		0.968275
486		0.968275
486.125		0.968275
486.25		0.968275
486.375		0.968275
486.5		0.968275
486.625		0.968275
486.75		0.968275
486.875		0.968275
487		0.968275
487.125		0.968275
487.25		0.968275
487.375		0.968275
487.5		0.968275
487.625		0.968275
487.75		0.968275
487.875		0.968275
488		0.968275
488.125		0.968275
488.25		0.968275
488.375		0.968275
488.5		0.968275
488.625		0.968275
488.75		0.968275
488.875		0.968275
489		0.968275
489.125		0.968275
489.25		0.968275
489.375		0.968275
489.5		0.968275
489.625		0.968275
489.75		0.968275
489.875		0.968275
490		0.968275
490.125		0.982922
490.25		0.982922
490.375		0.982922
490.5		0.982922
490.625		0.982922
490.75		0.982922
490.875		0.982922
491		0.982922
491.125		0.982922
491.25		0.982922
491.375		0.982922
491.5		0.982922
491.625		0.982922
491.75		0.982922
491.875		0.982922
492		0.982922
492.125		0.982922
492.25		0.982922
492.375		0.982922
492.5		0.982922
492.625		0.982922
492.75		0.982922
492.875		0.982922
493		0.982922
493.125		0.982922
493.25		0.982922
493.375		0.982922
493.5		0.982922
493.625		0.982922
493.75		0.982922
493.875		0.982922
494		0.982922
494.125		0.982922
494.25		0.982922
494.375		0.982922
494.5		0.982922
494.625		0.982922
494.75		0.982922
494.875		0.982922
495		0.982922
495.125		1
495.25		1
495.375		1
495.5		1
495.625		1
495.75		1
495.875		1
496		1
496.125		1
496.25		1
496.375		1
496.5		1
496.625		1
496.75		1
496.875		1
497		1
497.125		1
497.25		1
497.375		1
497.5		1
497.625		1
497.75		1
497.875		1
498		1
498.125		1
498.25		1
498.375		1
498.5		1
498.625		1
498.75		1
498.875		1
499		1
499.125		1
499.25		1
499.375		1
499.5		1
499.625		1
499.75		1
499.875		1
500		1
