# Calibration file of tamex_id 0 @ channel 12
# fine_T bin		 Calibration value
0.125		0
0.25		0
0.375		0
0.5		0
0.625		0
0.75		0
0.875		0
1		0
1.125		0
1.25		0
1.375		0
1.5		0
1.625		0
1.75		0
1.875		0
2		0
2.125		0
2.25		0
2.375		0
2.5		0
2.625		0
2.75		0
2.875		0
3		0
3.125		0
3.25		0
3.375		0
3.5		0
3.625		0
3.75		0
3.875		0
4		0
4.125		0
4.25		0
4.375		0
4.5		0
4.625		0
4.75		0
4.875		0
5		0
5.125		0
5.25		0
5.375		0
5.5		0
5.625		0
5.75		0
5.875		0
6		0
6.125		0
6.25		0
6.375		0
6.5		0
6.625		0
6.75		0
6.875		0
7		0
7.125		0
7.25		0
7.375		0
7.5		0
7.625		0
7.75		0
7.875		0
8		0
8.125		0
8.25		0
8.375		0
8.5		0
8.625		0
8.75		0
8.875		0
9		0
9.125		0
9.25		0
9.375		0
9.5		0
9.625		0
9.75		0
9.875		0
10		0
10.125		0
10.25		0
10.375		0
10.5		0
10.625		0
10.75		0
10.875		0
11		0
11.125		0
11.25		0
11.375		0
11.5		0
11.625		0
11.75		0
11.875		0
12		0
12.125		0
12.25		0
12.375		0
12.5		0
12.625		0
12.75		0
12.875		0
13		0
13.125		0
13.25		0
13.375		0
13.5		0
13.625		0
13.75		0
13.875		0
14		0
14.125		0
14.25		0
14.375		0
14.5		0
14.625		0
14.75		0
14.875		0
15		0
15.125		0
15.25		0
15.375		0
15.5		0
15.625		0
15.75		0
15.875		0
16		0
16.125		0
16.25		0
16.375		0
16.5		0
16.625		0
16.75		0
16.875		0
17		0
17.125		0
17.25		0
17.375		0
17.5		0
17.625		0
17.75		0
17.875		0
18		0
18.125		0
18.25		0
18.375		0
18.5		0
18.625		0
18.75		0
18.875		0
19		0
19.125		0
19.25		0
19.375		0
19.5		0
19.625		0
19.75		0
19.875		0
20		0
20.125		0
20.25		0
20.375		0
20.5		0
20.625		0
20.75		0
20.875		0
21		0
21.125		0
21.25		0
21.375		0
21.5		0
21.625		0
21.75		0
21.875		0
22		0
22.125		0
22.25		0
22.375		0
22.5		0
22.625		0
22.75		0
22.875		0
23		0
23.125		0
23.25		0
23.375		0
23.5		0
23.625		0
23.75		0
23.875		0
24		0
24.125		0
24.25		0
24.375		0
24.5		0
24.625		0
24.75		0
24.875		0
25		0
25.125		0
25.25		0
25.375		0
25.5		0
25.625		0
25.75		0
25.875		0
26		0
26.125		0
26.25		0
26.375		0
26.5		0
26.625		0
26.75		0
26.875		0
27		0
27.125		0
27.25		0
27.375		0
27.5		0
27.625		0
27.75		0
27.875		0
28		0
28.125		0
28.25		0
28.375		0
28.5		0
28.625		0
28.75		0
28.875		0
29		0
29.125		0
29.25		0
29.375		0
29.5		0
29.625		0
29.75		0
29.875		0
30		0
30.125		0
30.25		0
30.375		0
30.5		0
30.625		0
30.75		0
30.875		0
31		0
31.125		0
31.25		0
31.375		0
31.5		0
31.625		0
31.75		0
31.875		0
32		0
32.125		0
32.25		0
32.375		0
32.5		0
32.625		0
32.75		0
32.875		0
33		0
33.125		0
33.25		0
33.375		0
33.5		0
33.625		0
33.75		0
33.875		0
34		0
34.125		0
34.25		0
34.375		0
34.5		0
34.625		0
34.75		0
34.875		0
35		0
35.125		0
35.25		0
35.375		0
35.5		0
35.625		0
35.75		0
35.875		0
36		0
36.125		0
36.25		0
36.375		0
36.5		0
36.625		0
36.75		0
36.875		0
37		0
37.125		0
37.25		0
37.375		0
37.5		0
37.625		0
37.75		0
37.875		0
38		0
38.125		0
38.25		0
38.375		0
38.5		0
38.625		0
38.75		0
38.875		0
39		0
39.125		0
39.25		0
39.375		0
39.5		0
39.625		0
39.75		0
39.875		0
40		0
40.125		0
40.25		0
40.375		0
40.5		0
40.625		0
40.75		0
40.875		0
41		0
41.125		0
41.25		0
41.375		0
41.5		0
41.625		0
41.75		0
41.875		0
42		0
42.125		0
42.25		0
42.375		0
42.5		0
42.625		0
42.75		0
42.875		0
43		0
43.125		0
43.25		0
43.375		0
43.5		0
43.625		0
43.75		0
43.875		0
44		0
44.125		0
44.25		0
44.375		0
44.5		0
44.625		0
44.75		0
44.875		0
45		0
45.125		0
45.25		0
45.375		0
45.5		0
45.625		0
45.75		0
45.875		0
46		0
46.125		0
46.25		0
46.375		0
46.5		0
46.625		0
46.75		0
46.875		0
47		0
47.125		0
47.25		0
47.375		0
47.5		0
47.625		0
47.75		0
47.875		0
48		0
48.125		0
48.25		0
48.375		0
48.5		0
48.625		0
48.75		0
48.875		0
49		0
49.125		0
49.25		0
49.375		0
49.5		0
49.625		0
49.75		0
49.875		0
50		0
50.125		0
50.25		0
50.375		0
50.5		0
50.625		0
50.75		0
50.875		0
51		0
51.125		0
51.25		0
51.375		0
51.5		0
51.625		0
51.75		0
51.875		0
52		0
52.125		0
52.25		0
52.375		0
52.5		0
52.625		0
52.75		0
52.875		0
53		0
53.125		0
53.25		0
53.375		0
53.5		0
53.625		0
53.75		0
53.875		0
54		0
54.125		0
54.25		0
54.375		0
54.5		0
54.625		0
54.75		0
54.875		0
55		0
55.125		0
55.25		0
55.375		0
55.5		0
55.625		0
55.75		0
55.875		0
56		0
56.125		0
56.25		0
56.375		0
56.5		0
56.625		0
56.75		0
56.875		0
57		0
57.125		0
57.25		0
57.375		0
57.5		0
57.625		0
57.75		0
57.875		0
58		0
58.125		0
58.25		0
58.375		0
58.5		0
58.625		0
58.75		0
58.875		0
59		0
59.125		0
59.25		0
59.375		0
59.5		0
59.625		0
59.75		0
59.875		0
60		0
60.125		0
60.25		0
60.375		0
60.5		0
60.625		0
60.75		0
60.875		0
61		0
61.125		0
61.25		0
61.375		0
61.5		0
61.625		0
61.75		0
61.875		0
62		0
62.125		0
62.25		0
62.375		0
62.5		0
62.625		0
62.75		0
62.875		0
63		0
63.125		0
63.25		0
63.375		0
63.5		0
63.625		0
63.75		0
63.875		0
64		0
64.125		0
64.25		0
64.375		0
64.5		0
64.625		0
64.75		0
64.875		0
65		0
65.125		0
65.25		0
65.375		0
65.5		0
65.625		0
65.75		0
65.875		0
66		0
66.125		0
66.25		0
66.375		0
66.5		0
66.625		0
66.75		0
66.875		0
67		0
67.125		0
67.25		0
67.375		0
67.5		0
67.625		0
67.75		0
67.875		0
68		0
68.125		0
68.25		0
68.375		0
68.5		0
68.625		0
68.75		0
68.875		0
69		0
69.125		0
69.25		0
69.375		0
69.5		0
69.625		0
69.75		0
69.875		0
70		0
70.125		0
70.25		0
70.375		0
70.5		0
70.625		0
70.75		0
70.875		0
71		0
71.125		0
71.25		0
71.375		0
71.5		0
71.625		0
71.75		0
71.875		0
72		0
72.125		0
72.25		0
72.375		0
72.5		0
72.625		0
72.75		0
72.875		0
73		0
73.125		0
73.25		0
73.375		0
73.5		0
73.625		0
73.75		0
73.875		0
74		0
74.125		0
74.25		0
74.375		0
74.5		0
74.625		0
74.75		0
74.875		0
75		0
75.125		0
75.25		0
75.375		0
75.5		0
75.625		0
75.75		0
75.875		0
76		0
76.125		0
76.25		0
76.375		0
76.5		0
76.625		0
76.75		0
76.875		0
77		0
77.125		0
77.25		0
77.375		0
77.5		0
77.625		0
77.75		0
77.875		0
78		0
78.125		0
78.25		0
78.375		0
78.5		0
78.625		0
78.75		0
78.875		0
79		0
79.125		0
79.25		0
79.375		0
79.5		0
79.625		0
79.75		0
79.875		0
80		0
80.125		0.0580716
80.25		0.0580716
80.375		0.0580716
80.5		0.0580716
80.625		0.0580716
80.75		0.0580716
80.875		0.0580716
81		0.0580716
81.125		0.0580716
81.25		0.0580716
81.375		0.0580716
81.5		0.0580716
81.625		0.0580716
81.75		0.0580716
81.875		0.0580716
82		0.0580716
82.125		0.0580716
82.25		0.0580716
82.375		0.0580716
82.5		0.0580716
82.625		0.0580716
82.75		0.0580716
82.875		0.0580716
83		0.0580716
83.125		0.0580716
83.25		0.0580716
83.375		0.0580716
83.5		0.0580716
83.625		0.0580716
83.75		0.0580716
83.875		0.0580716
84		0.0580716
84.125		0.0580716
84.25		0.0580716
84.375		0.0580716
84.5		0.0580716
84.625		0.0580716
84.75		0.0580716
84.875		0.0580716
85		0.0580716
85.125		0.0614907
85.25		0.0614907
85.375		0.0614907
85.5		0.0614907
85.625		0.0614907
85.75		0.0614907
85.875		0.0614907
86		0.0614907
86.125		0.0614907
86.25		0.0614907
86.375		0.0614907
86.5		0.0614907
86.625		0.0614907
86.75		0.0614907
86.875		0.0614907
87		0.0614907
87.125		0.0614907
87.25		0.0614907
87.375		0.0614907
87.5		0.0614907
87.625		0.0614907
87.75		0.0614907
87.875		0.0614907
88		0.0614907
88.125		0.0614907
88.25		0.0614907
88.375		0.0614907
88.5		0.0614907
88.625		0.0614907
88.75		0.0614907
88.875		0.0614907
89		0.0614907
89.125		0.0614907
89.25		0.0614907
89.375		0.0614907
89.5		0.0614907
89.625		0.0614907
89.75		0.0614907
89.875		0.0614907
90		0.0614907
90.125		0.0630161
90.25		0.0630161
90.375		0.0630161
90.5		0.0630161
90.625		0.0630161
90.75		0.0630161
90.875		0.0630161
91		0.0630161
91.125		0.0630161
91.25		0.0630161
91.375		0.0630161
91.5		0.0630161
91.625		0.0630161
91.75		0.0630161
91.875		0.0630161
92		0.0630161
92.125		0.0630161
92.25		0.0630161
92.375		0.0630161
92.5		0.0630161
92.625		0.0630161
92.75		0.0630161
92.875		0.0630161
93		0.0630161
93.125		0.0630161
93.25		0.0630161
93.375		0.0630161
93.5		0.0630161
93.625		0.0630161
93.75		0.0630161
93.875		0.0630161
94		0.0630161
94.125		0.0630161
94.25		0.0630161
94.375		0.0630161
94.5		0.0630161
94.625		0.0630161
94.75		0.0630161
94.875		0.0630161
95		0.0630161
95.125		0.0976803
95.25		0.0976803
95.375		0.0976803
95.5		0.0976803
95.625		0.0976803
95.75		0.0976803
95.875		0.0976803
96		0.0976803
96.125		0.0976803
96.25		0.0976803
96.375		0.0976803
96.5		0.0976803
96.625		0.0976803
96.75		0.0976803
96.875		0.0976803
97		0.0976803
97.125		0.0976803
97.25		0.0976803
97.375		0.0976803
97.5		0.0976803
97.625		0.0976803
97.75		0.0976803
97.875		0.0976803
98		0.0976803
98.125		0.0976803
98.25		0.0976803
98.375		0.0976803
98.5		0.0976803
98.625		0.0976803
98.75		0.0976803
98.875		0.0976803
99		0.0976803
99.125		0.0976803
99.25		0.0976803
99.375		0.0976803
99.5		0.0976803
99.625		0.0976803
99.75		0.0976803
99.875		0.0976803
100		0.0976803
100.125		0.125138
100.25		0.125138
100.375		0.125138
100.5		0.125138
100.625		0.125138
100.75		0.125138
100.875		0.125138
101		0.125138
101.125		0.125138
101.25		0.125138
101.375		0.125138
101.5		0.125138
101.625		0.125138
101.75		0.125138
101.875		0.125138
102		0.125138
102.125		0.125138
102.25		0.125138
102.375		0.125138
102.5		0.125138
102.625		0.125138
102.75		0.125138
102.875		0.125138
103		0.125138
103.125		0.125138
103.25		0.125138
103.375		0.125138
103.5		0.125138
103.625		0.125138
103.75		0.125138
103.875		0.125138
104		0.125138
104.125		0.125138
104.25		0.125138
104.375		0.125138
104.5		0.125138
104.625		0.125138
104.75		0.125138
104.875		0.125138
105		0.125138
105.125		0.13024
105.25		0.13024
105.375		0.13024
105.5		0.13024
105.625		0.13024
105.75		0.13024
105.875		0.13024
106		0.13024
106.125		0.13024
106.25		0.13024
106.375		0.13024
106.5		0.13024
106.625		0.13024
106.75		0.13024
106.875		0.13024
107		0.13024
107.125		0.13024
107.25		0.13024
107.375		0.13024
107.5		0.13024
107.625		0.13024
107.75		0.13024
107.875		0.13024
108		0.13024
108.125		0.13024
108.25		0.13024
108.375		0.13024
108.5		0.13024
108.625		0.13024
108.75		0.13024
108.875		0.13024
109		0.13024
109.125		0.13024
109.25		0.13024
109.375		0.13024
109.5		0.13024
109.625		0.13024
109.75		0.13024
109.875		0.13024
110		0.13024
110.125		0.137973
110.25		0.137973
110.375		0.137973
110.5		0.137973
110.625		0.137973
110.75		0.137973
110.875		0.137973
111		0.137973
111.125		0.137973
111.25		0.137973
111.375		0.137973
111.5		0.137973
111.625		0.137973
111.75		0.137973
111.875		0.137973
112		0.137973
112.125		0.137973
112.25		0.137973
112.375		0.137973
112.5		0.137973
112.625		0.137973
112.75		0.137973
112.875		0.137973
113		0.137973
113.125		0.137973
113.25		0.137973
113.375		0.137973
113.5		0.137973
113.625		0.137973
113.75		0.137973
113.875		0.137973
114		0.137973
114.125		0.137973
114.25		0.137973
114.375		0.137973
114.5		0.137973
114.625		0.137973
114.75		0.137973
114.875		0.137973
115		0.137973
115.125		0.148177
115.25		0.148177
115.375		0.148177
115.5		0.148177
115.625		0.148177
115.75		0.148177
115.875		0.148177
116		0.148177
116.125		0.148177
116.25		0.148177
116.375		0.148177
116.5		0.148177
116.625		0.148177
116.75		0.148177
116.875		0.148177
117		0.148177
117.125		0.148177
117.25		0.148177
117.375		0.148177
117.5		0.148177
117.625		0.148177
117.75		0.148177
117.875		0.148177
118		0.148177
118.125		0.148177
118.25		0.148177
118.375		0.148177
118.5		0.148177
118.625		0.148177
118.75		0.148177
118.875		0.148177
119		0.148177
119.125		0.148177
119.25		0.148177
119.375		0.148177
119.5		0.148177
119.625		0.148177
119.75		0.148177
119.875		0.148177
120		0.148177
120.125		0.15328
120.25		0.15328
120.375		0.15328
120.5		0.15328
120.625		0.15328
120.75		0.15328
120.875		0.15328
121		0.15328
121.125		0.15328
121.25		0.15328
121.375		0.15328
121.5		0.15328
121.625		0.15328
121.75		0.15328
121.875		0.15328
122		0.15328
122.125		0.15328
122.25		0.15328
122.375		0.15328
122.5		0.15328
122.625		0.15328
122.75		0.15328
122.875		0.15328
123		0.15328
123.125		0.15328
123.25		0.15328
123.375		0.15328
123.5		0.15328
123.625		0.15328
123.75		0.15328
123.875		0.15328
124		0.15328
124.125		0.15328
124.25		0.15328
124.375		0.15328
124.5		0.15328
124.625		0.15328
124.75		0.15328
124.875		0.15328
125		0.15328
125.125		0.183841
125.25		0.183841
125.375		0.183841
125.5		0.183841
125.625		0.183841
125.75		0.183841
125.875		0.183841
126		0.183841
126.125		0.183841
126.25		0.183841
126.375		0.183841
126.5		0.183841
126.625		0.183841
126.75		0.183841
126.875		0.183841
127		0.183841
127.125		0.183841
127.25		0.183841
127.375		0.183841
127.5		0.183841
127.625		0.183841
127.75		0.183841
127.875		0.183841
128		0.183841
128.125		0.183841
128.25		0.183841
128.375		0.183841
128.5		0.183841
128.625		0.183841
128.75		0.183841
128.875		0.183841
129		0.183841
129.125		0.183841
129.25		0.183841
129.375		0.183841
129.5		0.183841
129.625		0.183841
129.75		0.183841
129.875		0.183841
130		0.183841
130.125		0.185366
130.25		0.185366
130.375		0.185366
130.5		0.185366
130.625		0.185366
130.75		0.185366
130.875		0.185366
131		0.185366
131.125		0.185366
131.25		0.185366
131.375		0.185366
131.5		0.185366
131.625		0.185366
131.75		0.185366
131.875		0.185366
132		0.185366
132.125		0.185366
132.25		0.185366
132.375		0.185366
132.5		0.185366
132.625		0.185366
132.75		0.185366
132.875		0.185366
133		0.185366
133.125		0.185366
133.25		0.185366
133.375		0.185366
133.5		0.185366
133.625		0.185366
133.75		0.185366
133.875		0.185366
134		0.185366
134.125		0.185366
134.25		0.185366
134.375		0.185366
134.5		0.185366
134.625		0.185366
134.75		0.185366
134.875		0.185366
135		0.185366
135.125		0.193835
135.25		0.193835
135.375		0.193835
135.5		0.193835
135.625		0.193835
135.75		0.193835
135.875		0.193835
136		0.193835
136.125		0.193835
136.25		0.193835
136.375		0.193835
136.5		0.193835
136.625		0.193835
136.75		0.193835
136.875		0.193835
137		0.193835
137.125		0.193835
137.25		0.193835
137.375		0.193835
137.5		0.193835
137.625		0.193835
137.75		0.193835
137.875		0.193835
138		0.193835
138.125		0.193835
138.25		0.193835
138.375		0.193835
138.5		0.193835
138.625		0.193835
138.75		0.193835
138.875		0.193835
139		0.193835
139.125		0.193835
139.25		0.193835
139.375		0.193835
139.5		0.193835
139.625		0.193835
139.75		0.193835
139.875		0.193835
140		0.193835
140.125		0.204408
140.25		0.204408
140.375		0.204408
140.5		0.204408
140.625		0.204408
140.75		0.204408
140.875		0.204408
141		0.204408
141.125		0.204408
141.25		0.204408
141.375		0.204408
141.5		0.204408
141.625		0.204408
141.75		0.204408
141.875		0.204408
142		0.204408
142.125		0.204408
142.25		0.204408
142.375		0.204408
142.5		0.204408
142.625		0.204408
142.75		0.204408
142.875		0.204408
143		0.204408
143.125		0.204408
143.25		0.204408
143.375		0.204408
143.5		0.204408
143.625		0.204408
143.75		0.204408
143.875		0.204408
144		0.204408
144.125		0.204408
144.25		0.204408
144.375		0.204408
144.5		0.204408
144.625		0.204408
144.75		0.204408
144.875		0.204408
145		0.204408
145.125		0.217821
145.25		0.217821
145.375		0.217821
145.5		0.217821
145.625		0.217821
145.75		0.217821
145.875		0.217821
146		0.217821
146.125		0.217821
146.25		0.217821
146.375		0.217821
146.5		0.217821
146.625		0.217821
146.75		0.217821
146.875		0.217821
147		0.217821
147.125		0.217821
147.25		0.217821
147.375		0.217821
147.5		0.217821
147.625		0.217821
147.75		0.217821
147.875		0.217821
148		0.217821
148.125		0.217821
148.25		0.217821
148.375		0.217821
148.5		0.217821
148.625		0.217821
148.75		0.217821
148.875		0.217821
149		0.217821
149.125		0.217821
149.25		0.217821
149.375		0.217821
149.5		0.217821
149.625		0.217821
149.75		0.217821
149.875		0.217821
150		0.217821
150.125		0.226921
150.25		0.226921
150.375		0.226921
150.5		0.226921
150.625		0.226921
150.75		0.226921
150.875		0.226921
151		0.226921
151.125		0.226921
151.25		0.226921
151.375		0.226921
151.5		0.226921
151.625		0.226921
151.75		0.226921
151.875		0.226921
152		0.226921
152.125		0.226921
152.25		0.226921
152.375		0.226921
152.5		0.226921
152.625		0.226921
152.75		0.226921
152.875		0.226921
153		0.226921
153.125		0.226921
153.25		0.226921
153.375		0.226921
153.5		0.226921
153.625		0.226921
153.75		0.226921
153.875		0.226921
154		0.226921
154.125		0.226921
154.25		0.226921
154.375		0.226921
154.5		0.226921
154.625		0.226921
154.75		0.226921
154.875		0.226921
155		0.226921
155.125		0.249329
155.25		0.249329
155.375		0.249329
155.5		0.249329
155.625		0.249329
155.75		0.249329
155.875		0.249329
156		0.249329
156.125		0.249329
156.25		0.249329
156.375		0.249329
156.5		0.249329
156.625		0.249329
156.75		0.249329
156.875		0.249329
157		0.249329
157.125		0.249329
157.25		0.249329
157.375		0.249329
157.5		0.249329
157.625		0.249329
157.75		0.249329
157.875		0.249329
158		0.249329
158.125		0.249329
158.25		0.249329
158.375		0.249329
158.5		0.249329
158.625		0.249329
158.75		0.249329
158.875		0.249329
159		0.249329
159.125		0.249329
159.25		0.249329
159.375		0.249329
159.5		0.249329
159.625		0.249329
159.75		0.249329
159.875		0.249329
160		0.249329
160.125		0.253695
160.25		0.253695
160.375		0.253695
160.5		0.253695
160.625		0.253695
160.75		0.253695
160.875		0.253695
161		0.253695
161.125		0.253695
161.25		0.253695
161.375		0.253695
161.5		0.253695
161.625		0.253695
161.75		0.253695
161.875		0.253695
162		0.253695
162.125		0.253695
162.25		0.253695
162.375		0.253695
162.5		0.253695
162.625		0.253695
162.75		0.253695
162.875		0.253695
163		0.253695
163.125		0.253695
163.25		0.253695
163.375		0.253695
163.5		0.253695
163.625		0.253695
163.75		0.253695
163.875		0.253695
164		0.253695
164.125		0.253695
164.25		0.253695
164.375		0.253695
164.5		0.253695
164.625		0.253695
164.75		0.253695
164.875		0.253695
165		0.253695
165.125		0.257325
165.25		0.257325
165.375		0.257325
165.5		0.257325
165.625		0.257325
165.75		0.257325
165.875		0.257325
166		0.257325
166.125		0.257325
166.25		0.257325
166.375		0.257325
166.5		0.257325
166.625		0.257325
166.75		0.257325
166.875		0.257325
167		0.257325
167.125		0.257325
167.25		0.257325
167.375		0.257325
167.5		0.257325
167.625		0.257325
167.75		0.257325
167.875		0.257325
168		0.257325
168.125		0.257325
168.25		0.257325
168.375		0.257325
168.5		0.257325
168.625		0.257325
168.75		0.257325
168.875		0.257325
169		0.257325
169.125		0.257325
169.25		0.257325
169.375		0.257325
169.5		0.257325
169.625		0.257325
169.75		0.257325
169.875		0.257325
170		0.257325
170.125		0.270791
170.25		0.270791
170.375		0.270791
170.5		0.270791
170.625		0.270791
170.75		0.270791
170.875		0.270791
171		0.270791
171.125		0.270791
171.25		0.270791
171.375		0.270791
171.5		0.270791
171.625		0.270791
171.75		0.270791
171.875		0.270791
172		0.270791
172.125		0.270791
172.25		0.270791
172.375		0.270791
172.5		0.270791
172.625		0.270791
172.75		0.270791
172.875		0.270791
173		0.270791
173.125		0.270791
173.25		0.270791
173.375		0.270791
173.5		0.270791
173.625		0.270791
173.75		0.270791
173.875		0.270791
174		0.270791
174.125		0.270791
174.25		0.270791
174.375		0.270791
174.5		0.270791
174.625		0.270791
174.75		0.270791
174.875		0.270791
175		0.270791
175.125		0.282468
175.25		0.282468
175.375		0.282468
175.5		0.282468
175.625		0.282468
175.75		0.282468
175.875		0.282468
176		0.282468
176.125		0.282468
176.25		0.282468
176.375		0.282468
176.5		0.282468
176.625		0.282468
176.75		0.282468
176.875		0.282468
177		0.282468
177.125		0.282468
177.25		0.282468
177.375		0.282468
177.5		0.282468
177.625		0.282468
177.75		0.282468
177.875		0.282468
178		0.282468
178.125		0.282468
178.25		0.282468
178.375		0.282468
178.5		0.282468
178.625		0.282468
178.75		0.282468
178.875		0.282468
179		0.282468
179.125		0.282468
179.25		0.282468
179.375		0.282468
179.5		0.282468
179.625		0.282468
179.75		0.282468
179.875		0.282468
180		0.282468
180.125		0.299563
180.25		0.299563
180.375		0.299563
180.5		0.299563
180.625		0.299563
180.75		0.299563
180.875		0.299563
181		0.299563
181.125		0.299563
181.25		0.299563
181.375		0.299563
181.5		0.299563
181.625		0.299563
181.75		0.299563
181.875		0.299563
182		0.299563
182.125		0.299563
182.25		0.299563
182.375		0.299563
182.5		0.299563
182.625		0.299563
182.75		0.299563
182.875		0.299563
183		0.299563
183.125		0.299563
183.25		0.299563
183.375		0.299563
183.5		0.299563
183.625		0.299563
183.75		0.299563
183.875		0.299563
184		0.299563
184.125		0.299563
184.25		0.299563
184.375		0.299563
184.5		0.299563
184.625		0.299563
184.75		0.299563
184.875		0.299563
185		0.299563
185.125		0.303245
185.25		0.303245
185.375		0.303245
185.5		0.303245
185.625		0.303245
185.75		0.303245
185.875		0.303245
186		0.303245
186.125		0.303245
186.25		0.303245
186.375		0.303245
186.5		0.303245
186.625		0.303245
186.75		0.303245
186.875		0.303245
187		0.303245
187.125		0.303245
187.25		0.303245
187.375		0.303245
187.5		0.303245
187.625		0.303245
187.75		0.303245
187.875		0.303245
188		0.303245
188.125		0.303245
188.25		0.303245
188.375		0.303245
188.5		0.303245
188.625		0.303245
188.75		0.303245
188.875		0.303245
189		0.303245
189.125		0.303245
189.25		0.303245
189.375		0.303245
189.5		0.303245
189.625		0.303245
189.75		0.303245
189.875		0.303245
190		0.303245
190.125		0.317921
190.25		0.317921
190.375		0.317921
190.5		0.317921
190.625		0.317921
190.75		0.317921
190.875		0.317921
191		0.317921
191.125		0.317921
191.25		0.317921
191.375		0.317921
191.5		0.317921
191.625		0.317921
191.75		0.317921
191.875		0.317921
192		0.317921
192.125		0.317921
192.25		0.317921
192.375		0.317921
192.5		0.317921
192.625		0.317921
192.75		0.317921
192.875		0.317921
193		0.317921
193.125		0.317921
193.25		0.317921
193.375		0.317921
193.5		0.317921
193.625		0.317921
193.75		0.317921
193.875		0.317921
194		0.317921
194.125		0.317921
194.25		0.317921
194.375		0.317921
194.5		0.317921
194.625		0.317921
194.75		0.317921
194.875		0.317921
195		0.317921
195.125		0.320709
195.25		0.320709
195.375		0.320709
195.5		0.320709
195.625		0.320709
195.75		0.320709
195.875		0.320709
196		0.320709
196.125		0.320709
196.25		0.320709
196.375		0.320709
196.5		0.320709
196.625		0.320709
196.75		0.320709
196.875		0.320709
197		0.320709
197.125		0.320709
197.25		0.320709
197.375		0.320709
197.5		0.320709
197.625		0.320709
197.75		0.320709
197.875		0.320709
198		0.320709
198.125		0.320709
198.25		0.320709
198.375		0.320709
198.5		0.320709
198.625		0.320709
198.75		0.320709
198.875		0.320709
199		0.320709
199.125		0.320709
199.25		0.320709
199.375		0.320709
199.5		0.320709
199.625		0.320709
199.75		0.320709
199.875		0.320709
200		0.320709
200.125		0.349955
200.25		0.349955
200.375		0.349955
200.5		0.349955
200.625		0.349955
200.75		0.349955
200.875		0.349955
201		0.349955
201.125		0.349955
201.25		0.349955
201.375		0.349955
201.5		0.349955
201.625		0.349955
201.75		0.349955
201.875		0.349955
202		0.349955
202.125		0.349955
202.25		0.349955
202.375		0.349955
202.5		0.349955
202.625		0.349955
202.75		0.349955
202.875		0.349955
203		0.349955
203.125		0.349955
203.25		0.349955
203.375		0.349955
203.5		0.349955
203.625		0.349955
203.75		0.349955
203.875		0.349955
204		0.349955
204.125		0.349955
204.25		0.349955
204.375		0.349955
204.5		0.349955
204.625		0.349955
204.75		0.349955
204.875		0.349955
205		0.349955
205.125		0.355215
205.25		0.355215
205.375		0.355215
205.5		0.355215
205.625		0.355215
205.75		0.355215
205.875		0.355215
206		0.355215
206.125		0.355215
206.25		0.355215
206.375		0.355215
206.5		0.355215
206.625		0.355215
206.75		0.355215
206.875		0.355215
207		0.355215
207.125		0.355215
207.25		0.355215
207.375		0.355215
207.5		0.355215
207.625		0.355215
207.75		0.355215
207.875		0.355215
208		0.355215
208.125		0.355215
208.25		0.355215
208.375		0.355215
208.5		0.355215
208.625		0.355215
208.75		0.355215
208.875		0.355215
209		0.355215
209.125		0.355215
209.25		0.355215
209.375		0.355215
209.5		0.355215
209.625		0.355215
209.75		0.355215
209.875		0.355215
210		0.355215
210.125		0.368681
210.25		0.368681
210.375		0.368681
210.5		0.368681
210.625		0.368681
210.75		0.368681
210.875		0.368681
211		0.368681
211.125		0.368681
211.25		0.368681
211.375		0.368681
211.5		0.368681
211.625		0.368681
211.75		0.368681
211.875		0.368681
212		0.368681
212.125		0.368681
212.25		0.368681
212.375		0.368681
212.5		0.368681
212.625		0.368681
212.75		0.368681
212.875		0.368681
213		0.368681
213.125		0.368681
213.25		0.368681
213.375		0.368681
213.5		0.368681
213.625		0.368681
213.75		0.368681
213.875		0.368681
214		0.368681
214.125		0.368681
214.25		0.368681
214.375		0.368681
214.5		0.368681
214.625		0.368681
214.75		0.368681
214.875		0.368681
215		0.368681
215.125		0.374047
215.25		0.374047
215.375		0.374047
215.5		0.374047
215.625		0.374047
215.75		0.374047
215.875		0.374047
216		0.374047
216.125		0.374047
216.25		0.374047
216.375		0.374047
216.5		0.374047
216.625		0.374047
216.75		0.374047
216.875		0.374047
217		0.374047
217.125		0.374047
217.25		0.374047
217.375		0.374047
217.5		0.374047
217.625		0.374047
217.75		0.374047
217.875		0.374047
218		0.374047
218.125		0.374047
218.25		0.374047
218.375		0.374047
218.5		0.374047
218.625		0.374047
218.75		0.374047
218.875		0.374047
219		0.374047
219.125		0.374047
219.25		0.374047
219.375		0.374047
219.5		0.374047
219.625		0.374047
219.75		0.374047
219.875		0.374047
220		0.374047
220.125		0.392247
220.25		0.392247
220.375		0.392247
220.5		0.392247
220.625		0.392247
220.75		0.392247
220.875		0.392247
221		0.392247
221.125		0.392247
221.25		0.392247
221.375		0.392247
221.5		0.392247
221.625		0.392247
221.75		0.392247
221.875		0.392247
222		0.392247
222.125		0.392247
222.25		0.392247
222.375		0.392247
222.5		0.392247
222.625		0.392247
222.75		0.392247
222.875		0.392247
223		0.392247
223.125		0.392247
223.25		0.392247
223.375		0.392247
223.5		0.392247
223.625		0.392247
223.75		0.392247
223.875		0.392247
224		0.392247
224.125		0.392247
224.25		0.392247
224.375		0.392247
224.5		0.392247
224.625		0.392247
224.75		0.392247
224.875		0.392247
225		0.392247
225.125		0.412498
225.25		0.412498
225.375		0.412498
225.5		0.412498
225.625		0.412498
225.75		0.412498
225.875		0.412498
226		0.412498
226.125		0.412498
226.25		0.412498
226.375		0.412498
226.5		0.412498
226.625		0.412498
226.75		0.412498
226.875		0.412498
227		0.412498
227.125		0.412498
227.25		0.412498
227.375		0.412498
227.5		0.412498
227.625		0.412498
227.75		0.412498
227.875		0.412498
228		0.412498
228.125		0.412498
228.25		0.412498
228.375		0.412498
228.5		0.412498
228.625		0.412498
228.75		0.412498
228.875		0.412498
229		0.412498
229.125		0.412498
229.25		0.412498
229.375		0.412498
229.5		0.412498
229.625		0.412498
229.75		0.412498
229.875		0.412498
230		0.412498
230.125		0.417758
230.25		0.417758
230.375		0.417758
230.5		0.417758
230.625		0.417758
230.75		0.417758
230.875		0.417758
231		0.417758
231.125		0.417758
231.25		0.417758
231.375		0.417758
231.5		0.417758
231.625		0.417758
231.75		0.417758
231.875		0.417758
232		0.417758
232.125		0.417758
232.25		0.417758
232.375		0.417758
232.5		0.417758
232.625		0.417758
232.75		0.417758
232.875		0.417758
233		0.417758
233.125		0.417758
233.25		0.417758
233.375		0.417758
233.5		0.417758
233.625		0.417758
233.75		0.417758
233.875		0.417758
234		0.417758
234.125		0.417758
234.25		0.417758
234.375		0.417758
234.5		0.417758
234.625		0.417758
234.75		0.417758
234.875		0.417758
235		0.417758
235.125		0.421072
235.25		0.421072
235.375		0.421072
235.5		0.421072
235.625		0.421072
235.75		0.421072
235.875		0.421072
236		0.421072
236.125		0.421072
236.25		0.421072
236.375		0.421072
236.5		0.421072
236.625		0.421072
236.75		0.421072
236.875		0.421072
237		0.421072
237.125		0.421072
237.25		0.421072
237.375		0.421072
237.5		0.421072
237.625		0.421072
237.75		0.421072
237.875		0.421072
238		0.421072
238.125		0.421072
238.25		0.421072
238.375		0.421072
238.5		0.421072
238.625		0.421072
238.75		0.421072
238.875		0.421072
239		0.421072
239.125		0.421072
239.25		0.421072
239.375		0.421072
239.5		0.421072
239.625		0.421072
239.75		0.421072
239.875		0.421072
240		0.421072
240.125		0.436958
240.25		0.436958
240.375		0.436958
240.5		0.436958
240.625		0.436958
240.75		0.436958
240.875		0.436958
241		0.436958
241.125		0.436958
241.25		0.436958
241.375		0.436958
241.5		0.436958
241.625		0.436958
241.75		0.436958
241.875		0.436958
242		0.436958
242.125		0.436958
242.25		0.436958
242.375		0.436958
242.5		0.436958
242.625		0.436958
242.75		0.436958
242.875		0.436958
243		0.436958
243.125		0.436958
243.25		0.436958
243.375		0.436958
243.5		0.436958
243.625		0.436958
243.75		0.436958
243.875		0.436958
244		0.436958
244.125		0.436958
244.25		0.436958
244.375		0.436958
244.5		0.436958
244.625		0.436958
244.75		0.436958
244.875		0.436958
245		0.436958
245.125		0.454158
245.25		0.454158
245.375		0.454158
245.5		0.454158
245.625		0.454158
245.75		0.454158
245.875		0.454158
246		0.454158
246.125		0.454158
246.25		0.454158
246.375		0.454158
246.5		0.454158
246.625		0.454158
246.75		0.454158
246.875		0.454158
247		0.454158
247.125		0.454158
247.25		0.454158
247.375		0.454158
247.5		0.454158
247.625		0.454158
247.75		0.454158
247.875		0.454158
248		0.454158
248.125		0.454158
248.25		0.454158
248.375		0.454158
248.5		0.454158
248.625		0.454158
248.75		0.454158
248.875		0.454158
249		0.454158
249.125		0.454158
249.25		0.454158
249.375		0.454158
249.5		0.454158
249.625		0.454158
249.75		0.454158
249.875		0.454158
250		0.454158
250.125		0.460996
250.25		0.460996
250.375		0.460996
250.5		0.460996
250.625		0.460996
250.75		0.460996
250.875		0.460996
251		0.460996
251.125		0.460996
251.25		0.460996
251.375		0.460996
251.5		0.460996
251.625		0.460996
251.75		0.460996
251.875		0.460996
252		0.460996
252.125		0.460996
252.25		0.460996
252.375		0.460996
252.5		0.460996
252.625		0.460996
252.75		0.460996
252.875		0.460996
253		0.460996
253.125		0.460996
253.25		0.460996
253.375		0.460996
253.5		0.460996
253.625		0.460996
253.75		0.460996
253.875		0.460996
254		0.460996
254.125		0.460996
254.25		0.460996
254.375		0.460996
254.5		0.460996
254.625		0.460996
254.75		0.460996
254.875		0.460996
255		0.460996
255.125		0.47099
255.25		0.47099
255.375		0.47099
255.5		0.47099
255.625		0.47099
255.75		0.47099
255.875		0.47099
256		0.47099
256.125		0.47099
256.25		0.47099
256.375		0.47099
256.5		0.47099
256.625		0.47099
256.75		0.47099
256.875		0.47099
257		0.47099
257.125		0.47099
257.25		0.47099
257.375		0.47099
257.5		0.47099
257.625		0.47099
257.75		0.47099
257.875		0.47099
258		0.47099
258.125		0.47099
258.25		0.47099
258.375		0.47099
258.5		0.47099
258.625		0.47099
258.75		0.47099
258.875		0.47099
259		0.47099
259.125		0.47099
259.25		0.47099
259.375		0.47099
259.5		0.47099
259.625		0.47099
259.75		0.47099
259.875		0.47099
260		0.47099
260.125		0.489085
260.25		0.489085
260.375		0.489085
260.5		0.489085
260.625		0.489085
260.75		0.489085
260.875		0.489085
261		0.489085
261.125		0.489085
261.25		0.489085
261.375		0.489085
261.5		0.489085
261.625		0.489085
261.75		0.489085
261.875		0.489085
262		0.489085
262.125		0.489085
262.25		0.489085
262.375		0.489085
262.5		0.489085
262.625		0.489085
262.75		0.489085
262.875		0.489085
263		0.489085
263.125		0.489085
263.25		0.489085
263.375		0.489085
263.5		0.489085
263.625		0.489085
263.75		0.489085
263.875		0.489085
264		0.489085
264.125		0.489085
264.25		0.489085
264.375		0.489085
264.5		0.489085
264.625		0.489085
264.75		0.489085
264.875		0.489085
265		0.489085
265.125		0.49403
265.25		0.49403
265.375		0.49403
265.5		0.49403
265.625		0.49403
265.75		0.49403
265.875		0.49403
266		0.49403
266.125		0.49403
266.25		0.49403
266.375		0.49403
266.5		0.49403
266.625		0.49403
266.75		0.49403
266.875		0.49403
267		0.49403
267.125		0.49403
267.25		0.49403
267.375		0.49403
267.5		0.49403
267.625		0.49403
267.75		0.49403
267.875		0.49403
268		0.49403
268.125		0.49403
268.25		0.49403
268.375		0.49403
268.5		0.49403
268.625		0.49403
268.75		0.49403
268.875		0.49403
269		0.49403
269.125		0.49403
269.25		0.49403
269.375		0.49403
269.5		0.49403
269.625		0.49403
269.75		0.49403
269.875		0.49403
270		0.49403
270.125		0.499027
270.25		0.499027
270.375		0.499027
270.5		0.499027
270.625		0.499027
270.75		0.499027
270.875		0.499027
271		0.499027
271.125		0.499027
271.25		0.499027
271.375		0.499027
271.5		0.499027
271.625		0.499027
271.75		0.499027
271.875		0.499027
272		0.499027
272.125		0.499027
272.25		0.499027
272.375		0.499027
272.5		0.499027
272.625		0.499027
272.75		0.499027
272.875		0.499027
273		0.499027
273.125		0.499027
273.25		0.499027
273.375		0.499027
273.5		0.499027
273.625		0.499027
273.75		0.499027
273.875		0.499027
274		0.499027
274.125		0.499027
274.25		0.499027
274.375		0.499027
274.5		0.499027
274.625		0.499027
274.75		0.499027
274.875		0.499027
275		0.499027
275.125		0.504497
275.25		0.504497
275.375		0.504497
275.5		0.504497
275.625		0.504497
275.75		0.504497
275.875		0.504497
276		0.504497
276.125		0.504497
276.25		0.504497
276.375		0.504497
276.5		0.504497
276.625		0.504497
276.75		0.504497
276.875		0.504497
277		0.504497
277.125		0.504497
277.25		0.504497
277.375		0.504497
277.5		0.504497
277.625		0.504497
277.75		0.504497
277.875		0.504497
278		0.504497
278.125		0.504497
278.25		0.504497
278.375		0.504497
278.5		0.504497
278.625		0.504497
278.75		0.504497
278.875		0.504497
279		0.504497
279.125		0.504497
279.25		0.504497
279.375		0.504497
279.5		0.504497
279.625		0.504497
279.75		0.504497
279.875		0.504497
280		0.504497
280.125		0.531377
280.25		0.531377
280.375		0.531377
280.5		0.531377
280.625		0.531377
280.75		0.531377
280.875		0.531377
281		0.531377
281.125		0.531377
281.25		0.531377
281.375		0.531377
281.5		0.531377
281.625		0.531377
281.75		0.531377
281.875		0.531377
282		0.531377
282.125		0.531377
282.25		0.531377
282.375		0.531377
282.5		0.531377
282.625		0.531377
282.75		0.531377
282.875		0.531377
283		0.531377
283.125		0.531377
283.25		0.531377
283.375		0.531377
283.5		0.531377
283.625		0.531377
283.75		0.531377
283.875		0.531377
284		0.531377
284.125		0.531377
284.25		0.531377
284.375		0.531377
284.5		0.531377
284.625		0.531377
284.75		0.531377
284.875		0.531377
285		0.531377
285.125		0.534533
285.25		0.534533
285.375		0.534533
285.5		0.534533
285.625		0.534533
285.75		0.534533
285.875		0.534533
286		0.534533
286.125		0.534533
286.25		0.534533
286.375		0.534533
286.5		0.534533
286.625		0.534533
286.75		0.534533
286.875		0.534533
287		0.534533
287.125		0.534533
287.25		0.534533
287.375		0.534533
287.5		0.534533
287.625		0.534533
287.75		0.534533
287.875		0.534533
288		0.534533
288.125		0.534533
288.25		0.534533
288.375		0.534533
288.5		0.534533
288.625		0.534533
288.75		0.534533
288.875		0.534533
289		0.534533
289.125		0.534533
289.25		0.534533
289.375		0.534533
289.5		0.534533
289.625		0.534533
289.75		0.534533
289.875		0.534533
290		0.534533
290.125		0.555626
290.25		0.555626
290.375		0.555626
290.5		0.555626
290.625		0.555626
290.75		0.555626
290.875		0.555626
291		0.555626
291.125		0.555626
291.25		0.555626
291.375		0.555626
291.5		0.555626
291.625		0.555626
291.75		0.555626
291.875		0.555626
292		0.555626
292.125		0.555626
292.25		0.555626
292.375		0.555626
292.5		0.555626
292.625		0.555626
292.75		0.555626
292.875		0.555626
293		0.555626
293.125		0.555626
293.25		0.555626
293.375		0.555626
293.5		0.555626
293.625		0.555626
293.75		0.555626
293.875		0.555626
294		0.555626
294.125		0.555626
294.25		0.555626
294.375		0.555626
294.5		0.555626
294.625		0.555626
294.75		0.555626
294.875		0.555626
295		0.555626
295.125		0.560728
295.25		0.560728
295.375		0.560728
295.5		0.560728
295.625		0.560728
295.75		0.560728
295.875		0.560728
296		0.560728
296.125		0.560728
296.25		0.560728
296.375		0.560728
296.5		0.560728
296.625		0.560728
296.75		0.560728
296.875		0.560728
297		0.560728
297.125		0.560728
297.25		0.560728
297.375		0.560728
297.5		0.560728
297.625		0.560728
297.75		0.560728
297.875		0.560728
298		0.560728
298.125		0.560728
298.25		0.560728
298.375		0.560728
298.5		0.560728
298.625		0.560728
298.75		0.560728
298.875		0.560728
299		0.560728
299.125		0.560728
299.25		0.560728
299.375		0.560728
299.5		0.560728
299.625		0.560728
299.75		0.560728
299.875		0.560728
300		0.560728
300.125		0.562569
300.25		0.562569
300.375		0.562569
300.5		0.562569
300.625		0.562569
300.75		0.562569
300.875		0.562569
301		0.562569
301.125		0.562569
301.25		0.562569
301.375		0.562569
301.5		0.562569
301.625		0.562569
301.75		0.562569
301.875		0.562569
302		0.562569
302.125		0.562569
302.25		0.562569
302.375		0.562569
302.5		0.562569
302.625		0.562569
302.75		0.562569
302.875		0.562569
303		0.562569
303.125		0.562569
303.25		0.562569
303.375		0.562569
303.5		0.562569
303.625		0.562569
303.75		0.562569
303.875		0.562569
304		0.562569
304.125		0.562569
304.25		0.562569
304.375		0.562569
304.5		0.562569
304.625		0.562569
304.75		0.562569
304.875		0.562569
305		0.562569
305.125		0.566093
305.25		0.566093
305.375		0.566093
305.5		0.566093
305.625		0.566093
305.75		0.566093
305.875		0.566093
306		0.566093
306.125		0.566093
306.25		0.566093
306.375		0.566093
306.5		0.566093
306.625		0.566093
306.75		0.566093
306.875		0.566093
307		0.566093
307.125		0.566093
307.25		0.566093
307.375		0.566093
307.5		0.566093
307.625		0.566093
307.75		0.566093
307.875		0.566093
308		0.566093
308.125		0.566093
308.25		0.566093
308.375		0.566093
308.5		0.566093
308.625		0.566093
308.75		0.566093
308.875		0.566093
309		0.566093
309.125		0.566093
309.25		0.566093
309.375		0.566093
309.5		0.566093
309.625		0.566093
309.75		0.566093
309.875		0.566093
310		0.566093
310.125		0.604387
310.25		0.604387
310.375		0.604387
310.5		0.604387
310.625		0.604387
310.75		0.604387
310.875		0.604387
311		0.604387
311.125		0.604387
311.25		0.604387
311.375		0.604387
311.5		0.604387
311.625		0.604387
311.75		0.604387
311.875		0.604387
312		0.604387
312.125		0.604387
312.25		0.604387
312.375		0.604387
312.5		0.604387
312.625		0.604387
312.75		0.604387
312.875		0.604387
313		0.604387
313.125		0.604387
313.25		0.604387
313.375		0.604387
313.5		0.604387
313.625		0.604387
313.75		0.604387
313.875		0.604387
314		0.604387
314.125		0.604387
314.25		0.604387
314.375		0.604387
314.5		0.604387
314.625		0.604387
314.75		0.604387
314.875		0.604387
315		0.604387
315.125		0.605334
315.25		0.605334
315.375		0.605334
315.5		0.605334
315.625		0.605334
315.75		0.605334
315.875		0.605334
316		0.605334
316.125		0.605334
316.25		0.605334
316.375		0.605334
316.5		0.605334
316.625		0.605334
316.75		0.605334
316.875		0.605334
317		0.605334
317.125		0.605334
317.25		0.605334
317.375		0.605334
317.5		0.605334
317.625		0.605334
317.75		0.605334
317.875		0.605334
318		0.605334
318.125		0.605334
318.25		0.605334
318.375		0.605334
318.5		0.605334
318.625		0.605334
318.75		0.605334
318.875		0.605334
319		0.605334
319.125		0.605334
319.25		0.605334
319.375		0.605334
319.5		0.605334
319.625		0.605334
319.75		0.605334
319.875		0.605334
320		0.605334
320.125		0.625007
320.25		0.625007
320.375		0.625007
320.5		0.625007
320.625		0.625007
320.75		0.625007
320.875		0.625007
321		0.625007
321.125		0.625007
321.25		0.625007
321.375		0.625007
321.5		0.625007
321.625		0.625007
321.75		0.625007
321.875		0.625007
322		0.625007
322.125		0.625007
322.25		0.625007
322.375		0.625007
322.5		0.625007
322.625		0.625007
322.75		0.625007
322.875		0.625007
323		0.625007
323.125		0.625007
323.25		0.625007
323.375		0.625007
323.5		0.625007
323.625		0.625007
323.75		0.625007
323.875		0.625007
324		0.625007
324.125		0.625007
324.25		0.625007
324.375		0.625007
324.5		0.625007
324.625		0.625007
324.75		0.625007
324.875		0.625007
325		0.625007
325.125		0.633633
325.25		0.633633
325.375		0.633633
325.5		0.633633
325.625		0.633633
325.75		0.633633
325.875		0.633633
326		0.633633
326.125		0.633633
326.25		0.633633
326.375		0.633633
326.5		0.633633
326.625		0.633633
326.75		0.633633
326.875		0.633633
327		0.633633
327.125		0.633633
327.25		0.633633
327.375		0.633633
327.5		0.633633
327.625		0.633633
327.75		0.633633
327.875		0.633633
328		0.633633
328.125		0.633633
328.25		0.633633
328.375		0.633633
328.5		0.633633
328.625		0.633633
328.75		0.633633
328.875		0.633633
329		0.633633
329.125		0.633633
329.25		0.633633
329.375		0.633633
329.5		0.633633
329.625		0.633633
329.75		0.633633
329.875		0.633633
330		0.633633
330.125		0.636789
330.25		0.636789
330.375		0.636789
330.5		0.636789
330.625		0.636789
330.75		0.636789
330.875		0.636789
331		0.636789
331.125		0.636789
331.25		0.636789
331.375		0.636789
331.5		0.636789
331.625		0.636789
331.75		0.636789
331.875		0.636789
332		0.636789
332.125		0.636789
332.25		0.636789
332.375		0.636789
332.5		0.636789
332.625		0.636789
332.75		0.636789
332.875		0.636789
333		0.636789
333.125		0.636789
333.25		0.636789
333.375		0.636789
333.5		0.636789
333.625		0.636789
333.75		0.636789
333.875		0.636789
334		0.636789
334.125		0.636789
334.25		0.636789
334.375		0.636789
334.5		0.636789
334.625		0.636789
334.75		0.636789
334.875		0.636789
335		0.636789
335.125		0.656094
335.25		0.656094
335.375		0.656094
335.5		0.656094
335.625		0.656094
335.75		0.656094
335.875		0.656094
336		0.656094
336.125		0.656094
336.25		0.656094
336.375		0.656094
336.5		0.656094
336.625		0.656094
336.75		0.656094
336.875		0.656094
337		0.656094
337.125		0.656094
337.25		0.656094
337.375		0.656094
337.5		0.656094
337.625		0.656094
337.75		0.656094
337.875		0.656094
338		0.656094
338.125		0.656094
338.25		0.656094
338.375		0.656094
338.5		0.656094
338.625		0.656094
338.75		0.656094
338.875		0.656094
339		0.656094
339.125		0.656094
339.25		0.656094
339.375		0.656094
339.5		0.656094
339.625		0.656094
339.75		0.656094
339.875		0.656094
340		0.656094
340.125		0.658724
340.25		0.658724
340.375		0.658724
340.5		0.658724
340.625		0.658724
340.75		0.658724
340.875		0.658724
341		0.658724
341.125		0.658724
341.25		0.658724
341.375		0.658724
341.5		0.658724
341.625		0.658724
341.75		0.658724
341.875		0.658724
342		0.658724
342.125		0.658724
342.25		0.658724
342.375		0.658724
342.5		0.658724
342.625		0.658724
342.75		0.658724
342.875		0.658724
343		0.658724
343.125		0.658724
343.25		0.658724
343.375		0.658724
343.5		0.658724
343.625		0.658724
343.75		0.658724
343.875		0.658724
344		0.658724
344.125		0.658724
344.25		0.658724
344.375		0.658724
344.5		0.658724
344.625		0.658724
344.75		0.658724
344.875		0.658724
345		0.658724
345.125		0.676713
345.25		0.676713
345.375		0.676713
345.5		0.676713
345.625		0.676713
345.75		0.676713
345.875		0.676713
346		0.676713
346.125		0.676713
346.25		0.676713
346.375		0.676713
346.5		0.676713
346.625		0.676713
346.75		0.676713
346.875		0.676713
347		0.676713
347.125		0.676713
347.25		0.676713
347.375		0.676713
347.5		0.676713
347.625		0.676713
347.75		0.676713
347.875		0.676713
348		0.676713
348.125		0.676713
348.25		0.676713
348.375		0.676713
348.5		0.676713
348.625		0.676713
348.75		0.676713
348.875		0.676713
349		0.676713
349.125		0.676713
349.25		0.676713
349.375		0.676713
349.5		0.676713
349.625		0.676713
349.75		0.676713
349.875		0.676713
350		0.676713
350.125		0.69323
350.25		0.69323
350.375		0.69323
350.5		0.69323
350.625		0.69323
350.75		0.69323
350.875		0.69323
351		0.69323
351.125		0.69323
351.25		0.69323
351.375		0.69323
351.5		0.69323
351.625		0.69323
351.75		0.69323
351.875		0.69323
352		0.69323
352.125		0.69323
352.25		0.69323
352.375		0.69323
352.5		0.69323
352.625		0.69323
352.75		0.69323
352.875		0.69323
353		0.69323
353.125		0.69323
353.25		0.69323
353.375		0.69323
353.5		0.69323
353.625		0.69323
353.75		0.69323
353.875		0.69323
354		0.69323
354.125		0.69323
354.25		0.69323
354.375		0.69323
354.5		0.69323
354.625		0.69323
354.75		0.69323
354.875		0.69323
355		0.69323
355.125		0.698543
355.25		0.698543
355.375		0.698543
355.5		0.698543
355.625		0.698543
355.75		0.698543
355.875		0.698543
356		0.698543
356.125		0.698543
356.25		0.698543
356.375		0.698543
356.5		0.698543
356.625		0.698543
356.75		0.698543
356.875		0.698543
357		0.698543
357.125		0.698543
357.25		0.698543
357.375		0.698543
357.5		0.698543
357.625		0.698543
357.75		0.698543
357.875		0.698543
358		0.698543
358.125		0.698543
358.25		0.698543
358.375		0.698543
358.5		0.698543
358.625		0.698543
358.75		0.698543
358.875		0.698543
359		0.698543
359.125		0.698543
359.25		0.698543
359.375		0.698543
359.5		0.698543
359.625		0.698543
359.75		0.698543
359.875		0.698543
360		0.698543
360.125		0.712167
360.25		0.712167
360.375		0.712167
360.5		0.712167
360.625		0.712167
360.75		0.712167
360.875		0.712167
361		0.712167
361.125		0.712167
361.25		0.712167
361.375		0.712167
361.5		0.712167
361.625		0.712167
361.75		0.712167
361.875		0.712167
362		0.712167
362.125		0.712167
362.25		0.712167
362.375		0.712167
362.5		0.712167
362.625		0.712167
362.75		0.712167
362.875		0.712167
363		0.712167
363.125		0.712167
363.25		0.712167
363.375		0.712167
363.5		0.712167
363.625		0.712167
363.75		0.712167
363.875		0.712167
364		0.712167
364.125		0.712167
364.25		0.712167
364.375		0.712167
364.5		0.712167
364.625		0.712167
364.75		0.712167
364.875		0.712167
365		0.712167
365.125		0.713166
365.25		0.713166
365.375		0.713166
365.5		0.713166
365.625		0.713166
365.75		0.713166
365.875		0.713166
366		0.713166
366.125		0.713166
366.25		0.713166
366.375		0.713166
366.5		0.713166
366.625		0.713166
366.75		0.713166
366.875		0.713166
367		0.713166
367.125		0.713166
367.25		0.713166
367.375		0.713166
367.5		0.713166
367.625		0.713166
367.75		0.713166
367.875		0.713166
368		0.713166
368.125		0.713166
368.25		0.713166
368.375		0.713166
368.5		0.713166
368.625		0.713166
368.75		0.713166
368.875		0.713166
369		0.713166
369.125		0.713166
369.25		0.713166
369.375		0.713166
369.5		0.713166
369.625		0.713166
369.75		0.713166
369.875		0.713166
370		0.713166
370.125		0.734996
370.25		0.734996
370.375		0.734996
370.5		0.734996
370.625		0.734996
370.75		0.734996
370.875		0.734996
371		0.734996
371.125		0.734996
371.25		0.734996
371.375		0.734996
371.5		0.734996
371.625		0.734996
371.75		0.734996
371.875		0.734996
372		0.734996
372.125		0.734996
372.25		0.734996
372.375		0.734996
372.5		0.734996
372.625		0.734996
372.75		0.734996
372.875		0.734996
373		0.734996
373.125		0.734996
373.25		0.734996
373.375		0.734996
373.5		0.734996
373.625		0.734996
373.75		0.734996
373.875		0.734996
374		0.734996
374.125		0.734996
374.25		0.734996
374.375		0.734996
374.5		0.734996
374.625		0.734996
374.75		0.734996
374.875		0.734996
375		0.734996
375.125		0.740729
375.25		0.740729
375.375		0.740729
375.5		0.740729
375.625		0.740729
375.75		0.740729
375.875		0.740729
376		0.740729
376.125		0.740729
376.25		0.740729
376.375		0.740729
376.5		0.740729
376.625		0.740729
376.75		0.740729
376.875		0.740729
377		0.740729
377.125		0.740729
377.25		0.740729
377.375		0.740729
377.5		0.740729
377.625		0.740729
377.75		0.740729
377.875		0.740729
378		0.740729
378.125		0.740729
378.25		0.740729
378.375		0.740729
378.5		0.740729
378.625		0.740729
378.75		0.740729
378.875		0.740729
379		0.740729
379.125		0.740729
379.25		0.740729
379.375		0.740729
379.5		0.740729
379.625		0.740729
379.75		0.740729
379.875		0.740729
380		0.740729
380.125		0.747409
380.25		0.747409
380.375		0.747409
380.5		0.747409
380.625		0.747409
380.75		0.747409
380.875		0.747409
381		0.747409
381.125		0.747409
381.25		0.747409
381.375		0.747409
381.5		0.747409
381.625		0.747409
381.75		0.747409
381.875		0.747409
382		0.747409
382.125		0.747409
382.25		0.747409
382.375		0.747409
382.5		0.747409
382.625		0.747409
382.75		0.747409
382.875		0.747409
383		0.747409
383.125		0.747409
383.25		0.747409
383.375		0.747409
383.5		0.747409
383.625		0.747409
383.75		0.747409
383.875		0.747409
384		0.747409
384.125		0.747409
384.25		0.747409
384.375		0.747409
384.5		0.747409
384.625		0.747409
384.75		0.747409
384.875		0.747409
385		0.747409
385.125		0.748304
385.25		0.748304
385.375		0.748304
385.5		0.748304
385.625		0.748304
385.75		0.748304
385.875		0.748304
386		0.748304
386.125		0.748304
386.25		0.748304
386.375		0.748304
386.5		0.748304
386.625		0.748304
386.75		0.748304
386.875		0.748304
387		0.748304
387.125		0.748304
387.25		0.748304
387.375		0.748304
387.5		0.748304
387.625		0.748304
387.75		0.748304
387.875		0.748304
388		0.748304
388.125		0.748304
388.25		0.748304
388.375		0.748304
388.5		0.748304
388.625		0.748304
388.75		0.748304
388.875		0.748304
389		0.748304
389.125		0.748304
389.25		0.748304
389.375		0.748304
389.5		0.748304
389.625		0.748304
389.75		0.748304
389.875		0.748304
390		0.748304
390.125		0.772395
390.25		0.772395
390.375		0.772395
390.5		0.772395
390.625		0.772395
390.75		0.772395
390.875		0.772395
391		0.772395
391.125		0.772395
391.25		0.772395
391.375		0.772395
391.5		0.772395
391.625		0.772395
391.75		0.772395
391.875		0.772395
392		0.772395
392.125		0.772395
392.25		0.772395
392.375		0.772395
392.5		0.772395
392.625		0.772395
392.75		0.772395
392.875		0.772395
393		0.772395
393.125		0.772395
393.25		0.772395
393.375		0.772395
393.5		0.772395
393.625		0.772395
393.75		0.772395
393.875		0.772395
394		0.772395
394.125		0.772395
394.25		0.772395
394.375		0.772395
394.5		0.772395
394.625		0.772395
394.75		0.772395
394.875		0.772395
395		0.772395
395.125		0.782389
395.25		0.782389
395.375		0.782389
395.5		0.782389
395.625		0.782389
395.75		0.782389
395.875		0.782389
396		0.782389
396.125		0.782389
396.25		0.782389
396.375		0.782389
396.5		0.782389
396.625		0.782389
396.75		0.782389
396.875		0.782389
397		0.782389
397.125		0.782389
397.25		0.782389
397.375		0.782389
397.5		0.782389
397.625		0.782389
397.75		0.782389
397.875		0.782389
398		0.782389
398.125		0.782389
398.25		0.782389
398.375		0.782389
398.5		0.782389
398.625		0.782389
398.75		0.782389
398.875		0.782389
399		0.782389
399.125		0.782389
399.25		0.782389
399.375		0.782389
399.5		0.782389
399.625		0.782389
399.75		0.782389
399.875		0.782389
400		0.782389
400.125		0.783441
400.25		0.783441
400.375		0.783441
400.5		0.783441
400.625		0.783441
400.75		0.783441
400.875		0.783441
401		0.783441
401.125		0.783441
401.25		0.783441
401.375		0.783441
401.5		0.783441
401.625		0.783441
401.75		0.783441
401.875		0.783441
402		0.783441
402.125		0.783441
402.25		0.783441
402.375		0.783441
402.5		0.783441
402.625		0.783441
402.75		0.783441
402.875		0.783441
403		0.783441
403.125		0.783441
403.25		0.783441
403.375		0.783441
403.5		0.783441
403.625		0.783441
403.75		0.783441
403.875		0.783441
404		0.783441
404.125		0.783441
404.25		0.783441
404.375		0.783441
404.5		0.783441
404.625		0.783441
404.75		0.783441
404.875		0.783441
405		0.783441
405.125		0.808637
405.25		0.808637
405.375		0.808637
405.5		0.808637
405.625		0.808637
405.75		0.808637
405.875		0.808637
406		0.808637
406.125		0.808637
406.25		0.808637
406.375		0.808637
406.5		0.808637
406.625		0.808637
406.75		0.808637
406.875		0.808637
407		0.808637
407.125		0.808637
407.25		0.808637
407.375		0.808637
407.5		0.808637
407.625		0.808637
407.75		0.808637
407.875		0.808637
408		0.808637
408.125		0.808637
408.25		0.808637
408.375		0.808637
408.5		0.808637
408.625		0.808637
408.75		0.808637
408.875		0.808637
409		0.808637
409.125		0.808637
409.25		0.808637
409.375		0.808637
409.5		0.808637
409.625		0.808637
409.75		0.808637
409.875		0.808637
410		0.808637
410.125		0.813845
410.25		0.813845
410.375		0.813845
410.5		0.813845
410.625		0.813845
410.75		0.813845
410.875		0.813845
411		0.813845
411.125		0.813845
411.25		0.813845
411.375		0.813845
411.5		0.813845
411.625		0.813845
411.75		0.813845
411.875		0.813845
412		0.813845
412.125		0.813845
412.25		0.813845
412.375		0.813845
412.5		0.813845
412.625		0.813845
412.75		0.813845
412.875		0.813845
413		0.813845
413.125		0.813845
413.25		0.813845
413.375		0.813845
413.5		0.813845
413.625		0.813845
413.75		0.813845
413.875		0.813845
414		0.813845
414.125		0.813845
414.25		0.813845
414.375		0.813845
414.5		0.813845
414.625		0.813845
414.75		0.813845
414.875		0.813845
415		0.813845
415.125		0.818316
415.25		0.818316
415.375		0.818316
415.5		0.818316
415.625		0.818316
415.75		0.818316
415.875		0.818316
416		0.818316
416.125		0.818316
416.25		0.818316
416.375		0.818316
416.5		0.818316
416.625		0.818316
416.75		0.818316
416.875		0.818316
417		0.818316
417.125		0.818316
417.25		0.818316
417.375		0.818316
417.5		0.818316
417.625		0.818316
417.75		0.818316
417.875		0.818316
418		0.818316
418.125		0.818316
418.25		0.818316
418.375		0.818316
418.5		0.818316
418.625		0.818316
418.75		0.818316
418.875		0.818316
419		0.818316
419.125		0.818316
419.25		0.818316
419.375		0.818316
419.5		0.818316
419.625		0.818316
419.75		0.818316
419.875		0.818316
420		0.818316
420.125		0.837778
420.25		0.837778
420.375		0.837778
420.5		0.837778
420.625		0.837778
420.75		0.837778
420.875		0.837778
421		0.837778
421.125		0.837778
421.25		0.837778
421.375		0.837778
421.5		0.837778
421.625		0.837778
421.75		0.837778
421.875		0.837778
422		0.837778
422.125		0.837778
422.25		0.837778
422.375		0.837778
422.5		0.837778
422.625		0.837778
422.75		0.837778
422.875		0.837778
423		0.837778
423.125		0.837778
423.25		0.837778
423.375		0.837778
423.5		0.837778
423.625		0.837778
423.75		0.837778
423.875		0.837778
424		0.837778
424.125		0.837778
424.25		0.837778
424.375		0.837778
424.5		0.837778
424.625		0.837778
424.75		0.837778
424.875		0.837778
425		0.837778
425.125		0.840987
425.25		0.840987
425.375		0.840987
425.5		0.840987
425.625		0.840987
425.75		0.840987
425.875		0.840987
426		0.840987
426.125		0.840987
426.25		0.840987
426.375		0.840987
426.5		0.840987
426.625		0.840987
426.75		0.840987
426.875		0.840987
427		0.840987
427.125		0.840987
427.25		0.840987
427.375		0.840987
427.5		0.840987
427.625		0.840987
427.75		0.840987
427.875		0.840987
428		0.840987
428.125		0.840987
428.25		0.840987
428.375		0.840987
428.5		0.840987
428.625		0.840987
428.75		0.840987
428.875		0.840987
429		0.840987
429.125		0.840987
429.25		0.840987
429.375		0.840987
429.5		0.840987
429.625		0.840987
429.75		0.840987
429.875		0.840987
430		0.840987
430.125		0.846089
430.25		0.846089
430.375		0.846089
430.5		0.846089
430.625		0.846089
430.75		0.846089
430.875		0.846089
431		0.846089
431.125		0.846089
431.25		0.846089
431.375		0.846089
431.5		0.846089
431.625		0.846089
431.75		0.846089
431.875		0.846089
432		0.846089
432.125		0.846089
432.25		0.846089
432.375		0.846089
432.5		0.846089
432.625		0.846089
432.75		0.846089
432.875		0.846089
433		0.846089
433.125		0.846089
433.25		0.846089
433.375		0.846089
433.5		0.846089
433.625		0.846089
433.75		0.846089
433.875		0.846089
434		0.846089
434.125		0.846089
434.25		0.846089
434.375		0.846089
434.5		0.846089
434.625		0.846089
434.75		0.846089
434.875		0.846089
435		0.846089
435.125		0.866972
435.25		0.866972
435.375		0.866972
435.5		0.866972
435.625		0.866972
435.75		0.866972
435.875		0.866972
436		0.866972
436.125		0.866972
436.25		0.866972
436.375		0.866972
436.5		0.866972
436.625		0.866972
436.75		0.866972
436.875		0.866972
437		0.866972
437.125		0.866972
437.25		0.866972
437.375		0.866972
437.5		0.866972
437.625		0.866972
437.75		0.866972
437.875		0.866972
438		0.866972
438.125		0.866972
438.25		0.866972
438.375		0.866972
438.5		0.866972
438.625		0.866972
438.75		0.866972
438.875		0.866972
439		0.866972
439.125		0.866972
439.25		0.866972
439.375		0.866972
439.5		0.866972
439.625		0.866972
439.75		0.866972
439.875		0.866972
440		0.866972
440.125		0.877492
440.25		0.877492
440.375		0.877492
440.5		0.877492
440.625		0.877492
440.75		0.877492
440.875		0.877492
441		0.877492
441.125		0.877492
441.25		0.877492
441.375		0.877492
441.5		0.877492
441.625		0.877492
441.75		0.877492
441.875		0.877492
442		0.877492
442.125		0.877492
442.25		0.877492
442.375		0.877492
442.5		0.877492
442.625		0.877492
442.75		0.877492
442.875		0.877492
443		0.877492
443.125		0.877492
443.25		0.877492
443.375		0.877492
443.5		0.877492
443.625		0.877492
443.75		0.877492
443.875		0.877492
444		0.877492
444.125		0.877492
444.25		0.877492
444.375		0.877492
444.5		0.877492
444.625		0.877492
444.75		0.877492
444.875		0.877492
445		0.877492
445.125		0.887171
445.25		0.887171
445.375		0.887171
445.5		0.887171
445.625		0.887171
445.75		0.887171
445.875		0.887171
446		0.887171
446.125		0.887171
446.25		0.887171
446.375		0.887171
446.5		0.887171
446.625		0.887171
446.75		0.887171
446.875		0.887171
447		0.887171
447.125		0.887171
447.25		0.887171
447.375		0.887171
447.5		0.887171
447.625		0.887171
447.75		0.887171
447.875		0.887171
448		0.887171
448.125		0.887171
448.25		0.887171
448.375		0.887171
448.5		0.887171
448.625		0.887171
448.75		0.887171
448.875		0.887171
449		0.887171
449.125		0.887171
449.25		0.887171
449.375		0.887171
449.5		0.887171
449.625		0.887171
449.75		0.887171
449.875		0.887171
450		0.887171
450.125		0.903898
450.25		0.903898
450.375		0.903898
450.5		0.903898
450.625		0.903898
450.75		0.903898
450.875		0.903898
451		0.903898
451.125		0.903898
451.25		0.903898
451.375		0.903898
451.5		0.903898
451.625		0.903898
451.75		0.903898
451.875		0.903898
452		0.903898
452.125		0.903898
452.25		0.903898
452.375		0.903898
452.5		0.903898
452.625		0.903898
452.75		0.903898
452.875		0.903898
453		0.903898
453.125		0.903898
453.25		0.903898
453.375		0.903898
453.5		0.903898
453.625		0.903898
453.75		0.903898
453.875		0.903898
454		0.903898
454.125		0.903898
454.25		0.903898
454.375		0.903898
454.5		0.903898
454.625		0.903898
454.75		0.903898
454.875		0.903898
455		0.903898
455.125		0.911051
455.25		0.911051
455.375		0.911051
455.5		0.911051
455.625		0.911051
455.75		0.911051
455.875		0.911051
456		0.911051
456.125		0.911051
456.25		0.911051
456.375		0.911051
456.5		0.911051
456.625		0.911051
456.75		0.911051
456.875		0.911051
457		0.911051
457.125		0.911051
457.25		0.911051
457.375		0.911051
457.5		0.911051
457.625		0.911051
457.75		0.911051
457.875		0.911051
458		0.911051
458.125		0.911051
458.25		0.911051
458.375		0.911051
458.5		0.911051
458.625		0.911051
458.75		0.911051
458.875		0.911051
459		0.911051
459.125		0.911051
459.25		0.911051
459.375		0.911051
459.5		0.911051
459.625		0.911051
459.75		0.911051
459.875		0.911051
460		0.911051
460.125		0.929935
460.25		0.929935
460.375		0.929935
460.5		0.929935
460.625		0.929935
460.75		0.929935
460.875		0.929935
461		0.929935
461.125		0.929935
461.25		0.929935
461.375		0.929935
461.5		0.929935
461.625		0.929935
461.75		0.929935
461.875		0.929935
462		0.929935
462.125		0.929935
462.25		0.929935
462.375		0.929935
462.5		0.929935
462.625		0.929935
462.75		0.929935
462.875		0.929935
463		0.929935
463.125		0.929935
463.25		0.929935
463.375		0.929935
463.5		0.929935
463.625		0.929935
463.75		0.929935
463.875		0.929935
464		0.929935
464.125		0.929935
464.25		0.929935
464.375		0.929935
464.5		0.929935
464.625		0.929935
464.75		0.929935
464.875		0.929935
465		0.929935
465.125		0.938194
465.25		0.938194
465.375		0.938194
465.5		0.938194
465.625		0.938194
465.75		0.938194
465.875		0.938194
466		0.938194
466.125		0.938194
466.25		0.938194
466.375		0.938194
466.5		0.938194
466.625		0.938194
466.75		0.938194
466.875		0.938194
467		0.938194
467.125		0.938194
467.25		0.938194
467.375		0.938194
467.5		0.938194
467.625		0.938194
467.75		0.938194
467.875		0.938194
468		0.938194
468.125		0.938194
468.25		0.938194
468.375		0.938194
468.5		0.938194
468.625		0.938194
468.75		0.938194
468.875		0.938194
469		0.938194
469.125		0.938194
469.25		0.938194
469.375		0.938194
469.5		0.938194
469.625		0.938194
469.75		0.938194
469.875		0.938194
470		0.938194
470.125		0.939719
470.25		0.939719
470.375		0.939719
470.5		0.939719
470.625		0.939719
470.75		0.939719
470.875		0.939719
471		0.939719
471.125		0.939719
471.25		0.939719
471.375		0.939719
471.5		0.939719
471.625		0.939719
471.75		0.939719
471.875		0.939719
472		0.939719
472.125		0.939719
472.25		0.939719
472.375		0.939719
472.5		0.939719
472.625		0.939719
472.75		0.939719
472.875		0.939719
473		0.939719
473.125		0.939719
473.25		0.939719
473.375		0.939719
473.5		0.939719
473.625		0.939719
473.75		0.939719
473.875		0.939719
474		0.939719
474.125		0.939719
474.25		0.939719
474.375		0.939719
474.5		0.939719
474.625		0.939719
474.75		0.939719
474.875		0.939719
475		0.939719
475.125		0.961075
475.25		0.961075
475.375		0.961075
475.5		0.961075
475.625		0.961075
475.75		0.961075
475.875		0.961075
476		0.961075
476.125		0.961075
476.25		0.961075
476.375		0.961075
476.5		0.961075
476.625		0.961075
476.75		0.961075
476.875		0.961075
477		0.961075
477.125		0.961075
477.25		0.961075
477.375		0.961075
477.5		0.961075
477.625		0.961075
477.75		0.961075
477.875		0.961075
478		0.961075
478.125		0.961075
478.25		0.961075
478.375		0.961075
478.5		0.961075
478.625		0.961075
478.75		0.961075
478.875		0.961075
479		0.961075
479.125		0.961075
479.25		0.961075
479.375		0.961075
479.5		0.961075
479.625		0.961075
479.75		0.961075
479.875		0.961075
480		0.961075
480.125		0.966861
480.25		0.966861
480.375		0.966861
480.5		0.966861
480.625		0.966861
480.75		0.966861
480.875		0.966861
481		0.966861
481.125		0.966861
481.25		0.966861
481.375		0.966861
481.5		0.966861
481.625		0.966861
481.75		0.966861
481.875		0.966861
482		0.966861
482.125		0.966861
482.25		0.966861
482.375		0.966861
482.5		0.966861
482.625		0.966861
482.75		0.966861
482.875		0.966861
483		0.966861
483.125		0.966861
483.25		0.966861
483.375		0.966861
483.5		0.966861
483.625		0.966861
483.75		0.966861
483.875		0.966861
484		0.966861
484.125		0.966861
484.25		0.966861
484.375		0.966861
484.5		0.966861
484.625		0.966861
484.75		0.966861
484.875		0.966861
485		0.966861
485.125		0.984851
485.25		0.984851
485.375		0.984851
485.5		0.984851
485.625		0.984851
485.75		0.984851
485.875		0.984851
486		0.984851
486.125		0.984851
486.25		0.984851
486.375		0.984851
486.5		0.984851
486.625		0.984851
486.75		0.984851
486.875		0.984851
487		0.984851
487.125		0.984851
487.25		0.984851
487.375		0.984851
487.5		0.984851
487.625		0.984851
487.75		0.984851
487.875		0.984851
488		0.984851
488.125		0.984851
488.25		0.984851
488.375		0.984851
488.5		0.984851
488.625		0.984851
488.75		0.984851
488.875		0.984851
489		0.984851
489.125		0.984851
489.25		0.984851
489.375		0.984851
489.5		0.984851
489.625		0.984851
489.75		0.984851
489.875		0.984851
490		0.984851
490.125		0.99616
490.25		0.99616
490.375		0.99616
490.5		0.99616
490.625		0.99616
490.75		0.99616
490.875		0.99616
491		0.99616
491.125		0.99616
491.25		0.99616
491.375		0.99616
491.5		0.99616
491.625		0.99616
491.75		0.99616
491.875		0.99616
492		0.99616
492.125		0.99616
492.25		0.99616
492.375		0.99616
492.5		0.99616
492.625		0.99616
492.75		0.99616
492.875		0.99616
493		0.99616
493.125		0.99616
493.25		0.99616
493.375		0.99616
493.5		0.99616
493.625		0.99616
493.75		0.99616
493.875		0.99616
494		0.99616
494.125		0.99616
494.25		0.99616
494.375		0.99616
494.5		0.99616
494.625		0.99616
494.75		0.99616
494.875		0.99616
495		0.99616
495.125		1
495.25		1
495.375		1
495.5		1
495.625		1
495.75		1
495.875		1
496		1
496.125		1
496.25		1
496.375		1
496.5		1
496.625		1
496.75		1
496.875		1
497		1
497.125		1
497.25		1
497.375		1
497.5		1
497.625		1
497.75		1
497.875		1
498		1
498.125		1
498.25		1
498.375		1
498.5		1
498.625		1
498.75		1
498.875		1
499		1
499.125		1
499.25		1
499.375		1
499.5		1
499.625		1
499.75		1
499.875		1
500		1
