# Calibration file of tamex_id 2 @ channel 1
# fine_T bin		 Calibration value
0.125		0
0.25		0
0.375		0
0.5		0
0.625		0
0.75		0
0.875		0
1		0
1.125		0
1.25		0
1.375		0
1.5		0
1.625		0
1.75		0
1.875		0
2		0
2.125		0
2.25		0
2.375		0
2.5		0
2.625		0
2.75		0
2.875		0
3		0
3.125		0
3.25		0
3.375		0
3.5		0
3.625		0
3.75		0
3.875		0
4		0
4.125		0
4.25		0
4.375		0
4.5		0
4.625		0
4.75		0
4.875		0
5		0
5.125		0
5.25		0
5.375		0
5.5		0
5.625		0
5.75		0
5.875		0
6		0
6.125		0
6.25		0
6.375		0
6.5		0
6.625		0
6.75		0
6.875		0
7		0
7.125		0
7.25		0
7.375		0
7.5		0
7.625		0
7.75		0
7.875		0
8		0
8.125		0
8.25		0
8.375		0
8.5		0
8.625		0
8.75		0
8.875		0
9		0
9.125		0
9.25		0
9.375		0
9.5		0
9.625		0
9.75		0
9.875		0
10		0
10.125		0
10.25		0
10.375		0
10.5		0
10.625		0
10.75		0
10.875		0
11		0
11.125		0
11.25		0
11.375		0
11.5		0
11.625		0
11.75		0
11.875		0
12		0
12.125		0
12.25		0
12.375		0
12.5		0
12.625		0
12.75		0
12.875		0
13		0
13.125		0
13.25		0
13.375		0
13.5		0
13.625		0
13.75		0
13.875		0
14		0
14.125		0
14.25		0
14.375		0
14.5		0
14.625		0
14.75		0
14.875		0
15		0
15.125		0
15.25		0
15.375		0
15.5		0
15.625		0
15.75		0
15.875		0
16		0
16.125		0
16.25		0
16.375		0
16.5		0
16.625		0
16.75		0
16.875		0
17		0
17.125		0
17.25		0
17.375		0
17.5		0
17.625		0
17.75		0
17.875		0
18		0
18.125		0
18.25		0
18.375		0
18.5		0
18.625		0
18.75		0
18.875		0
19		0
19.125		0
19.25		0
19.375		0
19.5		0
19.625		0
19.75		0
19.875		0
20		0
20.125		0
20.25		0
20.375		0
20.5		0
20.625		0
20.75		0
20.875		0
21		0
21.125		0
21.25		0
21.375		0
21.5		0
21.625		0
21.75		0
21.875		0
22		0
22.125		0
22.25		0
22.375		0
22.5		0
22.625		0
22.75		0
22.875		0
23		0
23.125		0
23.25		0
23.375		0
23.5		0
23.625		0
23.75		0
23.875		0
24		0
24.125		0
24.25		0
24.375		0
24.5		0
24.625		0
24.75		0
24.875		0
25		0
25.125		0
25.25		0
25.375		0
25.5		0
25.625		0
25.75		0
25.875		0
26		0
26.125		0
26.25		0
26.375		0
26.5		0
26.625		0
26.75		0
26.875		0
27		0
27.125		0
27.25		0
27.375		0
27.5		0
27.625		0
27.75		0
27.875		0
28		0
28.125		0
28.25		0
28.375		0
28.5		0
28.625		0
28.75		0
28.875		0
29		0
29.125		0
29.25		0
29.375		0
29.5		0
29.625		0
29.75		0
29.875		0
30		0
30.125		0
30.25		0
30.375		0
30.5		0
30.625		0
30.75		0
30.875		0
31		0
31.125		0
31.25		0
31.375		0
31.5		0
31.625		0
31.75		0
31.875		0
32		0
32.125		0
32.25		0
32.375		0
32.5		0
32.625		0
32.75		0
32.875		0
33		0
33.125		0
33.25		0
33.375		0
33.5		0
33.625		0
33.75		0
33.875		0
34		0
34.125		0
34.25		0
34.375		0
34.5		0
34.625		0
34.75		0
34.875		0
35		0
35.125		0
35.25		0
35.375		0
35.5		0
35.625		0
35.75		0
35.875		0
36		0
36.125		0
36.25		0
36.375		0
36.5		0
36.625		0
36.75		0
36.875		0
37		0
37.125		0
37.25		0
37.375		0
37.5		0
37.625		0
37.75		0
37.875		0
38		0
38.125		0
38.25		0
38.375		0
38.5		0
38.625		0
38.75		0
38.875		0
39		0
39.125		0
39.25		0
39.375		0
39.5		0
39.625		0
39.75		0
39.875		0
40		0
40.125		0
40.25		0
40.375		0
40.5		0
40.625		0
40.75		0
40.875		0
41		0
41.125		0
41.25		0
41.375		0
41.5		0
41.625		0
41.75		0
41.875		0
42		0
42.125		0
42.25		0
42.375		0
42.5		0
42.625		0
42.75		0
42.875		0
43		0
43.125		0
43.25		0
43.375		0
43.5		0
43.625		0
43.75		0
43.875		0
44		0
44.125		0
44.25		0
44.375		0
44.5		0
44.625		0
44.75		0
44.875		0
45		0
45.125		0
45.25		0
45.375		0
45.5		0
45.625		0
45.75		0
45.875		0
46		0
46.125		0
46.25		0
46.375		0
46.5		0
46.625		0
46.75		0
46.875		0
47		0
47.125		0
47.25		0
47.375		0
47.5		0
47.625		0
47.75		0
47.875		0
48		0
48.125		0
48.25		0
48.375		0
48.5		0
48.625		0
48.75		0
48.875		0
49		0
49.125		0
49.25		0
49.375		0
49.5		0
49.625		0
49.75		0
49.875		0
50		0
50.125		0
50.25		0
50.375		0
50.5		0
50.625		0
50.75		0
50.875		0
51		0
51.125		0
51.25		0
51.375		0
51.5		0
51.625		0
51.75		0
51.875		0
52		0
52.125		0
52.25		0
52.375		0
52.5		0
52.625		0
52.75		0
52.875		0
53		0
53.125		0
53.25		0
53.375		0
53.5		0
53.625		0
53.75		0
53.875		0
54		0
54.125		0
54.25		0
54.375		0
54.5		0
54.625		0
54.75		0
54.875		0
55		0
55.125		0
55.25		0
55.375		0
55.5		0
55.625		0
55.75		0
55.875		0
56		0
56.125		0
56.25		0
56.375		0
56.5		0
56.625		0
56.75		0
56.875		0
57		0
57.125		0
57.25		0
57.375		0
57.5		0
57.625		0
57.75		0
57.875		0
58		0
58.125		0
58.25		0
58.375		0
58.5		0
58.625		0
58.75		0
58.875		0
59		0
59.125		0
59.25		0
59.375		0
59.5		0
59.625		0
59.75		0
59.875		0
60		0
60.125		0
60.25		0
60.375		0
60.5		0
60.625		0
60.75		0
60.875		0
61		0
61.125		0
61.25		0
61.375		0
61.5		0
61.625		0
61.75		0
61.875		0
62		0
62.125		0
62.25		0
62.375		0
62.5		0
62.625		0
62.75		0
62.875		0
63		0
63.125		0
63.25		0
63.375		0
63.5		0
63.625		0
63.75		0
63.875		0
64		0
64.125		0
64.25		0
64.375		0
64.5		0
64.625		0
64.75		0
64.875		0
65		0
65.125		0
65.25		0
65.375		0
65.5		0
65.625		0
65.75		0
65.875		0
66		0
66.125		0
66.25		0
66.375		0
66.5		0
66.625		0
66.75		0
66.875		0
67		0
67.125		0
67.25		0
67.375		0
67.5		0
67.625		0
67.75		0
67.875		0
68		0
68.125		0
68.25		0
68.375		0
68.5		0
68.625		0
68.75		0
68.875		0
69		0
69.125		0
69.25		0
69.375		0
69.5		0
69.625		0
69.75		0
69.875		0
70		0
70.125		0
70.25		0
70.375		0
70.5		0
70.625		0
70.75		0
70.875		0
71		0
71.125		0
71.25		0
71.375		0
71.5		0
71.625		0
71.75		0
71.875		0
72		0
72.125		0
72.25		0
72.375		0
72.5		0
72.625		0
72.75		0
72.875		0
73		0
73.125		0
73.25		0
73.375		0
73.5		0
73.625		0
73.75		0
73.875		0
74		0
74.125		0
74.25		0
74.375		0
74.5		0
74.625		0
74.75		0
74.875		0
75		0
75.125		0
75.25		0
75.375		0
75.5		0
75.625		0
75.75		0
75.875		0
76		0
76.125		0
76.25		0
76.375		0
76.5		0
76.625		0
76.75		0
76.875		0
77		0
77.125		0
77.25		0
77.375		0
77.5		0
77.625		0
77.75		0
77.875		0
78		0
78.125		0
78.25		0
78.375		0
78.5		0
78.625		0
78.75		0
78.875		0
79		0
79.125		0
79.25		0
79.375		0
79.5		0
79.625		0
79.75		0
79.875		0
80		0
80.125		0
80.25		0
80.375		0
80.5		0
80.625		0
80.75		0
80.875		0
81		0
81.125		0
81.25		0
81.375		0
81.5		0
81.625		0
81.75		0
81.875		0
82		0
82.125		0
82.25		0
82.375		0
82.5		0
82.625		0
82.75		0
82.875		0
83		0
83.125		0
83.25		0
83.375		0
83.5		0
83.625		0
83.75		0
83.875		0
84		0
84.125		0
84.25		0
84.375		0
84.5		0
84.625		0
84.75		0
84.875		0
85		0
85.125		0
85.25		0
85.375		0
85.5		0
85.625		0
85.75		0
85.875		0
86		0
86.125		0
86.25		0
86.375		0
86.5		0
86.625		0
86.75		0
86.875		0
87		0
87.125		0
87.25		0
87.375		0
87.5		0
87.625		0
87.75		0
87.875		0
88		0
88.125		0
88.25		0
88.375		0
88.5		0
88.625		0
88.75		0
88.875		0
89		0
89.125		0
89.25		0
89.375		0
89.5		0
89.625		0
89.75		0
89.875		0
90		0
90.125		0
90.25		0
90.375		0
90.5		0
90.625		0
90.75		0
90.875		0
91		0
91.125		0
91.25		0
91.375		0
91.5		0
91.625		0
91.75		0
91.875		0
92		0
92.125		0
92.25		0
92.375		0
92.5		0
92.625		0
92.75		0
92.875		0
93		0
93.125		0
93.25		0
93.375		0
93.5		0
93.625		0
93.75		0
93.875		0
94		0
94.125		0
94.25		0
94.375		0
94.5		0
94.625		0
94.75		0
94.875		0
95		0
95.125		0
95.25		0
95.375		0
95.5		0
95.625		0
95.75		0
95.875		0
96		0
96.125		0
96.25		0
96.375		0
96.5		0
96.625		0
96.75		0
96.875		0
97		0
97.125		0
97.25		0
97.375		0
97.5		0
97.625		0
97.75		0
97.875		0
98		0
98.125		0
98.25		0
98.375		0
98.5		0
98.625		0
98.75		0
98.875		0
99		0
99.125		0
99.25		0
99.375		0
99.5		0
99.625		0
99.75		0
99.875		0
100		0
100.125		0
100.25		0
100.375		0
100.5		0
100.625		0
100.75		0
100.875		0
101		0
101.125		0
101.25		0
101.375		0
101.5		0
101.625		0
101.75		0
101.875		0
102		0
102.125		0
102.25		0
102.375		0
102.5		0
102.625		0
102.75		0
102.875		0
103		0
103.125		0
103.25		0
103.375		0
103.5		0
103.625		0
103.75		0
103.875		0
104		0
104.125		0
104.25		0
104.375		0
104.5		0
104.625		0
104.75		0
104.875		0
105		0
105.125		0
105.25		0
105.375		0
105.5		0
105.625		0
105.75		0
105.875		0
106		0
106.125		0
106.25		0
106.375		0
106.5		0
106.625		0
106.75		0
106.875		0
107		0
107.125		0
107.25		0
107.375		0
107.5		0
107.625		0
107.75		0
107.875		0
108		0
108.125		0
108.25		0
108.375		0
108.5		0
108.625		0
108.75		0
108.875		0
109		0
109.125		0
109.25		0
109.375		0
109.5		0
109.625		0
109.75		0
109.875		0
110		0
110.125		0
110.25		0
110.375		0
110.5		0
110.625		0
110.75		0
110.875		0
111		0
111.125		0
111.25		0
111.375		0
111.5		0
111.625		0
111.75		0
111.875		0
112		0
112.125		0
112.25		0
112.375		0
112.5		0
112.625		0
112.75		0
112.875		0
113		0
113.125		0
113.25		0
113.375		0
113.5		0
113.625		0
113.75		0
113.875		0
114		0
114.125		0
114.25		0
114.375		0
114.5		0
114.625		0
114.75		0
114.875		0
115		0
115.125		0
115.25		0
115.375		0
115.5		0
115.625		0
115.75		0
115.875		0
116		0
116.125		0
116.25		0
116.375		0
116.5		0
116.625		0
116.75		0
116.875		0
117		0
117.125		0
117.25		0
117.375		0
117.5		0
117.625		0
117.75		0
117.875		0
118		0
118.125		0
118.25		0
118.375		0
118.5		0
118.625		0
118.75		0
118.875		0
119		0
119.125		0
119.25		0
119.375		0
119.5		0
119.625		0
119.75		0
119.875		0
120		0
120.125		0
120.25		0
120.375		0
120.5		0
120.625		0
120.75		0
120.875		0
121		0
121.125		0
121.25		0
121.375		0
121.5		0
121.625		0
121.75		0
121.875		0
122		0
122.125		0
122.25		0
122.375		0
122.5		0
122.625		0
122.75		0
122.875		0
123		0
123.125		0
123.25		0
123.375		0
123.5		0
123.625		0
123.75		0
123.875		0
124		0
124.125		0
124.25		0
124.375		0
124.5		0
124.625		0
124.75		0
124.875		0
125		0
125.125		0
125.25		0
125.375		0
125.5		0
125.625		0
125.75		0
125.875		0
126		0
126.125		0
126.25		0
126.375		0
126.5		0
126.625		0
126.75		0
126.875		0
127		0
127.125		0
127.25		0
127.375		0
127.5		0
127.625		0
127.75		0
127.875		0
128		0
128.125		0
128.25		0
128.375		0
128.5		0
128.625		0
128.75		0
128.875		0
129		0
129.125		0
129.25		0
129.375		0
129.5		0
129.625		0
129.75		0
129.875		0
130		0
130.125		0
130.25		0
130.375		0
130.5		0
130.625		0
130.75		0
130.875		0
131		0
131.125		0
131.25		0
131.375		0
131.5		0
131.625		0
131.75		0
131.875		0
132		0
132.125		0
132.25		0
132.375		0
132.5		0
132.625		0
132.75		0
132.875		0
133		0
133.125		0
133.25		0
133.375		0
133.5		0
133.625		0
133.75		0
133.875		0
134		0
134.125		0
134.25		0
134.375		0
134.5		0
134.625		0
134.75		0
134.875		0
135		0
135.125		0
135.25		0
135.375		0
135.5		0
135.625		0
135.75		0
135.875		0
136		0
136.125		0
136.25		0
136.375		0
136.5		0
136.625		0
136.75		0
136.875		0
137		0
137.125		0
137.25		0
137.375		0
137.5		0
137.625		0
137.75		0
137.875		0
138		0
138.125		0
138.25		0
138.375		0
138.5		0
138.625		0
138.75		0
138.875		0
139		0
139.125		0
139.25		0
139.375		0
139.5		0
139.625		0
139.75		0
139.875		0
140		0
140.125		0
140.25		0
140.375		0
140.5		0
140.625		0
140.75		0
140.875		0
141		0
141.125		0
141.25		0
141.375		0
141.5		0
141.625		0
141.75		0
141.875		0
142		0
142.125		0
142.25		0
142.375		0
142.5		0
142.625		0
142.75		0
142.875		0
143		0
143.125		0
143.25		0
143.375		0
143.5		0
143.625		0
143.75		0
143.875		0
144		0
144.125		0
144.25		0
144.375		0
144.5		0
144.625		0
144.75		0
144.875		0
145		0
145.125		0
145.25		0
145.375		0
145.5		0
145.625		0
145.75		0
145.875		0
146		0
146.125		0
146.25		0
146.375		0
146.5		0
146.625		0
146.75		0
146.875		0
147		0
147.125		0
147.25		0
147.375		0
147.5		0
147.625		0
147.75		0
147.875		0
148		0
148.125		0
148.25		0
148.375		0
148.5		0
148.625		0
148.75		0
148.875		0
149		0
149.125		0
149.25		0
149.375		0
149.5		0
149.625		0
149.75		0
149.875		0
150		0
150.125		0
150.25		0
150.375		0
150.5		0
150.625		0
150.75		0
150.875		0
151		0
151.125		0
151.25		0
151.375		0
151.5		0
151.625		0
151.75		0
151.875		0
152		0
152.125		0
152.25		0
152.375		0
152.5		0
152.625		0
152.75		0
152.875		0
153		0
153.125		0
153.25		0
153.375		0
153.5		0
153.625		0
153.75		0
153.875		0
154		0
154.125		0
154.25		0
154.375		0
154.5		0
154.625		0
154.75		0
154.875		0
155		0
155.125		0.142857
155.25		0.142857
155.375		0.142857
155.5		0.142857
155.625		0.142857
155.75		0.142857
155.875		0.142857
156		0.142857
156.125		0.142857
156.25		0.142857
156.375		0.142857
156.5		0.142857
156.625		0.142857
156.75		0.142857
156.875		0.142857
157		0.142857
157.125		0.142857
157.25		0.142857
157.375		0.142857
157.5		0.142857
157.625		0.142857
157.75		0.142857
157.875		0.142857
158		0.142857
158.125		0.142857
158.25		0.142857
158.375		0.142857
158.5		0.142857
158.625		0.142857
158.75		0.142857
158.875		0.142857
159		0.142857
159.125		0.142857
159.25		0.142857
159.375		0.142857
159.5		0.142857
159.625		0.142857
159.75		0.142857
159.875		0.142857
160		0.142857
160.125		0.142857
160.25		0.142857
160.375		0.142857
160.5		0.142857
160.625		0.142857
160.75		0.142857
160.875		0.142857
161		0.142857
161.125		0.142857
161.25		0.142857
161.375		0.142857
161.5		0.142857
161.625		0.142857
161.75		0.142857
161.875		0.142857
162		0.142857
162.125		0.142857
162.25		0.142857
162.375		0.142857
162.5		0.142857
162.625		0.142857
162.75		0.142857
162.875		0.142857
163		0.142857
163.125		0.142857
163.25		0.142857
163.375		0.142857
163.5		0.142857
163.625		0.142857
163.75		0.142857
163.875		0.142857
164		0.142857
164.125		0.142857
164.25		0.142857
164.375		0.142857
164.5		0.142857
164.625		0.142857
164.75		0.142857
164.875		0.142857
165		0.142857
165.125		0.142857
165.25		0.142857
165.375		0.142857
165.5		0.142857
165.625		0.142857
165.75		0.142857
165.875		0.142857
166		0.142857
166.125		0.142857
166.25		0.142857
166.375		0.142857
166.5		0.142857
166.625		0.142857
166.75		0.142857
166.875		0.142857
167		0.142857
167.125		0.142857
167.25		0.142857
167.375		0.142857
167.5		0.142857
167.625		0.142857
167.75		0.142857
167.875		0.142857
168		0.142857
168.125		0.142857
168.25		0.142857
168.375		0.142857
168.5		0.142857
168.625		0.142857
168.75		0.142857
168.875		0.142857
169		0.142857
169.125		0.142857
169.25		0.142857
169.375		0.142857
169.5		0.142857
169.625		0.142857
169.75		0.142857
169.875		0.142857
170		0.142857
170.125		0.142857
170.25		0.142857
170.375		0.142857
170.5		0.142857
170.625		0.142857
170.75		0.142857
170.875		0.142857
171		0.142857
171.125		0.142857
171.25		0.142857
171.375		0.142857
171.5		0.142857
171.625		0.142857
171.75		0.142857
171.875		0.142857
172		0.142857
172.125		0.142857
172.25		0.142857
172.375		0.142857
172.5		0.142857
172.625		0.142857
172.75		0.142857
172.875		0.142857
173		0.142857
173.125		0.142857
173.25		0.142857
173.375		0.142857
173.5		0.142857
173.625		0.142857
173.75		0.142857
173.875		0.142857
174		0.142857
174.125		0.142857
174.25		0.142857
174.375		0.142857
174.5		0.142857
174.625		0.142857
174.75		0.142857
174.875		0.142857
175		0.142857
175.125		0.142857
175.25		0.142857
175.375		0.142857
175.5		0.142857
175.625		0.142857
175.75		0.142857
175.875		0.142857
176		0.142857
176.125		0.142857
176.25		0.142857
176.375		0.142857
176.5		0.142857
176.625		0.142857
176.75		0.142857
176.875		0.142857
177		0.142857
177.125		0.142857
177.25		0.142857
177.375		0.142857
177.5		0.142857
177.625		0.142857
177.75		0.142857
177.875		0.142857
178		0.142857
178.125		0.142857
178.25		0.142857
178.375		0.142857
178.5		0.142857
178.625		0.142857
178.75		0.142857
178.875		0.142857
179		0.142857
179.125		0.142857
179.25		0.142857
179.375		0.142857
179.5		0.142857
179.625		0.142857
179.75		0.142857
179.875		0.142857
180		0.142857
180.125		0.142857
180.25		0.142857
180.375		0.142857
180.5		0.142857
180.625		0.142857
180.75		0.142857
180.875		0.142857
181		0.142857
181.125		0.142857
181.25		0.142857
181.375		0.142857
181.5		0.142857
181.625		0.142857
181.75		0.142857
181.875		0.142857
182		0.142857
182.125		0.142857
182.25		0.142857
182.375		0.142857
182.5		0.142857
182.625		0.142857
182.75		0.142857
182.875		0.142857
183		0.142857
183.125		0.142857
183.25		0.142857
183.375		0.142857
183.5		0.142857
183.625		0.142857
183.75		0.142857
183.875		0.142857
184		0.142857
184.125		0.142857
184.25		0.142857
184.375		0.142857
184.5		0.142857
184.625		0.142857
184.75		0.142857
184.875		0.142857
185		0.142857
185.125		0.142857
185.25		0.142857
185.375		0.142857
185.5		0.142857
185.625		0.142857
185.75		0.142857
185.875		0.142857
186		0.142857
186.125		0.142857
186.25		0.142857
186.375		0.142857
186.5		0.142857
186.625		0.142857
186.75		0.142857
186.875		0.142857
187		0.142857
187.125		0.142857
187.25		0.142857
187.375		0.142857
187.5		0.142857
187.625		0.142857
187.75		0.142857
187.875		0.142857
188		0.142857
188.125		0.142857
188.25		0.142857
188.375		0.142857
188.5		0.142857
188.625		0.142857
188.75		0.142857
188.875		0.142857
189		0.142857
189.125		0.142857
189.25		0.142857
189.375		0.142857
189.5		0.142857
189.625		0.142857
189.75		0.142857
189.875		0.142857
190		0.142857
190.125		0.142857
190.25		0.142857
190.375		0.142857
190.5		0.142857
190.625		0.142857
190.75		0.142857
190.875		0.142857
191		0.142857
191.125		0.142857
191.25		0.142857
191.375		0.142857
191.5		0.142857
191.625		0.142857
191.75		0.142857
191.875		0.142857
192		0.142857
192.125		0.142857
192.25		0.142857
192.375		0.142857
192.5		0.142857
192.625		0.142857
192.75		0.142857
192.875		0.142857
193		0.142857
193.125		0.142857
193.25		0.142857
193.375		0.142857
193.5		0.142857
193.625		0.142857
193.75		0.142857
193.875		0.142857
194		0.142857
194.125		0.142857
194.25		0.142857
194.375		0.142857
194.5		0.142857
194.625		0.142857
194.75		0.142857
194.875		0.142857
195		0.142857
195.125		0.142857
195.25		0.142857
195.375		0.142857
195.5		0.142857
195.625		0.142857
195.75		0.142857
195.875		0.142857
196		0.142857
196.125		0.142857
196.25		0.142857
196.375		0.142857
196.5		0.142857
196.625		0.142857
196.75		0.142857
196.875		0.142857
197		0.142857
197.125		0.142857
197.25		0.142857
197.375		0.142857
197.5		0.142857
197.625		0.142857
197.75		0.142857
197.875		0.142857
198		0.142857
198.125		0.142857
198.25		0.142857
198.375		0.142857
198.5		0.142857
198.625		0.142857
198.75		0.142857
198.875		0.142857
199		0.142857
199.125		0.142857
199.25		0.142857
199.375		0.142857
199.5		0.142857
199.625		0.142857
199.75		0.142857
199.875		0.142857
200		0.142857
200.125		0.142857
200.25		0.142857
200.375		0.142857
200.5		0.142857
200.625		0.142857
200.75		0.142857
200.875		0.142857
201		0.142857
201.125		0.142857
201.25		0.142857
201.375		0.142857
201.5		0.142857
201.625		0.142857
201.75		0.142857
201.875		0.142857
202		0.142857
202.125		0.142857
202.25		0.142857
202.375		0.142857
202.5		0.142857
202.625		0.142857
202.75		0.142857
202.875		0.142857
203		0.142857
203.125		0.142857
203.25		0.142857
203.375		0.142857
203.5		0.142857
203.625		0.142857
203.75		0.142857
203.875		0.142857
204		0.142857
204.125		0.142857
204.25		0.142857
204.375		0.142857
204.5		0.142857
204.625		0.142857
204.75		0.142857
204.875		0.142857
205		0.142857
205.125		0.142857
205.25		0.142857
205.375		0.142857
205.5		0.142857
205.625		0.142857
205.75		0.142857
205.875		0.142857
206		0.142857
206.125		0.142857
206.25		0.142857
206.375		0.142857
206.5		0.142857
206.625		0.142857
206.75		0.142857
206.875		0.142857
207		0.142857
207.125		0.142857
207.25		0.142857
207.375		0.142857
207.5		0.142857
207.625		0.142857
207.75		0.142857
207.875		0.142857
208		0.142857
208.125		0.142857
208.25		0.142857
208.375		0.142857
208.5		0.142857
208.625		0.142857
208.75		0.142857
208.875		0.142857
209		0.142857
209.125		0.142857
209.25		0.142857
209.375		0.142857
209.5		0.142857
209.625		0.142857
209.75		0.142857
209.875		0.142857
210		0.142857
210.125		0.285714
210.25		0.285714
210.375		0.285714
210.5		0.285714
210.625		0.285714
210.75		0.285714
210.875		0.285714
211		0.285714
211.125		0.285714
211.25		0.285714
211.375		0.285714
211.5		0.285714
211.625		0.285714
211.75		0.285714
211.875		0.285714
212		0.285714
212.125		0.285714
212.25		0.285714
212.375		0.285714
212.5		0.285714
212.625		0.285714
212.75		0.285714
212.875		0.285714
213		0.285714
213.125		0.285714
213.25		0.285714
213.375		0.285714
213.5		0.285714
213.625		0.285714
213.75		0.285714
213.875		0.285714
214		0.285714
214.125		0.285714
214.25		0.285714
214.375		0.285714
214.5		0.285714
214.625		0.285714
214.75		0.285714
214.875		0.285714
215		0.285714
215.125		0.285714
215.25		0.285714
215.375		0.285714
215.5		0.285714
215.625		0.285714
215.75		0.285714
215.875		0.285714
216		0.285714
216.125		0.285714
216.25		0.285714
216.375		0.285714
216.5		0.285714
216.625		0.285714
216.75		0.285714
216.875		0.285714
217		0.285714
217.125		0.285714
217.25		0.285714
217.375		0.285714
217.5		0.285714
217.625		0.285714
217.75		0.285714
217.875		0.285714
218		0.285714
218.125		0.285714
218.25		0.285714
218.375		0.285714
218.5		0.285714
218.625		0.285714
218.75		0.285714
218.875		0.285714
219		0.285714
219.125		0.285714
219.25		0.285714
219.375		0.285714
219.5		0.285714
219.625		0.285714
219.75		0.285714
219.875		0.285714
220		0.285714
220.125		0.285714
220.25		0.285714
220.375		0.285714
220.5		0.285714
220.625		0.285714
220.75		0.285714
220.875		0.285714
221		0.285714
221.125		0.285714
221.25		0.285714
221.375		0.285714
221.5		0.285714
221.625		0.285714
221.75		0.285714
221.875		0.285714
222		0.285714
222.125		0.285714
222.25		0.285714
222.375		0.285714
222.5		0.285714
222.625		0.285714
222.75		0.285714
222.875		0.285714
223		0.285714
223.125		0.285714
223.25		0.285714
223.375		0.285714
223.5		0.285714
223.625		0.285714
223.75		0.285714
223.875		0.285714
224		0.285714
224.125		0.285714
224.25		0.285714
224.375		0.285714
224.5		0.285714
224.625		0.285714
224.75		0.285714
224.875		0.285714
225		0.285714
225.125		0.285714
225.25		0.285714
225.375		0.285714
225.5		0.285714
225.625		0.285714
225.75		0.285714
225.875		0.285714
226		0.285714
226.125		0.285714
226.25		0.285714
226.375		0.285714
226.5		0.285714
226.625		0.285714
226.75		0.285714
226.875		0.285714
227		0.285714
227.125		0.285714
227.25		0.285714
227.375		0.285714
227.5		0.285714
227.625		0.285714
227.75		0.285714
227.875		0.285714
228		0.285714
228.125		0.285714
228.25		0.285714
228.375		0.285714
228.5		0.285714
228.625		0.285714
228.75		0.285714
228.875		0.285714
229		0.285714
229.125		0.285714
229.25		0.285714
229.375		0.285714
229.5		0.285714
229.625		0.285714
229.75		0.285714
229.875		0.285714
230		0.285714
230.125		0.285714
230.25		0.285714
230.375		0.285714
230.5		0.285714
230.625		0.285714
230.75		0.285714
230.875		0.285714
231		0.285714
231.125		0.285714
231.25		0.285714
231.375		0.285714
231.5		0.285714
231.625		0.285714
231.75		0.285714
231.875		0.285714
232		0.285714
232.125		0.285714
232.25		0.285714
232.375		0.285714
232.5		0.285714
232.625		0.285714
232.75		0.285714
232.875		0.285714
233		0.285714
233.125		0.285714
233.25		0.285714
233.375		0.285714
233.5		0.285714
233.625		0.285714
233.75		0.285714
233.875		0.285714
234		0.285714
234.125		0.285714
234.25		0.285714
234.375		0.285714
234.5		0.285714
234.625		0.285714
234.75		0.285714
234.875		0.285714
235		0.285714
235.125		0.285714
235.25		0.285714
235.375		0.285714
235.5		0.285714
235.625		0.285714
235.75		0.285714
235.875		0.285714
236		0.285714
236.125		0.285714
236.25		0.285714
236.375		0.285714
236.5		0.285714
236.625		0.285714
236.75		0.285714
236.875		0.285714
237		0.285714
237.125		0.285714
237.25		0.285714
237.375		0.285714
237.5		0.285714
237.625		0.285714
237.75		0.285714
237.875		0.285714
238		0.285714
238.125		0.285714
238.25		0.285714
238.375		0.285714
238.5		0.285714
238.625		0.285714
238.75		0.285714
238.875		0.285714
239		0.285714
239.125		0.285714
239.25		0.285714
239.375		0.285714
239.5		0.285714
239.625		0.285714
239.75		0.285714
239.875		0.285714
240		0.285714
240.125		0.285714
240.25		0.285714
240.375		0.285714
240.5		0.285714
240.625		0.285714
240.75		0.285714
240.875		0.285714
241		0.285714
241.125		0.285714
241.25		0.285714
241.375		0.285714
241.5		0.285714
241.625		0.285714
241.75		0.285714
241.875		0.285714
242		0.285714
242.125		0.285714
242.25		0.285714
242.375		0.285714
242.5		0.285714
242.625		0.285714
242.75		0.285714
242.875		0.285714
243		0.285714
243.125		0.285714
243.25		0.285714
243.375		0.285714
243.5		0.285714
243.625		0.285714
243.75		0.285714
243.875		0.285714
244		0.285714
244.125		0.285714
244.25		0.285714
244.375		0.285714
244.5		0.285714
244.625		0.285714
244.75		0.285714
244.875		0.285714
245		0.285714
245.125		0.285714
245.25		0.285714
245.375		0.285714
245.5		0.285714
245.625		0.285714
245.75		0.285714
245.875		0.285714
246		0.285714
246.125		0.285714
246.25		0.285714
246.375		0.285714
246.5		0.285714
246.625		0.285714
246.75		0.285714
246.875		0.285714
247		0.285714
247.125		0.285714
247.25		0.285714
247.375		0.285714
247.5		0.285714
247.625		0.285714
247.75		0.285714
247.875		0.285714
248		0.285714
248.125		0.285714
248.25		0.285714
248.375		0.285714
248.5		0.285714
248.625		0.285714
248.75		0.285714
248.875		0.285714
249		0.285714
249.125		0.285714
249.25		0.285714
249.375		0.285714
249.5		0.285714
249.625		0.285714
249.75		0.285714
249.875		0.285714
250		0.285714
250.125		0.428571
250.25		0.428571
250.375		0.428571
250.5		0.428571
250.625		0.428571
250.75		0.428571
250.875		0.428571
251		0.428571
251.125		0.428571
251.25		0.428571
251.375		0.428571
251.5		0.428571
251.625		0.428571
251.75		0.428571
251.875		0.428571
252		0.428571
252.125		0.428571
252.25		0.428571
252.375		0.428571
252.5		0.428571
252.625		0.428571
252.75		0.428571
252.875		0.428571
253		0.428571
253.125		0.428571
253.25		0.428571
253.375		0.428571
253.5		0.428571
253.625		0.428571
253.75		0.428571
253.875		0.428571
254		0.428571
254.125		0.428571
254.25		0.428571
254.375		0.428571
254.5		0.428571
254.625		0.428571
254.75		0.428571
254.875		0.428571
255		0.428571
255.125		0.428571
255.25		0.428571
255.375		0.428571
255.5		0.428571
255.625		0.428571
255.75		0.428571
255.875		0.428571
256		0.428571
256.125		0.428571
256.25		0.428571
256.375		0.428571
256.5		0.428571
256.625		0.428571
256.75		0.428571
256.875		0.428571
257		0.428571
257.125		0.428571
257.25		0.428571
257.375		0.428571
257.5		0.428571
257.625		0.428571
257.75		0.428571
257.875		0.428571
258		0.428571
258.125		0.428571
258.25		0.428571
258.375		0.428571
258.5		0.428571
258.625		0.428571
258.75		0.428571
258.875		0.428571
259		0.428571
259.125		0.428571
259.25		0.428571
259.375		0.428571
259.5		0.428571
259.625		0.428571
259.75		0.428571
259.875		0.428571
260		0.428571
260.125		0.428571
260.25		0.428571
260.375		0.428571
260.5		0.428571
260.625		0.428571
260.75		0.428571
260.875		0.428571
261		0.428571
261.125		0.428571
261.25		0.428571
261.375		0.428571
261.5		0.428571
261.625		0.428571
261.75		0.428571
261.875		0.428571
262		0.428571
262.125		0.428571
262.25		0.428571
262.375		0.428571
262.5		0.428571
262.625		0.428571
262.75		0.428571
262.875		0.428571
263		0.428571
263.125		0.428571
263.25		0.428571
263.375		0.428571
263.5		0.428571
263.625		0.428571
263.75		0.428571
263.875		0.428571
264		0.428571
264.125		0.428571
264.25		0.428571
264.375		0.428571
264.5		0.428571
264.625		0.428571
264.75		0.428571
264.875		0.428571
265		0.428571
265.125		0.428571
265.25		0.428571
265.375		0.428571
265.5		0.428571
265.625		0.428571
265.75		0.428571
265.875		0.428571
266		0.428571
266.125		0.428571
266.25		0.428571
266.375		0.428571
266.5		0.428571
266.625		0.428571
266.75		0.428571
266.875		0.428571
267		0.428571
267.125		0.428571
267.25		0.428571
267.375		0.428571
267.5		0.428571
267.625		0.428571
267.75		0.428571
267.875		0.428571
268		0.428571
268.125		0.428571
268.25		0.428571
268.375		0.428571
268.5		0.428571
268.625		0.428571
268.75		0.428571
268.875		0.428571
269		0.428571
269.125		0.428571
269.25		0.428571
269.375		0.428571
269.5		0.428571
269.625		0.428571
269.75		0.428571
269.875		0.428571
270		0.428571
270.125		0.428571
270.25		0.428571
270.375		0.428571
270.5		0.428571
270.625		0.428571
270.75		0.428571
270.875		0.428571
271		0.428571
271.125		0.428571
271.25		0.428571
271.375		0.428571
271.5		0.428571
271.625		0.428571
271.75		0.428571
271.875		0.428571
272		0.428571
272.125		0.428571
272.25		0.428571
272.375		0.428571
272.5		0.428571
272.625		0.428571
272.75		0.428571
272.875		0.428571
273		0.428571
273.125		0.428571
273.25		0.428571
273.375		0.428571
273.5		0.428571
273.625		0.428571
273.75		0.428571
273.875		0.428571
274		0.428571
274.125		0.428571
274.25		0.428571
274.375		0.428571
274.5		0.428571
274.625		0.428571
274.75		0.428571
274.875		0.428571
275		0.428571
275.125		0.428571
275.25		0.428571
275.375		0.428571
275.5		0.428571
275.625		0.428571
275.75		0.428571
275.875		0.428571
276		0.428571
276.125		0.428571
276.25		0.428571
276.375		0.428571
276.5		0.428571
276.625		0.428571
276.75		0.428571
276.875		0.428571
277		0.428571
277.125		0.428571
277.25		0.428571
277.375		0.428571
277.5		0.428571
277.625		0.428571
277.75		0.428571
277.875		0.428571
278		0.428571
278.125		0.428571
278.25		0.428571
278.375		0.428571
278.5		0.428571
278.625		0.428571
278.75		0.428571
278.875		0.428571
279		0.428571
279.125		0.428571
279.25		0.428571
279.375		0.428571
279.5		0.428571
279.625		0.428571
279.75		0.428571
279.875		0.428571
280		0.428571
280.125		0.428571
280.25		0.428571
280.375		0.428571
280.5		0.428571
280.625		0.428571
280.75		0.428571
280.875		0.428571
281		0.428571
281.125		0.428571
281.25		0.428571
281.375		0.428571
281.5		0.428571
281.625		0.428571
281.75		0.428571
281.875		0.428571
282		0.428571
282.125		0.428571
282.25		0.428571
282.375		0.428571
282.5		0.428571
282.625		0.428571
282.75		0.428571
282.875		0.428571
283		0.428571
283.125		0.428571
283.25		0.428571
283.375		0.428571
283.5		0.428571
283.625		0.428571
283.75		0.428571
283.875		0.428571
284		0.428571
284.125		0.428571
284.25		0.428571
284.375		0.428571
284.5		0.428571
284.625		0.428571
284.75		0.428571
284.875		0.428571
285		0.428571
285.125		0.428571
285.25		0.428571
285.375		0.428571
285.5		0.428571
285.625		0.428571
285.75		0.428571
285.875		0.428571
286		0.428571
286.125		0.428571
286.25		0.428571
286.375		0.428571
286.5		0.428571
286.625		0.428571
286.75		0.428571
286.875		0.428571
287		0.428571
287.125		0.428571
287.25		0.428571
287.375		0.428571
287.5		0.428571
287.625		0.428571
287.75		0.428571
287.875		0.428571
288		0.428571
288.125		0.428571
288.25		0.428571
288.375		0.428571
288.5		0.428571
288.625		0.428571
288.75		0.428571
288.875		0.428571
289		0.428571
289.125		0.428571
289.25		0.428571
289.375		0.428571
289.5		0.428571
289.625		0.428571
289.75		0.428571
289.875		0.428571
290		0.428571
290.125		0.428571
290.25		0.428571
290.375		0.428571
290.5		0.428571
290.625		0.428571
290.75		0.428571
290.875		0.428571
291		0.428571
291.125		0.428571
291.25		0.428571
291.375		0.428571
291.5		0.428571
291.625		0.428571
291.75		0.428571
291.875		0.428571
292		0.428571
292.125		0.428571
292.25		0.428571
292.375		0.428571
292.5		0.428571
292.625		0.428571
292.75		0.428571
292.875		0.428571
293		0.428571
293.125		0.428571
293.25		0.428571
293.375		0.428571
293.5		0.428571
293.625		0.428571
293.75		0.428571
293.875		0.428571
294		0.428571
294.125		0.428571
294.25		0.428571
294.375		0.428571
294.5		0.428571
294.625		0.428571
294.75		0.428571
294.875		0.428571
295		0.428571
295.125		0.428571
295.25		0.428571
295.375		0.428571
295.5		0.428571
295.625		0.428571
295.75		0.428571
295.875		0.428571
296		0.428571
296.125		0.428571
296.25		0.428571
296.375		0.428571
296.5		0.428571
296.625		0.428571
296.75		0.428571
296.875		0.428571
297		0.428571
297.125		0.428571
297.25		0.428571
297.375		0.428571
297.5		0.428571
297.625		0.428571
297.75		0.428571
297.875		0.428571
298		0.428571
298.125		0.428571
298.25		0.428571
298.375		0.428571
298.5		0.428571
298.625		0.428571
298.75		0.428571
298.875		0.428571
299		0.428571
299.125		0.428571
299.25		0.428571
299.375		0.428571
299.5		0.428571
299.625		0.428571
299.75		0.428571
299.875		0.428571
300		0.428571
300.125		0.428571
300.25		0.428571
300.375		0.428571
300.5		0.428571
300.625		0.428571
300.75		0.428571
300.875		0.428571
301		0.428571
301.125		0.428571
301.25		0.428571
301.375		0.428571
301.5		0.428571
301.625		0.428571
301.75		0.428571
301.875		0.428571
302		0.428571
302.125		0.428571
302.25		0.428571
302.375		0.428571
302.5		0.428571
302.625		0.428571
302.75		0.428571
302.875		0.428571
303		0.428571
303.125		0.428571
303.25		0.428571
303.375		0.428571
303.5		0.428571
303.625		0.428571
303.75		0.428571
303.875		0.428571
304		0.428571
304.125		0.428571
304.25		0.428571
304.375		0.428571
304.5		0.428571
304.625		0.428571
304.75		0.428571
304.875		0.428571
305		0.428571
305.125		0.428571
305.25		0.428571
305.375		0.428571
305.5		0.428571
305.625		0.428571
305.75		0.428571
305.875		0.428571
306		0.428571
306.125		0.428571
306.25		0.428571
306.375		0.428571
306.5		0.428571
306.625		0.428571
306.75		0.428571
306.875		0.428571
307		0.428571
307.125		0.428571
307.25		0.428571
307.375		0.428571
307.5		0.428571
307.625		0.428571
307.75		0.428571
307.875		0.428571
308		0.428571
308.125		0.428571
308.25		0.428571
308.375		0.428571
308.5		0.428571
308.625		0.428571
308.75		0.428571
308.875		0.428571
309		0.428571
309.125		0.428571
309.25		0.428571
309.375		0.428571
309.5		0.428571
309.625		0.428571
309.75		0.428571
309.875		0.428571
310		0.428571
310.125		0.428571
310.25		0.428571
310.375		0.428571
310.5		0.428571
310.625		0.428571
310.75		0.428571
310.875		0.428571
311		0.428571
311.125		0.428571
311.25		0.428571
311.375		0.428571
311.5		0.428571
311.625		0.428571
311.75		0.428571
311.875		0.428571
312		0.428571
312.125		0.428571
312.25		0.428571
312.375		0.428571
312.5		0.428571
312.625		0.428571
312.75		0.428571
312.875		0.428571
313		0.428571
313.125		0.428571
313.25		0.428571
313.375		0.428571
313.5		0.428571
313.625		0.428571
313.75		0.428571
313.875		0.428571
314		0.428571
314.125		0.428571
314.25		0.428571
314.375		0.428571
314.5		0.428571
314.625		0.428571
314.75		0.428571
314.875		0.428571
315		0.428571
315.125		0.428571
315.25		0.428571
315.375		0.428571
315.5		0.428571
315.625		0.428571
315.75		0.428571
315.875		0.428571
316		0.428571
316.125		0.428571
316.25		0.428571
316.375		0.428571
316.5		0.428571
316.625		0.428571
316.75		0.428571
316.875		0.428571
317		0.428571
317.125		0.428571
317.25		0.428571
317.375		0.428571
317.5		0.428571
317.625		0.428571
317.75		0.428571
317.875		0.428571
318		0.428571
318.125		0.428571
318.25		0.428571
318.375		0.428571
318.5		0.428571
318.625		0.428571
318.75		0.428571
318.875		0.428571
319		0.428571
319.125		0.428571
319.25		0.428571
319.375		0.428571
319.5		0.428571
319.625		0.428571
319.75		0.428571
319.875		0.428571
320		0.428571
320.125		0.428571
320.25		0.428571
320.375		0.428571
320.5		0.428571
320.625		0.428571
320.75		0.428571
320.875		0.428571
321		0.428571
321.125		0.428571
321.25		0.428571
321.375		0.428571
321.5		0.428571
321.625		0.428571
321.75		0.428571
321.875		0.428571
322		0.428571
322.125		0.428571
322.25		0.428571
322.375		0.428571
322.5		0.428571
322.625		0.428571
322.75		0.428571
322.875		0.428571
323		0.428571
323.125		0.428571
323.25		0.428571
323.375		0.428571
323.5		0.428571
323.625		0.428571
323.75		0.428571
323.875		0.428571
324		0.428571
324.125		0.428571
324.25		0.428571
324.375		0.428571
324.5		0.428571
324.625		0.428571
324.75		0.428571
324.875		0.428571
325		0.428571
325.125		0.428571
325.25		0.428571
325.375		0.428571
325.5		0.428571
325.625		0.428571
325.75		0.428571
325.875		0.428571
326		0.428571
326.125		0.428571
326.25		0.428571
326.375		0.428571
326.5		0.428571
326.625		0.428571
326.75		0.428571
326.875		0.428571
327		0.428571
327.125		0.428571
327.25		0.428571
327.375		0.428571
327.5		0.428571
327.625		0.428571
327.75		0.428571
327.875		0.428571
328		0.428571
328.125		0.428571
328.25		0.428571
328.375		0.428571
328.5		0.428571
328.625		0.428571
328.75		0.428571
328.875		0.428571
329		0.428571
329.125		0.428571
329.25		0.428571
329.375		0.428571
329.5		0.428571
329.625		0.428571
329.75		0.428571
329.875		0.428571
330		0.428571
330.125		0.571429
330.25		0.571429
330.375		0.571429
330.5		0.571429
330.625		0.571429
330.75		0.571429
330.875		0.571429
331		0.571429
331.125		0.571429
331.25		0.571429
331.375		0.571429
331.5		0.571429
331.625		0.571429
331.75		0.571429
331.875		0.571429
332		0.571429
332.125		0.571429
332.25		0.571429
332.375		0.571429
332.5		0.571429
332.625		0.571429
332.75		0.571429
332.875		0.571429
333		0.571429
333.125		0.571429
333.25		0.571429
333.375		0.571429
333.5		0.571429
333.625		0.571429
333.75		0.571429
333.875		0.571429
334		0.571429
334.125		0.571429
334.25		0.571429
334.375		0.571429
334.5		0.571429
334.625		0.571429
334.75		0.571429
334.875		0.571429
335		0.571429
335.125		0.714286
335.25		0.714286
335.375		0.714286
335.5		0.714286
335.625		0.714286
335.75		0.714286
335.875		0.714286
336		0.714286
336.125		0.714286
336.25		0.714286
336.375		0.714286
336.5		0.714286
336.625		0.714286
336.75		0.714286
336.875		0.714286
337		0.714286
337.125		0.714286
337.25		0.714286
337.375		0.714286
337.5		0.714286
337.625		0.714286
337.75		0.714286
337.875		0.714286
338		0.714286
338.125		0.714286
338.25		0.714286
338.375		0.714286
338.5		0.714286
338.625		0.714286
338.75		0.714286
338.875		0.714286
339		0.714286
339.125		0.714286
339.25		0.714286
339.375		0.714286
339.5		0.714286
339.625		0.714286
339.75		0.714286
339.875		0.714286
340		0.714286
340.125		0.714286
340.25		0.714286
340.375		0.714286
340.5		0.714286
340.625		0.714286
340.75		0.714286
340.875		0.714286
341		0.714286
341.125		0.714286
341.25		0.714286
341.375		0.714286
341.5		0.714286
341.625		0.714286
341.75		0.714286
341.875		0.714286
342		0.714286
342.125		0.714286
342.25		0.714286
342.375		0.714286
342.5		0.714286
342.625		0.714286
342.75		0.714286
342.875		0.714286
343		0.714286
343.125		0.714286
343.25		0.714286
343.375		0.714286
343.5		0.714286
343.625		0.714286
343.75		0.714286
343.875		0.714286
344		0.714286
344.125		0.714286
344.25		0.714286
344.375		0.714286
344.5		0.714286
344.625		0.714286
344.75		0.714286
344.875		0.714286
345		0.714286
345.125		0.714286
345.25		0.714286
345.375		0.714286
345.5		0.714286
345.625		0.714286
345.75		0.714286
345.875		0.714286
346		0.714286
346.125		0.714286
346.25		0.714286
346.375		0.714286
346.5		0.714286
346.625		0.714286
346.75		0.714286
346.875		0.714286
347		0.714286
347.125		0.714286
347.25		0.714286
347.375		0.714286
347.5		0.714286
347.625		0.714286
347.75		0.714286
347.875		0.714286
348		0.714286
348.125		0.714286
348.25		0.714286
348.375		0.714286
348.5		0.714286
348.625		0.714286
348.75		0.714286
348.875		0.714286
349		0.714286
349.125		0.714286
349.25		0.714286
349.375		0.714286
349.5		0.714286
349.625		0.714286
349.75		0.714286
349.875		0.714286
350		0.714286
350.125		0.714286
350.25		0.714286
350.375		0.714286
350.5		0.714286
350.625		0.714286
350.75		0.714286
350.875		0.714286
351		0.714286
351.125		0.714286
351.25		0.714286
351.375		0.714286
351.5		0.714286
351.625		0.714286
351.75		0.714286
351.875		0.714286
352		0.714286
352.125		0.714286
352.25		0.714286
352.375		0.714286
352.5		0.714286
352.625		0.714286
352.75		0.714286
352.875		0.714286
353		0.714286
353.125		0.714286
353.25		0.714286
353.375		0.714286
353.5		0.714286
353.625		0.714286
353.75		0.714286
353.875		0.714286
354		0.714286
354.125		0.714286
354.25		0.714286
354.375		0.714286
354.5		0.714286
354.625		0.714286
354.75		0.714286
354.875		0.714286
355		0.714286
355.125		0.714286
355.25		0.714286
355.375		0.714286
355.5		0.714286
355.625		0.714286
355.75		0.714286
355.875		0.714286
356		0.714286
356.125		0.714286
356.25		0.714286
356.375		0.714286
356.5		0.714286
356.625		0.714286
356.75		0.714286
356.875		0.714286
357		0.714286
357.125		0.714286
357.25		0.714286
357.375		0.714286
357.5		0.714286
357.625		0.714286
357.75		0.714286
357.875		0.714286
358		0.714286
358.125		0.714286
358.25		0.714286
358.375		0.714286
358.5		0.714286
358.625		0.714286
358.75		0.714286
358.875		0.714286
359		0.714286
359.125		0.714286
359.25		0.714286
359.375		0.714286
359.5		0.714286
359.625		0.714286
359.75		0.714286
359.875		0.714286
360		0.714286
360.125		0.714286
360.25		0.714286
360.375		0.714286
360.5		0.714286
360.625		0.714286
360.75		0.714286
360.875		0.714286
361		0.714286
361.125		0.714286
361.25		0.714286
361.375		0.714286
361.5		0.714286
361.625		0.714286
361.75		0.714286
361.875		0.714286
362		0.714286
362.125		0.714286
362.25		0.714286
362.375		0.714286
362.5		0.714286
362.625		0.714286
362.75		0.714286
362.875		0.714286
363		0.714286
363.125		0.714286
363.25		0.714286
363.375		0.714286
363.5		0.714286
363.625		0.714286
363.75		0.714286
363.875		0.714286
364		0.714286
364.125		0.714286
364.25		0.714286
364.375		0.714286
364.5		0.714286
364.625		0.714286
364.75		0.714286
364.875		0.714286
365		0.714286
365.125		0.714286
365.25		0.714286
365.375		0.714286
365.5		0.714286
365.625		0.714286
365.75		0.714286
365.875		0.714286
366		0.714286
366.125		0.714286
366.25		0.714286
366.375		0.714286
366.5		0.714286
366.625		0.714286
366.75		0.714286
366.875		0.714286
367		0.714286
367.125		0.714286
367.25		0.714286
367.375		0.714286
367.5		0.714286
367.625		0.714286
367.75		0.714286
367.875		0.714286
368		0.714286
368.125		0.714286
368.25		0.714286
368.375		0.714286
368.5		0.714286
368.625		0.714286
368.75		0.714286
368.875		0.714286
369		0.714286
369.125		0.714286
369.25		0.714286
369.375		0.714286
369.5		0.714286
369.625		0.714286
369.75		0.714286
369.875		0.714286
370		0.714286
370.125		0.714286
370.25		0.714286
370.375		0.714286
370.5		0.714286
370.625		0.714286
370.75		0.714286
370.875		0.714286
371		0.714286
371.125		0.714286
371.25		0.714286
371.375		0.714286
371.5		0.714286
371.625		0.714286
371.75		0.714286
371.875		0.714286
372		0.714286
372.125		0.714286
372.25		0.714286
372.375		0.714286
372.5		0.714286
372.625		0.714286
372.75		0.714286
372.875		0.714286
373		0.714286
373.125		0.714286
373.25		0.714286
373.375		0.714286
373.5		0.714286
373.625		0.714286
373.75		0.714286
373.875		0.714286
374		0.714286
374.125		0.714286
374.25		0.714286
374.375		0.714286
374.5		0.714286
374.625		0.714286
374.75		0.714286
374.875		0.714286
375		0.714286
375.125		0.714286
375.25		0.714286
375.375		0.714286
375.5		0.714286
375.625		0.714286
375.75		0.714286
375.875		0.714286
376		0.714286
376.125		0.714286
376.25		0.714286
376.375		0.714286
376.5		0.714286
376.625		0.714286
376.75		0.714286
376.875		0.714286
377		0.714286
377.125		0.714286
377.25		0.714286
377.375		0.714286
377.5		0.714286
377.625		0.714286
377.75		0.714286
377.875		0.714286
378		0.714286
378.125		0.714286
378.25		0.714286
378.375		0.714286
378.5		0.714286
378.625		0.714286
378.75		0.714286
378.875		0.714286
379		0.714286
379.125		0.714286
379.25		0.714286
379.375		0.714286
379.5		0.714286
379.625		0.714286
379.75		0.714286
379.875		0.714286
380		0.714286
380.125		0.714286
380.25		0.714286
380.375		0.714286
380.5		0.714286
380.625		0.714286
380.75		0.714286
380.875		0.714286
381		0.714286
381.125		0.714286
381.25		0.714286
381.375		0.714286
381.5		0.714286
381.625		0.714286
381.75		0.714286
381.875		0.714286
382		0.714286
382.125		0.714286
382.25		0.714286
382.375		0.714286
382.5		0.714286
382.625		0.714286
382.75		0.714286
382.875		0.714286
383		0.714286
383.125		0.714286
383.25		0.714286
383.375		0.714286
383.5		0.714286
383.625		0.714286
383.75		0.714286
383.875		0.714286
384		0.714286
384.125		0.714286
384.25		0.714286
384.375		0.714286
384.5		0.714286
384.625		0.714286
384.75		0.714286
384.875		0.714286
385		0.714286
385.125		0.714286
385.25		0.714286
385.375		0.714286
385.5		0.714286
385.625		0.714286
385.75		0.714286
385.875		0.714286
386		0.714286
386.125		0.714286
386.25		0.714286
386.375		0.714286
386.5		0.714286
386.625		0.714286
386.75		0.714286
386.875		0.714286
387		0.714286
387.125		0.714286
387.25		0.714286
387.375		0.714286
387.5		0.714286
387.625		0.714286
387.75		0.714286
387.875		0.714286
388		0.714286
388.125		0.714286
388.25		0.714286
388.375		0.714286
388.5		0.714286
388.625		0.714286
388.75		0.714286
388.875		0.714286
389		0.714286
389.125		0.714286
389.25		0.714286
389.375		0.714286
389.5		0.714286
389.625		0.714286
389.75		0.714286
389.875		0.714286
390		0.714286
390.125		0.714286
390.25		0.714286
390.375		0.714286
390.5		0.714286
390.625		0.714286
390.75		0.714286
390.875		0.714286
391		0.714286
391.125		0.714286
391.25		0.714286
391.375		0.714286
391.5		0.714286
391.625		0.714286
391.75		0.714286
391.875		0.714286
392		0.714286
392.125		0.714286
392.25		0.714286
392.375		0.714286
392.5		0.714286
392.625		0.714286
392.75		0.714286
392.875		0.714286
393		0.714286
393.125		0.714286
393.25		0.714286
393.375		0.714286
393.5		0.714286
393.625		0.714286
393.75		0.714286
393.875		0.714286
394		0.714286
394.125		0.714286
394.25		0.714286
394.375		0.714286
394.5		0.714286
394.625		0.714286
394.75		0.714286
394.875		0.714286
395		0.714286
395.125		0.714286
395.25		0.714286
395.375		0.714286
395.5		0.714286
395.625		0.714286
395.75		0.714286
395.875		0.714286
396		0.714286
396.125		0.714286
396.25		0.714286
396.375		0.714286
396.5		0.714286
396.625		0.714286
396.75		0.714286
396.875		0.714286
397		0.714286
397.125		0.714286
397.25		0.714286
397.375		0.714286
397.5		0.714286
397.625		0.714286
397.75		0.714286
397.875		0.714286
398		0.714286
398.125		0.714286
398.25		0.714286
398.375		0.714286
398.5		0.714286
398.625		0.714286
398.75		0.714286
398.875		0.714286
399		0.714286
399.125		0.714286
399.25		0.714286
399.375		0.714286
399.5		0.714286
399.625		0.714286
399.75		0.714286
399.875		0.714286
400		0.714286
400.125		0.714286
400.25		0.714286
400.375		0.714286
400.5		0.714286
400.625		0.714286
400.75		0.714286
400.875		0.714286
401		0.714286
401.125		0.714286
401.25		0.714286
401.375		0.714286
401.5		0.714286
401.625		0.714286
401.75		0.714286
401.875		0.714286
402		0.714286
402.125		0.714286
402.25		0.714286
402.375		0.714286
402.5		0.714286
402.625		0.714286
402.75		0.714286
402.875		0.714286
403		0.714286
403.125		0.714286
403.25		0.714286
403.375		0.714286
403.5		0.714286
403.625		0.714286
403.75		0.714286
403.875		0.714286
404		0.714286
404.125		0.714286
404.25		0.714286
404.375		0.714286
404.5		0.714286
404.625		0.714286
404.75		0.714286
404.875		0.714286
405		0.714286
405.125		0.857143
405.25		0.857143
405.375		0.857143
405.5		0.857143
405.625		0.857143
405.75		0.857143
405.875		0.857143
406		0.857143
406.125		0.857143
406.25		0.857143
406.375		0.857143
406.5		0.857143
406.625		0.857143
406.75		0.857143
406.875		0.857143
407		0.857143
407.125		0.857143
407.25		0.857143
407.375		0.857143
407.5		0.857143
407.625		0.857143
407.75		0.857143
407.875		0.857143
408		0.857143
408.125		0.857143
408.25		0.857143
408.375		0.857143
408.5		0.857143
408.625		0.857143
408.75		0.857143
408.875		0.857143
409		0.857143
409.125		0.857143
409.25		0.857143
409.375		0.857143
409.5		0.857143
409.625		0.857143
409.75		0.857143
409.875		0.857143
410		0.857143
410.125		0.857143
410.25		0.857143
410.375		0.857143
410.5		0.857143
410.625		0.857143
410.75		0.857143
410.875		0.857143
411		0.857143
411.125		0.857143
411.25		0.857143
411.375		0.857143
411.5		0.857143
411.625		0.857143
411.75		0.857143
411.875		0.857143
412		0.857143
412.125		0.857143
412.25		0.857143
412.375		0.857143
412.5		0.857143
412.625		0.857143
412.75		0.857143
412.875		0.857143
413		0.857143
413.125		0.857143
413.25		0.857143
413.375		0.857143
413.5		0.857143
413.625		0.857143
413.75		0.857143
413.875		0.857143
414		0.857143
414.125		0.857143
414.25		0.857143
414.375		0.857143
414.5		0.857143
414.625		0.857143
414.75		0.857143
414.875		0.857143
415		0.857143
415.125		0.857143
415.25		0.857143
415.375		0.857143
415.5		0.857143
415.625		0.857143
415.75		0.857143
415.875		0.857143
416		0.857143
416.125		0.857143
416.25		0.857143
416.375		0.857143
416.5		0.857143
416.625		0.857143
416.75		0.857143
416.875		0.857143
417		0.857143
417.125		0.857143
417.25		0.857143
417.375		0.857143
417.5		0.857143
417.625		0.857143
417.75		0.857143
417.875		0.857143
418		0.857143
418.125		0.857143
418.25		0.857143
418.375		0.857143
418.5		0.857143
418.625		0.857143
418.75		0.857143
418.875		0.857143
419		0.857143
419.125		0.857143
419.25		0.857143
419.375		0.857143
419.5		0.857143
419.625		0.857143
419.75		0.857143
419.875		0.857143
420		0.857143
420.125		0.857143
420.25		0.857143
420.375		0.857143
420.5		0.857143
420.625		0.857143
420.75		0.857143
420.875		0.857143
421		0.857143
421.125		0.857143
421.25		0.857143
421.375		0.857143
421.5		0.857143
421.625		0.857143
421.75		0.857143
421.875		0.857143
422		0.857143
422.125		0.857143
422.25		0.857143
422.375		0.857143
422.5		0.857143
422.625		0.857143
422.75		0.857143
422.875		0.857143
423		0.857143
423.125		0.857143
423.25		0.857143
423.375		0.857143
423.5		0.857143
423.625		0.857143
423.75		0.857143
423.875		0.857143
424		0.857143
424.125		0.857143
424.25		0.857143
424.375		0.857143
424.5		0.857143
424.625		0.857143
424.75		0.857143
424.875		0.857143
425		0.857143
425.125		0.857143
425.25		0.857143
425.375		0.857143
425.5		0.857143
425.625		0.857143
425.75		0.857143
425.875		0.857143
426		0.857143
426.125		0.857143
426.25		0.857143
426.375		0.857143
426.5		0.857143
426.625		0.857143
426.75		0.857143
426.875		0.857143
427		0.857143
427.125		0.857143
427.25		0.857143
427.375		0.857143
427.5		0.857143
427.625		0.857143
427.75		0.857143
427.875		0.857143
428		0.857143
428.125		0.857143
428.25		0.857143
428.375		0.857143
428.5		0.857143
428.625		0.857143
428.75		0.857143
428.875		0.857143
429		0.857143
429.125		0.857143
429.25		0.857143
429.375		0.857143
429.5		0.857143
429.625		0.857143
429.75		0.857143
429.875		0.857143
430		0.857143
430.125		1
430.25		1
430.375		1
430.5		1
430.625		1
430.75		1
430.875		1
431		1
431.125		1
431.25		1
431.375		1
431.5		1
431.625		1
431.75		1
431.875		1
432		1
432.125		1
432.25		1
432.375		1
432.5		1
432.625		1
432.75		1
432.875		1
433		1
433.125		1
433.25		1
433.375		1
433.5		1
433.625		1
433.75		1
433.875		1
434		1
434.125		1
434.25		1
434.375		1
434.5		1
434.625		1
434.75		1
434.875		1
435		1
435.125		1
435.25		1
435.375		1
435.5		1
435.625		1
435.75		1
435.875		1
436		1
436.125		1
436.25		1
436.375		1
436.5		1
436.625		1
436.75		1
436.875		1
437		1
437.125		1
437.25		1
437.375		1
437.5		1
437.625		1
437.75		1
437.875		1
438		1
438.125		1
438.25		1
438.375		1
438.5		1
438.625		1
438.75		1
438.875		1
439		1
439.125		1
439.25		1
439.375		1
439.5		1
439.625		1
439.75		1
439.875		1
440		1
440.125		1
440.25		1
440.375		1
440.5		1
440.625		1
440.75		1
440.875		1
441		1
441.125		1
441.25		1
441.375		1
441.5		1
441.625		1
441.75		1
441.875		1
442		1
442.125		1
442.25		1
442.375		1
442.5		1
442.625		1
442.75		1
442.875		1
443		1
443.125		1
443.25		1
443.375		1
443.5		1
443.625		1
443.75		1
443.875		1
444		1
444.125		1
444.25		1
444.375		1
444.5		1
444.625		1
444.75		1
444.875		1
445		1
445.125		1
445.25		1
445.375		1
445.5		1
445.625		1
445.75		1
445.875		1
446		1
446.125		1
446.25		1
446.375		1
446.5		1
446.625		1
446.75		1
446.875		1
447		1
447.125		1
447.25		1
447.375		1
447.5		1
447.625		1
447.75		1
447.875		1
448		1
448.125		1
448.25		1
448.375		1
448.5		1
448.625		1
448.75		1
448.875		1
449		1
449.125		1
449.25		1
449.375		1
449.5		1
449.625		1
449.75		1
449.875		1
450		1
450.125		1
450.25		1
450.375		1
450.5		1
450.625		1
450.75		1
450.875		1
451		1
451.125		1
451.25		1
451.375		1
451.5		1
451.625		1
451.75		1
451.875		1
452		1
452.125		1
452.25		1
452.375		1
452.5		1
452.625		1
452.75		1
452.875		1
453		1
453.125		1
453.25		1
453.375		1
453.5		1
453.625		1
453.75		1
453.875		1
454		1
454.125		1
454.25		1
454.375		1
454.5		1
454.625		1
454.75		1
454.875		1
455		1
455.125		1
455.25		1
455.375		1
455.5		1
455.625		1
455.75		1
455.875		1
456		1
456.125		1
456.25		1
456.375		1
456.5		1
456.625		1
456.75		1
456.875		1
457		1
457.125		1
457.25		1
457.375		1
457.5		1
457.625		1
457.75		1
457.875		1
458		1
458.125		1
458.25		1
458.375		1
458.5		1
458.625		1
458.75		1
458.875		1
459		1
459.125		1
459.25		1
459.375		1
459.5		1
459.625		1
459.75		1
459.875		1
460		1
460.125		1
460.25		1
460.375		1
460.5		1
460.625		1
460.75		1
460.875		1
461		1
461.125		1
461.25		1
461.375		1
461.5		1
461.625		1
461.75		1
461.875		1
462		1
462.125		1
462.25		1
462.375		1
462.5		1
462.625		1
462.75		1
462.875		1
463		1
463.125		1
463.25		1
463.375		1
463.5		1
463.625		1
463.75		1
463.875		1
464		1
464.125		1
464.25		1
464.375		1
464.5		1
464.625		1
464.75		1
464.875		1
465		1
465.125		1
465.25		1
465.375		1
465.5		1
465.625		1
465.75		1
465.875		1
466		1
466.125		1
466.25		1
466.375		1
466.5		1
466.625		1
466.75		1
466.875		1
467		1
467.125		1
467.25		1
467.375		1
467.5		1
467.625		1
467.75		1
467.875		1
468		1
468.125		1
468.25		1
468.375		1
468.5		1
468.625		1
468.75		1
468.875		1
469		1
469.125		1
469.25		1
469.375		1
469.5		1
469.625		1
469.75		1
469.875		1
470		1
470.125		1
470.25		1
470.375		1
470.5		1
470.625		1
470.75		1
470.875		1
471		1
471.125		1
471.25		1
471.375		1
471.5		1
471.625		1
471.75		1
471.875		1
472		1
472.125		1
472.25		1
472.375		1
472.5		1
472.625		1
472.75		1
472.875		1
473		1
473.125		1
473.25		1
473.375		1
473.5		1
473.625		1
473.75		1
473.875		1
474		1
474.125		1
474.25		1
474.375		1
474.5		1
474.625		1
474.75		1
474.875		1
475		1
475.125		1
475.25		1
475.375		1
475.5		1
475.625		1
475.75		1
475.875		1
476		1
476.125		1
476.25		1
476.375		1
476.5		1
476.625		1
476.75		1
476.875		1
477		1
477.125		1
477.25		1
477.375		1
477.5		1
477.625		1
477.75		1
477.875		1
478		1
478.125		1
478.25		1
478.375		1
478.5		1
478.625		1
478.75		1
478.875		1
479		1
479.125		1
479.25		1
479.375		1
479.5		1
479.625		1
479.75		1
479.875		1
480		1
480.125		1
480.25		1
480.375		1
480.5		1
480.625		1
480.75		1
480.875		1
481		1
481.125		1
481.25		1
481.375		1
481.5		1
481.625		1
481.75		1
481.875		1
482		1
482.125		1
482.25		1
482.375		1
482.5		1
482.625		1
482.75		1
482.875		1
483		1
483.125		1
483.25		1
483.375		1
483.5		1
483.625		1
483.75		1
483.875		1
484		1
484.125		1
484.25		1
484.375		1
484.5		1
484.625		1
484.75		1
484.875		1
485		1
485.125		1
485.25		1
485.375		1
485.5		1
485.625		1
485.75		1
485.875		1
486		1
486.125		1
486.25		1
486.375		1
486.5		1
486.625		1
486.75		1
486.875		1
487		1
487.125		1
487.25		1
487.375		1
487.5		1
487.625		1
487.75		1
487.875		1
488		1
488.125		1
488.25		1
488.375		1
488.5		1
488.625		1
488.75		1
488.875		1
489		1
489.125		1
489.25		1
489.375		1
489.5		1
489.625		1
489.75		1
489.875		1
490		1
490.125		1
490.25		1
490.375		1
490.5		1
490.625		1
490.75		1
490.875		1
491		1
491.125		1
491.25		1
491.375		1
491.5		1
491.625		1
491.75		1
491.875		1
492		1
492.125		1
492.25		1
492.375		1
492.5		1
492.625		1
492.75		1
492.875		1
493		1
493.125		1
493.25		1
493.375		1
493.5		1
493.625		1
493.75		1
493.875		1
494		1
494.125		1
494.25		1
494.375		1
494.5		1
494.625		1
494.75		1
494.875		1
495		1
495.125		1
495.25		1
495.375		1
495.5		1
495.625		1
495.75		1
495.875		1
496		1
496.125		1
496.25		1
496.375		1
496.5		1
496.625		1
496.75		1
496.875		1
497		1
497.125		1
497.25		1
497.375		1
497.5		1
497.625		1
497.75		1
497.875		1
498		1
498.125		1
498.25		1
498.375		1
498.5		1
498.625		1
498.75		1
498.875		1
499		1
499.125		1
499.25		1
499.375		1
499.5		1
499.625		1
499.75		1
499.875		1
500		1
