# Calibration file of tamex_id 1 @ channel 19
# fine_T bin		 Calibration value
0.125		0
0.25		0
0.375		0
0.5		0
0.625		0
0.75		0
0.875		0
1		0
1.125		0
1.25		0
1.375		0
1.5		0
1.625		0
1.75		0
1.875		0
2		0
2.125		0
2.25		0
2.375		0
2.5		0
2.625		0
2.75		0
2.875		0
3		0
3.125		0
3.25		0
3.375		0
3.5		0
3.625		0
3.75		0
3.875		0
4		0
4.125		0
4.25		0
4.375		0
4.5		0
4.625		0
4.75		0
4.875		0
5		0
5.125		0
5.25		0
5.375		0
5.5		0
5.625		0
5.75		0
5.875		0
6		0
6.125		0
6.25		0
6.375		0
6.5		0
6.625		0
6.75		0
6.875		0
7		0
7.125		0
7.25		0
7.375		0
7.5		0
7.625		0
7.75		0
7.875		0
8		0
8.125		0
8.25		0
8.375		0
8.5		0
8.625		0
8.75		0
8.875		0
9		0
9.125		0
9.25		0
9.375		0
9.5		0
9.625		0
9.75		0
9.875		0
10		0
10.125		0
10.25		0
10.375		0
10.5		0
10.625		0
10.75		0
10.875		0
11		0
11.125		0
11.25		0
11.375		0
11.5		0
11.625		0
11.75		0
11.875		0
12		0
12.125		0
12.25		0
12.375		0
12.5		0
12.625		0
12.75		0
12.875		0
13		0
13.125		0
13.25		0
13.375		0
13.5		0
13.625		0
13.75		0
13.875		0
14		0
14.125		0
14.25		0
14.375		0
14.5		0
14.625		0
14.75		0
14.875		0
15		0
15.125		0
15.25		0
15.375		0
15.5		0
15.625		0
15.75		0
15.875		0
16		0
16.125		0
16.25		0
16.375		0
16.5		0
16.625		0
16.75		0
16.875		0
17		0
17.125		0
17.25		0
17.375		0
17.5		0
17.625		0
17.75		0
17.875		0
18		0
18.125		0
18.25		0
18.375		0
18.5		0
18.625		0
18.75		0
18.875		0
19		0
19.125		0
19.25		0
19.375		0
19.5		0
19.625		0
19.75		0
19.875		0
20		0
20.125		0
20.25		0
20.375		0
20.5		0
20.625		0
20.75		0
20.875		0
21		0
21.125		0
21.25		0
21.375		0
21.5		0
21.625		0
21.75		0
21.875		0
22		0
22.125		0
22.25		0
22.375		0
22.5		0
22.625		0
22.75		0
22.875		0
23		0
23.125		0
23.25		0
23.375		0
23.5		0
23.625		0
23.75		0
23.875		0
24		0
24.125		0
24.25		0
24.375		0
24.5		0
24.625		0
24.75		0
24.875		0
25		0
25.125		0
25.25		0
25.375		0
25.5		0
25.625		0
25.75		0
25.875		0
26		0
26.125		0
26.25		0
26.375		0
26.5		0
26.625		0
26.75		0
26.875		0
27		0
27.125		0
27.25		0
27.375		0
27.5		0
27.625		0
27.75		0
27.875		0
28		0
28.125		0
28.25		0
28.375		0
28.5		0
28.625		0
28.75		0
28.875		0
29		0
29.125		0
29.25		0
29.375		0
29.5		0
29.625		0
29.75		0
29.875		0
30		0
30.125		0
30.25		0
30.375		0
30.5		0
30.625		0
30.75		0
30.875		0
31		0
31.125		0
31.25		0
31.375		0
31.5		0
31.625		0
31.75		0
31.875		0
32		0
32.125		0
32.25		0
32.375		0
32.5		0
32.625		0
32.75		0
32.875		0
33		0
33.125		0
33.25		0
33.375		0
33.5		0
33.625		0
33.75		0
33.875		0
34		0
34.125		0
34.25		0
34.375		0
34.5		0
34.625		0
34.75		0
34.875		0
35		0
35.125		0
35.25		0
35.375		0
35.5		0
35.625		0
35.75		0
35.875		0
36		0
36.125		0
36.25		0
36.375		0
36.5		0
36.625		0
36.75		0
36.875		0
37		0
37.125		0
37.25		0
37.375		0
37.5		0
37.625		0
37.75		0
37.875		0
38		0
38.125		0
38.25		0
38.375		0
38.5		0
38.625		0
38.75		0
38.875		0
39		0
39.125		0
39.25		0
39.375		0
39.5		0
39.625		0
39.75		0
39.875		0
40		0
40.125		0
40.25		0
40.375		0
40.5		0
40.625		0
40.75		0
40.875		0
41		0
41.125		0
41.25		0
41.375		0
41.5		0
41.625		0
41.75		0
41.875		0
42		0
42.125		0
42.25		0
42.375		0
42.5		0
42.625		0
42.75		0
42.875		0
43		0
43.125		0
43.25		0
43.375		0
43.5		0
43.625		0
43.75		0
43.875		0
44		0
44.125		0
44.25		0
44.375		0
44.5		0
44.625		0
44.75		0
44.875		0
45		0
45.125		0
45.25		0
45.375		0
45.5		0
45.625		0
45.75		0
45.875		0
46		0
46.125		0
46.25		0
46.375		0
46.5		0
46.625		0
46.75		0
46.875		0
47		0
47.125		0
47.25		0
47.375		0
47.5		0
47.625		0
47.75		0
47.875		0
48		0
48.125		0
48.25		0
48.375		0
48.5		0
48.625		0
48.75		0
48.875		0
49		0
49.125		0
49.25		0
49.375		0
49.5		0
49.625		0
49.75		0
49.875		0
50		0
50.125		0
50.25		0
50.375		0
50.5		0
50.625		0
50.75		0
50.875		0
51		0
51.125		0
51.25		0
51.375		0
51.5		0
51.625		0
51.75		0
51.875		0
52		0
52.125		0
52.25		0
52.375		0
52.5		0
52.625		0
52.75		0
52.875		0
53		0
53.125		0
53.25		0
53.375		0
53.5		0
53.625		0
53.75		0
53.875		0
54		0
54.125		0
54.25		0
54.375		0
54.5		0
54.625		0
54.75		0
54.875		0
55		0
55.125		0
55.25		0
55.375		0
55.5		0
55.625		0
55.75		0
55.875		0
56		0
56.125		0
56.25		0
56.375		0
56.5		0
56.625		0
56.75		0
56.875		0
57		0
57.125		0
57.25		0
57.375		0
57.5		0
57.625		0
57.75		0
57.875		0
58		0
58.125		0
58.25		0
58.375		0
58.5		0
58.625		0
58.75		0
58.875		0
59		0
59.125		0
59.25		0
59.375		0
59.5		0
59.625		0
59.75		0
59.875		0
60		0
60.125		0
60.25		0
60.375		0
60.5		0
60.625		0
60.75		0
60.875		0
61		0
61.125		0
61.25		0
61.375		0
61.5		0
61.625		0
61.75		0
61.875		0
62		0
62.125		0
62.25		0
62.375		0
62.5		0
62.625		0
62.75		0
62.875		0
63		0
63.125		0
63.25		0
63.375		0
63.5		0
63.625		0
63.75		0
63.875		0
64		0
64.125		0
64.25		0
64.375		0
64.5		0
64.625		0
64.75		0
64.875		0
65		0
65.125		0
65.25		0
65.375		0
65.5		0
65.625		0
65.75		0
65.875		0
66		0
66.125		0
66.25		0
66.375		0
66.5		0
66.625		0
66.75		0
66.875		0
67		0
67.125		0
67.25		0
67.375		0
67.5		0
67.625		0
67.75		0
67.875		0
68		0
68.125		0
68.25		0
68.375		0
68.5		0
68.625		0
68.75		0
68.875		0
69		0
69.125		0
69.25		0
69.375		0
69.5		0
69.625		0
69.75		0
69.875		0
70		0
70.125		0
70.25		0
70.375		0
70.5		0
70.625		0
70.75		0
70.875		0
71		0
71.125		0
71.25		0
71.375		0
71.5		0
71.625		0
71.75		0
71.875		0
72		0
72.125		0
72.25		0
72.375		0
72.5		0
72.625		0
72.75		0
72.875		0
73		0
73.125		0
73.25		0
73.375		0
73.5		0
73.625		0
73.75		0
73.875		0
74		0
74.125		0
74.25		0
74.375		0
74.5		0
74.625		0
74.75		0
74.875		0
75		0
75.125		0
75.25		0
75.375		0
75.5		0
75.625		0
75.75		0
75.875		0
76		0
76.125		0
76.25		0
76.375		0
76.5		0
76.625		0
76.75		0
76.875		0
77		0
77.125		0
77.25		0
77.375		0
77.5		0
77.625		0
77.75		0
77.875		0
78		0
78.125		0
78.25		0
78.375		0
78.5		0
78.625		0
78.75		0
78.875		0
79		0
79.125		0
79.25		0
79.375		0
79.5		0
79.625		0
79.75		0
79.875		0
80		0
80.125		0
80.25		0
80.375		0
80.5		0
80.625		0
80.75		0
80.875		0
81		0
81.125		0
81.25		0
81.375		0
81.5		0
81.625		0
81.75		0
81.875		0
82		0
82.125		0
82.25		0
82.375		0
82.5		0
82.625		0
82.75		0
82.875		0
83		0
83.125		0
83.25		0
83.375		0
83.5		0
83.625		0
83.75		0
83.875		0
84		0
84.125		0
84.25		0
84.375		0
84.5		0
84.625		0
84.75		0
84.875		0
85		0
85.125		0
85.25		0
85.375		0
85.5		0
85.625		0
85.75		0
85.875		0
86		0
86.125		0
86.25		0
86.375		0
86.5		0
86.625		0
86.75		0
86.875		0
87		0
87.125		0
87.25		0
87.375		0
87.5		0
87.625		0
87.75		0
87.875		0
88		0
88.125		0
88.25		0
88.375		0
88.5		0
88.625		0
88.75		0
88.875		0
89		0
89.125		0
89.25		0
89.375		0
89.5		0
89.625		0
89.75		0
89.875		0
90		0
90.125		0
90.25		0
90.375		0
90.5		0
90.625		0
90.75		0
90.875		0
91		0
91.125		0
91.25		0
91.375		0
91.5		0
91.625		0
91.75		0
91.875		0
92		0
92.125		0
92.25		0
92.375		0
92.5		0
92.625		0
92.75		0
92.875		0
93		0
93.125		0
93.25		0
93.375		0
93.5		0
93.625		0
93.75		0
93.875		0
94		0
94.125		0
94.25		0
94.375		0
94.5		0
94.625		0
94.75		0
94.875		0
95		0
95.125		0
95.25		0
95.375		0
95.5		0
95.625		0
95.75		0
95.875		0
96		0
96.125		0
96.25		0
96.375		0
96.5		0
96.625		0
96.75		0
96.875		0
97		0
97.125		0
97.25		0
97.375		0
97.5		0
97.625		0
97.75		0
97.875		0
98		0
98.125		0
98.25		0
98.375		0
98.5		0
98.625		0
98.75		0
98.875		0
99		0
99.125		0
99.25		0
99.375		0
99.5		0
99.625		0
99.75		0
99.875		0
100		0
100.125		0
100.25		0
100.375		0
100.5		0
100.625		0
100.75		0
100.875		0
101		0
101.125		0
101.25		0
101.375		0
101.5		0
101.625		0
101.75		0
101.875		0
102		0
102.125		0
102.25		0
102.375		0
102.5		0
102.625		0
102.75		0
102.875		0
103		0
103.125		0
103.25		0
103.375		0
103.5		0
103.625		0
103.75		0
103.875		0
104		0
104.125		0
104.25		0
104.375		0
104.5		0
104.625		0
104.75		0
104.875		0
105		0
105.125		0
105.25		0
105.375		0
105.5		0
105.625		0
105.75		0
105.875		0
106		0
106.125		0
106.25		0
106.375		0
106.5		0
106.625		0
106.75		0
106.875		0
107		0
107.125		0
107.25		0
107.375		0
107.5		0
107.625		0
107.75		0
107.875		0
108		0
108.125		0
108.25		0
108.375		0
108.5		0
108.625		0
108.75		0
108.875		0
109		0
109.125		0
109.25		0
109.375		0
109.5		0
109.625		0
109.75		0
109.875		0
110		0
110.125		0
110.25		0
110.375		0
110.5		0
110.625		0
110.75		0
110.875		0
111		0
111.125		0
111.25		0
111.375		0
111.5		0
111.625		0
111.75		0
111.875		0
112		0
112.125		0
112.25		0
112.375		0
112.5		0
112.625		0
112.75		0
112.875		0
113		0
113.125		0
113.25		0
113.375		0
113.5		0
113.625		0
113.75		0
113.875		0
114		0
114.125		0
114.25		0
114.375		0
114.5		0
114.625		0
114.75		0
114.875		0
115		0
115.125		0.0134953
115.25		0.0134953
115.375		0.0134953
115.5		0.0134953
115.625		0.0134953
115.75		0.0134953
115.875		0.0134953
116		0.0134953
116.125		0.0134953
116.25		0.0134953
116.375		0.0134953
116.5		0.0134953
116.625		0.0134953
116.75		0.0134953
116.875		0.0134953
117		0.0134953
117.125		0.0134953
117.25		0.0134953
117.375		0.0134953
117.5		0.0134953
117.625		0.0134953
117.75		0.0134953
117.875		0.0134953
118		0.0134953
118.125		0.0134953
118.25		0.0134953
118.375		0.0134953
118.5		0.0134953
118.625		0.0134953
118.75		0.0134953
118.875		0.0134953
119		0.0134953
119.125		0.0134953
119.25		0.0134953
119.375		0.0134953
119.5		0.0134953
119.625		0.0134953
119.75		0.0134953
119.875		0.0134953
120		0.0134953
120.125		0.0480432
120.25		0.0480432
120.375		0.0480432
120.5		0.0480432
120.625		0.0480432
120.75		0.0480432
120.875		0.0480432
121		0.0480432
121.125		0.0480432
121.25		0.0480432
121.375		0.0480432
121.5		0.0480432
121.625		0.0480432
121.75		0.0480432
121.875		0.0480432
122		0.0480432
122.125		0.0480432
122.25		0.0480432
122.375		0.0480432
122.5		0.0480432
122.625		0.0480432
122.75		0.0480432
122.875		0.0480432
123		0.0480432
123.125		0.0480432
123.25		0.0480432
123.375		0.0480432
123.5		0.0480432
123.625		0.0480432
123.75		0.0480432
123.875		0.0480432
124		0.0480432
124.125		0.0480432
124.25		0.0480432
124.375		0.0480432
124.5		0.0480432
124.625		0.0480432
124.75		0.0480432
124.875		0.0480432
125		0.0480432
125.125		0.0582996
125.25		0.0582996
125.375		0.0582996
125.5		0.0582996
125.625		0.0582996
125.75		0.0582996
125.875		0.0582996
126		0.0582996
126.125		0.0582996
126.25		0.0582996
126.375		0.0582996
126.5		0.0582996
126.625		0.0582996
126.75		0.0582996
126.875		0.0582996
127		0.0582996
127.125		0.0582996
127.25		0.0582996
127.375		0.0582996
127.5		0.0582996
127.625		0.0582996
127.75		0.0582996
127.875		0.0582996
128		0.0582996
128.125		0.0582996
128.25		0.0582996
128.375		0.0582996
128.5		0.0582996
128.625		0.0582996
128.75		0.0582996
128.875		0.0582996
129		0.0582996
129.125		0.0582996
129.25		0.0582996
129.375		0.0582996
129.5		0.0582996
129.625		0.0582996
129.75		0.0582996
129.875		0.0582996
130		0.0582996
130.125		0.0593792
130.25		0.0593792
130.375		0.0593792
130.5		0.0593792
130.625		0.0593792
130.75		0.0593792
130.875		0.0593792
131		0.0593792
131.125		0.0593792
131.25		0.0593792
131.375		0.0593792
131.5		0.0593792
131.625		0.0593792
131.75		0.0593792
131.875		0.0593792
132		0.0593792
132.125		0.0593792
132.25		0.0593792
132.375		0.0593792
132.5		0.0593792
132.625		0.0593792
132.75		0.0593792
132.875		0.0593792
133		0.0593792
133.125		0.0593792
133.25		0.0593792
133.375		0.0593792
133.5		0.0593792
133.625		0.0593792
133.75		0.0593792
133.875		0.0593792
134		0.0593792
134.125		0.0593792
134.25		0.0593792
134.375		0.0593792
134.5		0.0593792
134.625		0.0593792
134.75		0.0593792
134.875		0.0593792
135		0.0593792
135.125		0.0607287
135.25		0.0607287
135.375		0.0607287
135.5		0.0607287
135.625		0.0607287
135.75		0.0607287
135.875		0.0607287
136		0.0607287
136.125		0.0607287
136.25		0.0607287
136.375		0.0607287
136.5		0.0607287
136.625		0.0607287
136.75		0.0607287
136.875		0.0607287
137		0.0607287
137.125		0.0607287
137.25		0.0607287
137.375		0.0607287
137.5		0.0607287
137.625		0.0607287
137.75		0.0607287
137.875		0.0607287
138		0.0607287
138.125		0.0607287
138.25		0.0607287
138.375		0.0607287
138.5		0.0607287
138.625		0.0607287
138.75		0.0607287
138.875		0.0607287
139		0.0607287
139.125		0.0607287
139.25		0.0607287
139.375		0.0607287
139.5		0.0607287
139.625		0.0607287
139.75		0.0607287
139.875		0.0607287
140		0.0607287
140.125		0.0887989
140.25		0.0887989
140.375		0.0887989
140.5		0.0887989
140.625		0.0887989
140.75		0.0887989
140.875		0.0887989
141		0.0887989
141.125		0.0887989
141.25		0.0887989
141.375		0.0887989
141.5		0.0887989
141.625		0.0887989
141.75		0.0887989
141.875		0.0887989
142		0.0887989
142.125		0.0887989
142.25		0.0887989
142.375		0.0887989
142.5		0.0887989
142.625		0.0887989
142.75		0.0887989
142.875		0.0887989
143		0.0887989
143.125		0.0887989
143.25		0.0887989
143.375		0.0887989
143.5		0.0887989
143.625		0.0887989
143.75		0.0887989
143.875		0.0887989
144		0.0887989
144.125		0.0887989
144.25		0.0887989
144.375		0.0887989
144.5		0.0887989
144.625		0.0887989
144.75		0.0887989
144.875		0.0887989
145		0.0887989
145.125		0.107422
145.25		0.107422
145.375		0.107422
145.5		0.107422
145.625		0.107422
145.75		0.107422
145.875		0.107422
146		0.107422
146.125		0.107422
146.25		0.107422
146.375		0.107422
146.5		0.107422
146.625		0.107422
146.75		0.107422
146.875		0.107422
147		0.107422
147.125		0.107422
147.25		0.107422
147.375		0.107422
147.5		0.107422
147.625		0.107422
147.75		0.107422
147.875		0.107422
148		0.107422
148.125		0.107422
148.25		0.107422
148.375		0.107422
148.5		0.107422
148.625		0.107422
148.75		0.107422
148.875		0.107422
149		0.107422
149.125		0.107422
149.25		0.107422
149.375		0.107422
149.5		0.107422
149.625		0.107422
149.75		0.107422
149.875		0.107422
150		0.107422
150.125		0.117679
150.25		0.117679
150.375		0.117679
150.5		0.117679
150.625		0.117679
150.75		0.117679
150.875		0.117679
151		0.117679
151.125		0.117679
151.25		0.117679
151.375		0.117679
151.5		0.117679
151.625		0.117679
151.75		0.117679
151.875		0.117679
152		0.117679
152.125		0.117679
152.25		0.117679
152.375		0.117679
152.5		0.117679
152.625		0.117679
152.75		0.117679
152.875		0.117679
153		0.117679
153.125		0.117679
153.25		0.117679
153.375		0.117679
153.5		0.117679
153.625		0.117679
153.75		0.117679
153.875		0.117679
154		0.117679
154.125		0.117679
154.25		0.117679
154.375		0.117679
154.5		0.117679
154.625		0.117679
154.75		0.117679
154.875		0.117679
155		0.117679
155.125		0.124966
155.25		0.124966
155.375		0.124966
155.5		0.124966
155.625		0.124966
155.75		0.124966
155.875		0.124966
156		0.124966
156.125		0.124966
156.25		0.124966
156.375		0.124966
156.5		0.124966
156.625		0.124966
156.75		0.124966
156.875		0.124966
157		0.124966
157.125		0.124966
157.25		0.124966
157.375		0.124966
157.5		0.124966
157.625		0.124966
157.75		0.124966
157.875		0.124966
158		0.124966
158.125		0.124966
158.25		0.124966
158.375		0.124966
158.5		0.124966
158.625		0.124966
158.75		0.124966
158.875		0.124966
159		0.124966
159.125		0.124966
159.25		0.124966
159.375		0.124966
159.5		0.124966
159.625		0.124966
159.75		0.124966
159.875		0.124966
160		0.124966
160.125		0.126586
160.25		0.126586
160.375		0.126586
160.5		0.126586
160.625		0.126586
160.75		0.126586
160.875		0.126586
161		0.126586
161.125		0.126586
161.25		0.126586
161.375		0.126586
161.5		0.126586
161.625		0.126586
161.75		0.126586
161.875		0.126586
162		0.126586
162.125		0.126586
162.25		0.126586
162.375		0.126586
162.5		0.126586
162.625		0.126586
162.75		0.126586
162.875		0.126586
163		0.126586
163.125		0.126586
163.25		0.126586
163.375		0.126586
163.5		0.126586
163.625		0.126586
163.75		0.126586
163.875		0.126586
164		0.126586
164.125		0.126586
164.25		0.126586
164.375		0.126586
164.5		0.126586
164.625		0.126586
164.75		0.126586
164.875		0.126586
165		0.126586
165.125		0.155466
165.25		0.155466
165.375		0.155466
165.5		0.155466
165.625		0.155466
165.75		0.155466
165.875		0.155466
166		0.155466
166.125		0.155466
166.25		0.155466
166.375		0.155466
166.5		0.155466
166.625		0.155466
166.75		0.155466
166.875		0.155466
167		0.155466
167.125		0.155466
167.25		0.155466
167.375		0.155466
167.5		0.155466
167.625		0.155466
167.75		0.155466
167.875		0.155466
168		0.155466
168.125		0.155466
168.25		0.155466
168.375		0.155466
168.5		0.155466
168.625		0.155466
168.75		0.155466
168.875		0.155466
169		0.155466
169.125		0.155466
169.25		0.155466
169.375		0.155466
169.5		0.155466
169.625		0.155466
169.75		0.155466
169.875		0.155466
170		0.155466
170.125		0.160054
170.25		0.160054
170.375		0.160054
170.5		0.160054
170.625		0.160054
170.75		0.160054
170.875		0.160054
171		0.160054
171.125		0.160054
171.25		0.160054
171.375		0.160054
171.5		0.160054
171.625		0.160054
171.75		0.160054
171.875		0.160054
172		0.160054
172.125		0.160054
172.25		0.160054
172.375		0.160054
172.5		0.160054
172.625		0.160054
172.75		0.160054
172.875		0.160054
173		0.160054
173.125		0.160054
173.25		0.160054
173.375		0.160054
173.5		0.160054
173.625		0.160054
173.75		0.160054
173.875		0.160054
174		0.160054
174.125		0.160054
174.25		0.160054
174.375		0.160054
174.5		0.160054
174.625		0.160054
174.75		0.160054
174.875		0.160054
175		0.160054
175.125		0.179487
175.25		0.179487
175.375		0.179487
175.5		0.179487
175.625		0.179487
175.75		0.179487
175.875		0.179487
176		0.179487
176.125		0.179487
176.25		0.179487
176.375		0.179487
176.5		0.179487
176.625		0.179487
176.75		0.179487
176.875		0.179487
177		0.179487
177.125		0.179487
177.25		0.179487
177.375		0.179487
177.5		0.179487
177.625		0.179487
177.75		0.179487
177.875		0.179487
178		0.179487
178.125		0.179487
178.25		0.179487
178.375		0.179487
178.5		0.179487
178.625		0.179487
178.75		0.179487
178.875		0.179487
179		0.179487
179.125		0.179487
179.25		0.179487
179.375		0.179487
179.5		0.179487
179.625		0.179487
179.75		0.179487
179.875		0.179487
180		0.179487
180.125		0.196221
180.25		0.196221
180.375		0.196221
180.5		0.196221
180.625		0.196221
180.75		0.196221
180.875		0.196221
181		0.196221
181.125		0.196221
181.25		0.196221
181.375		0.196221
181.5		0.196221
181.625		0.196221
181.75		0.196221
181.875		0.196221
182		0.196221
182.125		0.196221
182.25		0.196221
182.375		0.196221
182.5		0.196221
182.625		0.196221
182.75		0.196221
182.875		0.196221
183		0.196221
183.125		0.196221
183.25		0.196221
183.375		0.196221
183.5		0.196221
183.625		0.196221
183.75		0.196221
183.875		0.196221
184		0.196221
184.125		0.196221
184.25		0.196221
184.375		0.196221
184.5		0.196221
184.625		0.196221
184.75		0.196221
184.875		0.196221
185		0.196221
185.125		0.206478
185.25		0.206478
185.375		0.206478
185.5		0.206478
185.625		0.206478
185.75		0.206478
185.875		0.206478
186		0.206478
186.125		0.206478
186.25		0.206478
186.375		0.206478
186.5		0.206478
186.625		0.206478
186.75		0.206478
186.875		0.206478
187		0.206478
187.125		0.206478
187.25		0.206478
187.375		0.206478
187.5		0.206478
187.625		0.206478
187.75		0.206478
187.875		0.206478
188		0.206478
188.125		0.206478
188.25		0.206478
188.375		0.206478
188.5		0.206478
188.625		0.206478
188.75		0.206478
188.875		0.206478
189		0.206478
189.125		0.206478
189.25		0.206478
189.375		0.206478
189.5		0.206478
189.625		0.206478
189.75		0.206478
189.875		0.206478
190		0.206478
190.125		0.213225
190.25		0.213225
190.375		0.213225
190.5		0.213225
190.625		0.213225
190.75		0.213225
190.875		0.213225
191		0.213225
191.125		0.213225
191.25		0.213225
191.375		0.213225
191.5		0.213225
191.625		0.213225
191.75		0.213225
191.875		0.213225
192		0.213225
192.125		0.213225
192.25		0.213225
192.375		0.213225
192.5		0.213225
192.625		0.213225
192.75		0.213225
192.875		0.213225
193		0.213225
193.125		0.213225
193.25		0.213225
193.375		0.213225
193.5		0.213225
193.625		0.213225
193.75		0.213225
193.875		0.213225
194		0.213225
194.125		0.213225
194.25		0.213225
194.375		0.213225
194.5		0.213225
194.625		0.213225
194.75		0.213225
194.875		0.213225
195		0.213225
195.125		0.22807
195.25		0.22807
195.375		0.22807
195.5		0.22807
195.625		0.22807
195.75		0.22807
195.875		0.22807
196		0.22807
196.125		0.22807
196.25		0.22807
196.375		0.22807
196.5		0.22807
196.625		0.22807
196.75		0.22807
196.875		0.22807
197		0.22807
197.125		0.22807
197.25		0.22807
197.375		0.22807
197.5		0.22807
197.625		0.22807
197.75		0.22807
197.875		0.22807
198		0.22807
198.125		0.22807
198.25		0.22807
198.375		0.22807
198.5		0.22807
198.625		0.22807
198.75		0.22807
198.875		0.22807
199		0.22807
199.125		0.22807
199.25		0.22807
199.375		0.22807
199.5		0.22807
199.625		0.22807
199.75		0.22807
199.875		0.22807
200		0.22807
200.125		0.231039
200.25		0.231039
200.375		0.231039
200.5		0.231039
200.625		0.231039
200.75		0.231039
200.875		0.231039
201		0.231039
201.125		0.231039
201.25		0.231039
201.375		0.231039
201.5		0.231039
201.625		0.231039
201.75		0.231039
201.875		0.231039
202		0.231039
202.125		0.231039
202.25		0.231039
202.375		0.231039
202.5		0.231039
202.625		0.231039
202.75		0.231039
202.875		0.231039
203		0.231039
203.125		0.231039
203.25		0.231039
203.375		0.231039
203.5		0.231039
203.625		0.231039
203.75		0.231039
203.875		0.231039
204		0.231039
204.125		0.231039
204.25		0.231039
204.375		0.231039
204.5		0.231039
204.625		0.231039
204.75		0.231039
204.875		0.231039
205		0.231039
205.125		0.2583
205.25		0.2583
205.375		0.2583
205.5		0.2583
205.625		0.2583
205.75		0.2583
205.875		0.2583
206		0.2583
206.125		0.2583
206.25		0.2583
206.375		0.2583
206.5		0.2583
206.625		0.2583
206.75		0.2583
206.875		0.2583
207		0.2583
207.125		0.2583
207.25		0.2583
207.375		0.2583
207.5		0.2583
207.625		0.2583
207.75		0.2583
207.875		0.2583
208		0.2583
208.125		0.2583
208.25		0.2583
208.375		0.2583
208.5		0.2583
208.625		0.2583
208.75		0.2583
208.875		0.2583
209		0.2583
209.125		0.2583
209.25		0.2583
209.375		0.2583
209.5		0.2583
209.625		0.2583
209.75		0.2583
209.875		0.2583
210		0.2583
210.125		0.269636
210.25		0.269636
210.375		0.269636
210.5		0.269636
210.625		0.269636
210.75		0.269636
210.875		0.269636
211		0.269636
211.125		0.269636
211.25		0.269636
211.375		0.269636
211.5		0.269636
211.625		0.269636
211.75		0.269636
211.875		0.269636
212		0.269636
212.125		0.269636
212.25		0.269636
212.375		0.269636
212.5		0.269636
212.625		0.269636
212.75		0.269636
212.875		0.269636
213		0.269636
213.125		0.269636
213.25		0.269636
213.375		0.269636
213.5		0.269636
213.625		0.269636
213.75		0.269636
213.875		0.269636
214		0.269636
214.125		0.269636
214.25		0.269636
214.375		0.269636
214.5		0.269636
214.625		0.269636
214.75		0.269636
214.875		0.269636
215		0.269636
215.125		0.277193
215.25		0.277193
215.375		0.277193
215.5		0.277193
215.625		0.277193
215.75		0.277193
215.875		0.277193
216		0.277193
216.125		0.277193
216.25		0.277193
216.375		0.277193
216.5		0.277193
216.625		0.277193
216.75		0.277193
216.875		0.277193
217		0.277193
217.125		0.277193
217.25		0.277193
217.375		0.277193
217.5		0.277193
217.625		0.277193
217.75		0.277193
217.875		0.277193
218		0.277193
218.125		0.277193
218.25		0.277193
218.375		0.277193
218.5		0.277193
218.625		0.277193
218.75		0.277193
218.875		0.277193
219		0.277193
219.125		0.277193
219.25		0.277193
219.375		0.277193
219.5		0.277193
219.625		0.277193
219.75		0.277193
219.875		0.277193
220		0.277193
220.125		0.293927
220.25		0.293927
220.375		0.293927
220.5		0.293927
220.625		0.293927
220.75		0.293927
220.875		0.293927
221		0.293927
221.125		0.293927
221.25		0.293927
221.375		0.293927
221.5		0.293927
221.625		0.293927
221.75		0.293927
221.875		0.293927
222		0.293927
222.125		0.293927
222.25		0.293927
222.375		0.293927
222.5		0.293927
222.625		0.293927
222.75		0.293927
222.875		0.293927
223		0.293927
223.125		0.293927
223.25		0.293927
223.375		0.293927
223.5		0.293927
223.625		0.293927
223.75		0.293927
223.875		0.293927
224		0.293927
224.125		0.293927
224.25		0.293927
224.375		0.293927
224.5		0.293927
224.625		0.293927
224.75		0.293927
224.875		0.293927
225		0.293927
225.125		0.297706
225.25		0.297706
225.375		0.297706
225.5		0.297706
225.625		0.297706
225.75		0.297706
225.875		0.297706
226		0.297706
226.125		0.297706
226.25		0.297706
226.375		0.297706
226.5		0.297706
226.625		0.297706
226.75		0.297706
226.875		0.297706
227		0.297706
227.125		0.297706
227.25		0.297706
227.375		0.297706
227.5		0.297706
227.625		0.297706
227.75		0.297706
227.875		0.297706
228		0.297706
228.125		0.297706
228.25		0.297706
228.375		0.297706
228.5		0.297706
228.625		0.297706
228.75		0.297706
228.875		0.297706
229		0.297706
229.125		0.297706
229.25		0.297706
229.375		0.297706
229.5		0.297706
229.625		0.297706
229.75		0.297706
229.875		0.297706
230		0.297706
230.125		0.317139
230.25		0.317139
230.375		0.317139
230.5		0.317139
230.625		0.317139
230.75		0.317139
230.875		0.317139
231		0.317139
231.125		0.317139
231.25		0.317139
231.375		0.317139
231.5		0.317139
231.625		0.317139
231.75		0.317139
231.875		0.317139
232		0.317139
232.125		0.317139
232.25		0.317139
232.375		0.317139
232.5		0.317139
232.625		0.317139
232.75		0.317139
232.875		0.317139
233		0.317139
233.125		0.317139
233.25		0.317139
233.375		0.317139
233.5		0.317139
233.625		0.317139
233.75		0.317139
233.875		0.317139
234		0.317139
234.125		0.317139
234.25		0.317139
234.375		0.317139
234.5		0.317139
234.625		0.317139
234.75		0.317139
234.875		0.317139
235		0.317139
235.125		0.334413
235.25		0.334413
235.375		0.334413
235.5		0.334413
235.625		0.334413
235.75		0.334413
235.875		0.334413
236		0.334413
236.125		0.334413
236.25		0.334413
236.375		0.334413
236.5		0.334413
236.625		0.334413
236.75		0.334413
236.875		0.334413
237		0.334413
237.125		0.334413
237.25		0.334413
237.375		0.334413
237.5		0.334413
237.625		0.334413
237.75		0.334413
237.875		0.334413
238		0.334413
238.125		0.334413
238.25		0.334413
238.375		0.334413
238.5		0.334413
238.625		0.334413
238.75		0.334413
238.875		0.334413
239		0.334413
239.125		0.334413
239.25		0.334413
239.375		0.334413
239.5		0.334413
239.625		0.334413
239.75		0.334413
239.875		0.334413
240		0.334413
240.125		0.337382
240.25		0.337382
240.375		0.337382
240.5		0.337382
240.625		0.337382
240.75		0.337382
240.875		0.337382
241		0.337382
241.125		0.337382
241.25		0.337382
241.375		0.337382
241.5		0.337382
241.625		0.337382
241.75		0.337382
241.875		0.337382
242		0.337382
242.125		0.337382
242.25		0.337382
242.375		0.337382
242.5		0.337382
242.625		0.337382
242.75		0.337382
242.875		0.337382
243		0.337382
243.125		0.337382
243.25		0.337382
243.375		0.337382
243.5		0.337382
243.625		0.337382
243.75		0.337382
243.875		0.337382
244		0.337382
244.125		0.337382
244.25		0.337382
244.375		0.337382
244.5		0.337382
244.625		0.337382
244.75		0.337382
244.875		0.337382
245		0.337382
245.125		0.339001
245.25		0.339001
245.375		0.339001
245.5		0.339001
245.625		0.339001
245.75		0.339001
245.875		0.339001
246		0.339001
246.125		0.339001
246.25		0.339001
246.375		0.339001
246.5		0.339001
246.625		0.339001
246.75		0.339001
246.875		0.339001
247		0.339001
247.125		0.339001
247.25		0.339001
247.375		0.339001
247.5		0.339001
247.625		0.339001
247.75		0.339001
247.875		0.339001
248		0.339001
248.125		0.339001
248.25		0.339001
248.375		0.339001
248.5		0.339001
248.625		0.339001
248.75		0.339001
248.875		0.339001
249		0.339001
249.125		0.339001
249.25		0.339001
249.375		0.339001
249.5		0.339001
249.625		0.339001
249.75		0.339001
249.875		0.339001
250		0.339001
250.125		0.37031
250.25		0.37031
250.375		0.37031
250.5		0.37031
250.625		0.37031
250.75		0.37031
250.875		0.37031
251		0.37031
251.125		0.37031
251.25		0.37031
251.375		0.37031
251.5		0.37031
251.625		0.37031
251.75		0.37031
251.875		0.37031
252		0.37031
252.125		0.37031
252.25		0.37031
252.375		0.37031
252.5		0.37031
252.625		0.37031
252.75		0.37031
252.875		0.37031
253		0.37031
253.125		0.37031
253.25		0.37031
253.375		0.37031
253.5		0.37031
253.625		0.37031
253.75		0.37031
253.875		0.37031
254		0.37031
254.125		0.37031
254.25		0.37031
254.375		0.37031
254.5		0.37031
254.625		0.37031
254.75		0.37031
254.875		0.37031
255		0.37031
255.125		0.383536
255.25		0.383536
255.375		0.383536
255.5		0.383536
255.625		0.383536
255.75		0.383536
255.875		0.383536
256		0.383536
256.125		0.383536
256.25		0.383536
256.375		0.383536
256.5		0.383536
256.625		0.383536
256.75		0.383536
256.875		0.383536
257		0.383536
257.125		0.383536
257.25		0.383536
257.375		0.383536
257.5		0.383536
257.625		0.383536
257.75		0.383536
257.875		0.383536
258		0.383536
258.125		0.383536
258.25		0.383536
258.375		0.383536
258.5		0.383536
258.625		0.383536
258.75		0.383536
258.875		0.383536
259		0.383536
259.125		0.383536
259.25		0.383536
259.375		0.383536
259.5		0.383536
259.625		0.383536
259.75		0.383536
259.875		0.383536
260		0.383536
260.125		0.385425
260.25		0.385425
260.375		0.385425
260.5		0.385425
260.625		0.385425
260.75		0.385425
260.875		0.385425
261		0.385425
261.125		0.385425
261.25		0.385425
261.375		0.385425
261.5		0.385425
261.625		0.385425
261.75		0.385425
261.875		0.385425
262		0.385425
262.125		0.385425
262.25		0.385425
262.375		0.385425
262.5		0.385425
262.625		0.385425
262.75		0.385425
262.875		0.385425
263		0.385425
263.125		0.385425
263.25		0.385425
263.375		0.385425
263.5		0.385425
263.625		0.385425
263.75		0.385425
263.875		0.385425
264		0.385425
264.125		0.385425
264.25		0.385425
264.375		0.385425
264.5		0.385425
264.625		0.385425
264.75		0.385425
264.875		0.385425
265		0.385425
265.125		0.387314
265.25		0.387314
265.375		0.387314
265.5		0.387314
265.625		0.387314
265.75		0.387314
265.875		0.387314
266		0.387314
266.125		0.387314
266.25		0.387314
266.375		0.387314
266.5		0.387314
266.625		0.387314
266.75		0.387314
266.875		0.387314
267		0.387314
267.125		0.387314
267.25		0.387314
267.375		0.387314
267.5		0.387314
267.625		0.387314
267.75		0.387314
267.875		0.387314
268		0.387314
268.125		0.387314
268.25		0.387314
268.375		0.387314
268.5		0.387314
268.625		0.387314
268.75		0.387314
268.875		0.387314
269		0.387314
269.125		0.387314
269.25		0.387314
269.375		0.387314
269.5		0.387314
269.625		0.387314
269.75		0.387314
269.875		0.387314
270		0.387314
270.125		0.408907
270.25		0.408907
270.375		0.408907
270.5		0.408907
270.625		0.408907
270.75		0.408907
270.875		0.408907
271		0.408907
271.125		0.408907
271.25		0.408907
271.375		0.408907
271.5		0.408907
271.625		0.408907
271.75		0.408907
271.875		0.408907
272		0.408907
272.125		0.408907
272.25		0.408907
272.375		0.408907
272.5		0.408907
272.625		0.408907
272.75		0.408907
272.875		0.408907
273		0.408907
273.125		0.408907
273.25		0.408907
273.375		0.408907
273.5		0.408907
273.625		0.408907
273.75		0.408907
273.875		0.408907
274		0.408907
274.125		0.408907
274.25		0.408907
274.375		0.408907
274.5		0.408907
274.625		0.408907
274.75		0.408907
274.875		0.408907
275		0.408907
275.125		0.412955
275.25		0.412955
275.375		0.412955
275.5		0.412955
275.625		0.412955
275.75		0.412955
275.875		0.412955
276		0.412955
276.125		0.412955
276.25		0.412955
276.375		0.412955
276.5		0.412955
276.625		0.412955
276.75		0.412955
276.875		0.412955
277		0.412955
277.125		0.412955
277.25		0.412955
277.375		0.412955
277.5		0.412955
277.625		0.412955
277.75		0.412955
277.875		0.412955
278		0.412955
278.125		0.412955
278.25		0.412955
278.375		0.412955
278.5		0.412955
278.625		0.412955
278.75		0.412955
278.875		0.412955
279		0.412955
279.125		0.412955
279.25		0.412955
279.375		0.412955
279.5		0.412955
279.625		0.412955
279.75		0.412955
279.875		0.412955
280		0.412955
280.125		0.426721
280.25		0.426721
280.375		0.426721
280.5		0.426721
280.625		0.426721
280.75		0.426721
280.875		0.426721
281		0.426721
281.125		0.426721
281.25		0.426721
281.375		0.426721
281.5		0.426721
281.625		0.426721
281.75		0.426721
281.875		0.426721
282		0.426721
282.125		0.426721
282.25		0.426721
282.375		0.426721
282.5		0.426721
282.625		0.426721
282.75		0.426721
282.875		0.426721
283		0.426721
283.125		0.426721
283.25		0.426721
283.375		0.426721
283.5		0.426721
283.625		0.426721
283.75		0.426721
283.875		0.426721
284		0.426721
284.125		0.426721
284.25		0.426721
284.375		0.426721
284.5		0.426721
284.625		0.426721
284.75		0.426721
284.875		0.426721
285		0.426721
285.125		0.438866
285.25		0.438866
285.375		0.438866
285.5		0.438866
285.625		0.438866
285.75		0.438866
285.875		0.438866
286		0.438866
286.125		0.438866
286.25		0.438866
286.375		0.438866
286.5		0.438866
286.625		0.438866
286.75		0.438866
286.875		0.438866
287		0.438866
287.125		0.438866
287.25		0.438866
287.375		0.438866
287.5		0.438866
287.625		0.438866
287.75		0.438866
287.875		0.438866
288		0.438866
288.125		0.438866
288.25		0.438866
288.375		0.438866
288.5		0.438866
288.625		0.438866
288.75		0.438866
288.875		0.438866
289		0.438866
289.125		0.438866
289.25		0.438866
289.375		0.438866
289.5		0.438866
289.625		0.438866
289.75		0.438866
289.875		0.438866
290		0.438866
290.125		0.447233
290.25		0.447233
290.375		0.447233
290.5		0.447233
290.625		0.447233
290.75		0.447233
290.875		0.447233
291		0.447233
291.125		0.447233
291.25		0.447233
291.375		0.447233
291.5		0.447233
291.625		0.447233
291.75		0.447233
291.875		0.447233
292		0.447233
292.125		0.447233
292.25		0.447233
292.375		0.447233
292.5		0.447233
292.625		0.447233
292.75		0.447233
292.875		0.447233
293		0.447233
293.125		0.447233
293.25		0.447233
293.375		0.447233
293.5		0.447233
293.625		0.447233
293.75		0.447233
293.875		0.447233
294		0.447233
294.125		0.447233
294.25		0.447233
294.375		0.447233
294.5		0.447233
294.625		0.447233
294.75		0.447233
294.875		0.447233
295		0.447233
295.125		0.470985
295.25		0.470985
295.375		0.470985
295.5		0.470985
295.625		0.470985
295.75		0.470985
295.875		0.470985
296		0.470985
296.125		0.470985
296.25		0.470985
296.375		0.470985
296.5		0.470985
296.625		0.470985
296.75		0.470985
296.875		0.470985
297		0.470985
297.125		0.470985
297.25		0.470985
297.375		0.470985
297.5		0.470985
297.625		0.470985
297.75		0.470985
297.875		0.470985
298		0.470985
298.125		0.470985
298.25		0.470985
298.375		0.470985
298.5		0.470985
298.625		0.470985
298.75		0.470985
298.875		0.470985
299		0.470985
299.125		0.470985
299.25		0.470985
299.375		0.470985
299.5		0.470985
299.625		0.470985
299.75		0.470985
299.875		0.470985
300		0.470985
300.125		0.472065
300.25		0.472065
300.375		0.472065
300.5		0.472065
300.625		0.472065
300.75		0.472065
300.875		0.472065
301		0.472065
301.125		0.472065
301.25		0.472065
301.375		0.472065
301.5		0.472065
301.625		0.472065
301.75		0.472065
301.875		0.472065
302		0.472065
302.125		0.472065
302.25		0.472065
302.375		0.472065
302.5		0.472065
302.625		0.472065
302.75		0.472065
302.875		0.472065
303		0.472065
303.125		0.472065
303.25		0.472065
303.375		0.472065
303.5		0.472065
303.625		0.472065
303.75		0.472065
303.875		0.472065
304		0.472065
304.125		0.472065
304.25		0.472065
304.375		0.472065
304.5		0.472065
304.625		0.472065
304.75		0.472065
304.875		0.472065
305		0.472065
305.125		0.48448
305.25		0.48448
305.375		0.48448
305.5		0.48448
305.625		0.48448
305.75		0.48448
305.875		0.48448
306		0.48448
306.125		0.48448
306.25		0.48448
306.375		0.48448
306.5		0.48448
306.625		0.48448
306.75		0.48448
306.875		0.48448
307		0.48448
307.125		0.48448
307.25		0.48448
307.375		0.48448
307.5		0.48448
307.625		0.48448
307.75		0.48448
307.875		0.48448
308		0.48448
308.125		0.48448
308.25		0.48448
308.375		0.48448
308.5		0.48448
308.625		0.48448
308.75		0.48448
308.875		0.48448
309		0.48448
309.125		0.48448
309.25		0.48448
309.375		0.48448
309.5		0.48448
309.625		0.48448
309.75		0.48448
309.875		0.48448
310		0.48448
310.125		0.511741
310.25		0.511741
310.375		0.511741
310.5		0.511741
310.625		0.511741
310.75		0.511741
310.875		0.511741
311		0.511741
311.125		0.511741
311.25		0.511741
311.375		0.511741
311.5		0.511741
311.625		0.511741
311.75		0.511741
311.875		0.511741
312		0.511741
312.125		0.511741
312.25		0.511741
312.375		0.511741
312.5		0.511741
312.625		0.511741
312.75		0.511741
312.875		0.511741
313		0.511741
313.125		0.511741
313.25		0.511741
313.375		0.511741
313.5		0.511741
313.625		0.511741
313.75		0.511741
313.875		0.511741
314		0.511741
314.125		0.511741
314.25		0.511741
314.375		0.511741
314.5		0.511741
314.625		0.511741
314.75		0.511741
314.875		0.511741
315		0.511741
315.125		0.51471
315.25		0.51471
315.375		0.51471
315.5		0.51471
315.625		0.51471
315.75		0.51471
315.875		0.51471
316		0.51471
316.125		0.51471
316.25		0.51471
316.375		0.51471
316.5		0.51471
316.625		0.51471
316.75		0.51471
316.875		0.51471
317		0.51471
317.125		0.51471
317.25		0.51471
317.375		0.51471
317.5		0.51471
317.625		0.51471
317.75		0.51471
317.875		0.51471
318		0.51471
318.125		0.51471
318.25		0.51471
318.375		0.51471
318.5		0.51471
318.625		0.51471
318.75		0.51471
318.875		0.51471
319		0.51471
319.125		0.51471
319.25		0.51471
319.375		0.51471
319.5		0.51471
319.625		0.51471
319.75		0.51471
319.875		0.51471
320		0.51471
320.125		0.536032
320.25		0.536032
320.375		0.536032
320.5		0.536032
320.625		0.536032
320.75		0.536032
320.875		0.536032
321		0.536032
321.125		0.536032
321.25		0.536032
321.375		0.536032
321.5		0.536032
321.625		0.536032
321.75		0.536032
321.875		0.536032
322		0.536032
322.125		0.536032
322.25		0.536032
322.375		0.536032
322.5		0.536032
322.625		0.536032
322.75		0.536032
322.875		0.536032
323		0.536032
323.125		0.536032
323.25		0.536032
323.375		0.536032
323.5		0.536032
323.625		0.536032
323.75		0.536032
323.875		0.536032
324		0.536032
324.125		0.536032
324.25		0.536032
324.375		0.536032
324.5		0.536032
324.625		0.536032
324.75		0.536032
324.875		0.536032
325		0.536032
325.125		0.555735
325.25		0.555735
325.375		0.555735
325.5		0.555735
325.625		0.555735
325.75		0.555735
325.875		0.555735
326		0.555735
326.125		0.555735
326.25		0.555735
326.375		0.555735
326.5		0.555735
326.625		0.555735
326.75		0.555735
326.875		0.555735
327		0.555735
327.125		0.555735
327.25		0.555735
327.375		0.555735
327.5		0.555735
327.625		0.555735
327.75		0.555735
327.875		0.555735
328		0.555735
328.125		0.555735
328.25		0.555735
328.375		0.555735
328.5		0.555735
328.625		0.555735
328.75		0.555735
328.875		0.555735
329		0.555735
329.125		0.555735
329.25		0.555735
329.375		0.555735
329.5		0.555735
329.625		0.555735
329.75		0.555735
329.875		0.555735
330		0.555735
330.125		0.558435
330.25		0.558435
330.375		0.558435
330.5		0.558435
330.625		0.558435
330.75		0.558435
330.875		0.558435
331		0.558435
331.125		0.558435
331.25		0.558435
331.375		0.558435
331.5		0.558435
331.625		0.558435
331.75		0.558435
331.875		0.558435
332		0.558435
332.125		0.558435
332.25		0.558435
332.375		0.558435
332.5		0.558435
332.625		0.558435
332.75		0.558435
332.875		0.558435
333		0.558435
333.125		0.558435
333.25		0.558435
333.375		0.558435
333.5		0.558435
333.625		0.558435
333.75		0.558435
333.875		0.558435
334		0.558435
334.125		0.558435
334.25		0.558435
334.375		0.558435
334.5		0.558435
334.625		0.558435
334.75		0.558435
334.875		0.558435
335		0.558435
335.125		0.578408
335.25		0.578408
335.375		0.578408
335.5		0.578408
335.625		0.578408
335.75		0.578408
335.875		0.578408
336		0.578408
336.125		0.578408
336.25		0.578408
336.375		0.578408
336.5		0.578408
336.625		0.578408
336.75		0.578408
336.875		0.578408
337		0.578408
337.125		0.578408
337.25		0.578408
337.375		0.578408
337.5		0.578408
337.625		0.578408
337.75		0.578408
337.875		0.578408
338		0.578408
338.125		0.578408
338.25		0.578408
338.375		0.578408
338.5		0.578408
338.625		0.578408
338.75		0.578408
338.875		0.578408
339		0.578408
339.125		0.578408
339.25		0.578408
339.375		0.578408
339.5		0.578408
339.625		0.578408
339.75		0.578408
339.875		0.578408
340		0.578408
340.125		0.591093
340.25		0.591093
340.375		0.591093
340.5		0.591093
340.625		0.591093
340.75		0.591093
340.875		0.591093
341		0.591093
341.125		0.591093
341.25		0.591093
341.375		0.591093
341.5		0.591093
341.625		0.591093
341.75		0.591093
341.875		0.591093
342		0.591093
342.125		0.591093
342.25		0.591093
342.375		0.591093
342.5		0.591093
342.625		0.591093
342.75		0.591093
342.875		0.591093
343		0.591093
343.125		0.591093
343.25		0.591093
343.375		0.591093
343.5		0.591093
343.625		0.591093
343.75		0.591093
343.875		0.591093
344		0.591093
344.125		0.591093
344.25		0.591093
344.375		0.591093
344.5		0.591093
344.625		0.591093
344.75		0.591093
344.875		0.591093
345		0.591093
345.125		0.601889
345.25		0.601889
345.375		0.601889
345.5		0.601889
345.625		0.601889
345.75		0.601889
345.875		0.601889
346		0.601889
346.125		0.601889
346.25		0.601889
346.375		0.601889
346.5		0.601889
346.625		0.601889
346.75		0.601889
346.875		0.601889
347		0.601889
347.125		0.601889
347.25		0.601889
347.375		0.601889
347.5		0.601889
347.625		0.601889
347.75		0.601889
347.875		0.601889
348		0.601889
348.125		0.601889
348.25		0.601889
348.375		0.601889
348.5		0.601889
348.625		0.601889
348.75		0.601889
348.875		0.601889
349		0.601889
349.125		0.601889
349.25		0.601889
349.375		0.601889
349.5		0.601889
349.625		0.601889
349.75		0.601889
349.875		0.601889
350		0.601889
350.125		0.616464
350.25		0.616464
350.375		0.616464
350.5		0.616464
350.625		0.616464
350.75		0.616464
350.875		0.616464
351		0.616464
351.125		0.616464
351.25		0.616464
351.375		0.616464
351.5		0.616464
351.625		0.616464
351.75		0.616464
351.875		0.616464
352		0.616464
352.125		0.616464
352.25		0.616464
352.375		0.616464
352.5		0.616464
352.625		0.616464
352.75		0.616464
352.875		0.616464
353		0.616464
353.125		0.616464
353.25		0.616464
353.375		0.616464
353.5		0.616464
353.625		0.616464
353.75		0.616464
353.875		0.616464
354		0.616464
354.125		0.616464
354.25		0.616464
354.375		0.616464
354.5		0.616464
354.625		0.616464
354.75		0.616464
354.875		0.616464
355		0.616464
355.125		0.625371
355.25		0.625371
355.375		0.625371
355.5		0.625371
355.625		0.625371
355.75		0.625371
355.875		0.625371
356		0.625371
356.125		0.625371
356.25		0.625371
356.375		0.625371
356.5		0.625371
356.625		0.625371
356.75		0.625371
356.875		0.625371
357		0.625371
357.125		0.625371
357.25		0.625371
357.375		0.625371
357.5		0.625371
357.625		0.625371
357.75		0.625371
357.875		0.625371
358		0.625371
358.125		0.625371
358.25		0.625371
358.375		0.625371
358.5		0.625371
358.625		0.625371
358.75		0.625371
358.875		0.625371
359		0.625371
359.125		0.625371
359.25		0.625371
359.375		0.625371
359.5		0.625371
359.625		0.625371
359.75		0.625371
359.875		0.625371
360		0.625371
360.125		0.650742
360.25		0.650742
360.375		0.650742
360.5		0.650742
360.625		0.650742
360.75		0.650742
360.875		0.650742
361		0.650742
361.125		0.650742
361.25		0.650742
361.375		0.650742
361.5		0.650742
361.625		0.650742
361.75		0.650742
361.875		0.650742
362		0.650742
362.125		0.650742
362.25		0.650742
362.375		0.650742
362.5		0.650742
362.625		0.650742
362.75		0.650742
362.875		0.650742
363		0.650742
363.125		0.650742
363.25		0.650742
363.375		0.650742
363.5		0.650742
363.625		0.650742
363.75		0.650742
363.875		0.650742
364		0.650742
364.125		0.650742
364.25		0.650742
364.375		0.650742
364.5		0.650742
364.625		0.650742
364.75		0.650742
364.875		0.650742
365		0.650742
365.125		0.654251
365.25		0.654251
365.375		0.654251
365.5		0.654251
365.625		0.654251
365.75		0.654251
365.875		0.654251
366		0.654251
366.125		0.654251
366.25		0.654251
366.375		0.654251
366.5		0.654251
366.625		0.654251
366.75		0.654251
366.875		0.654251
367		0.654251
367.125		0.654251
367.25		0.654251
367.375		0.654251
367.5		0.654251
367.625		0.654251
367.75		0.654251
367.875		0.654251
368		0.654251
368.125		0.654251
368.25		0.654251
368.375		0.654251
368.5		0.654251
368.625		0.654251
368.75		0.654251
368.875		0.654251
369		0.654251
369.125		0.654251
369.25		0.654251
369.375		0.654251
369.5		0.654251
369.625		0.654251
369.75		0.654251
369.875		0.654251
370		0.654251
370.125		0.655061
370.25		0.655061
370.375		0.655061
370.5		0.655061
370.625		0.655061
370.75		0.655061
370.875		0.655061
371		0.655061
371.125		0.655061
371.25		0.655061
371.375		0.655061
371.5		0.655061
371.625		0.655061
371.75		0.655061
371.875		0.655061
372		0.655061
372.125		0.655061
372.25		0.655061
372.375		0.655061
372.5		0.655061
372.625		0.655061
372.75		0.655061
372.875		0.655061
373		0.655061
373.125		0.655061
373.25		0.655061
373.375		0.655061
373.5		0.655061
373.625		0.655061
373.75		0.655061
373.875		0.655061
374		0.655061
374.125		0.655061
374.25		0.655061
374.375		0.655061
374.5		0.655061
374.625		0.655061
374.75		0.655061
374.875		0.655061
375		0.655061
375.125		0.671525
375.25		0.671525
375.375		0.671525
375.5		0.671525
375.625		0.671525
375.75		0.671525
375.875		0.671525
376		0.671525
376.125		0.671525
376.25		0.671525
376.375		0.671525
376.5		0.671525
376.625		0.671525
376.75		0.671525
376.875		0.671525
377		0.671525
377.125		0.671525
377.25		0.671525
377.375		0.671525
377.5		0.671525
377.625		0.671525
377.75		0.671525
377.875		0.671525
378		0.671525
378.125		0.671525
378.25		0.671525
378.375		0.671525
378.5		0.671525
378.625		0.671525
378.75		0.671525
378.875		0.671525
379		0.671525
379.125		0.671525
379.25		0.671525
379.375		0.671525
379.5		0.671525
379.625		0.671525
379.75		0.671525
379.875		0.671525
380		0.671525
380.125		0.707962
380.25		0.707962
380.375		0.707962
380.5		0.707962
380.625		0.707962
380.75		0.707962
380.875		0.707962
381		0.707962
381.125		0.707962
381.25		0.707962
381.375		0.707962
381.5		0.707962
381.625		0.707962
381.75		0.707962
381.875		0.707962
382		0.707962
382.125		0.707962
382.25		0.707962
382.375		0.707962
382.5		0.707962
382.625		0.707962
382.75		0.707962
382.875		0.707962
383		0.707962
383.125		0.707962
383.25		0.707962
383.375		0.707962
383.5		0.707962
383.625		0.707962
383.75		0.707962
383.875		0.707962
384		0.707962
384.125		0.707962
384.25		0.707962
384.375		0.707962
384.5		0.707962
384.625		0.707962
384.75		0.707962
384.875		0.707962
385		0.707962
385.125		0.721997
385.25		0.721997
385.375		0.721997
385.5		0.721997
385.625		0.721997
385.75		0.721997
385.875		0.721997
386		0.721997
386.125		0.721997
386.25		0.721997
386.375		0.721997
386.5		0.721997
386.625		0.721997
386.75		0.721997
386.875		0.721997
387		0.721997
387.125		0.721997
387.25		0.721997
387.375		0.721997
387.5		0.721997
387.625		0.721997
387.75		0.721997
387.875		0.721997
388		0.721997
388.125		0.721997
388.25		0.721997
388.375		0.721997
388.5		0.721997
388.625		0.721997
388.75		0.721997
388.875		0.721997
389		0.721997
389.125		0.721997
389.25		0.721997
389.375		0.721997
389.5		0.721997
389.625		0.721997
389.75		0.721997
389.875		0.721997
390		0.721997
390.125		0.722537
390.25		0.722537
390.375		0.722537
390.5		0.722537
390.625		0.722537
390.75		0.722537
390.875		0.722537
391		0.722537
391.125		0.722537
391.25		0.722537
391.375		0.722537
391.5		0.722537
391.625		0.722537
391.75		0.722537
391.875		0.722537
392		0.722537
392.125		0.722537
392.25		0.722537
392.375		0.722537
392.5		0.722537
392.625		0.722537
392.75		0.722537
392.875		0.722537
393		0.722537
393.125		0.722537
393.25		0.722537
393.375		0.722537
393.5		0.722537
393.625		0.722537
393.75		0.722537
393.875		0.722537
394		0.722537
394.125		0.722537
394.25		0.722537
394.375		0.722537
394.5		0.722537
394.625		0.722537
394.75		0.722537
394.875		0.722537
395		0.722537
395.125		0.723887
395.25		0.723887
395.375		0.723887
395.5		0.723887
395.625		0.723887
395.75		0.723887
395.875		0.723887
396		0.723887
396.125		0.723887
396.25		0.723887
396.375		0.723887
396.5		0.723887
396.625		0.723887
396.75		0.723887
396.875		0.723887
397		0.723887
397.125		0.723887
397.25		0.723887
397.375		0.723887
397.5		0.723887
397.625		0.723887
397.75		0.723887
397.875		0.723887
398		0.723887
398.125		0.723887
398.25		0.723887
398.375		0.723887
398.5		0.723887
398.625		0.723887
398.75		0.723887
398.875		0.723887
399		0.723887
399.125		0.723887
399.25		0.723887
399.375		0.723887
399.5		0.723887
399.625		0.723887
399.75		0.723887
399.875		0.723887
400		0.723887
400.125		0.748718
400.25		0.748718
400.375		0.748718
400.5		0.748718
400.625		0.748718
400.75		0.748718
400.875		0.748718
401		0.748718
401.125		0.748718
401.25		0.748718
401.375		0.748718
401.5		0.748718
401.625		0.748718
401.75		0.748718
401.875		0.748718
402		0.748718
402.125		0.748718
402.25		0.748718
402.375		0.748718
402.5		0.748718
402.625		0.748718
402.75		0.748718
402.875		0.748718
403		0.748718
403.125		0.748718
403.25		0.748718
403.375		0.748718
403.5		0.748718
403.625		0.748718
403.75		0.748718
403.875		0.748718
404		0.748718
404.125		0.748718
404.25		0.748718
404.375		0.748718
404.5		0.748718
404.625		0.748718
404.75		0.748718
404.875		0.748718
405		0.748718
405.125		0.762213
405.25		0.762213
405.375		0.762213
405.5		0.762213
405.625		0.762213
405.75		0.762213
405.875		0.762213
406		0.762213
406.125		0.762213
406.25		0.762213
406.375		0.762213
406.5		0.762213
406.625		0.762213
406.75		0.762213
406.875		0.762213
407		0.762213
407.125		0.762213
407.25		0.762213
407.375		0.762213
407.5		0.762213
407.625		0.762213
407.75		0.762213
407.875		0.762213
408		0.762213
408.125		0.762213
408.25		0.762213
408.375		0.762213
408.5		0.762213
408.625		0.762213
408.75		0.762213
408.875		0.762213
409		0.762213
409.125		0.762213
409.25		0.762213
409.375		0.762213
409.5		0.762213
409.625		0.762213
409.75		0.762213
409.875		0.762213
410		0.762213
410.125		0.781377
410.25		0.781377
410.375		0.781377
410.5		0.781377
410.625		0.781377
410.75		0.781377
410.875		0.781377
411		0.781377
411.125		0.781377
411.25		0.781377
411.375		0.781377
411.5		0.781377
411.625		0.781377
411.75		0.781377
411.875		0.781377
412		0.781377
412.125		0.781377
412.25		0.781377
412.375		0.781377
412.5		0.781377
412.625		0.781377
412.75		0.781377
412.875		0.781377
413		0.781377
413.125		0.781377
413.25		0.781377
413.375		0.781377
413.5		0.781377
413.625		0.781377
413.75		0.781377
413.875		0.781377
414		0.781377
414.125		0.781377
414.25		0.781377
414.375		0.781377
414.5		0.781377
414.625		0.781377
414.75		0.781377
414.875		0.781377
415		0.781377
415.125		0.795951
415.25		0.795951
415.375		0.795951
415.5		0.795951
415.625		0.795951
415.75		0.795951
415.875		0.795951
416		0.795951
416.125		0.795951
416.25		0.795951
416.375		0.795951
416.5		0.795951
416.625		0.795951
416.75		0.795951
416.875		0.795951
417		0.795951
417.125		0.795951
417.25		0.795951
417.375		0.795951
417.5		0.795951
417.625		0.795951
417.75		0.795951
417.875		0.795951
418		0.795951
418.125		0.795951
418.25		0.795951
418.375		0.795951
418.5		0.795951
418.625		0.795951
418.75		0.795951
418.875		0.795951
419		0.795951
419.125		0.795951
419.25		0.795951
419.375		0.795951
419.5		0.795951
419.625		0.795951
419.75		0.795951
419.875		0.795951
420		0.795951
420.125		0.808097
420.25		0.808097
420.375		0.808097
420.5		0.808097
420.625		0.808097
420.75		0.808097
420.875		0.808097
421		0.808097
421.125		0.808097
421.25		0.808097
421.375		0.808097
421.5		0.808097
421.625		0.808097
421.75		0.808097
421.875		0.808097
422		0.808097
422.125		0.808097
422.25		0.808097
422.375		0.808097
422.5		0.808097
422.625		0.808097
422.75		0.808097
422.875		0.808097
423		0.808097
423.125		0.808097
423.25		0.808097
423.375		0.808097
423.5		0.808097
423.625		0.808097
423.75		0.808097
423.875		0.808097
424		0.808097
424.125		0.808097
424.25		0.808097
424.375		0.808097
424.5		0.808097
424.625		0.808097
424.75		0.808097
424.875		0.808097
425		0.808097
425.125		0.819433
425.25		0.819433
425.375		0.819433
425.5		0.819433
425.625		0.819433
425.75		0.819433
425.875		0.819433
426		0.819433
426.125		0.819433
426.25		0.819433
426.375		0.819433
426.5		0.819433
426.625		0.819433
426.75		0.819433
426.875		0.819433
427		0.819433
427.125		0.819433
427.25		0.819433
427.375		0.819433
427.5		0.819433
427.625		0.819433
427.75		0.819433
427.875		0.819433
428		0.819433
428.125		0.819433
428.25		0.819433
428.375		0.819433
428.5		0.819433
428.625		0.819433
428.75		0.819433
428.875		0.819433
429		0.819433
429.125		0.819433
429.25		0.819433
429.375		0.819433
429.5		0.819433
429.625		0.819433
429.75		0.819433
429.875		0.819433
430		0.819433
430.125		0.830229
430.25		0.830229
430.375		0.830229
430.5		0.830229
430.625		0.830229
430.75		0.830229
430.875		0.830229
431		0.830229
431.125		0.830229
431.25		0.830229
431.375		0.830229
431.5		0.830229
431.625		0.830229
431.75		0.830229
431.875		0.830229
432		0.830229
432.125		0.830229
432.25		0.830229
432.375		0.830229
432.5		0.830229
432.625		0.830229
432.75		0.830229
432.875		0.830229
433		0.830229
433.125		0.830229
433.25		0.830229
433.375		0.830229
433.5		0.830229
433.625		0.830229
433.75		0.830229
433.875		0.830229
434		0.830229
434.125		0.830229
434.25		0.830229
434.375		0.830229
434.5		0.830229
434.625		0.830229
434.75		0.830229
434.875		0.830229
435		0.830229
435.125		0.840216
435.25		0.840216
435.375		0.840216
435.5		0.840216
435.625		0.840216
435.75		0.840216
435.875		0.840216
436		0.840216
436.125		0.840216
436.25		0.840216
436.375		0.840216
436.5		0.840216
436.625		0.840216
436.75		0.840216
436.875		0.840216
437		0.840216
437.125		0.840216
437.25		0.840216
437.375		0.840216
437.5		0.840216
437.625		0.840216
437.75		0.840216
437.875		0.840216
438		0.840216
438.125		0.840216
438.25		0.840216
438.375		0.840216
438.5		0.840216
438.625		0.840216
438.75		0.840216
438.875		0.840216
439		0.840216
439.125		0.840216
439.25		0.840216
439.375		0.840216
439.5		0.840216
439.625		0.840216
439.75		0.840216
439.875		0.840216
440		0.840216
440.125		0.850472
440.25		0.850472
440.375		0.850472
440.5		0.850472
440.625		0.850472
440.75		0.850472
440.875		0.850472
441		0.850472
441.125		0.850472
441.25		0.850472
441.375		0.850472
441.5		0.850472
441.625		0.850472
441.75		0.850472
441.875		0.850472
442		0.850472
442.125		0.850472
442.25		0.850472
442.375		0.850472
442.5		0.850472
442.625		0.850472
442.75		0.850472
442.875		0.850472
443		0.850472
443.125		0.850472
443.25		0.850472
443.375		0.850472
443.5		0.850472
443.625		0.850472
443.75		0.850472
443.875		0.850472
444		0.850472
444.125		0.850472
444.25		0.850472
444.375		0.850472
444.5		0.850472
444.625		0.850472
444.75		0.850472
444.875		0.850472
445		0.850472
445.125		0.877463
445.25		0.877463
445.375		0.877463
445.5		0.877463
445.625		0.877463
445.75		0.877463
445.875		0.877463
446		0.877463
446.125		0.877463
446.25		0.877463
446.375		0.877463
446.5		0.877463
446.625		0.877463
446.75		0.877463
446.875		0.877463
447		0.877463
447.125		0.877463
447.25		0.877463
447.375		0.877463
447.5		0.877463
447.625		0.877463
447.75		0.877463
447.875		0.877463
448		0.877463
448.125		0.877463
448.25		0.877463
448.375		0.877463
448.5		0.877463
448.625		0.877463
448.75		0.877463
448.875		0.877463
449		0.877463
449.125		0.877463
449.25		0.877463
449.375		0.877463
449.5		0.877463
449.625		0.877463
449.75		0.877463
449.875		0.877463
450		0.877463
450.125		0.882591
450.25		0.882591
450.375		0.882591
450.5		0.882591
450.625		0.882591
450.75		0.882591
450.875		0.882591
451		0.882591
451.125		0.882591
451.25		0.882591
451.375		0.882591
451.5		0.882591
451.625		0.882591
451.75		0.882591
451.875		0.882591
452		0.882591
452.125		0.882591
452.25		0.882591
452.375		0.882591
452.5		0.882591
452.625		0.882591
452.75		0.882591
452.875		0.882591
453		0.882591
453.125		0.882591
453.25		0.882591
453.375		0.882591
453.5		0.882591
453.625		0.882591
453.75		0.882591
453.875		0.882591
454		0.882591
454.125		0.882591
454.25		0.882591
454.375		0.882591
454.5		0.882591
454.625		0.882591
454.75		0.882591
454.875		0.882591
455		0.882591
455.125		0.897436
455.25		0.897436
455.375		0.897436
455.5		0.897436
455.625		0.897436
455.75		0.897436
455.875		0.897436
456		0.897436
456.125		0.897436
456.25		0.897436
456.375		0.897436
456.5		0.897436
456.625		0.897436
456.75		0.897436
456.875		0.897436
457		0.897436
457.125		0.897436
457.25		0.897436
457.375		0.897436
457.5		0.897436
457.625		0.897436
457.75		0.897436
457.875		0.897436
458		0.897436
458.125		0.897436
458.25		0.897436
458.375		0.897436
458.5		0.897436
458.625		0.897436
458.75		0.897436
458.875		0.897436
459		0.897436
459.125		0.897436
459.25		0.897436
459.375		0.897436
459.5		0.897436
459.625		0.897436
459.75		0.897436
459.875		0.897436
460		0.897436
460.125		0.902294
460.25		0.902294
460.375		0.902294
460.5		0.902294
460.625		0.902294
460.75		0.902294
460.875		0.902294
461		0.902294
461.125		0.902294
461.25		0.902294
461.375		0.902294
461.5		0.902294
461.625		0.902294
461.75		0.902294
461.875		0.902294
462		0.902294
462.125		0.902294
462.25		0.902294
462.375		0.902294
462.5		0.902294
462.625		0.902294
462.75		0.902294
462.875		0.902294
463		0.902294
463.125		0.902294
463.25		0.902294
463.375		0.902294
463.5		0.902294
463.625		0.902294
463.75		0.902294
463.875		0.902294
464		0.902294
464.125		0.902294
464.25		0.902294
464.375		0.902294
464.5		0.902294
464.625		0.902294
464.75		0.902294
464.875		0.902294
465		0.902294
465.125		0.907692
465.25		0.907692
465.375		0.907692
465.5		0.907692
465.625		0.907692
465.75		0.907692
465.875		0.907692
466		0.907692
466.125		0.907692
466.25		0.907692
466.375		0.907692
466.5		0.907692
466.625		0.907692
466.75		0.907692
466.875		0.907692
467		0.907692
467.125		0.907692
467.25		0.907692
467.375		0.907692
467.5		0.907692
467.625		0.907692
467.75		0.907692
467.875		0.907692
468		0.907692
468.125		0.907692
468.25		0.907692
468.375		0.907692
468.5		0.907692
468.625		0.907692
468.75		0.907692
468.875		0.907692
469		0.907692
469.125		0.907692
469.25		0.907692
469.375		0.907692
469.5		0.907692
469.625		0.907692
469.75		0.907692
469.875		0.907692
470		0.907692
470.125		0.937382
470.25		0.937382
470.375		0.937382
470.5		0.937382
470.625		0.937382
470.75		0.937382
470.875		0.937382
471		0.937382
471.125		0.937382
471.25		0.937382
471.375		0.937382
471.5		0.937382
471.625		0.937382
471.75		0.937382
471.875		0.937382
472		0.937382
472.125		0.937382
472.25		0.937382
472.375		0.937382
472.5		0.937382
472.625		0.937382
472.75		0.937382
472.875		0.937382
473		0.937382
473.125		0.937382
473.25		0.937382
473.375		0.937382
473.5		0.937382
473.625		0.937382
473.75		0.937382
473.875		0.937382
474		0.937382
474.125		0.937382
474.25		0.937382
474.375		0.937382
474.5		0.937382
474.625		0.937382
474.75		0.937382
474.875		0.937382
475		0.937382
475.125		0.938462
475.25		0.938462
475.375		0.938462
475.5		0.938462
475.625		0.938462
475.75		0.938462
475.875		0.938462
476		0.938462
476.125		0.938462
476.25		0.938462
476.375		0.938462
476.5		0.938462
476.625		0.938462
476.75		0.938462
476.875		0.938462
477		0.938462
477.125		0.938462
477.25		0.938462
477.375		0.938462
477.5		0.938462
477.625		0.938462
477.75		0.938462
477.875		0.938462
478		0.938462
478.125		0.938462
478.25		0.938462
478.375		0.938462
478.5		0.938462
478.625		0.938462
478.75		0.938462
478.875		0.938462
479		0.938462
479.125		0.938462
479.25		0.938462
479.375		0.938462
479.5		0.938462
479.625		0.938462
479.75		0.938462
479.875		0.938462
480		0.938462
480.125		0.951957
480.25		0.951957
480.375		0.951957
480.5		0.951957
480.625		0.951957
480.75		0.951957
480.875		0.951957
481		0.951957
481.125		0.951957
481.25		0.951957
481.375		0.951957
481.5		0.951957
481.625		0.951957
481.75		0.951957
481.875		0.951957
482		0.951957
482.125		0.951957
482.25		0.951957
482.375		0.951957
482.5		0.951957
482.625		0.951957
482.75		0.951957
482.875		0.951957
483		0.951957
483.125		0.951957
483.25		0.951957
483.375		0.951957
483.5		0.951957
483.625		0.951957
483.75		0.951957
483.875		0.951957
484		0.951957
484.125		0.951957
484.25		0.951957
484.375		0.951957
484.5		0.951957
484.625		0.951957
484.75		0.951957
484.875		0.951957
485		0.951957
485.125		0.959244
485.25		0.959244
485.375		0.959244
485.5		0.959244
485.625		0.959244
485.75		0.959244
485.875		0.959244
486		0.959244
486.125		0.959244
486.25		0.959244
486.375		0.959244
486.5		0.959244
486.625		0.959244
486.75		0.959244
486.875		0.959244
487		0.959244
487.125		0.959244
487.25		0.959244
487.375		0.959244
487.5		0.959244
487.625		0.959244
487.75		0.959244
487.875		0.959244
488		0.959244
488.125		0.959244
488.25		0.959244
488.375		0.959244
488.5		0.959244
488.625		0.959244
488.75		0.959244
488.875		0.959244
489		0.959244
489.125		0.959244
489.25		0.959244
489.375		0.959244
489.5		0.959244
489.625		0.959244
489.75		0.959244
489.875		0.959244
490		0.959244
490.125		0.989204
490.25		0.989204
490.375		0.989204
490.5		0.989204
490.625		0.989204
490.75		0.989204
490.875		0.989204
491		0.989204
491.125		0.989204
491.25		0.989204
491.375		0.989204
491.5		0.989204
491.625		0.989204
491.75		0.989204
491.875		0.989204
492		0.989204
492.125		0.989204
492.25		0.989204
492.375		0.989204
492.5		0.989204
492.625		0.989204
492.75		0.989204
492.875		0.989204
493		0.989204
493.125		0.989204
493.25		0.989204
493.375		0.989204
493.5		0.989204
493.625		0.989204
493.75		0.989204
493.875		0.989204
494		0.989204
494.125		0.989204
494.25		0.989204
494.375		0.989204
494.5		0.989204
494.625		0.989204
494.75		0.989204
494.875		0.989204
495		0.989204
495.125		1
495.25		1
495.375		1
495.5		1
495.625		1
495.75		1
495.875		1
496		1
496.125		1
496.25		1
496.375		1
496.5		1
496.625		1
496.75		1
496.875		1
497		1
497.125		1
497.25		1
497.375		1
497.5		1
497.625		1
497.75		1
497.875		1
498		1
498.125		1
498.25		1
498.375		1
498.5		1
498.625		1
498.75		1
498.875		1
499		1
499.125		1
499.25		1
499.375		1
499.5		1
499.625		1
499.75		1
499.875		1
500		1
