# Calibration file of tamex_id 0 @ channel 6
# fine_T bin		 Calibration value
0.125		0
0.25		0
0.375		0
0.5		0
0.625		0
0.75		0
0.875		0
1		0
1.125		0
1.25		0
1.375		0
1.5		0
1.625		0
1.75		0
1.875		0
2		0
2.125		0
2.25		0
2.375		0
2.5		0
2.625		0
2.75		0
2.875		0
3		0
3.125		0
3.25		0
3.375		0
3.5		0
3.625		0
3.75		0
3.875		0
4		0
4.125		0
4.25		0
4.375		0
4.5		0
4.625		0
4.75		0
4.875		0
5		0
5.125		0
5.25		0
5.375		0
5.5		0
5.625		0
5.75		0
5.875		0
6		0
6.125		0
6.25		0
6.375		0
6.5		0
6.625		0
6.75		0
6.875		0
7		0
7.125		0
7.25		0
7.375		0
7.5		0
7.625		0
7.75		0
7.875		0
8		0
8.125		0
8.25		0
8.375		0
8.5		0
8.625		0
8.75		0
8.875		0
9		0
9.125		0
9.25		0
9.375		0
9.5		0
9.625		0
9.75		0
9.875		0
10		0
10.125		0
10.25		0
10.375		0
10.5		0
10.625		0
10.75		0
10.875		0
11		0
11.125		0
11.25		0
11.375		0
11.5		0
11.625		0
11.75		0
11.875		0
12		0
12.125		0
12.25		0
12.375		0
12.5		0
12.625		0
12.75		0
12.875		0
13		0
13.125		0
13.25		0
13.375		0
13.5		0
13.625		0
13.75		0
13.875		0
14		0
14.125		0
14.25		0
14.375		0
14.5		0
14.625		0
14.75		0
14.875		0
15		0
15.125		0
15.25		0
15.375		0
15.5		0
15.625		0
15.75		0
15.875		0
16		0
16.125		0
16.25		0
16.375		0
16.5		0
16.625		0
16.75		0
16.875		0
17		0
17.125		0
17.25		0
17.375		0
17.5		0
17.625		0
17.75		0
17.875		0
18		0
18.125		0
18.25		0
18.375		0
18.5		0
18.625		0
18.75		0
18.875		0
19		0
19.125		0
19.25		0
19.375		0
19.5		0
19.625		0
19.75		0
19.875		0
20		0
20.125		0
20.25		0
20.375		0
20.5		0
20.625		0
20.75		0
20.875		0
21		0
21.125		0
21.25		0
21.375		0
21.5		0
21.625		0
21.75		0
21.875		0
22		0
22.125		0
22.25		0
22.375		0
22.5		0
22.625		0
22.75		0
22.875		0
23		0
23.125		0
23.25		0
23.375		0
23.5		0
23.625		0
23.75		0
23.875		0
24		0
24.125		0
24.25		0
24.375		0
24.5		0
24.625		0
24.75		0
24.875		0
25		0
25.125		0
25.25		0
25.375		0
25.5		0
25.625		0
25.75		0
25.875		0
26		0
26.125		0
26.25		0
26.375		0
26.5		0
26.625		0
26.75		0
26.875		0
27		0
27.125		0
27.25		0
27.375		0
27.5		0
27.625		0
27.75		0
27.875		0
28		0
28.125		0
28.25		0
28.375		0
28.5		0
28.625		0
28.75		0
28.875		0
29		0
29.125		0
29.25		0
29.375		0
29.5		0
29.625		0
29.75		0
29.875		0
30		0
30.125		0
30.25		0
30.375		0
30.5		0
30.625		0
30.75		0
30.875		0
31		0
31.125		0
31.25		0
31.375		0
31.5		0
31.625		0
31.75		0
31.875		0
32		0
32.125		0
32.25		0
32.375		0
32.5		0
32.625		0
32.75		0
32.875		0
33		0
33.125		0
33.25		0
33.375		0
33.5		0
33.625		0
33.75		0
33.875		0
34		0
34.125		0
34.25		0
34.375		0
34.5		0
34.625		0
34.75		0
34.875		0
35		0
35.125		0
35.25		0
35.375		0
35.5		0
35.625		0
35.75		0
35.875		0
36		0
36.125		0
36.25		0
36.375		0
36.5		0
36.625		0
36.75		0
36.875		0
37		0
37.125		0
37.25		0
37.375		0
37.5		0
37.625		0
37.75		0
37.875		0
38		0
38.125		0
38.25		0
38.375		0
38.5		0
38.625		0
38.75		0
38.875		0
39		0
39.125		0
39.25		0
39.375		0
39.5		0
39.625		0
39.75		0
39.875		0
40		0
40.125		0
40.25		0
40.375		0
40.5		0
40.625		0
40.75		0
40.875		0
41		0
41.125		0
41.25		0
41.375		0
41.5		0
41.625		0
41.75		0
41.875		0
42		0
42.125		0
42.25		0
42.375		0
42.5		0
42.625		0
42.75		0
42.875		0
43		0
43.125		0
43.25		0
43.375		0
43.5		0
43.625		0
43.75		0
43.875		0
44		0
44.125		0
44.25		0
44.375		0
44.5		0
44.625		0
44.75		0
44.875		0
45		0
45.125		0
45.25		0
45.375		0
45.5		0
45.625		0
45.75		0
45.875		0
46		0
46.125		0
46.25		0
46.375		0
46.5		0
46.625		0
46.75		0
46.875		0
47		0
47.125		0
47.25		0
47.375		0
47.5		0
47.625		0
47.75		0
47.875		0
48		0
48.125		0
48.25		0
48.375		0
48.5		0
48.625		0
48.75		0
48.875		0
49		0
49.125		0
49.25		0
49.375		0
49.5		0
49.625		0
49.75		0
49.875		0
50		0
50.125		0
50.25		0
50.375		0
50.5		0
50.625		0
50.75		0
50.875		0
51		0
51.125		0
51.25		0
51.375		0
51.5		0
51.625		0
51.75		0
51.875		0
52		0
52.125		0
52.25		0
52.375		0
52.5		0
52.625		0
52.75		0
52.875		0
53		0
53.125		0
53.25		0
53.375		0
53.5		0
53.625		0
53.75		0
53.875		0
54		0
54.125		0
54.25		0
54.375		0
54.5		0
54.625		0
54.75		0
54.875		0
55		0
55.125		0
55.25		0
55.375		0
55.5		0
55.625		0
55.75		0
55.875		0
56		0
56.125		0
56.25		0
56.375		0
56.5		0
56.625		0
56.75		0
56.875		0
57		0
57.125		0
57.25		0
57.375		0
57.5		0
57.625		0
57.75		0
57.875		0
58		0
58.125		0
58.25		0
58.375		0
58.5		0
58.625		0
58.75		0
58.875		0
59		0
59.125		0
59.25		0
59.375		0
59.5		0
59.625		0
59.75		0
59.875		0
60		0
60.125		0
60.25		0
60.375		0
60.5		0
60.625		0
60.75		0
60.875		0
61		0
61.125		0
61.25		0
61.375		0
61.5		0
61.625		0
61.75		0
61.875		0
62		0
62.125		0
62.25		0
62.375		0
62.5		0
62.625		0
62.75		0
62.875		0
63		0
63.125		0
63.25		0
63.375		0
63.5		0
63.625		0
63.75		0
63.875		0
64		0
64.125		0
64.25		0
64.375		0
64.5		0
64.625		0
64.75		0
64.875		0
65		0
65.125		0
65.25		0
65.375		0
65.5		0
65.625		0
65.75		0
65.875		0
66		0
66.125		0
66.25		0
66.375		0
66.5		0
66.625		0
66.75		0
66.875		0
67		0
67.125		0
67.25		0
67.375		0
67.5		0
67.625		0
67.75		0
67.875		0
68		0
68.125		0
68.25		0
68.375		0
68.5		0
68.625		0
68.75		0
68.875		0
69		0
69.125		0
69.25		0
69.375		0
69.5		0
69.625		0
69.75		0
69.875		0
70		0
70.125		0
70.25		0
70.375		0
70.5		0
70.625		0
70.75		0
70.875		0
71		0
71.125		0
71.25		0
71.375		0
71.5		0
71.625		0
71.75		0
71.875		0
72		0
72.125		0
72.25		0
72.375		0
72.5		0
72.625		0
72.75		0
72.875		0
73		0
73.125		0
73.25		0
73.375		0
73.5		0
73.625		0
73.75		0
73.875		0
74		0
74.125		0
74.25		0
74.375		0
74.5		0
74.625		0
74.75		0
74.875		0
75		0
75.125		0
75.25		0
75.375		0
75.5		0
75.625		0
75.75		0
75.875		0
76		0
76.125		0
76.25		0
76.375		0
76.5		0
76.625		0
76.75		0
76.875		0
77		0
77.125		0
77.25		0
77.375		0
77.5		0
77.625		0
77.75		0
77.875		0
78		0
78.125		0
78.25		0
78.375		0
78.5		0
78.625		0
78.75		0
78.875		0
79		0
79.125		0
79.25		0
79.375		0
79.5		0
79.625		0
79.75		0
79.875		0
80		0
80.125		0
80.25		0
80.375		0
80.5		0
80.625		0
80.75		0
80.875		0
81		0
81.125		0
81.25		0
81.375		0
81.5		0
81.625		0
81.75		0
81.875		0
82		0
82.125		0
82.25		0
82.375		0
82.5		0
82.625		0
82.75		0
82.875		0
83		0
83.125		0
83.25		0
83.375		0
83.5		0
83.625		0
83.75		0
83.875		0
84		0
84.125		0
84.25		0
84.375		0
84.5		0
84.625		0
84.75		0
84.875		0
85		0
85.125		0.0487926
85.25		0.0487926
85.375		0.0487926
85.5		0.0487926
85.625		0.0487926
85.75		0.0487926
85.875		0.0487926
86		0.0487926
86.125		0.0487926
86.25		0.0487926
86.375		0.0487926
86.5		0.0487926
86.625		0.0487926
86.75		0.0487926
86.875		0.0487926
87		0.0487926
87.125		0.0487926
87.25		0.0487926
87.375		0.0487926
87.5		0.0487926
87.625		0.0487926
87.75		0.0487926
87.875		0.0487926
88		0.0487926
88.125		0.0487926
88.25		0.0487926
88.375		0.0487926
88.5		0.0487926
88.625		0.0487926
88.75		0.0487926
88.875		0.0487926
89		0.0487926
89.125		0.0487926
89.25		0.0487926
89.375		0.0487926
89.5		0.0487926
89.625		0.0487926
89.75		0.0487926
89.875		0.0487926
90		0.0487926
90.125		0.0533686
90.25		0.0533686
90.375		0.0533686
90.5		0.0533686
90.625		0.0533686
90.75		0.0533686
90.875		0.0533686
91		0.0533686
91.125		0.0533686
91.25		0.0533686
91.375		0.0533686
91.5		0.0533686
91.625		0.0533686
91.75		0.0533686
91.875		0.0533686
92		0.0533686
92.125		0.0533686
92.25		0.0533686
92.375		0.0533686
92.5		0.0533686
92.625		0.0533686
92.75		0.0533686
92.875		0.0533686
93		0.0533686
93.125		0.0533686
93.25		0.0533686
93.375		0.0533686
93.5		0.0533686
93.625		0.0533686
93.75		0.0533686
93.875		0.0533686
94		0.0533686
94.125		0.0533686
94.25		0.0533686
94.375		0.0533686
94.5		0.0533686
94.625		0.0533686
94.75		0.0533686
94.875		0.0533686
95		0.0533686
95.125		0.0598192
95.25		0.0598192
95.375		0.0598192
95.5		0.0598192
95.625		0.0598192
95.75		0.0598192
95.875		0.0598192
96		0.0598192
96.125		0.0598192
96.25		0.0598192
96.375		0.0598192
96.5		0.0598192
96.625		0.0598192
96.75		0.0598192
96.875		0.0598192
97		0.0598192
97.125		0.0598192
97.25		0.0598192
97.375		0.0598192
97.5		0.0598192
97.625		0.0598192
97.75		0.0598192
97.875		0.0598192
98		0.0598192
98.125		0.0598192
98.25		0.0598192
98.375		0.0598192
98.5		0.0598192
98.625		0.0598192
98.75		0.0598192
98.875		0.0598192
99		0.0598192
99.125		0.0598192
99.25		0.0598192
99.375		0.0598192
99.5		0.0598192
99.625		0.0598192
99.75		0.0598192
99.875		0.0598192
100		0.0598192
100.125		0.0983019
100.25		0.0983019
100.375		0.0983019
100.5		0.0983019
100.625		0.0983019
100.75		0.0983019
100.875		0.0983019
101		0.0983019
101.125		0.0983019
101.25		0.0983019
101.375		0.0983019
101.5		0.0983019
101.625		0.0983019
101.75		0.0983019
101.875		0.0983019
102		0.0983019
102.125		0.0983019
102.25		0.0983019
102.375		0.0983019
102.5		0.0983019
102.625		0.0983019
102.75		0.0983019
102.875		0.0983019
103		0.0983019
103.125		0.0983019
103.25		0.0983019
103.375		0.0983019
103.5		0.0983019
103.625		0.0983019
103.75		0.0983019
103.875		0.0983019
104		0.0983019
104.125		0.0983019
104.25		0.0983019
104.375		0.0983019
104.5		0.0983019
104.625		0.0983019
104.75		0.0983019
104.875		0.0983019
105		0.0983019
105.125		0.09957
105.25		0.09957
105.375		0.09957
105.5		0.09957
105.625		0.09957
105.75		0.09957
105.875		0.09957
106		0.09957
106.125		0.09957
106.25		0.09957
106.375		0.09957
106.5		0.09957
106.625		0.09957
106.75		0.09957
106.875		0.09957
107		0.09957
107.125		0.09957
107.25		0.09957
107.375		0.09957
107.5		0.09957
107.625		0.09957
107.75		0.09957
107.875		0.09957
108		0.09957
108.125		0.09957
108.25		0.09957
108.375		0.09957
108.5		0.09957
108.625		0.09957
108.75		0.09957
108.875		0.09957
109		0.09957
109.125		0.09957
109.25		0.09957
109.375		0.09957
109.5		0.09957
109.625		0.09957
109.75		0.09957
109.875		0.09957
110		0.09957
110.125		0.104642
110.25		0.104642
110.375		0.104642
110.5		0.104642
110.625		0.104642
110.75		0.104642
110.875		0.104642
111		0.104642
111.125		0.104642
111.25		0.104642
111.375		0.104642
111.5		0.104642
111.625		0.104642
111.75		0.104642
111.875		0.104642
112		0.104642
112.125		0.104642
112.25		0.104642
112.375		0.104642
112.5		0.104642
112.625		0.104642
112.75		0.104642
112.875		0.104642
113		0.104642
113.125		0.104642
113.25		0.104642
113.375		0.104642
113.5		0.104642
113.625		0.104642
113.75		0.104642
113.875		0.104642
114		0.104642
114.125		0.104642
114.25		0.104642
114.375		0.104642
114.5		0.104642
114.625		0.104642
114.75		0.104642
114.875		0.104642
115		0.104642
115.125		0.118481
115.25		0.118481
115.375		0.118481
115.5		0.118481
115.625		0.118481
115.75		0.118481
115.875		0.118481
116		0.118481
116.125		0.118481
116.25		0.118481
116.375		0.118481
116.5		0.118481
116.625		0.118481
116.75		0.118481
116.875		0.118481
117		0.118481
117.125		0.118481
117.25		0.118481
117.375		0.118481
117.5		0.118481
117.625		0.118481
117.75		0.118481
117.875		0.118481
118		0.118481
118.125		0.118481
118.25		0.118481
118.375		0.118481
118.5		0.118481
118.625		0.118481
118.75		0.118481
118.875		0.118481
119		0.118481
119.125		0.118481
119.25		0.118481
119.375		0.118481
119.5		0.118481
119.625		0.118481
119.75		0.118481
119.875		0.118481
120		0.118481
120.125		0.138825
120.25		0.138825
120.375		0.138825
120.5		0.138825
120.625		0.138825
120.75		0.138825
120.875		0.138825
121		0.138825
121.125		0.138825
121.25		0.138825
121.375		0.138825
121.5		0.138825
121.625		0.138825
121.75		0.138825
121.875		0.138825
122		0.138825
122.125		0.138825
122.25		0.138825
122.375		0.138825
122.5		0.138825
122.625		0.138825
122.75		0.138825
122.875		0.138825
123		0.138825
123.125		0.138825
123.25		0.138825
123.375		0.138825
123.5		0.138825
123.625		0.138825
123.75		0.138825
123.875		0.138825
124		0.138825
124.125		0.138825
124.25		0.138825
124.375		0.138825
124.5		0.138825
124.625		0.138825
124.75		0.138825
124.875		0.138825
125		0.138825
125.125		0.14715
125.25		0.14715
125.375		0.14715
125.5		0.14715
125.625		0.14715
125.75		0.14715
125.875		0.14715
126		0.14715
126.125		0.14715
126.25		0.14715
126.375		0.14715
126.5		0.14715
126.625		0.14715
126.75		0.14715
126.875		0.14715
127		0.14715
127.125		0.14715
127.25		0.14715
127.375		0.14715
127.5		0.14715
127.625		0.14715
127.75		0.14715
127.875		0.14715
128		0.14715
128.125		0.14715
128.25		0.14715
128.375		0.14715
128.5		0.14715
128.625		0.14715
128.75		0.14715
128.875		0.14715
129		0.14715
129.125		0.14715
129.25		0.14715
129.375		0.14715
129.5		0.14715
129.625		0.14715
129.75		0.14715
129.875		0.14715
130		0.14715
130.125		0.160767
130.25		0.160767
130.375		0.160767
130.5		0.160767
130.625		0.160767
130.75		0.160767
130.875		0.160767
131		0.160767
131.125		0.160767
131.25		0.160767
131.375		0.160767
131.5		0.160767
131.625		0.160767
131.75		0.160767
131.875		0.160767
132		0.160767
132.125		0.160767
132.25		0.160767
132.375		0.160767
132.5		0.160767
132.625		0.160767
132.75		0.160767
132.875		0.160767
133		0.160767
133.125		0.160767
133.25		0.160767
133.375		0.160767
133.5		0.160767
133.625		0.160767
133.75		0.160767
133.875		0.160767
134		0.160767
134.125		0.160767
134.25		0.160767
134.375		0.160767
134.5		0.160767
134.625		0.160767
134.75		0.160767
134.875		0.160767
135		0.160767
135.125		0.164516
135.25		0.164516
135.375		0.164516
135.5		0.164516
135.625		0.164516
135.75		0.164516
135.875		0.164516
136		0.164516
136.125		0.164516
136.25		0.164516
136.375		0.164516
136.5		0.164516
136.625		0.164516
136.75		0.164516
136.875		0.164516
137		0.164516
137.125		0.164516
137.25		0.164516
137.375		0.164516
137.5		0.164516
137.625		0.164516
137.75		0.164516
137.875		0.164516
138		0.164516
138.125		0.164516
138.25		0.164516
138.375		0.164516
138.5		0.164516
138.625		0.164516
138.75		0.164516
138.875		0.164516
139		0.164516
139.125		0.164516
139.25		0.164516
139.375		0.164516
139.5		0.164516
139.625		0.164516
139.75		0.164516
139.875		0.164516
140		0.164516
140.125		0.178465
140.25		0.178465
140.375		0.178465
140.5		0.178465
140.625		0.178465
140.75		0.178465
140.875		0.178465
141		0.178465
141.125		0.178465
141.25		0.178465
141.375		0.178465
141.5		0.178465
141.625		0.178465
141.75		0.178465
141.875		0.178465
142		0.178465
142.125		0.178465
142.25		0.178465
142.375		0.178465
142.5		0.178465
142.625		0.178465
142.75		0.178465
142.875		0.178465
143		0.178465
143.125		0.178465
143.25		0.178465
143.375		0.178465
143.5		0.178465
143.625		0.178465
143.75		0.178465
143.875		0.178465
144		0.178465
144.125		0.178465
144.25		0.178465
144.375		0.178465
144.5		0.178465
144.625		0.178465
144.75		0.178465
144.875		0.178465
145		0.178465
145.125		0.189271
145.25		0.189271
145.375		0.189271
145.5		0.189271
145.625		0.189271
145.75		0.189271
145.875		0.189271
146		0.189271
146.125		0.189271
146.25		0.189271
146.375		0.189271
146.5		0.189271
146.625		0.189271
146.75		0.189271
146.875		0.189271
147		0.189271
147.125		0.189271
147.25		0.189271
147.375		0.189271
147.5		0.189271
147.625		0.189271
147.75		0.189271
147.875		0.189271
148		0.189271
148.125		0.189271
148.25		0.189271
148.375		0.189271
148.5		0.189271
148.625		0.189271
148.75		0.189271
148.875		0.189271
149		0.189271
149.125		0.189271
149.25		0.189271
149.375		0.189271
149.5		0.189271
149.625		0.189271
149.75		0.189271
149.875		0.189271
150		0.189271
150.125		0.198699
150.25		0.198699
150.375		0.198699
150.5		0.198699
150.625		0.198699
150.75		0.198699
150.875		0.198699
151		0.198699
151.125		0.198699
151.25		0.198699
151.375		0.198699
151.5		0.198699
151.625		0.198699
151.75		0.198699
151.875		0.198699
152		0.198699
152.125		0.198699
152.25		0.198699
152.375		0.198699
152.5		0.198699
152.625		0.198699
152.75		0.198699
152.875		0.198699
153		0.198699
153.125		0.198699
153.25		0.198699
153.375		0.198699
153.5		0.198699
153.625		0.198699
153.75		0.198699
153.875		0.198699
154		0.198699
154.125		0.198699
154.25		0.198699
154.375		0.198699
154.5		0.198699
154.625		0.198699
154.75		0.198699
154.875		0.198699
155		0.198699
155.125		0.217003
155.25		0.217003
155.375		0.217003
155.5		0.217003
155.625		0.217003
155.75		0.217003
155.875		0.217003
156		0.217003
156.125		0.217003
156.25		0.217003
156.375		0.217003
156.5		0.217003
156.625		0.217003
156.75		0.217003
156.875		0.217003
157		0.217003
157.125		0.217003
157.25		0.217003
157.375		0.217003
157.5		0.217003
157.625		0.217003
157.75		0.217003
157.875		0.217003
158		0.217003
158.125		0.217003
158.25		0.217003
158.375		0.217003
158.5		0.217003
158.625		0.217003
158.75		0.217003
158.875		0.217003
159		0.217003
159.125		0.217003
159.25		0.217003
159.375		0.217003
159.5		0.217003
159.625		0.217003
159.75		0.217003
159.875		0.217003
160		0.217003
160.125		0.22621
160.25		0.22621
160.375		0.22621
160.5		0.22621
160.625		0.22621
160.75		0.22621
160.875		0.22621
161		0.22621
161.125		0.22621
161.25		0.22621
161.375		0.22621
161.5		0.22621
161.625		0.22621
161.75		0.22621
161.875		0.22621
162		0.22621
162.125		0.22621
162.25		0.22621
162.375		0.22621
162.5		0.22621
162.625		0.22621
162.75		0.22621
162.875		0.22621
163		0.22621
163.125		0.22621
163.25		0.22621
163.375		0.22621
163.5		0.22621
163.625		0.22621
163.75		0.22621
163.875		0.22621
164		0.22621
164.125		0.22621
164.25		0.22621
164.375		0.22621
164.5		0.22621
164.625		0.22621
164.75		0.22621
164.875		0.22621
165		0.22621
165.125		0.233267
165.25		0.233267
165.375		0.233267
165.5		0.233267
165.625		0.233267
165.75		0.233267
165.875		0.233267
166		0.233267
166.125		0.233267
166.25		0.233267
166.375		0.233267
166.5		0.233267
166.625		0.233267
166.75		0.233267
166.875		0.233267
167		0.233267
167.125		0.233267
167.25		0.233267
167.375		0.233267
167.5		0.233267
167.625		0.233267
167.75		0.233267
167.875		0.233267
168		0.233267
168.125		0.233267
168.25		0.233267
168.375		0.233267
168.5		0.233267
168.625		0.233267
168.75		0.233267
168.875		0.233267
169		0.233267
169.125		0.233267
169.25		0.233267
169.375		0.233267
169.5		0.233267
169.625		0.233267
169.75		0.233267
169.875		0.233267
170		0.233267
170.125		0.244845
170.25		0.244845
170.375		0.244845
170.5		0.244845
170.625		0.244845
170.75		0.244845
170.875		0.244845
171		0.244845
171.125		0.244845
171.25		0.244845
171.375		0.244845
171.5		0.244845
171.625		0.244845
171.75		0.244845
171.875		0.244845
172		0.244845
172.125		0.244845
172.25		0.244845
172.375		0.244845
172.5		0.244845
172.625		0.244845
172.75		0.244845
172.875		0.244845
173		0.244845
173.125		0.244845
173.25		0.244845
173.375		0.244845
173.5		0.244845
173.625		0.244845
173.75		0.244845
173.875		0.244845
174		0.244845
174.125		0.244845
174.25		0.244845
174.375		0.244845
174.5		0.244845
174.625		0.244845
174.75		0.244845
174.875		0.244845
175		0.244845
175.125		0.251406
175.25		0.251406
175.375		0.251406
175.5		0.251406
175.625		0.251406
175.75		0.251406
175.875		0.251406
176		0.251406
176.125		0.251406
176.25		0.251406
176.375		0.251406
176.5		0.251406
176.625		0.251406
176.75		0.251406
176.875		0.251406
177		0.251406
177.125		0.251406
177.25		0.251406
177.375		0.251406
177.5		0.251406
177.625		0.251406
177.75		0.251406
177.875		0.251406
178		0.251406
178.125		0.251406
178.25		0.251406
178.375		0.251406
178.5		0.251406
178.625		0.251406
178.75		0.251406
178.875		0.251406
179		0.251406
179.125		0.251406
179.25		0.251406
179.375		0.251406
179.5		0.251406
179.625		0.251406
179.75		0.251406
179.875		0.251406
180		0.251406
180.125		0.266292
180.25		0.266292
180.375		0.266292
180.5		0.266292
180.625		0.266292
180.75		0.266292
180.875		0.266292
181		0.266292
181.125		0.266292
181.25		0.266292
181.375		0.266292
181.5		0.266292
181.625		0.266292
181.75		0.266292
181.875		0.266292
182		0.266292
182.125		0.266292
182.25		0.266292
182.375		0.266292
182.5		0.266292
182.625		0.266292
182.75		0.266292
182.875		0.266292
183		0.266292
183.125		0.266292
183.25		0.266292
183.375		0.266292
183.5		0.266292
183.625		0.266292
183.75		0.266292
183.875		0.266292
184		0.266292
184.125		0.266292
184.25		0.266292
184.375		0.266292
184.5		0.266292
184.625		0.266292
184.75		0.266292
184.875		0.266292
185		0.266292
185.125		0.286526
185.25		0.286526
185.375		0.286526
185.5		0.286526
185.625		0.286526
185.75		0.286526
185.875		0.286526
186		0.286526
186.125		0.286526
186.25		0.286526
186.375		0.286526
186.5		0.286526
186.625		0.286526
186.75		0.286526
186.875		0.286526
187		0.286526
187.125		0.286526
187.25		0.286526
187.375		0.286526
187.5		0.286526
187.625		0.286526
187.75		0.286526
187.875		0.286526
188		0.286526
188.125		0.286526
188.25		0.286526
188.375		0.286526
188.5		0.286526
188.625		0.286526
188.75		0.286526
188.875		0.286526
189		0.286526
189.125		0.286526
189.25		0.286526
189.375		0.286526
189.5		0.286526
189.625		0.286526
189.75		0.286526
189.875		0.286526
190		0.286526
190.125		0.288951
190.25		0.288951
190.375		0.288951
190.5		0.288951
190.625		0.288951
190.75		0.288951
190.875		0.288951
191		0.288951
191.125		0.288951
191.25		0.288951
191.375		0.288951
191.5		0.288951
191.625		0.288951
191.75		0.288951
191.875		0.288951
192		0.288951
192.125		0.288951
192.25		0.288951
192.375		0.288951
192.5		0.288951
192.625		0.288951
192.75		0.288951
192.875		0.288951
193		0.288951
193.125		0.288951
193.25		0.288951
193.375		0.288951
193.5		0.288951
193.625		0.288951
193.75		0.288951
193.875		0.288951
194		0.288951
194.125		0.288951
194.25		0.288951
194.375		0.288951
194.5		0.288951
194.625		0.288951
194.75		0.288951
194.875		0.288951
195		0.288951
195.125		0.294134
195.25		0.294134
195.375		0.294134
195.5		0.294134
195.625		0.294134
195.75		0.294134
195.875		0.294134
196		0.294134
196.125		0.294134
196.25		0.294134
196.375		0.294134
196.5		0.294134
196.625		0.294134
196.75		0.294134
196.875		0.294134
197		0.294134
197.125		0.294134
197.25		0.294134
197.375		0.294134
197.5		0.294134
197.625		0.294134
197.75		0.294134
197.875		0.294134
198		0.294134
198.125		0.294134
198.25		0.294134
198.375		0.294134
198.5		0.294134
198.625		0.294134
198.75		0.294134
198.875		0.294134
199		0.294134
199.125		0.294134
199.25		0.294134
199.375		0.294134
199.5		0.294134
199.625		0.294134
199.75		0.294134
199.875		0.294134
200		0.294134
200.125		0.306759
200.25		0.306759
200.375		0.306759
200.5		0.306759
200.625		0.306759
200.75		0.306759
200.875		0.306759
201		0.306759
201.125		0.306759
201.25		0.306759
201.375		0.306759
201.5		0.306759
201.625		0.306759
201.75		0.306759
201.875		0.306759
202		0.306759
202.125		0.306759
202.25		0.306759
202.375		0.306759
202.5		0.306759
202.625		0.306759
202.75		0.306759
202.875		0.306759
203		0.306759
203.125		0.306759
203.25		0.306759
203.375		0.306759
203.5		0.306759
203.625		0.306759
203.75		0.306759
203.875		0.306759
204		0.306759
204.125		0.306759
204.25		0.306759
204.375		0.306759
204.5		0.306759
204.625		0.306759
204.75		0.306759
204.875		0.306759
205		0.306759
205.125		0.322196
205.25		0.322196
205.375		0.322196
205.5		0.322196
205.625		0.322196
205.75		0.322196
205.875		0.322196
206		0.322196
206.125		0.322196
206.25		0.322196
206.375		0.322196
206.5		0.322196
206.625		0.322196
206.75		0.322196
206.875		0.322196
207		0.322196
207.125		0.322196
207.25		0.322196
207.375		0.322196
207.5		0.322196
207.625		0.322196
207.75		0.322196
207.875		0.322196
208		0.322196
208.125		0.322196
208.25		0.322196
208.375		0.322196
208.5		0.322196
208.625		0.322196
208.75		0.322196
208.875		0.322196
209		0.322196
209.125		0.322196
209.25		0.322196
209.375		0.322196
209.5		0.322196
209.625		0.322196
209.75		0.322196
209.875		0.322196
210		0.322196
210.125		0.345077
210.25		0.345077
210.375		0.345077
210.5		0.345077
210.625		0.345077
210.75		0.345077
210.875		0.345077
211		0.345077
211.125		0.345077
211.25		0.345077
211.375		0.345077
211.5		0.345077
211.625		0.345077
211.75		0.345077
211.875		0.345077
212		0.345077
212.125		0.345077
212.25		0.345077
212.375		0.345077
212.5		0.345077
212.625		0.345077
212.75		0.345077
212.875		0.345077
213		0.345077
213.125		0.345077
213.25		0.345077
213.375		0.345077
213.5		0.345077
213.625		0.345077
213.75		0.345077
213.875		0.345077
214		0.345077
214.125		0.345077
214.25		0.345077
214.375		0.345077
214.5		0.345077
214.625		0.345077
214.75		0.345077
214.875		0.345077
215		0.345077
215.125		0.346124
215.25		0.346124
215.375		0.346124
215.5		0.346124
215.625		0.346124
215.75		0.346124
215.875		0.346124
216		0.346124
216.125		0.346124
216.25		0.346124
216.375		0.346124
216.5		0.346124
216.625		0.346124
216.75		0.346124
216.875		0.346124
217		0.346124
217.125		0.346124
217.25		0.346124
217.375		0.346124
217.5		0.346124
217.625		0.346124
217.75		0.346124
217.875		0.346124
218		0.346124
218.125		0.346124
218.25		0.346124
218.375		0.346124
218.5		0.346124
218.625		0.346124
218.75		0.346124
218.875		0.346124
219		0.346124
219.125		0.346124
219.25		0.346124
219.375		0.346124
219.5		0.346124
219.625		0.346124
219.75		0.346124
219.875		0.346124
220		0.346124
220.125		0.347999
220.25		0.347999
220.375		0.347999
220.5		0.347999
220.625		0.347999
220.75		0.347999
220.875		0.347999
221		0.347999
221.125		0.347999
221.25		0.347999
221.375		0.347999
221.5		0.347999
221.625		0.347999
221.75		0.347999
221.875		0.347999
222		0.347999
222.125		0.347999
222.25		0.347999
222.375		0.347999
222.5		0.347999
222.625		0.347999
222.75		0.347999
222.875		0.347999
223		0.347999
223.125		0.347999
223.25		0.347999
223.375		0.347999
223.5		0.347999
223.625		0.347999
223.75		0.347999
223.875		0.347999
224		0.347999
224.125		0.347999
224.25		0.347999
224.375		0.347999
224.5		0.347999
224.625		0.347999
224.75		0.347999
224.875		0.347999
225		0.347999
225.125		0.36294
225.25		0.36294
225.375		0.36294
225.5		0.36294
225.625		0.36294
225.75		0.36294
225.875		0.36294
226		0.36294
226.125		0.36294
226.25		0.36294
226.375		0.36294
226.5		0.36294
226.625		0.36294
226.75		0.36294
226.875		0.36294
227		0.36294
227.125		0.36294
227.25		0.36294
227.375		0.36294
227.5		0.36294
227.625		0.36294
227.75		0.36294
227.875		0.36294
228		0.36294
228.125		0.36294
228.25		0.36294
228.375		0.36294
228.5		0.36294
228.625		0.36294
228.75		0.36294
228.875		0.36294
229		0.36294
229.125		0.36294
229.25		0.36294
229.375		0.36294
229.5		0.36294
229.625		0.36294
229.75		0.36294
229.875		0.36294
230		0.36294
230.125		0.384056
230.25		0.384056
230.375		0.384056
230.5		0.384056
230.625		0.384056
230.75		0.384056
230.875		0.384056
231		0.384056
231.125		0.384056
231.25		0.384056
231.375		0.384056
231.5		0.384056
231.625		0.384056
231.75		0.384056
231.875		0.384056
232		0.384056
232.125		0.384056
232.25		0.384056
232.375		0.384056
232.5		0.384056
232.625		0.384056
232.75		0.384056
232.875		0.384056
233		0.384056
233.125		0.384056
233.25		0.384056
233.375		0.384056
233.5		0.384056
233.625		0.384056
233.75		0.384056
233.875		0.384056
234		0.384056
234.125		0.384056
234.25		0.384056
234.375		0.384056
234.5		0.384056
234.625		0.384056
234.75		0.384056
234.875		0.384056
235		0.384056
235.125		0.396075
235.25		0.396075
235.375		0.396075
235.5		0.396075
235.625		0.396075
235.75		0.396075
235.875		0.396075
236		0.396075
236.125		0.396075
236.25		0.396075
236.375		0.396075
236.5		0.396075
236.625		0.396075
236.75		0.396075
236.875		0.396075
237		0.396075
237.125		0.396075
237.25		0.396075
237.375		0.396075
237.5		0.396075
237.625		0.396075
237.75		0.396075
237.875		0.396075
238		0.396075
238.125		0.396075
238.25		0.396075
238.375		0.396075
238.5		0.396075
238.625		0.396075
238.75		0.396075
238.875		0.396075
239		0.396075
239.125		0.396075
239.25		0.396075
239.375		0.396075
239.5		0.396075
239.625		0.396075
239.75		0.396075
239.875		0.396075
240		0.396075
240.125		0.401863
240.25		0.401863
240.375		0.401863
240.5		0.401863
240.625		0.401863
240.75		0.401863
240.875		0.401863
241		0.401863
241.125		0.401863
241.25		0.401863
241.375		0.401863
241.5		0.401863
241.625		0.401863
241.75		0.401863
241.875		0.401863
242		0.401863
242.125		0.401863
242.25		0.401863
242.375		0.401863
242.5		0.401863
242.625		0.401863
242.75		0.401863
242.875		0.401863
243		0.401863
243.125		0.401863
243.25		0.401863
243.375		0.401863
243.5		0.401863
243.625		0.401863
243.75		0.401863
243.875		0.401863
244		0.401863
244.125		0.401863
244.25		0.401863
244.375		0.401863
244.5		0.401863
244.625		0.401863
244.75		0.401863
244.875		0.401863
245		0.401863
245.125		0.403021
245.25		0.403021
245.375		0.403021
245.5		0.403021
245.625		0.403021
245.75		0.403021
245.875		0.403021
246		0.403021
246.125		0.403021
246.25		0.403021
246.375		0.403021
246.5		0.403021
246.625		0.403021
246.75		0.403021
246.875		0.403021
247		0.403021
247.125		0.403021
247.25		0.403021
247.375		0.403021
247.5		0.403021
247.625		0.403021
247.75		0.403021
247.875		0.403021
248		0.403021
248.125		0.403021
248.25		0.403021
248.375		0.403021
248.5		0.403021
248.625		0.403021
248.75		0.403021
248.875		0.403021
249		0.403021
249.125		0.403021
249.25		0.403021
249.375		0.403021
249.5		0.403021
249.625		0.403021
249.75		0.403021
249.875		0.403021
250		0.403021
250.125		0.425681
250.25		0.425681
250.375		0.425681
250.5		0.425681
250.625		0.425681
250.75		0.425681
250.875		0.425681
251		0.425681
251.125		0.425681
251.25		0.425681
251.375		0.425681
251.5		0.425681
251.625		0.425681
251.75		0.425681
251.875		0.425681
252		0.425681
252.125		0.425681
252.25		0.425681
252.375		0.425681
252.5		0.425681
252.625		0.425681
252.75		0.425681
252.875		0.425681
253		0.425681
253.125		0.425681
253.25		0.425681
253.375		0.425681
253.5		0.425681
253.625		0.425681
253.75		0.425681
253.875		0.425681
254		0.425681
254.125		0.425681
254.25		0.425681
254.375		0.425681
254.5		0.425681
254.625		0.425681
254.75		0.425681
254.875		0.425681
255		0.425681
255.125		0.427059
255.25		0.427059
255.375		0.427059
255.5		0.427059
255.625		0.427059
255.75		0.427059
255.875		0.427059
256		0.427059
256.125		0.427059
256.25		0.427059
256.375		0.427059
256.5		0.427059
256.625		0.427059
256.75		0.427059
256.875		0.427059
257		0.427059
257.125		0.427059
257.25		0.427059
257.375		0.427059
257.5		0.427059
257.625		0.427059
257.75		0.427059
257.875		0.427059
258		0.427059
258.125		0.427059
258.25		0.427059
258.375		0.427059
258.5		0.427059
258.625		0.427059
258.75		0.427059
258.875		0.427059
259		0.427059
259.125		0.427059
259.25		0.427059
259.375		0.427059
259.5		0.427059
259.625		0.427059
259.75		0.427059
259.875		0.427059
260		0.427059
260.125		0.42943
260.25		0.42943
260.375		0.42943
260.5		0.42943
260.625		0.42943
260.75		0.42943
260.875		0.42943
261		0.42943
261.125		0.42943
261.25		0.42943
261.375		0.42943
261.5		0.42943
261.625		0.42943
261.75		0.42943
261.875		0.42943
262		0.42943
262.125		0.42943
262.25		0.42943
262.375		0.42943
262.5		0.42943
262.625		0.42943
262.75		0.42943
262.875		0.42943
263		0.42943
263.125		0.42943
263.25		0.42943
263.375		0.42943
263.5		0.42943
263.625		0.42943
263.75		0.42943
263.875		0.42943
264		0.42943
264.125		0.42943
264.25		0.42943
264.375		0.42943
264.5		0.42943
264.625		0.42943
264.75		0.42943
264.875		0.42943
265		0.42943
265.125		0.45209
265.25		0.45209
265.375		0.45209
265.5		0.45209
265.625		0.45209
265.75		0.45209
265.875		0.45209
266		0.45209
266.125		0.45209
266.25		0.45209
266.375		0.45209
266.5		0.45209
266.625		0.45209
266.75		0.45209
266.875		0.45209
267		0.45209
267.125		0.45209
267.25		0.45209
267.375		0.45209
267.5		0.45209
267.625		0.45209
267.75		0.45209
267.875		0.45209
268		0.45209
268.125		0.45209
268.25		0.45209
268.375		0.45209
268.5		0.45209
268.625		0.45209
268.75		0.45209
268.875		0.45209
269		0.45209
269.125		0.45209
269.25		0.45209
269.375		0.45209
269.5		0.45209
269.625		0.45209
269.75		0.45209
269.875		0.45209
270		0.45209
270.125		0.46488
270.25		0.46488
270.375		0.46488
270.5		0.46488
270.625		0.46488
270.75		0.46488
270.875		0.46488
271		0.46488
271.125		0.46488
271.25		0.46488
271.375		0.46488
271.5		0.46488
271.625		0.46488
271.75		0.46488
271.875		0.46488
272		0.46488
272.125		0.46488
272.25		0.46488
272.375		0.46488
272.5		0.46488
272.625		0.46488
272.75		0.46488
272.875		0.46488
273		0.46488
273.125		0.46488
273.25		0.46488
273.375		0.46488
273.5		0.46488
273.625		0.46488
273.75		0.46488
273.875		0.46488
274		0.46488
274.125		0.46488
274.25		0.46488
274.375		0.46488
274.5		0.46488
274.625		0.46488
274.75		0.46488
274.875		0.46488
275		0.46488
275.125		0.485004
275.25		0.485004
275.375		0.485004
275.5		0.485004
275.625		0.485004
275.75		0.485004
275.875		0.485004
276		0.485004
276.125		0.485004
276.25		0.485004
276.375		0.485004
276.5		0.485004
276.625		0.485004
276.75		0.485004
276.875		0.485004
277		0.485004
277.125		0.485004
277.25		0.485004
277.375		0.485004
277.5		0.485004
277.625		0.485004
277.75		0.485004
277.875		0.485004
278		0.485004
278.125		0.485004
278.25		0.485004
278.375		0.485004
278.5		0.485004
278.625		0.485004
278.75		0.485004
278.875		0.485004
279		0.485004
279.125		0.485004
279.25		0.485004
279.375		0.485004
279.5		0.485004
279.625		0.485004
279.75		0.485004
279.875		0.485004
280		0.485004
280.125		0.488477
280.25		0.488477
280.375		0.488477
280.5		0.488477
280.625		0.488477
280.75		0.488477
280.875		0.488477
281		0.488477
281.125		0.488477
281.25		0.488477
281.375		0.488477
281.5		0.488477
281.625		0.488477
281.75		0.488477
281.875		0.488477
282		0.488477
282.125		0.488477
282.25		0.488477
282.375		0.488477
282.5		0.488477
282.625		0.488477
282.75		0.488477
282.875		0.488477
283		0.488477
283.125		0.488477
283.25		0.488477
283.375		0.488477
283.5		0.488477
283.625		0.488477
283.75		0.488477
283.875		0.488477
284		0.488477
284.125		0.488477
284.25		0.488477
284.375		0.488477
284.5		0.488477
284.625		0.488477
284.75		0.488477
284.875		0.488477
285		0.488477
285.125		0.500055
285.25		0.500055
285.375		0.500055
285.5		0.500055
285.625		0.500055
285.75		0.500055
285.875		0.500055
286		0.500055
286.125		0.500055
286.25		0.500055
286.375		0.500055
286.5		0.500055
286.625		0.500055
286.75		0.500055
286.875		0.500055
287		0.500055
287.125		0.500055
287.25		0.500055
287.375		0.500055
287.5		0.500055
287.625		0.500055
287.75		0.500055
287.875		0.500055
288		0.500055
288.125		0.500055
288.25		0.500055
288.375		0.500055
288.5		0.500055
288.625		0.500055
288.75		0.500055
288.875		0.500055
289		0.500055
289.125		0.500055
289.25		0.500055
289.375		0.500055
289.5		0.500055
289.625		0.500055
289.75		0.500055
289.875		0.500055
290		0.500055
290.125		0.501709
290.25		0.501709
290.375		0.501709
290.5		0.501709
290.625		0.501709
290.75		0.501709
290.875		0.501709
291		0.501709
291.125		0.501709
291.25		0.501709
291.375		0.501709
291.5		0.501709
291.625		0.501709
291.75		0.501709
291.875		0.501709
292		0.501709
292.125		0.501709
292.25		0.501709
292.375		0.501709
292.5		0.501709
292.625		0.501709
292.75		0.501709
292.875		0.501709
293		0.501709
293.125		0.501709
293.25		0.501709
293.375		0.501709
293.5		0.501709
293.625		0.501709
293.75		0.501709
293.875		0.501709
294		0.501709
294.125		0.501709
294.25		0.501709
294.375		0.501709
294.5		0.501709
294.625		0.501709
294.75		0.501709
294.875		0.501709
295		0.501709
295.125		0.523707
295.25		0.523707
295.375		0.523707
295.5		0.523707
295.625		0.523707
295.75		0.523707
295.875		0.523707
296		0.523707
296.125		0.523707
296.25		0.523707
296.375		0.523707
296.5		0.523707
296.625		0.523707
296.75		0.523707
296.875		0.523707
297		0.523707
297.125		0.523707
297.25		0.523707
297.375		0.523707
297.5		0.523707
297.625		0.523707
297.75		0.523707
297.875		0.523707
298		0.523707
298.125		0.523707
298.25		0.523707
298.375		0.523707
298.5		0.523707
298.625		0.523707
298.75		0.523707
298.875		0.523707
299		0.523707
299.125		0.523707
299.25		0.523707
299.375		0.523707
299.5		0.523707
299.625		0.523707
299.75		0.523707
299.875		0.523707
300		0.523707
300.125		0.529661
300.25		0.529661
300.375		0.529661
300.5		0.529661
300.625		0.529661
300.75		0.529661
300.875		0.529661
301		0.529661
301.125		0.529661
301.25		0.529661
301.375		0.529661
301.5		0.529661
301.625		0.529661
301.75		0.529661
301.875		0.529661
302		0.529661
302.125		0.529661
302.25		0.529661
302.375		0.529661
302.5		0.529661
302.625		0.529661
302.75		0.529661
302.875		0.529661
303		0.529661
303.125		0.529661
303.25		0.529661
303.375		0.529661
303.5		0.529661
303.625		0.529661
303.75		0.529661
303.875		0.529661
304		0.529661
304.125		0.529661
304.25		0.529661
304.375		0.529661
304.5		0.529661
304.625		0.529661
304.75		0.529661
304.875		0.529661
305		0.529661
305.125		0.540798
305.25		0.540798
305.375		0.540798
305.5		0.540798
305.625		0.540798
305.75		0.540798
305.875		0.540798
306		0.540798
306.125		0.540798
306.25		0.540798
306.375		0.540798
306.5		0.540798
306.625		0.540798
306.75		0.540798
306.875		0.540798
307		0.540798
307.125		0.540798
307.25		0.540798
307.375		0.540798
307.5		0.540798
307.625		0.540798
307.75		0.540798
307.875		0.540798
308		0.540798
308.125		0.540798
308.25		0.540798
308.375		0.540798
308.5		0.540798
308.625		0.540798
308.75		0.540798
308.875		0.540798
309		0.540798
309.125		0.540798
309.25		0.540798
309.375		0.540798
309.5		0.540798
309.625		0.540798
309.75		0.540798
309.875		0.540798
310		0.540798
310.125		0.565332
310.25		0.565332
310.375		0.565332
310.5		0.565332
310.625		0.565332
310.75		0.565332
310.875		0.565332
311		0.565332
311.125		0.565332
311.25		0.565332
311.375		0.565332
311.5		0.565332
311.625		0.565332
311.75		0.565332
311.875		0.565332
312		0.565332
312.125		0.565332
312.25		0.565332
312.375		0.565332
312.5		0.565332
312.625		0.565332
312.75		0.565332
312.875		0.565332
313		0.565332
313.125		0.565332
313.25		0.565332
313.375		0.565332
313.5		0.565332
313.625		0.565332
313.75		0.565332
313.875		0.565332
314		0.565332
314.125		0.565332
314.25		0.565332
314.375		0.565332
314.5		0.565332
314.625		0.565332
314.75		0.565332
314.875		0.565332
315		0.565332
315.125		0.566215
315.25		0.566215
315.375		0.566215
315.5		0.566215
315.625		0.566215
315.75		0.566215
315.875		0.566215
316		0.566215
316.125		0.566215
316.25		0.566215
316.375		0.566215
316.5		0.566215
316.625		0.566215
316.75		0.566215
316.875		0.566215
317		0.566215
317.125		0.566215
317.25		0.566215
317.375		0.566215
317.5		0.566215
317.625		0.566215
317.75		0.566215
317.875		0.566215
318		0.566215
318.125		0.566215
318.25		0.566215
318.375		0.566215
318.5		0.566215
318.625		0.566215
318.75		0.566215
318.875		0.566215
319		0.566215
319.125		0.566215
319.25		0.566215
319.375		0.566215
319.5		0.566215
319.625		0.566215
319.75		0.566215
319.875		0.566215
320		0.566215
320.125		0.5811
320.25		0.5811
320.375		0.5811
320.5		0.5811
320.625		0.5811
320.75		0.5811
320.875		0.5811
321		0.5811
321.125		0.5811
321.25		0.5811
321.375		0.5811
321.5		0.5811
321.625		0.5811
321.75		0.5811
321.875		0.5811
322		0.5811
322.125		0.5811
322.25		0.5811
322.375		0.5811
322.5		0.5811
322.625		0.5811
322.75		0.5811
322.875		0.5811
323		0.5811
323.125		0.5811
323.25		0.5811
323.375		0.5811
323.5		0.5811
323.625		0.5811
323.75		0.5811
323.875		0.5811
324		0.5811
324.125		0.5811
324.25		0.5811
324.375		0.5811
324.5		0.5811
324.625		0.5811
324.75		0.5811
324.875		0.5811
325		0.5811
325.125		0.596097
325.25		0.596097
325.375		0.596097
325.5		0.596097
325.625		0.596097
325.75		0.596097
325.875		0.596097
326		0.596097
326.125		0.596097
326.25		0.596097
326.375		0.596097
326.5		0.596097
326.625		0.596097
326.75		0.596097
326.875		0.596097
327		0.596097
327.125		0.596097
327.25		0.596097
327.375		0.596097
327.5		0.596097
327.625		0.596097
327.75		0.596097
327.875		0.596097
328		0.596097
328.125		0.596097
328.25		0.596097
328.375		0.596097
328.5		0.596097
328.625		0.596097
328.75		0.596097
328.875		0.596097
329		0.596097
329.125		0.596097
329.25		0.596097
329.375		0.596097
329.5		0.596097
329.625		0.596097
329.75		0.596097
329.875		0.596097
330		0.596097
330.125		0.603209
330.25		0.603209
330.375		0.603209
330.5		0.603209
330.625		0.603209
330.75		0.603209
330.875		0.603209
331		0.603209
331.125		0.603209
331.25		0.603209
331.375		0.603209
331.5		0.603209
331.625		0.603209
331.75		0.603209
331.875		0.603209
332		0.603209
332.125		0.603209
332.25		0.603209
332.375		0.603209
332.5		0.603209
332.625		0.603209
332.75		0.603209
332.875		0.603209
333		0.603209
333.125		0.603209
333.25		0.603209
333.375		0.603209
333.5		0.603209
333.625		0.603209
333.75		0.603209
333.875		0.603209
334		0.603209
334.125		0.603209
334.25		0.603209
334.375		0.603209
334.5		0.603209
334.625		0.603209
334.75		0.603209
334.875		0.603209
335		0.603209
335.125		0.606241
335.25		0.606241
335.375		0.606241
335.5		0.606241
335.625		0.606241
335.75		0.606241
335.875		0.606241
336		0.606241
336.125		0.606241
336.25		0.606241
336.375		0.606241
336.5		0.606241
336.625		0.606241
336.75		0.606241
336.875		0.606241
337		0.606241
337.125		0.606241
337.25		0.606241
337.375		0.606241
337.5		0.606241
337.625		0.606241
337.75		0.606241
337.875		0.606241
338		0.606241
338.125		0.606241
338.25		0.606241
338.375		0.606241
338.5		0.606241
338.625		0.606241
338.75		0.606241
338.875		0.606241
339		0.606241
339.125		0.606241
339.25		0.606241
339.375		0.606241
339.5		0.606241
339.625		0.606241
339.75		0.606241
339.875		0.606241
340		0.606241
340.125		0.645771
340.25		0.645771
340.375		0.645771
340.5		0.645771
340.625		0.645771
340.75		0.645771
340.875		0.645771
341		0.645771
341.125		0.645771
341.25		0.645771
341.375		0.645771
341.5		0.645771
341.625		0.645771
341.75		0.645771
341.875		0.645771
342		0.645771
342.125		0.645771
342.25		0.645771
342.375		0.645771
342.5		0.645771
342.625		0.645771
342.75		0.645771
342.875		0.645771
343		0.645771
343.125		0.645771
343.25		0.645771
343.375		0.645771
343.5		0.645771
343.625		0.645771
343.75		0.645771
343.875		0.645771
344		0.645771
344.125		0.645771
344.25		0.645771
344.375		0.645771
344.5		0.645771
344.625		0.645771
344.75		0.645771
344.875		0.645771
345		0.645771
345.125		0.648142
345.25		0.648142
345.375		0.648142
345.5		0.648142
345.625		0.648142
345.75		0.648142
345.875		0.648142
346		0.648142
346.125		0.648142
346.25		0.648142
346.375		0.648142
346.5		0.648142
346.625		0.648142
346.75		0.648142
346.875		0.648142
347		0.648142
347.125		0.648142
347.25		0.648142
347.375		0.648142
347.5		0.648142
347.625		0.648142
347.75		0.648142
347.875		0.648142
348		0.648142
348.125		0.648142
348.25		0.648142
348.375		0.648142
348.5		0.648142
348.625		0.648142
348.75		0.648142
348.875		0.648142
349		0.648142
349.125		0.648142
349.25		0.648142
349.375		0.648142
349.5		0.648142
349.625		0.648142
349.75		0.648142
349.875		0.648142
350		0.648142
350.125		0.649134
350.25		0.649134
350.375		0.649134
350.5		0.649134
350.625		0.649134
350.75		0.649134
350.875		0.649134
351		0.649134
351.125		0.649134
351.25		0.649134
351.375		0.649134
351.5		0.649134
351.625		0.649134
351.75		0.649134
351.875		0.649134
352		0.649134
352.125		0.649134
352.25		0.649134
352.375		0.649134
352.5		0.649134
352.625		0.649134
352.75		0.649134
352.875		0.649134
353		0.649134
353.125		0.649134
353.25		0.649134
353.375		0.649134
353.5		0.649134
353.625		0.649134
353.75		0.649134
353.875		0.649134
354		0.649134
354.125		0.649134
354.25		0.649134
354.375		0.649134
354.5		0.649134
354.625		0.649134
354.75		0.649134
354.875		0.649134
355		0.649134
355.125		0.654703
355.25		0.654703
355.375		0.654703
355.5		0.654703
355.625		0.654703
355.75		0.654703
355.875		0.654703
356		0.654703
356.125		0.654703
356.25		0.654703
356.375		0.654703
356.5		0.654703
356.625		0.654703
356.75		0.654703
356.875		0.654703
357		0.654703
357.125		0.654703
357.25		0.654703
357.375		0.654703
357.5		0.654703
357.625		0.654703
357.75		0.654703
357.875		0.654703
358		0.654703
358.125		0.654703
358.25		0.654703
358.375		0.654703
358.5		0.654703
358.625		0.654703
358.75		0.654703
358.875		0.654703
359		0.654703
359.125		0.654703
359.25		0.654703
359.375		0.654703
359.5		0.654703
359.625		0.654703
359.75		0.654703
359.875		0.654703
360		0.654703
360.125		0.679237
360.25		0.679237
360.375		0.679237
360.5		0.679237
360.625		0.679237
360.75		0.679237
360.875		0.679237
361		0.679237
361.125		0.679237
361.25		0.679237
361.375		0.679237
361.5		0.679237
361.625		0.679237
361.75		0.679237
361.875		0.679237
362		0.679237
362.125		0.679237
362.25		0.679237
362.375		0.679237
362.5		0.679237
362.625		0.679237
362.75		0.679237
362.875		0.679237
363		0.679237
363.125		0.679237
363.25		0.679237
363.375		0.679237
363.5		0.679237
363.625		0.679237
363.75		0.679237
363.875		0.679237
364		0.679237
364.125		0.679237
364.25		0.679237
364.375		0.679237
364.5		0.679237
364.625		0.679237
364.75		0.679237
364.875		0.679237
365		0.679237
365.125		0.685743
365.25		0.685743
365.375		0.685743
365.5		0.685743
365.625		0.685743
365.75		0.685743
365.875		0.685743
366		0.685743
366.125		0.685743
366.25		0.685743
366.375		0.685743
366.5		0.685743
366.625		0.685743
366.75		0.685743
366.875		0.685743
367		0.685743
367.125		0.685743
367.25		0.685743
367.375		0.685743
367.5		0.685743
367.625		0.685743
367.75		0.685743
367.875		0.685743
368		0.685743
368.125		0.685743
368.25		0.685743
368.375		0.685743
368.5		0.685743
368.625		0.685743
368.75		0.685743
368.875		0.685743
369		0.685743
369.125		0.685743
369.25		0.685743
369.375		0.685743
369.5		0.685743
369.625		0.685743
369.75		0.685743
369.875		0.685743
370		0.685743
370.125		0.708182
370.25		0.708182
370.375		0.708182
370.5		0.708182
370.625		0.708182
370.75		0.708182
370.875		0.708182
371		0.708182
371.125		0.708182
371.25		0.708182
371.375		0.708182
371.5		0.708182
371.625		0.708182
371.75		0.708182
371.875		0.708182
372		0.708182
372.125		0.708182
372.25		0.708182
372.375		0.708182
372.5		0.708182
372.625		0.708182
372.75		0.708182
372.875		0.708182
373		0.708182
373.125		0.708182
373.25		0.708182
373.375		0.708182
373.5		0.708182
373.625		0.708182
373.75		0.708182
373.875		0.708182
374		0.708182
374.125		0.708182
374.25		0.708182
374.375		0.708182
374.5		0.708182
374.625		0.708182
374.75		0.708182
374.875		0.708182
375		0.708182
375.125		0.719153
375.25		0.719153
375.375		0.719153
375.5		0.719153
375.625		0.719153
375.75		0.719153
375.875		0.719153
376		0.719153
376.125		0.719153
376.25		0.719153
376.375		0.719153
376.5		0.719153
376.625		0.719153
376.75		0.719153
376.875		0.719153
377		0.719153
377.125		0.719153
377.25		0.719153
377.375		0.719153
377.5		0.719153
377.625		0.719153
377.75		0.719153
377.875		0.719153
378		0.719153
378.125		0.719153
378.25		0.719153
378.375		0.719153
378.5		0.719153
378.625		0.719153
378.75		0.719153
378.875		0.719153
379		0.719153
379.125		0.719153
379.25		0.719153
379.375		0.719153
379.5		0.719153
379.625		0.719153
379.75		0.719153
379.875		0.719153
380		0.719153
380.125		0.739166
380.25		0.739166
380.375		0.739166
380.5		0.739166
380.625		0.739166
380.75		0.739166
380.875		0.739166
381		0.739166
381.125		0.739166
381.25		0.739166
381.375		0.739166
381.5		0.739166
381.625		0.739166
381.75		0.739166
381.875		0.739166
382		0.739166
382.125		0.739166
382.25		0.739166
382.375		0.739166
382.5		0.739166
382.625		0.739166
382.75		0.739166
382.875		0.739166
383		0.739166
383.125		0.739166
383.25		0.739166
383.375		0.739166
383.5		0.739166
383.625		0.739166
383.75		0.739166
383.875		0.739166
384		0.739166
384.125		0.739166
384.25		0.739166
384.375		0.739166
384.5		0.739166
384.625		0.739166
384.75		0.739166
384.875		0.739166
385		0.739166
385.125		0.746609
385.25		0.746609
385.375		0.746609
385.5		0.746609
385.625		0.746609
385.75		0.746609
385.875		0.746609
386		0.746609
386.125		0.746609
386.25		0.746609
386.375		0.746609
386.5		0.746609
386.625		0.746609
386.75		0.746609
386.875		0.746609
387		0.746609
387.125		0.746609
387.25		0.746609
387.375		0.746609
387.5		0.746609
387.625		0.746609
387.75		0.746609
387.875		0.746609
388		0.746609
388.125		0.746609
388.25		0.746609
388.375		0.746609
388.5		0.746609
388.625		0.746609
388.75		0.746609
388.875		0.746609
389		0.746609
389.125		0.746609
389.25		0.746609
389.375		0.746609
389.5		0.746609
389.625		0.746609
389.75		0.746609
389.875		0.746609
390		0.746609
390.125		0.747491
390.25		0.747491
390.375		0.747491
390.5		0.747491
390.625		0.747491
390.75		0.747491
390.875		0.747491
391		0.747491
391.125		0.747491
391.25		0.747491
391.375		0.747491
391.5		0.747491
391.625		0.747491
391.75		0.747491
391.875		0.747491
392		0.747491
392.125		0.747491
392.25		0.747491
392.375		0.747491
392.5		0.747491
392.625		0.747491
392.75		0.747491
392.875		0.747491
393		0.747491
393.125		0.747491
393.25		0.747491
393.375		0.747491
393.5		0.747491
393.625		0.747491
393.75		0.747491
393.875		0.747491
394		0.747491
394.125		0.747491
394.25		0.747491
394.375		0.747491
394.5		0.747491
394.625		0.747491
394.75		0.747491
394.875		0.747491
395		0.747491
395.125		0.751847
395.25		0.751847
395.375		0.751847
395.5		0.751847
395.625		0.751847
395.75		0.751847
395.875		0.751847
396		0.751847
396.125		0.751847
396.25		0.751847
396.375		0.751847
396.5		0.751847
396.625		0.751847
396.75		0.751847
396.875		0.751847
397		0.751847
397.125		0.751847
397.25		0.751847
397.375		0.751847
397.5		0.751847
397.625		0.751847
397.75		0.751847
397.875		0.751847
398		0.751847
398.125		0.751847
398.25		0.751847
398.375		0.751847
398.5		0.751847
398.625		0.751847
398.75		0.751847
398.875		0.751847
399		0.751847
399.125		0.751847
399.25		0.751847
399.375		0.751847
399.5		0.751847
399.625		0.751847
399.75		0.751847
399.875		0.751847
400		0.751847
400.125		0.774892
400.25		0.774892
400.375		0.774892
400.5		0.774892
400.625		0.774892
400.75		0.774892
400.875		0.774892
401		0.774892
401.125		0.774892
401.25		0.774892
401.375		0.774892
401.5		0.774892
401.625		0.774892
401.75		0.774892
401.875		0.774892
402		0.774892
402.125		0.774892
402.25		0.774892
402.375		0.774892
402.5		0.774892
402.625		0.774892
402.75		0.774892
402.875		0.774892
403		0.774892
403.125		0.774892
403.25		0.774892
403.375		0.774892
403.5		0.774892
403.625		0.774892
403.75		0.774892
403.875		0.774892
404		0.774892
404.125		0.774892
404.25		0.774892
404.375		0.774892
404.5		0.774892
404.625		0.774892
404.75		0.774892
404.875		0.774892
405		0.774892
405.125		0.792811
405.25		0.792811
405.375		0.792811
405.5		0.792811
405.625		0.792811
405.75		0.792811
405.875		0.792811
406		0.792811
406.125		0.792811
406.25		0.792811
406.375		0.792811
406.5		0.792811
406.625		0.792811
406.75		0.792811
406.875		0.792811
407		0.792811
407.125		0.792811
407.25		0.792811
407.375		0.792811
407.5		0.792811
407.625		0.792811
407.75		0.792811
407.875		0.792811
408		0.792811
408.125		0.792811
408.25		0.792811
408.375		0.792811
408.5		0.792811
408.625		0.792811
408.75		0.792811
408.875		0.792811
409		0.792811
409.125		0.792811
409.25		0.792811
409.375		0.792811
409.5		0.792811
409.625		0.792811
409.75		0.792811
409.875		0.792811
410		0.792811
410.125		0.801908
410.25		0.801908
410.375		0.801908
410.5		0.801908
410.625		0.801908
410.75		0.801908
410.875		0.801908
411		0.801908
411.125		0.801908
411.25		0.801908
411.375		0.801908
411.5		0.801908
411.625		0.801908
411.75		0.801908
411.875		0.801908
412		0.801908
412.125		0.801908
412.25		0.801908
412.375		0.801908
412.5		0.801908
412.625		0.801908
412.75		0.801908
412.875		0.801908
413		0.801908
413.125		0.801908
413.25		0.801908
413.375		0.801908
413.5		0.801908
413.625		0.801908
413.75		0.801908
413.875		0.801908
414		0.801908
414.125		0.801908
414.25		0.801908
414.375		0.801908
414.5		0.801908
414.625		0.801908
414.75		0.801908
414.875		0.801908
415		0.801908
415.125		0.805381
415.25		0.805381
415.375		0.805381
415.5		0.805381
415.625		0.805381
415.75		0.805381
415.875		0.805381
416		0.805381
416.125		0.805381
416.25		0.805381
416.375		0.805381
416.5		0.805381
416.625		0.805381
416.75		0.805381
416.875		0.805381
417		0.805381
417.125		0.805381
417.25		0.805381
417.375		0.805381
417.5		0.805381
417.625		0.805381
417.75		0.805381
417.875		0.805381
418		0.805381
418.125		0.805381
418.25		0.805381
418.375		0.805381
418.5		0.805381
418.625		0.805381
418.75		0.805381
418.875		0.805381
419		0.805381
419.125		0.805381
419.25		0.805381
419.375		0.805381
419.5		0.805381
419.625		0.805381
419.75		0.805381
419.875		0.805381
420		0.805381
420.125		0.813155
420.25		0.813155
420.375		0.813155
420.5		0.813155
420.625		0.813155
420.75		0.813155
420.875		0.813155
421		0.813155
421.125		0.813155
421.25		0.813155
421.375		0.813155
421.5		0.813155
421.625		0.813155
421.75		0.813155
421.875		0.813155
422		0.813155
422.125		0.813155
422.25		0.813155
422.375		0.813155
422.5		0.813155
422.625		0.813155
422.75		0.813155
422.875		0.813155
423		0.813155
423.125		0.813155
423.25		0.813155
423.375		0.813155
423.5		0.813155
423.625		0.813155
423.75		0.813155
423.875		0.813155
424		0.813155
424.125		0.813155
424.25		0.813155
424.375		0.813155
424.5		0.813155
424.625		0.813155
424.75		0.813155
424.875		0.813155
425		0.813155
425.125		0.835153
425.25		0.835153
425.375		0.835153
425.5		0.835153
425.625		0.835153
425.75		0.835153
425.875		0.835153
426		0.835153
426.125		0.835153
426.25		0.835153
426.375		0.835153
426.5		0.835153
426.625		0.835153
426.75		0.835153
426.875		0.835153
427		0.835153
427.125		0.835153
427.25		0.835153
427.375		0.835153
427.5		0.835153
427.625		0.835153
427.75		0.835153
427.875		0.835153
428		0.835153
428.125		0.835153
428.25		0.835153
428.375		0.835153
428.5		0.835153
428.625		0.835153
428.75		0.835153
428.875		0.835153
429		0.835153
429.125		0.835153
429.25		0.835153
429.375		0.835153
429.5		0.835153
429.625		0.835153
429.75		0.835153
429.875		0.835153
430		0.835153
430.125		0.836586
430.25		0.836586
430.375		0.836586
430.5		0.836586
430.625		0.836586
430.75		0.836586
430.875		0.836586
431		0.836586
431.125		0.836586
431.25		0.836586
431.375		0.836586
431.5		0.836586
431.625		0.836586
431.75		0.836586
431.875		0.836586
432		0.836586
432.125		0.836586
432.25		0.836586
432.375		0.836586
432.5		0.836586
432.625		0.836586
432.75		0.836586
432.875		0.836586
433		0.836586
433.125		0.836586
433.25		0.836586
433.375		0.836586
433.5		0.836586
433.625		0.836586
433.75		0.836586
433.875		0.836586
434		0.836586
434.125		0.836586
434.25		0.836586
434.375		0.836586
434.5		0.836586
434.625		0.836586
434.75		0.836586
434.875		0.836586
435		0.836586
435.125		0.859356
435.25		0.859356
435.375		0.859356
435.5		0.859356
435.625		0.859356
435.75		0.859356
435.875		0.859356
436		0.859356
436.125		0.859356
436.25		0.859356
436.375		0.859356
436.5		0.859356
436.625		0.859356
436.75		0.859356
436.875		0.859356
437		0.859356
437.125		0.859356
437.25		0.859356
437.375		0.859356
437.5		0.859356
437.625		0.859356
437.75		0.859356
437.875		0.859356
438		0.859356
438.125		0.859356
438.25		0.859356
438.375		0.859356
438.5		0.859356
438.625		0.859356
438.75		0.859356
438.875		0.859356
439		0.859356
439.125		0.859356
439.25		0.859356
439.375		0.859356
439.5		0.859356
439.625		0.859356
439.75		0.859356
439.875		0.859356
440		0.859356
440.125		0.866193
440.25		0.866193
440.375		0.866193
440.5		0.866193
440.625		0.866193
440.75		0.866193
440.875		0.866193
441		0.866193
441.125		0.866193
441.25		0.866193
441.375		0.866193
441.5		0.866193
441.625		0.866193
441.75		0.866193
441.875		0.866193
442		0.866193
442.125		0.866193
442.25		0.866193
442.375		0.866193
442.5		0.866193
442.625		0.866193
442.75		0.866193
442.875		0.866193
443		0.866193
443.125		0.866193
443.25		0.866193
443.375		0.866193
443.5		0.866193
443.625		0.866193
443.75		0.866193
443.875		0.866193
444		0.866193
444.125		0.866193
444.25		0.866193
444.375		0.866193
444.5		0.866193
444.625		0.866193
444.75		0.866193
444.875		0.866193
445		0.866193
445.125		0.876613
445.25		0.876613
445.375		0.876613
445.5		0.876613
445.625		0.876613
445.75		0.876613
445.875		0.876613
446		0.876613
446.125		0.876613
446.25		0.876613
446.375		0.876613
446.5		0.876613
446.625		0.876613
446.75		0.876613
446.875		0.876613
447		0.876613
447.125		0.876613
447.25		0.876613
447.375		0.876613
447.5		0.876613
447.625		0.876613
447.75		0.876613
447.875		0.876613
448		0.876613
448.125		0.876613
448.25		0.876613
448.375		0.876613
448.5		0.876613
448.625		0.876613
448.75		0.876613
448.875		0.876613
449		0.876613
449.125		0.876613
449.25		0.876613
449.375		0.876613
449.5		0.876613
449.625		0.876613
449.75		0.876613
449.875		0.876613
450		0.876613
450.125		0.880307
450.25		0.880307
450.375		0.880307
450.5		0.880307
450.625		0.880307
450.75		0.880307
450.875		0.880307
451		0.880307
451.125		0.880307
451.25		0.880307
451.375		0.880307
451.5		0.880307
451.625		0.880307
451.75		0.880307
451.875		0.880307
452		0.880307
452.125		0.880307
452.25		0.880307
452.375		0.880307
452.5		0.880307
452.625		0.880307
452.75		0.880307
452.875		0.880307
453		0.880307
453.125		0.880307
453.25		0.880307
453.375		0.880307
453.5		0.880307
453.625		0.880307
453.75		0.880307
453.875		0.880307
454		0.880307
454.125		0.880307
454.25		0.880307
454.375		0.880307
454.5		0.880307
454.625		0.880307
454.75		0.880307
454.875		0.880307
455		0.880307
455.125		0.90043
455.25		0.90043
455.375		0.90043
455.5		0.90043
455.625		0.90043
455.75		0.90043
455.875		0.90043
456		0.90043
456.125		0.90043
456.25		0.90043
456.375		0.90043
456.5		0.90043
456.625		0.90043
456.75		0.90043
456.875		0.90043
457		0.90043
457.125		0.90043
457.25		0.90043
457.375		0.90043
457.5		0.90043
457.625		0.90043
457.75		0.90043
457.875		0.90043
458		0.90043
458.125		0.90043
458.25		0.90043
458.375		0.90043
458.5		0.90043
458.625		0.90043
458.75		0.90043
458.875		0.90043
459		0.90043
459.125		0.90043
459.25		0.90043
459.375		0.90043
459.5		0.90043
459.625		0.90043
459.75		0.90043
459.875		0.90043
460		0.90043
460.125		0.901367
460.25		0.901367
460.375		0.901367
460.5		0.901367
460.625		0.901367
460.75		0.901367
460.875		0.901367
461		0.901367
461.125		0.901367
461.25		0.901367
461.375		0.901367
461.5		0.901367
461.625		0.901367
461.75		0.901367
461.875		0.901367
462		0.901367
462.125		0.901367
462.25		0.901367
462.375		0.901367
462.5		0.901367
462.625		0.901367
462.75		0.901367
462.875		0.901367
463		0.901367
463.125		0.901367
463.25		0.901367
463.375		0.901367
463.5		0.901367
463.625		0.901367
463.75		0.901367
463.875		0.901367
464		0.901367
464.125		0.901367
464.25		0.901367
464.375		0.901367
464.5		0.901367
464.625		0.901367
464.75		0.901367
464.875		0.901367
465		0.901367
465.125		0.920223
465.25		0.920223
465.375		0.920223
465.5		0.920223
465.625		0.920223
465.75		0.920223
465.875		0.920223
466		0.920223
466.125		0.920223
466.25		0.920223
466.375		0.920223
466.5		0.920223
466.625		0.920223
466.75		0.920223
466.875		0.920223
467		0.920223
467.125		0.920223
467.25		0.920223
467.375		0.920223
467.5		0.920223
467.625		0.920223
467.75		0.920223
467.875		0.920223
468		0.920223
468.125		0.920223
468.25		0.920223
468.375		0.920223
468.5		0.920223
468.625		0.920223
468.75		0.920223
468.875		0.920223
469		0.920223
469.125		0.920223
469.25		0.920223
469.375		0.920223
469.5		0.920223
469.625		0.920223
469.75		0.920223
469.875		0.920223
470		0.920223
470.125		0.938968
470.25		0.938968
470.375		0.938968
470.5		0.938968
470.625		0.938968
470.75		0.938968
470.875		0.938968
471		0.938968
471.125		0.938968
471.25		0.938968
471.375		0.938968
471.5		0.938968
471.625		0.938968
471.75		0.938968
471.875		0.938968
472		0.938968
472.125		0.938968
472.25		0.938968
472.375		0.938968
472.5		0.938968
472.625		0.938968
472.75		0.938968
472.875		0.938968
473		0.938968
473.125		0.938968
473.25		0.938968
473.375		0.938968
473.5		0.938968
473.625		0.938968
473.75		0.938968
473.875		0.938968
474		0.938968
474.125		0.938968
474.25		0.938968
474.375		0.938968
474.5		0.938968
474.625		0.938968
474.75		0.938968
474.875		0.938968
475		0.938968
475.125		0.950491
475.25		0.950491
475.375		0.950491
475.5		0.950491
475.625		0.950491
475.75		0.950491
475.875		0.950491
476		0.950491
476.125		0.950491
476.25		0.950491
476.375		0.950491
476.5		0.950491
476.625		0.950491
476.75		0.950491
476.875		0.950491
477		0.950491
477.125		0.950491
477.25		0.950491
477.375		0.950491
477.5		0.950491
477.625		0.950491
477.75		0.950491
477.875		0.950491
478		0.950491
478.125		0.950491
478.25		0.950491
478.375		0.950491
478.5		0.950491
478.625		0.950491
478.75		0.950491
478.875		0.950491
479		0.950491
479.125		0.950491
479.25		0.950491
479.375		0.950491
479.5		0.950491
479.625		0.950491
479.75		0.950491
479.875		0.950491
480		0.950491
480.125		0.953909
480.25		0.953909
480.375		0.953909
480.5		0.953909
480.625		0.953909
480.75		0.953909
480.875		0.953909
481		0.953909
481.125		0.953909
481.25		0.953909
481.375		0.953909
481.5		0.953909
481.625		0.953909
481.75		0.953909
481.875		0.953909
482		0.953909
482.125		0.953909
482.25		0.953909
482.375		0.953909
482.5		0.953909
482.625		0.953909
482.75		0.953909
482.875		0.953909
483		0.953909
483.125		0.953909
483.25		0.953909
483.375		0.953909
483.5		0.953909
483.625		0.953909
483.75		0.953909
483.875		0.953909
484		0.953909
484.125		0.953909
484.25		0.953909
484.375		0.953909
484.5		0.953909
484.625		0.953909
484.75		0.953909
484.875		0.953909
485		0.953909
485.125		0.955287
485.25		0.955287
485.375		0.955287
485.5		0.955287
485.625		0.955287
485.75		0.955287
485.875		0.955287
486		0.955287
486.125		0.955287
486.25		0.955287
486.375		0.955287
486.5		0.955287
486.625		0.955287
486.75		0.955287
486.875		0.955287
487		0.955287
487.125		0.955287
487.25		0.955287
487.375		0.955287
487.5		0.955287
487.625		0.955287
487.75		0.955287
487.875		0.955287
488		0.955287
488.125		0.955287
488.25		0.955287
488.375		0.955287
488.5		0.955287
488.625		0.955287
488.75		0.955287
488.875		0.955287
489		0.955287
489.125		0.955287
489.25		0.955287
489.375		0.955287
489.5		0.955287
489.625		0.955287
489.75		0.955287
489.875		0.955287
490		0.955287
490.125		0.995755
490.25		0.995755
490.375		0.995755
490.5		0.995755
490.625		0.995755
490.75		0.995755
490.875		0.995755
491		0.995755
491.125		0.995755
491.25		0.995755
491.375		0.995755
491.5		0.995755
491.625		0.995755
491.75		0.995755
491.875		0.995755
492		0.995755
492.125		0.995755
492.25		0.995755
492.375		0.995755
492.5		0.995755
492.625		0.995755
492.75		0.995755
492.875		0.995755
493		0.995755
493.125		0.995755
493.25		0.995755
493.375		0.995755
493.5		0.995755
493.625		0.995755
493.75		0.995755
493.875		0.995755
494		0.995755
494.125		0.995755
494.25		0.995755
494.375		0.995755
494.5		0.995755
494.625		0.995755
494.75		0.995755
494.875		0.995755
495		0.995755
495.125		1
495.25		1
495.375		1
495.5		1
495.625		1
495.75		1
495.875		1
496		1
496.125		1
496.25		1
496.375		1
496.5		1
496.625		1
496.75		1
496.875		1
497		1
497.125		1
497.25		1
497.375		1
497.5		1
497.625		1
497.75		1
497.875		1
498		1
498.125		1
498.25		1
498.375		1
498.5		1
498.625		1
498.75		1
498.875		1
499		1
499.125		1
499.25		1
499.375		1
499.5		1
499.625		1
499.75		1
499.875		1
500		1
