# Calibration file of tamex_id 1 @ channel 3
# fine_T bin		 Calibration value
0.125		0
0.25		0
0.375		0
0.5		0
0.625		0
0.75		0
0.875		0
1		0
1.125		0
1.25		0
1.375		0
1.5		0
1.625		0
1.75		0
1.875		0
2		0
2.125		0
2.25		0
2.375		0
2.5		0
2.625		0
2.75		0
2.875		0
3		0
3.125		0
3.25		0
3.375		0
3.5		0
3.625		0
3.75		0
3.875		0
4		0
4.125		0
4.25		0
4.375		0
4.5		0
4.625		0
4.75		0
4.875		0
5		0
5.125		0
5.25		0
5.375		0
5.5		0
5.625		0
5.75		0
5.875		0
6		0
6.125		0
6.25		0
6.375		0
6.5		0
6.625		0
6.75		0
6.875		0
7		0
7.125		0
7.25		0
7.375		0
7.5		0
7.625		0
7.75		0
7.875		0
8		0
8.125		0
8.25		0
8.375		0
8.5		0
8.625		0
8.75		0
8.875		0
9		0
9.125		0
9.25		0
9.375		0
9.5		0
9.625		0
9.75		0
9.875		0
10		0
10.125		0
10.25		0
10.375		0
10.5		0
10.625		0
10.75		0
10.875		0
11		0
11.125		0
11.25		0
11.375		0
11.5		0
11.625		0
11.75		0
11.875		0
12		0
12.125		0
12.25		0
12.375		0
12.5		0
12.625		0
12.75		0
12.875		0
13		0
13.125		0
13.25		0
13.375		0
13.5		0
13.625		0
13.75		0
13.875		0
14		0
14.125		0
14.25		0
14.375		0
14.5		0
14.625		0
14.75		0
14.875		0
15		0
15.125		0
15.25		0
15.375		0
15.5		0
15.625		0
15.75		0
15.875		0
16		0
16.125		0
16.25		0
16.375		0
16.5		0
16.625		0
16.75		0
16.875		0
17		0
17.125		0
17.25		0
17.375		0
17.5		0
17.625		0
17.75		0
17.875		0
18		0
18.125		0
18.25		0
18.375		0
18.5		0
18.625		0
18.75		0
18.875		0
19		0
19.125		0
19.25		0
19.375		0
19.5		0
19.625		0
19.75		0
19.875		0
20		0
20.125		0
20.25		0
20.375		0
20.5		0
20.625		0
20.75		0
20.875		0
21		0
21.125		0
21.25		0
21.375		0
21.5		0
21.625		0
21.75		0
21.875		0
22		0
22.125		0
22.25		0
22.375		0
22.5		0
22.625		0
22.75		0
22.875		0
23		0
23.125		0
23.25		0
23.375		0
23.5		0
23.625		0
23.75		0
23.875		0
24		0
24.125		0
24.25		0
24.375		0
24.5		0
24.625		0
24.75		0
24.875		0
25		0
25.125		0
25.25		0
25.375		0
25.5		0
25.625		0
25.75		0
25.875		0
26		0
26.125		0
26.25		0
26.375		0
26.5		0
26.625		0
26.75		0
26.875		0
27		0
27.125		0
27.25		0
27.375		0
27.5		0
27.625		0
27.75		0
27.875		0
28		0
28.125		0
28.25		0
28.375		0
28.5		0
28.625		0
28.75		0
28.875		0
29		0
29.125		0
29.25		0
29.375		0
29.5		0
29.625		0
29.75		0
29.875		0
30		0
30.125		0
30.25		0
30.375		0
30.5		0
30.625		0
30.75		0
30.875		0
31		0
31.125		0
31.25		0
31.375		0
31.5		0
31.625		0
31.75		0
31.875		0
32		0
32.125		0
32.25		0
32.375		0
32.5		0
32.625		0
32.75		0
32.875		0
33		0
33.125		0
33.25		0
33.375		0
33.5		0
33.625		0
33.75		0
33.875		0
34		0
34.125		0
34.25		0
34.375		0
34.5		0
34.625		0
34.75		0
34.875		0
35		0
35.125		0
35.25		0
35.375		0
35.5		0
35.625		0
35.75		0
35.875		0
36		0
36.125		0
36.25		0
36.375		0
36.5		0
36.625		0
36.75		0
36.875		0
37		0
37.125		0
37.25		0
37.375		0
37.5		0
37.625		0
37.75		0
37.875		0
38		0
38.125		0
38.25		0
38.375		0
38.5		0
38.625		0
38.75		0
38.875		0
39		0
39.125		0
39.25		0
39.375		0
39.5		0
39.625		0
39.75		0
39.875		0
40		0
40.125		0
40.25		0
40.375		0
40.5		0
40.625		0
40.75		0
40.875		0
41		0
41.125		0
41.25		0
41.375		0
41.5		0
41.625		0
41.75		0
41.875		0
42		0
42.125		0
42.25		0
42.375		0
42.5		0
42.625		0
42.75		0
42.875		0
43		0
43.125		0
43.25		0
43.375		0
43.5		0
43.625		0
43.75		0
43.875		0
44		0
44.125		0
44.25		0
44.375		0
44.5		0
44.625		0
44.75		0
44.875		0
45		0
45.125		0
45.25		0
45.375		0
45.5		0
45.625		0
45.75		0
45.875		0
46		0
46.125		0
46.25		0
46.375		0
46.5		0
46.625		0
46.75		0
46.875		0
47		0
47.125		0
47.25		0
47.375		0
47.5		0
47.625		0
47.75		0
47.875		0
48		0
48.125		0
48.25		0
48.375		0
48.5		0
48.625		0
48.75		0
48.875		0
49		0
49.125		0
49.25		0
49.375		0
49.5		0
49.625		0
49.75		0
49.875		0
50		0
50.125		0
50.25		0
50.375		0
50.5		0
50.625		0
50.75		0
50.875		0
51		0
51.125		0
51.25		0
51.375		0
51.5		0
51.625		0
51.75		0
51.875		0
52		0
52.125		0
52.25		0
52.375		0
52.5		0
52.625		0
52.75		0
52.875		0
53		0
53.125		0
53.25		0
53.375		0
53.5		0
53.625		0
53.75		0
53.875		0
54		0
54.125		0
54.25		0
54.375		0
54.5		0
54.625		0
54.75		0
54.875		0
55		0
55.125		0
55.25		0
55.375		0
55.5		0
55.625		0
55.75		0
55.875		0
56		0
56.125		0
56.25		0
56.375		0
56.5		0
56.625		0
56.75		0
56.875		0
57		0
57.125		0
57.25		0
57.375		0
57.5		0
57.625		0
57.75		0
57.875		0
58		0
58.125		0
58.25		0
58.375		0
58.5		0
58.625		0
58.75		0
58.875		0
59		0
59.125		0
59.25		0
59.375		0
59.5		0
59.625		0
59.75		0
59.875		0
60		0
60.125		0
60.25		0
60.375		0
60.5		0
60.625		0
60.75		0
60.875		0
61		0
61.125		0
61.25		0
61.375		0
61.5		0
61.625		0
61.75		0
61.875		0
62		0
62.125		0
62.25		0
62.375		0
62.5		0
62.625		0
62.75		0
62.875		0
63		0
63.125		0
63.25		0
63.375		0
63.5		0
63.625		0
63.75		0
63.875		0
64		0
64.125		0
64.25		0
64.375		0
64.5		0
64.625		0
64.75		0
64.875		0
65		0
65.125		0
65.25		0
65.375		0
65.5		0
65.625		0
65.75		0
65.875		0
66		0
66.125		0
66.25		0
66.375		0
66.5		0
66.625		0
66.75		0
66.875		0
67		0
67.125		0
67.25		0
67.375		0
67.5		0
67.625		0
67.75		0
67.875		0
68		0
68.125		0
68.25		0
68.375		0
68.5		0
68.625		0
68.75		0
68.875		0
69		0
69.125		0
69.25		0
69.375		0
69.5		0
69.625		0
69.75		0
69.875		0
70		0
70.125		0
70.25		0
70.375		0
70.5		0
70.625		0
70.75		0
70.875		0
71		0
71.125		0
71.25		0
71.375		0
71.5		0
71.625		0
71.75		0
71.875		0
72		0
72.125		0
72.25		0
72.375		0
72.5		0
72.625		0
72.75		0
72.875		0
73		0
73.125		0
73.25		0
73.375		0
73.5		0
73.625		0
73.75		0
73.875		0
74		0
74.125		0
74.25		0
74.375		0
74.5		0
74.625		0
74.75		0
74.875		0
75		0
75.125		0
75.25		0
75.375		0
75.5		0
75.625		0
75.75		0
75.875		0
76		0
76.125		0
76.25		0
76.375		0
76.5		0
76.625		0
76.75		0
76.875		0
77		0
77.125		0
77.25		0
77.375		0
77.5		0
77.625		0
77.75		0
77.875		0
78		0
78.125		0
78.25		0
78.375		0
78.5		0
78.625		0
78.75		0
78.875		0
79		0
79.125		0
79.25		0
79.375		0
79.5		0
79.625		0
79.75		0
79.875		0
80		0
80.125		0.0468972
80.25		0.0468972
80.375		0.0468972
80.5		0.0468972
80.625		0.0468972
80.75		0.0468972
80.875		0.0468972
81		0.0468972
81.125		0.0468972
81.25		0.0468972
81.375		0.0468972
81.5		0.0468972
81.625		0.0468972
81.75		0.0468972
81.875		0.0468972
82		0.0468972
82.125		0.0468972
82.25		0.0468972
82.375		0.0468972
82.5		0.0468972
82.625		0.0468972
82.75		0.0468972
82.875		0.0468972
83		0.0468972
83.125		0.0468972
83.25		0.0468972
83.375		0.0468972
83.5		0.0468972
83.625		0.0468972
83.75		0.0468972
83.875		0.0468972
84		0.0468972
84.125		0.0468972
84.25		0.0468972
84.375		0.0468972
84.5		0.0468972
84.625		0.0468972
84.75		0.0468972
84.875		0.0468972
85		0.0468972
85.125		0.0542589
85.25		0.0542589
85.375		0.0542589
85.5		0.0542589
85.625		0.0542589
85.75		0.0542589
85.875		0.0542589
86		0.0542589
86.125		0.0542589
86.25		0.0542589
86.375		0.0542589
86.5		0.0542589
86.625		0.0542589
86.75		0.0542589
86.875		0.0542589
87		0.0542589
87.125		0.0542589
87.25		0.0542589
87.375		0.0542589
87.5		0.0542589
87.625		0.0542589
87.75		0.0542589
87.875		0.0542589
88		0.0542589
88.125		0.0542589
88.25		0.0542589
88.375		0.0542589
88.5		0.0542589
88.625		0.0542589
88.75		0.0542589
88.875		0.0542589
89		0.0542589
89.125		0.0542589
89.25		0.0542589
89.375		0.0542589
89.5		0.0542589
89.625		0.0542589
89.75		0.0542589
89.875		0.0542589
90		0.0542589
90.125		0.0567128
90.25		0.0567128
90.375		0.0567128
90.5		0.0567128
90.625		0.0567128
90.75		0.0567128
90.875		0.0567128
91		0.0567128
91.125		0.0567128
91.25		0.0567128
91.375		0.0567128
91.5		0.0567128
91.625		0.0567128
91.75		0.0567128
91.875		0.0567128
92		0.0567128
92.125		0.0567128
92.25		0.0567128
92.375		0.0567128
92.5		0.0567128
92.625		0.0567128
92.75		0.0567128
92.875		0.0567128
93		0.0567128
93.125		0.0567128
93.25		0.0567128
93.375		0.0567128
93.5		0.0567128
93.625		0.0567128
93.75		0.0567128
93.875		0.0567128
94		0.0567128
94.125		0.0567128
94.25		0.0567128
94.375		0.0567128
94.5		0.0567128
94.625		0.0567128
94.75		0.0567128
94.875		0.0567128
95		0.0567128
95.125		0.069964
95.25		0.069964
95.375		0.069964
95.5		0.069964
95.625		0.069964
95.75		0.069964
95.875		0.069964
96		0.069964
96.125		0.069964
96.25		0.069964
96.375		0.069964
96.5		0.069964
96.625		0.069964
96.75		0.069964
96.875		0.069964
97		0.069964
97.125		0.069964
97.25		0.069964
97.375		0.069964
97.5		0.069964
97.625		0.069964
97.75		0.069964
97.875		0.069964
98		0.069964
98.125		0.069964
98.25		0.069964
98.375		0.069964
98.5		0.069964
98.625		0.069964
98.75		0.069964
98.875		0.069964
99		0.069964
99.125		0.069964
99.25		0.069964
99.375		0.069964
99.5		0.069964
99.625		0.069964
99.75		0.069964
99.875		0.069964
100		0.069964
100.125		0.100556
100.25		0.100556
100.375		0.100556
100.5		0.100556
100.625		0.100556
100.75		0.100556
100.875		0.100556
101		0.100556
101.125		0.100556
101.25		0.100556
101.375		0.100556
101.5		0.100556
101.625		0.100556
101.75		0.100556
101.875		0.100556
102		0.100556
102.125		0.100556
102.25		0.100556
102.375		0.100556
102.5		0.100556
102.625		0.100556
102.75		0.100556
102.875		0.100556
103		0.100556
103.125		0.100556
103.25		0.100556
103.375		0.100556
103.5		0.100556
103.625		0.100556
103.75		0.100556
103.875		0.100556
104		0.100556
104.125		0.100556
104.25		0.100556
104.375		0.100556
104.5		0.100556
104.625		0.100556
104.75		0.100556
104.875		0.100556
105		0.100556
105.125		0.110372
105.25		0.110372
105.375		0.110372
105.5		0.110372
105.625		0.110372
105.75		0.110372
105.875		0.110372
106		0.110372
106.125		0.110372
106.25		0.110372
106.375		0.110372
106.5		0.110372
106.625		0.110372
106.75		0.110372
106.875		0.110372
107		0.110372
107.125		0.110372
107.25		0.110372
107.375		0.110372
107.5		0.110372
107.625		0.110372
107.75		0.110372
107.875		0.110372
108		0.110372
108.125		0.110372
108.25		0.110372
108.375		0.110372
108.5		0.110372
108.625		0.110372
108.75		0.110372
108.875		0.110372
109		0.110372
109.125		0.110372
109.25		0.110372
109.375		0.110372
109.5		0.110372
109.625		0.110372
109.75		0.110372
109.875		0.110372
110		0.110372
110.125		0.111244
110.25		0.111244
110.375		0.111244
110.5		0.111244
110.625		0.111244
110.75		0.111244
110.875		0.111244
111		0.111244
111.125		0.111244
111.25		0.111244
111.375		0.111244
111.5		0.111244
111.625		0.111244
111.75		0.111244
111.875		0.111244
112		0.111244
112.125		0.111244
112.25		0.111244
112.375		0.111244
112.5		0.111244
112.625		0.111244
112.75		0.111244
112.875		0.111244
113		0.111244
113.125		0.111244
113.25		0.111244
113.375		0.111244
113.5		0.111244
113.625		0.111244
113.75		0.111244
113.875		0.111244
114		0.111244
114.125		0.111244
114.25		0.111244
114.375		0.111244
114.5		0.111244
114.625		0.111244
114.75		0.111244
114.875		0.111244
115		0.111244
115.125		0.118824
115.25		0.118824
115.375		0.118824
115.5		0.118824
115.625		0.118824
115.75		0.118824
115.875		0.118824
116		0.118824
116.125		0.118824
116.25		0.118824
116.375		0.118824
116.5		0.118824
116.625		0.118824
116.75		0.118824
116.875		0.118824
117		0.118824
117.125		0.118824
117.25		0.118824
117.375		0.118824
117.5		0.118824
117.625		0.118824
117.75		0.118824
117.875		0.118824
118		0.118824
118.125		0.118824
118.25		0.118824
118.375		0.118824
118.5		0.118824
118.625		0.118824
118.75		0.118824
118.875		0.118824
119		0.118824
119.125		0.118824
119.25		0.118824
119.375		0.118824
119.5		0.118824
119.625		0.118824
119.75		0.118824
119.875		0.118824
120		0.118824
120.125		0.154761
120.25		0.154761
120.375		0.154761
120.5		0.154761
120.625		0.154761
120.75		0.154761
120.875		0.154761
121		0.154761
121.125		0.154761
121.25		0.154761
121.375		0.154761
121.5		0.154761
121.625		0.154761
121.75		0.154761
121.875		0.154761
122		0.154761
122.125		0.154761
122.25		0.154761
122.375		0.154761
122.5		0.154761
122.625		0.154761
122.75		0.154761
122.875		0.154761
123		0.154761
123.125		0.154761
123.25		0.154761
123.375		0.154761
123.5		0.154761
123.625		0.154761
123.75		0.154761
123.875		0.154761
124		0.154761
124.125		0.154761
124.25		0.154761
124.375		0.154761
124.5		0.154761
124.625		0.154761
124.75		0.154761
124.875		0.154761
125		0.154761
125.125		0.156996
125.25		0.156996
125.375		0.156996
125.5		0.156996
125.625		0.156996
125.75		0.156996
125.875		0.156996
126		0.156996
126.125		0.156996
126.25		0.156996
126.375		0.156996
126.5		0.156996
126.625		0.156996
126.75		0.156996
126.875		0.156996
127		0.156996
127.125		0.156996
127.25		0.156996
127.375		0.156996
127.5		0.156996
127.625		0.156996
127.75		0.156996
127.875		0.156996
128		0.156996
128.125		0.156996
128.25		0.156996
128.375		0.156996
128.5		0.156996
128.625		0.156996
128.75		0.156996
128.875		0.156996
129		0.156996
129.125		0.156996
129.25		0.156996
129.375		0.156996
129.5		0.156996
129.625		0.156996
129.75		0.156996
129.875		0.156996
130		0.156996
130.125		0.164631
130.25		0.164631
130.375		0.164631
130.5		0.164631
130.625		0.164631
130.75		0.164631
130.875		0.164631
131		0.164631
131.125		0.164631
131.25		0.164631
131.375		0.164631
131.5		0.164631
131.625		0.164631
131.75		0.164631
131.875		0.164631
132		0.164631
132.125		0.164631
132.25		0.164631
132.375		0.164631
132.5		0.164631
132.625		0.164631
132.75		0.164631
132.875		0.164631
133		0.164631
133.125		0.164631
133.25		0.164631
133.375		0.164631
133.5		0.164631
133.625		0.164631
133.75		0.164631
133.875		0.164631
134		0.164631
134.125		0.164631
134.25		0.164631
134.375		0.164631
134.5		0.164631
134.625		0.164631
134.75		0.164631
134.875		0.164631
135		0.164631
135.125		0.171502
135.25		0.171502
135.375		0.171502
135.5		0.171502
135.625		0.171502
135.75		0.171502
135.875		0.171502
136		0.171502
136.125		0.171502
136.25		0.171502
136.375		0.171502
136.5		0.171502
136.625		0.171502
136.75		0.171502
136.875		0.171502
137		0.171502
137.125		0.171502
137.25		0.171502
137.375		0.171502
137.5		0.171502
137.625		0.171502
137.75		0.171502
137.875		0.171502
138		0.171502
138.125		0.171502
138.25		0.171502
138.375		0.171502
138.5		0.171502
138.625		0.171502
138.75		0.171502
138.875		0.171502
139		0.171502
139.125		0.171502
139.25		0.171502
139.375		0.171502
139.5		0.171502
139.625		0.171502
139.75		0.171502
139.875		0.171502
140		0.171502
140.125		0.174937
140.25		0.174937
140.375		0.174937
140.5		0.174937
140.625		0.174937
140.75		0.174937
140.875		0.174937
141		0.174937
141.125		0.174937
141.25		0.174937
141.375		0.174937
141.5		0.174937
141.625		0.174937
141.75		0.174937
141.875		0.174937
142		0.174937
142.125		0.174937
142.25		0.174937
142.375		0.174937
142.5		0.174937
142.625		0.174937
142.75		0.174937
142.875		0.174937
143		0.174937
143.125		0.174937
143.25		0.174937
143.375		0.174937
143.5		0.174937
143.625		0.174937
143.75		0.174937
143.875		0.174937
144		0.174937
144.125		0.174937
144.25		0.174937
144.375		0.174937
144.5		0.174937
144.625		0.174937
144.75		0.174937
144.875		0.174937
145		0.174937
145.125		0.192715
145.25		0.192715
145.375		0.192715
145.5		0.192715
145.625		0.192715
145.75		0.192715
145.875		0.192715
146		0.192715
146.125		0.192715
146.25		0.192715
146.375		0.192715
146.5		0.192715
146.625		0.192715
146.75		0.192715
146.875		0.192715
147		0.192715
147.125		0.192715
147.25		0.192715
147.375		0.192715
147.5		0.192715
147.625		0.192715
147.75		0.192715
147.875		0.192715
148		0.192715
148.125		0.192715
148.25		0.192715
148.375		0.192715
148.5		0.192715
148.625		0.192715
148.75		0.192715
148.875		0.192715
149		0.192715
149.125		0.192715
149.25		0.192715
149.375		0.192715
149.5		0.192715
149.625		0.192715
149.75		0.192715
149.875		0.192715
150		0.192715
150.125		0.211637
150.25		0.211637
150.375		0.211637
150.5		0.211637
150.625		0.211637
150.75		0.211637
150.875		0.211637
151		0.211637
151.125		0.211637
151.25		0.211637
151.375		0.211637
151.5		0.211637
151.625		0.211637
151.75		0.211637
151.875		0.211637
152		0.211637
152.125		0.211637
152.25		0.211637
152.375		0.211637
152.5		0.211637
152.625		0.211637
152.75		0.211637
152.875		0.211637
153		0.211637
153.125		0.211637
153.25		0.211637
153.375		0.211637
153.5		0.211637
153.625		0.211637
153.75		0.211637
153.875		0.211637
154		0.211637
154.125		0.211637
154.25		0.211637
154.375		0.211637
154.5		0.211637
154.625		0.211637
154.75		0.211637
154.875		0.211637
155		0.211637
155.125		0.212673
155.25		0.212673
155.375		0.212673
155.5		0.212673
155.625		0.212673
155.75		0.212673
155.875		0.212673
156		0.212673
156.125		0.212673
156.25		0.212673
156.375		0.212673
156.5		0.212673
156.625		0.212673
156.75		0.212673
156.875		0.212673
157		0.212673
157.125		0.212673
157.25		0.212673
157.375		0.212673
157.5		0.212673
157.625		0.212673
157.75		0.212673
157.875		0.212673
158		0.212673
158.125		0.212673
158.25		0.212673
158.375		0.212673
158.5		0.212673
158.625		0.212673
158.75		0.212673
158.875		0.212673
159		0.212673
159.125		0.212673
159.25		0.212673
159.375		0.212673
159.5		0.212673
159.625		0.212673
159.75		0.212673
159.875		0.212673
160		0.212673
160.125		0.221126
160.25		0.221126
160.375		0.221126
160.5		0.221126
160.625		0.221126
160.75		0.221126
160.875		0.221126
161		0.221126
161.125		0.221126
161.25		0.221126
161.375		0.221126
161.5		0.221126
161.625		0.221126
161.75		0.221126
161.875		0.221126
162		0.221126
162.125		0.221126
162.25		0.221126
162.375		0.221126
162.5		0.221126
162.625		0.221126
162.75		0.221126
162.875		0.221126
163		0.221126
163.125		0.221126
163.25		0.221126
163.375		0.221126
163.5		0.221126
163.625		0.221126
163.75		0.221126
163.875		0.221126
164		0.221126
164.125		0.221126
164.25		0.221126
164.375		0.221126
164.5		0.221126
164.625		0.221126
164.75		0.221126
164.875		0.221126
165		0.221126
165.125		0.239339
165.25		0.239339
165.375		0.239339
165.5		0.239339
165.625		0.239339
165.75		0.239339
165.875		0.239339
166		0.239339
166.125		0.239339
166.25		0.239339
166.375		0.239339
166.5		0.239339
166.625		0.239339
166.75		0.239339
166.875		0.239339
167		0.239339
167.125		0.239339
167.25		0.239339
167.375		0.239339
167.5		0.239339
167.625		0.239339
167.75		0.239339
167.875		0.239339
168		0.239339
168.125		0.239339
168.25		0.239339
168.375		0.239339
168.5		0.239339
168.625		0.239339
168.75		0.239339
168.875		0.239339
169		0.239339
169.125		0.239339
169.25		0.239339
169.375		0.239339
169.5		0.239339
169.625		0.239339
169.75		0.239339
169.875		0.239339
170		0.239339
170.125		0.256626
170.25		0.256626
170.375		0.256626
170.5		0.256626
170.625		0.256626
170.75		0.256626
170.875		0.256626
171		0.256626
171.125		0.256626
171.25		0.256626
171.375		0.256626
171.5		0.256626
171.625		0.256626
171.75		0.256626
171.875		0.256626
172		0.256626
172.125		0.256626
172.25		0.256626
172.375		0.256626
172.5		0.256626
172.625		0.256626
172.75		0.256626
172.875		0.256626
173		0.256626
173.125		0.256626
173.25		0.256626
173.375		0.256626
173.5		0.256626
173.625		0.256626
173.75		0.256626
173.875		0.256626
174		0.256626
174.125		0.256626
174.25		0.256626
174.375		0.256626
174.5		0.256626
174.625		0.256626
174.75		0.256626
174.875		0.256626
175		0.256626
175.125		0.263987
175.25		0.263987
175.375		0.263987
175.5		0.263987
175.625		0.263987
175.75		0.263987
175.875		0.263987
176		0.263987
176.125		0.263987
176.25		0.263987
176.375		0.263987
176.5		0.263987
176.625		0.263987
176.75		0.263987
176.875		0.263987
177		0.263987
177.125		0.263987
177.25		0.263987
177.375		0.263987
177.5		0.263987
177.625		0.263987
177.75		0.263987
177.875		0.263987
178		0.263987
178.125		0.263987
178.25		0.263987
178.375		0.263987
178.5		0.263987
178.625		0.263987
178.75		0.263987
178.875		0.263987
179		0.263987
179.125		0.263987
179.25		0.263987
179.375		0.263987
179.5		0.263987
179.625		0.263987
179.75		0.263987
179.875		0.263987
180		0.263987
180.125		0.264805
180.25		0.264805
180.375		0.264805
180.5		0.264805
180.625		0.264805
180.75		0.264805
180.875		0.264805
181		0.264805
181.125		0.264805
181.25		0.264805
181.375		0.264805
181.5		0.264805
181.625		0.264805
181.75		0.264805
181.875		0.264805
182		0.264805
182.125		0.264805
182.25		0.264805
182.375		0.264805
182.5		0.264805
182.625		0.264805
182.75		0.264805
182.875		0.264805
183		0.264805
183.125		0.264805
183.25		0.264805
183.375		0.264805
183.5		0.264805
183.625		0.264805
183.75		0.264805
183.875		0.264805
184		0.264805
184.125		0.264805
184.25		0.264805
184.375		0.264805
184.5		0.264805
184.625		0.264805
184.75		0.264805
184.875		0.264805
185		0.264805
185.125		0.287381
185.25		0.287381
185.375		0.287381
185.5		0.287381
185.625		0.287381
185.75		0.287381
185.875		0.287381
186		0.287381
186.125		0.287381
186.25		0.287381
186.375		0.287381
186.5		0.287381
186.625		0.287381
186.75		0.287381
186.875		0.287381
187		0.287381
187.125		0.287381
187.25		0.287381
187.375		0.287381
187.5		0.287381
187.625		0.287381
187.75		0.287381
187.875		0.287381
188		0.287381
188.125		0.287381
188.25		0.287381
188.375		0.287381
188.5		0.287381
188.625		0.287381
188.75		0.287381
188.875		0.287381
189		0.287381
189.125		0.287381
189.25		0.287381
189.375		0.287381
189.5		0.287381
189.625		0.287381
189.75		0.287381
189.875		0.287381
190		0.287381
190.125		0.294034
190.25		0.294034
190.375		0.294034
190.5		0.294034
190.625		0.294034
190.75		0.294034
190.875		0.294034
191		0.294034
191.125		0.294034
191.25		0.294034
191.375		0.294034
191.5		0.294034
191.625		0.294034
191.75		0.294034
191.875		0.294034
192		0.294034
192.125		0.294034
192.25		0.294034
192.375		0.294034
192.5		0.294034
192.625		0.294034
192.75		0.294034
192.875		0.294034
193		0.294034
193.125		0.294034
193.25		0.294034
193.375		0.294034
193.5		0.294034
193.625		0.294034
193.75		0.294034
193.875		0.294034
194		0.294034
194.125		0.294034
194.25		0.294034
194.375		0.294034
194.5		0.294034
194.625		0.294034
194.75		0.294034
194.875		0.294034
195		0.294034
195.125		0.298288
195.25		0.298288
195.375		0.298288
195.5		0.298288
195.625		0.298288
195.75		0.298288
195.875		0.298288
196		0.298288
196.125		0.298288
196.25		0.298288
196.375		0.298288
196.5		0.298288
196.625		0.298288
196.75		0.298288
196.875		0.298288
197		0.298288
197.125		0.298288
197.25		0.298288
197.375		0.298288
197.5		0.298288
197.625		0.298288
197.75		0.298288
197.875		0.298288
198		0.298288
198.125		0.298288
198.25		0.298288
198.375		0.298288
198.5		0.298288
198.625		0.298288
198.75		0.298288
198.875		0.298288
199		0.298288
199.125		0.298288
199.25		0.298288
199.375		0.298288
199.5		0.298288
199.625		0.298288
199.75		0.298288
199.875		0.298288
200		0.298288
200.125		0.320537
200.25		0.320537
200.375		0.320537
200.5		0.320537
200.625		0.320537
200.75		0.320537
200.875		0.320537
201		0.320537
201.125		0.320537
201.25		0.320537
201.375		0.320537
201.5		0.320537
201.625		0.320537
201.75		0.320537
201.875		0.320537
202		0.320537
202.125		0.320537
202.25		0.320537
202.375		0.320537
202.5		0.320537
202.625		0.320537
202.75		0.320537
202.875		0.320537
203		0.320537
203.125		0.320537
203.25		0.320537
203.375		0.320537
203.5		0.320537
203.625		0.320537
203.75		0.320537
203.875		0.320537
204		0.320537
204.125		0.320537
204.25		0.320537
204.375		0.320537
204.5		0.320537
204.625		0.320537
204.75		0.320537
204.875		0.320537
205		0.320537
205.125		0.325772
205.25		0.325772
205.375		0.325772
205.5		0.325772
205.625		0.325772
205.75		0.325772
205.875		0.325772
206		0.325772
206.125		0.325772
206.25		0.325772
206.375		0.325772
206.5		0.325772
206.625		0.325772
206.75		0.325772
206.875		0.325772
207		0.325772
207.125		0.325772
207.25		0.325772
207.375		0.325772
207.5		0.325772
207.625		0.325772
207.75		0.325772
207.875		0.325772
208		0.325772
208.125		0.325772
208.25		0.325772
208.375		0.325772
208.5		0.325772
208.625		0.325772
208.75		0.325772
208.875		0.325772
209		0.325772
209.125		0.325772
209.25		0.325772
209.375		0.325772
209.5		0.325772
209.625		0.325772
209.75		0.325772
209.875		0.325772
210		0.325772
210.125		0.332697
210.25		0.332697
210.375		0.332697
210.5		0.332697
210.625		0.332697
210.75		0.332697
210.875		0.332697
211		0.332697
211.125		0.332697
211.25		0.332697
211.375		0.332697
211.5		0.332697
211.625		0.332697
211.75		0.332697
211.875		0.332697
212		0.332697
212.125		0.332697
212.25		0.332697
212.375		0.332697
212.5		0.332697
212.625		0.332697
212.75		0.332697
212.875		0.332697
213		0.332697
213.125		0.332697
213.25		0.332697
213.375		0.332697
213.5		0.332697
213.625		0.332697
213.75		0.332697
213.875		0.332697
214		0.332697
214.125		0.332697
214.25		0.332697
214.375		0.332697
214.5		0.332697
214.625		0.332697
214.75		0.332697
214.875		0.332697
215		0.332697
215.125		0.336078
215.25		0.336078
215.375		0.336078
215.5		0.336078
215.625		0.336078
215.75		0.336078
215.875		0.336078
216		0.336078
216.125		0.336078
216.25		0.336078
216.375		0.336078
216.5		0.336078
216.625		0.336078
216.75		0.336078
216.875		0.336078
217		0.336078
217.125		0.336078
217.25		0.336078
217.375		0.336078
217.5		0.336078
217.625		0.336078
217.75		0.336078
217.875		0.336078
218		0.336078
218.125		0.336078
218.25		0.336078
218.375		0.336078
218.5		0.336078
218.625		0.336078
218.75		0.336078
218.875		0.336078
219		0.336078
219.125		0.336078
219.25		0.336078
219.375		0.336078
219.5		0.336078
219.625		0.336078
219.75		0.336078
219.875		0.336078
220		0.336078
220.125		0.356146
220.25		0.356146
220.375		0.356146
220.5		0.356146
220.625		0.356146
220.75		0.356146
220.875		0.356146
221		0.356146
221.125		0.356146
221.25		0.356146
221.375		0.356146
221.5		0.356146
221.625		0.356146
221.75		0.356146
221.875		0.356146
222		0.356146
222.125		0.356146
222.25		0.356146
222.375		0.356146
222.5		0.356146
222.625		0.356146
222.75		0.356146
222.875		0.356146
223		0.356146
223.125		0.356146
223.25		0.356146
223.375		0.356146
223.5		0.356146
223.625		0.356146
223.75		0.356146
223.875		0.356146
224		0.356146
224.125		0.356146
224.25		0.356146
224.375		0.356146
224.5		0.356146
224.625		0.356146
224.75		0.356146
224.875		0.356146
225		0.356146
225.125		0.360181
225.25		0.360181
225.375		0.360181
225.5		0.360181
225.625		0.360181
225.75		0.360181
225.875		0.360181
226		0.360181
226.125		0.360181
226.25		0.360181
226.375		0.360181
226.5		0.360181
226.625		0.360181
226.75		0.360181
226.875		0.360181
227		0.360181
227.125		0.360181
227.25		0.360181
227.375		0.360181
227.5		0.360181
227.625		0.360181
227.75		0.360181
227.875		0.360181
228		0.360181
228.125		0.360181
228.25		0.360181
228.375		0.360181
228.5		0.360181
228.625		0.360181
228.75		0.360181
228.875		0.360181
229		0.360181
229.125		0.360181
229.25		0.360181
229.375		0.360181
229.5		0.360181
229.625		0.360181
229.75		0.360181
229.875		0.360181
230		0.360181
230.125		0.384611
230.25		0.384611
230.375		0.384611
230.5		0.384611
230.625		0.384611
230.75		0.384611
230.875		0.384611
231		0.384611
231.125		0.384611
231.25		0.384611
231.375		0.384611
231.5		0.384611
231.625		0.384611
231.75		0.384611
231.875		0.384611
232		0.384611
232.125		0.384611
232.25		0.384611
232.375		0.384611
232.5		0.384611
232.625		0.384611
232.75		0.384611
232.875		0.384611
233		0.384611
233.125		0.384611
233.25		0.384611
233.375		0.384611
233.5		0.384611
233.625		0.384611
233.75		0.384611
233.875		0.384611
234		0.384611
234.125		0.384611
234.25		0.384611
234.375		0.384611
234.5		0.384611
234.625		0.384611
234.75		0.384611
234.875		0.384611
235		0.384611
235.125		0.390501
235.25		0.390501
235.375		0.390501
235.5		0.390501
235.625		0.390501
235.75		0.390501
235.875		0.390501
236		0.390501
236.125		0.390501
236.25		0.390501
236.375		0.390501
236.5		0.390501
236.625		0.390501
236.75		0.390501
236.875		0.390501
237		0.390501
237.125		0.390501
237.25		0.390501
237.375		0.390501
237.5		0.390501
237.625		0.390501
237.75		0.390501
237.875		0.390501
238		0.390501
238.125		0.390501
238.25		0.390501
238.375		0.390501
238.5		0.390501
238.625		0.390501
238.75		0.390501
238.875		0.390501
239		0.390501
239.125		0.390501
239.25		0.390501
239.375		0.390501
239.5		0.390501
239.625		0.390501
239.75		0.390501
239.875		0.390501
240		0.390501
240.125		0.407351
240.25		0.407351
240.375		0.407351
240.5		0.407351
240.625		0.407351
240.75		0.407351
240.875		0.407351
241		0.407351
241.125		0.407351
241.25		0.407351
241.375		0.407351
241.5		0.407351
241.625		0.407351
241.75		0.407351
241.875		0.407351
242		0.407351
242.125		0.407351
242.25		0.407351
242.375		0.407351
242.5		0.407351
242.625		0.407351
242.75		0.407351
242.875		0.407351
243		0.407351
243.125		0.407351
243.25		0.407351
243.375		0.407351
243.5		0.407351
243.625		0.407351
243.75		0.407351
243.875		0.407351
244		0.407351
244.125		0.407351
244.25		0.407351
244.375		0.407351
244.5		0.407351
244.625		0.407351
244.75		0.407351
244.875		0.407351
245		0.407351
245.125		0.408005
245.25		0.408005
245.375		0.408005
245.5		0.408005
245.625		0.408005
245.75		0.408005
245.875		0.408005
246		0.408005
246.125		0.408005
246.25		0.408005
246.375		0.408005
246.5		0.408005
246.625		0.408005
246.75		0.408005
246.875		0.408005
247		0.408005
247.125		0.408005
247.25		0.408005
247.375		0.408005
247.5		0.408005
247.625		0.408005
247.75		0.408005
247.875		0.408005
248		0.408005
248.125		0.408005
248.25		0.408005
248.375		0.408005
248.5		0.408005
248.625		0.408005
248.75		0.408005
248.875		0.408005
249		0.408005
249.125		0.408005
249.25		0.408005
249.375		0.408005
249.5		0.408005
249.625		0.408005
249.75		0.408005
249.875		0.408005
250		0.408005
250.125		0.424583
250.25		0.424583
250.375		0.424583
250.5		0.424583
250.625		0.424583
250.75		0.424583
250.875		0.424583
251		0.424583
251.125		0.424583
251.25		0.424583
251.375		0.424583
251.5		0.424583
251.625		0.424583
251.75		0.424583
251.875		0.424583
252		0.424583
252.125		0.424583
252.25		0.424583
252.375		0.424583
252.5		0.424583
252.625		0.424583
252.75		0.424583
252.875		0.424583
253		0.424583
253.125		0.424583
253.25		0.424583
253.375		0.424583
253.5		0.424583
253.625		0.424583
253.75		0.424583
253.875		0.424583
254		0.424583
254.125		0.424583
254.25		0.424583
254.375		0.424583
254.5		0.424583
254.625		0.424583
254.75		0.424583
254.875		0.424583
255		0.424583
255.125		0.43249
255.25		0.43249
255.375		0.43249
255.5		0.43249
255.625		0.43249
255.75		0.43249
255.875		0.43249
256		0.43249
256.125		0.43249
256.25		0.43249
256.375		0.43249
256.5		0.43249
256.625		0.43249
256.75		0.43249
256.875		0.43249
257		0.43249
257.125		0.43249
257.25		0.43249
257.375		0.43249
257.5		0.43249
257.625		0.43249
257.75		0.43249
257.875		0.43249
258		0.43249
258.125		0.43249
258.25		0.43249
258.375		0.43249
258.5		0.43249
258.625		0.43249
258.75		0.43249
258.875		0.43249
259		0.43249
259.125		0.43249
259.25		0.43249
259.375		0.43249
259.5		0.43249
259.625		0.43249
259.75		0.43249
259.875		0.43249
260		0.43249
260.125		0.44296
260.25		0.44296
260.375		0.44296
260.5		0.44296
260.625		0.44296
260.75		0.44296
260.875		0.44296
261		0.44296
261.125		0.44296
261.25		0.44296
261.375		0.44296
261.5		0.44296
261.625		0.44296
261.75		0.44296
261.875		0.44296
262		0.44296
262.125		0.44296
262.25		0.44296
262.375		0.44296
262.5		0.44296
262.625		0.44296
262.75		0.44296
262.875		0.44296
263		0.44296
263.125		0.44296
263.25		0.44296
263.375		0.44296
263.5		0.44296
263.625		0.44296
263.75		0.44296
263.875		0.44296
264		0.44296
264.125		0.44296
264.25		0.44296
264.375		0.44296
264.5		0.44296
264.625		0.44296
264.75		0.44296
264.875		0.44296
265		0.44296
265.125		0.459047
265.25		0.459047
265.375		0.459047
265.5		0.459047
265.625		0.459047
265.75		0.459047
265.875		0.459047
266		0.459047
266.125		0.459047
266.25		0.459047
266.375		0.459047
266.5		0.459047
266.625		0.459047
266.75		0.459047
266.875		0.459047
267		0.459047
267.125		0.459047
267.25		0.459047
267.375		0.459047
267.5		0.459047
267.625		0.459047
267.75		0.459047
267.875		0.459047
268		0.459047
268.125		0.459047
268.25		0.459047
268.375		0.459047
268.5		0.459047
268.625		0.459047
268.75		0.459047
268.875		0.459047
269		0.459047
269.125		0.459047
269.25		0.459047
269.375		0.459047
269.5		0.459047
269.625		0.459047
269.75		0.459047
269.875		0.459047
270		0.459047
270.125		0.466899
270.25		0.466899
270.375		0.466899
270.5		0.466899
270.625		0.466899
270.75		0.466899
270.875		0.466899
271		0.466899
271.125		0.466899
271.25		0.466899
271.375		0.466899
271.5		0.466899
271.625		0.466899
271.75		0.466899
271.875		0.466899
272		0.466899
272.125		0.466899
272.25		0.466899
272.375		0.466899
272.5		0.466899
272.625		0.466899
272.75		0.466899
272.875		0.466899
273		0.466899
273.125		0.466899
273.25		0.466899
273.375		0.466899
273.5		0.466899
273.625		0.466899
273.75		0.466899
273.875		0.466899
274		0.466899
274.125		0.466899
274.25		0.466899
274.375		0.466899
274.5		0.466899
274.625		0.466899
274.75		0.466899
274.875		0.466899
275		0.466899
275.125		0.480314
275.25		0.480314
275.375		0.480314
275.5		0.480314
275.625		0.480314
275.75		0.480314
275.875		0.480314
276		0.480314
276.125		0.480314
276.25		0.480314
276.375		0.480314
276.5		0.480314
276.625		0.480314
276.75		0.480314
276.875		0.480314
277		0.480314
277.125		0.480314
277.25		0.480314
277.375		0.480314
277.5		0.480314
277.625		0.480314
277.75		0.480314
277.875		0.480314
278		0.480314
278.125		0.480314
278.25		0.480314
278.375		0.480314
278.5		0.480314
278.625		0.480314
278.75		0.480314
278.875		0.480314
279		0.480314
279.125		0.480314
279.25		0.480314
279.375		0.480314
279.5		0.480314
279.625		0.480314
279.75		0.480314
279.875		0.480314
280		0.480314
280.125		0.492856
280.25		0.492856
280.375		0.492856
280.5		0.492856
280.625		0.492856
280.75		0.492856
280.875		0.492856
281		0.492856
281.125		0.492856
281.25		0.492856
281.375		0.492856
281.5		0.492856
281.625		0.492856
281.75		0.492856
281.875		0.492856
282		0.492856
282.125		0.492856
282.25		0.492856
282.375		0.492856
282.5		0.492856
282.625		0.492856
282.75		0.492856
282.875		0.492856
283		0.492856
283.125		0.492856
283.25		0.492856
283.375		0.492856
283.5		0.492856
283.625		0.492856
283.75		0.492856
283.875		0.492856
284		0.492856
284.125		0.492856
284.25		0.492856
284.375		0.492856
284.5		0.492856
284.625		0.492856
284.75		0.492856
284.875		0.492856
285		0.492856
285.125		0.499018
285.25		0.499018
285.375		0.499018
285.5		0.499018
285.625		0.499018
285.75		0.499018
285.875		0.499018
286		0.499018
286.125		0.499018
286.25		0.499018
286.375		0.499018
286.5		0.499018
286.625		0.499018
286.75		0.499018
286.875		0.499018
287		0.499018
287.125		0.499018
287.25		0.499018
287.375		0.499018
287.5		0.499018
287.625		0.499018
287.75		0.499018
287.875		0.499018
288		0.499018
288.125		0.499018
288.25		0.499018
288.375		0.499018
288.5		0.499018
288.625		0.499018
288.75		0.499018
288.875		0.499018
289		0.499018
289.125		0.499018
289.25		0.499018
289.375		0.499018
289.5		0.499018
289.625		0.499018
289.75		0.499018
289.875		0.499018
290		0.499018
290.125		0.523176
290.25		0.523176
290.375		0.523176
290.5		0.523176
290.625		0.523176
290.75		0.523176
290.875		0.523176
291		0.523176
291.125		0.523176
291.25		0.523176
291.375		0.523176
291.5		0.523176
291.625		0.523176
291.75		0.523176
291.875		0.523176
292		0.523176
292.125		0.523176
292.25		0.523176
292.375		0.523176
292.5		0.523176
292.625		0.523176
292.75		0.523176
292.875		0.523176
293		0.523176
293.125		0.523176
293.25		0.523176
293.375		0.523176
293.5		0.523176
293.625		0.523176
293.75		0.523176
293.875		0.523176
294		0.523176
294.125		0.523176
294.25		0.523176
294.375		0.523176
294.5		0.523176
294.625		0.523176
294.75		0.523176
294.875		0.523176
295		0.523176
295.125		0.53021
295.25		0.53021
295.375		0.53021
295.5		0.53021
295.625		0.53021
295.75		0.53021
295.875		0.53021
296		0.53021
296.125		0.53021
296.25		0.53021
296.375		0.53021
296.5		0.53021
296.625		0.53021
296.75		0.53021
296.875		0.53021
297		0.53021
297.125		0.53021
297.25		0.53021
297.375		0.53021
297.5		0.53021
297.625		0.53021
297.75		0.53021
297.875		0.53021
298		0.53021
298.125		0.53021
298.25		0.53021
298.375		0.53021
298.5		0.53021
298.625		0.53021
298.75		0.53021
298.875		0.53021
299		0.53021
299.125		0.53021
299.25		0.53021
299.375		0.53021
299.5		0.53021
299.625		0.53021
299.75		0.53021
299.875		0.53021
300		0.53021
300.125		0.542916
300.25		0.542916
300.375		0.542916
300.5		0.542916
300.625		0.542916
300.75		0.542916
300.875		0.542916
301		0.542916
301.125		0.542916
301.25		0.542916
301.375		0.542916
301.5		0.542916
301.625		0.542916
301.75		0.542916
301.875		0.542916
302		0.542916
302.125		0.542916
302.25		0.542916
302.375		0.542916
302.5		0.542916
302.625		0.542916
302.75		0.542916
302.875		0.542916
303		0.542916
303.125		0.542916
303.25		0.542916
303.375		0.542916
303.5		0.542916
303.625		0.542916
303.75		0.542916
303.875		0.542916
304		0.542916
304.125		0.542916
304.25		0.542916
304.375		0.542916
304.5		0.542916
304.625		0.542916
304.75		0.542916
304.875		0.542916
305		0.542916
305.125		0.561075
305.25		0.561075
305.375		0.561075
305.5		0.561075
305.625		0.561075
305.75		0.561075
305.875		0.561075
306		0.561075
306.125		0.561075
306.25		0.561075
306.375		0.561075
306.5		0.561075
306.625		0.561075
306.75		0.561075
306.875		0.561075
307		0.561075
307.125		0.561075
307.25		0.561075
307.375		0.561075
307.5		0.561075
307.625		0.561075
307.75		0.561075
307.875		0.561075
308		0.561075
308.125		0.561075
308.25		0.561075
308.375		0.561075
308.5		0.561075
308.625		0.561075
308.75		0.561075
308.875		0.561075
309		0.561075
309.125		0.561075
309.25		0.561075
309.375		0.561075
309.5		0.561075
309.625		0.561075
309.75		0.561075
309.875		0.561075
310		0.561075
310.125		0.570509
310.25		0.570509
310.375		0.570509
310.5		0.570509
310.625		0.570509
310.75		0.570509
310.875		0.570509
311		0.570509
311.125		0.570509
311.25		0.570509
311.375		0.570509
311.5		0.570509
311.625		0.570509
311.75		0.570509
311.875		0.570509
312		0.570509
312.125		0.570509
312.25		0.570509
312.375		0.570509
312.5		0.570509
312.625		0.570509
312.75		0.570509
312.875		0.570509
313		0.570509
313.125		0.570509
313.25		0.570509
313.375		0.570509
313.5		0.570509
313.625		0.570509
313.75		0.570509
313.875		0.570509
314		0.570509
314.125		0.570509
314.25		0.570509
314.375		0.570509
314.5		0.570509
314.625		0.570509
314.75		0.570509
314.875		0.570509
315		0.570509
315.125		0.582615
315.25		0.582615
315.375		0.582615
315.5		0.582615
315.625		0.582615
315.75		0.582615
315.875		0.582615
316		0.582615
316.125		0.582615
316.25		0.582615
316.375		0.582615
316.5		0.582615
316.625		0.582615
316.75		0.582615
316.875		0.582615
317		0.582615
317.125		0.582615
317.25		0.582615
317.375		0.582615
317.5		0.582615
317.625		0.582615
317.75		0.582615
317.875		0.582615
318		0.582615
318.125		0.582615
318.25		0.582615
318.375		0.582615
318.5		0.582615
318.625		0.582615
318.75		0.582615
318.875		0.582615
319		0.582615
319.125		0.582615
319.25		0.582615
319.375		0.582615
319.5		0.582615
319.625		0.582615
319.75		0.582615
319.875		0.582615
320		0.582615
320.125		0.588396
320.25		0.588396
320.375		0.588396
320.5		0.588396
320.625		0.588396
320.75		0.588396
320.875		0.588396
321		0.588396
321.125		0.588396
321.25		0.588396
321.375		0.588396
321.5		0.588396
321.625		0.588396
321.75		0.588396
321.875		0.588396
322		0.588396
322.125		0.588396
322.25		0.588396
322.375		0.588396
322.5		0.588396
322.625		0.588396
322.75		0.588396
322.875		0.588396
323		0.588396
323.125		0.588396
323.25		0.588396
323.375		0.588396
323.5		0.588396
323.625		0.588396
323.75		0.588396
323.875		0.588396
324		0.588396
324.125		0.588396
324.25		0.588396
324.375		0.588396
324.5		0.588396
324.625		0.588396
324.75		0.588396
324.875		0.588396
325		0.588396
325.125		0.604537
325.25		0.604537
325.375		0.604537
325.5		0.604537
325.625		0.604537
325.75		0.604537
325.875		0.604537
326		0.604537
326.125		0.604537
326.25		0.604537
326.375		0.604537
326.5		0.604537
326.625		0.604537
326.75		0.604537
326.875		0.604537
327		0.604537
327.125		0.604537
327.25		0.604537
327.375		0.604537
327.5		0.604537
327.625		0.604537
327.75		0.604537
327.875		0.604537
328		0.604537
328.125		0.604537
328.25		0.604537
328.375		0.604537
328.5		0.604537
328.625		0.604537
328.75		0.604537
328.875		0.604537
329		0.604537
329.125		0.604537
329.25		0.604537
329.375		0.604537
329.5		0.604537
329.625		0.604537
329.75		0.604537
329.875		0.604537
330		0.604537
330.125		0.61468
330.25		0.61468
330.375		0.61468
330.5		0.61468
330.625		0.61468
330.75		0.61468
330.875		0.61468
331		0.61468
331.125		0.61468
331.25		0.61468
331.375		0.61468
331.5		0.61468
331.625		0.61468
331.75		0.61468
331.875		0.61468
332		0.61468
332.125		0.61468
332.25		0.61468
332.375		0.61468
332.5		0.61468
332.625		0.61468
332.75		0.61468
332.875		0.61468
333		0.61468
333.125		0.61468
333.25		0.61468
333.375		0.61468
333.5		0.61468
333.625		0.61468
333.75		0.61468
333.875		0.61468
334		0.61468
334.125		0.61468
334.25		0.61468
334.375		0.61468
334.5		0.61468
334.625		0.61468
334.75		0.61468
334.875		0.61468
335		0.61468
335.125		0.626186
335.25		0.626186
335.375		0.626186
335.5		0.626186
335.625		0.626186
335.75		0.626186
335.875		0.626186
336		0.626186
336.125		0.626186
336.25		0.626186
336.375		0.626186
336.5		0.626186
336.625		0.626186
336.75		0.626186
336.875		0.626186
337		0.626186
337.125		0.626186
337.25		0.626186
337.375		0.626186
337.5		0.626186
337.625		0.626186
337.75		0.626186
337.875		0.626186
338		0.626186
338.125		0.626186
338.25		0.626186
338.375		0.626186
338.5		0.626186
338.625		0.626186
338.75		0.626186
338.875		0.626186
339		0.626186
339.125		0.626186
339.25		0.626186
339.375		0.626186
339.5		0.626186
339.625		0.626186
339.75		0.626186
339.875		0.626186
340		0.626186
340.125		0.631912
340.25		0.631912
340.375		0.631912
340.5		0.631912
340.625		0.631912
340.75		0.631912
340.875		0.631912
341		0.631912
341.125		0.631912
341.25		0.631912
341.375		0.631912
341.5		0.631912
341.625		0.631912
341.75		0.631912
341.875		0.631912
342		0.631912
342.125		0.631912
342.25		0.631912
342.375		0.631912
342.5		0.631912
342.625		0.631912
342.75		0.631912
342.875		0.631912
343		0.631912
343.125		0.631912
343.25		0.631912
343.375		0.631912
343.5		0.631912
343.625		0.631912
343.75		0.631912
343.875		0.631912
344		0.631912
344.125		0.631912
344.25		0.631912
344.375		0.631912
344.5		0.631912
344.625		0.631912
344.75		0.631912
344.875		0.631912
345		0.631912
345.125		0.649907
345.25		0.649907
345.375		0.649907
345.5		0.649907
345.625		0.649907
345.75		0.649907
345.875		0.649907
346		0.649907
346.125		0.649907
346.25		0.649907
346.375		0.649907
346.5		0.649907
346.625		0.649907
346.75		0.649907
346.875		0.649907
347		0.649907
347.125		0.649907
347.25		0.649907
347.375		0.649907
347.5		0.649907
347.625		0.649907
347.75		0.649907
347.875		0.649907
348		0.649907
348.125		0.649907
348.25		0.649907
348.375		0.649907
348.5		0.649907
348.625		0.649907
348.75		0.649907
348.875		0.649907
349		0.649907
349.125		0.649907
349.25		0.649907
349.375		0.649907
349.5		0.649907
349.625		0.649907
349.75		0.649907
349.875		0.649907
350		0.649907
350.125		0.654215
350.25		0.654215
350.375		0.654215
350.5		0.654215
350.625		0.654215
350.75		0.654215
350.875		0.654215
351		0.654215
351.125		0.654215
351.25		0.654215
351.375		0.654215
351.5		0.654215
351.625		0.654215
351.75		0.654215
351.875		0.654215
352		0.654215
352.125		0.654215
352.25		0.654215
352.375		0.654215
352.5		0.654215
352.625		0.654215
352.75		0.654215
352.875		0.654215
353		0.654215
353.125		0.654215
353.25		0.654215
353.375		0.654215
353.5		0.654215
353.625		0.654215
353.75		0.654215
353.875		0.654215
354		0.654215
354.125		0.654215
354.25		0.654215
354.375		0.654215
354.5		0.654215
354.625		0.654215
354.75		0.654215
354.875		0.654215
355		0.654215
355.125		0.660323
355.25		0.660323
355.375		0.660323
355.5		0.660323
355.625		0.660323
355.75		0.660323
355.875		0.660323
356		0.660323
356.125		0.660323
356.25		0.660323
356.375		0.660323
356.5		0.660323
356.625		0.660323
356.75		0.660323
356.875		0.660323
357		0.660323
357.125		0.660323
357.25		0.660323
357.375		0.660323
357.5		0.660323
357.625		0.660323
357.75		0.660323
357.875		0.660323
358		0.660323
358.125		0.660323
358.25		0.660323
358.375		0.660323
358.5		0.660323
358.625		0.660323
358.75		0.660323
358.875		0.660323
359		0.660323
359.125		0.660323
359.25		0.660323
359.375		0.660323
359.5		0.660323
359.625		0.660323
359.75		0.660323
359.875		0.660323
360		0.660323
360.125		0.689606
360.25		0.689606
360.375		0.689606
360.5		0.689606
360.625		0.689606
360.75		0.689606
360.875		0.689606
361		0.689606
361.125		0.689606
361.25		0.689606
361.375		0.689606
361.5		0.689606
361.625		0.689606
361.75		0.689606
361.875		0.689606
362		0.689606
362.125		0.689606
362.25		0.689606
362.375		0.689606
362.5		0.689606
362.625		0.689606
362.75		0.689606
362.875		0.689606
363		0.689606
363.125		0.689606
363.25		0.689606
363.375		0.689606
363.5		0.689606
363.625		0.689606
363.75		0.689606
363.875		0.689606
364		0.689606
364.125		0.689606
364.25		0.689606
364.375		0.689606
364.5		0.689606
364.625		0.689606
364.75		0.689606
364.875		0.689606
365		0.689606
365.125		0.692387
365.25		0.692387
365.375		0.692387
365.5		0.692387
365.625		0.692387
365.75		0.692387
365.875		0.692387
366		0.692387
366.125		0.692387
366.25		0.692387
366.375		0.692387
366.5		0.692387
366.625		0.692387
366.75		0.692387
366.875		0.692387
367		0.692387
367.125		0.692387
367.25		0.692387
367.375		0.692387
367.5		0.692387
367.625		0.692387
367.75		0.692387
367.875		0.692387
368		0.692387
368.125		0.692387
368.25		0.692387
368.375		0.692387
368.5		0.692387
368.625		0.692387
368.75		0.692387
368.875		0.692387
369		0.692387
369.125		0.692387
369.25		0.692387
369.375		0.692387
369.5		0.692387
369.625		0.692387
369.75		0.692387
369.875		0.692387
370		0.692387
370.125		0.697459
370.25		0.697459
370.375		0.697459
370.5		0.697459
370.625		0.697459
370.75		0.697459
370.875		0.697459
371		0.697459
371.125		0.697459
371.25		0.697459
371.375		0.697459
371.5		0.697459
371.625		0.697459
371.75		0.697459
371.875		0.697459
372		0.697459
372.125		0.697459
372.25		0.697459
372.375		0.697459
372.5		0.697459
372.625		0.697459
372.75		0.697459
372.875		0.697459
373		0.697459
373.125		0.697459
373.25		0.697459
373.375		0.697459
373.5		0.697459
373.625		0.697459
373.75		0.697459
373.875		0.697459
374		0.697459
374.125		0.697459
374.25		0.697459
374.375		0.697459
374.5		0.697459
374.625		0.697459
374.75		0.697459
374.875		0.697459
375		0.697459
375.125		0.713873
375.25		0.713873
375.375		0.713873
375.5		0.713873
375.625		0.713873
375.75		0.713873
375.875		0.713873
376		0.713873
376.125		0.713873
376.25		0.713873
376.375		0.713873
376.5		0.713873
376.625		0.713873
376.75		0.713873
376.875		0.713873
377		0.713873
377.125		0.713873
377.25		0.713873
377.375		0.713873
377.5		0.713873
377.625		0.713873
377.75		0.713873
377.875		0.713873
378		0.713873
378.125		0.713873
378.25		0.713873
378.375		0.713873
378.5		0.713873
378.625		0.713873
378.75		0.713873
378.875		0.713873
379		0.713873
379.125		0.713873
379.25		0.713873
379.375		0.713873
379.5		0.713873
379.625		0.713873
379.75		0.713873
379.875		0.713873
380		0.713873
380.125		0.718235
380.25		0.718235
380.375		0.718235
380.5		0.718235
380.625		0.718235
380.75		0.718235
380.875		0.718235
381		0.718235
381.125		0.718235
381.25		0.718235
381.375		0.718235
381.5		0.718235
381.625		0.718235
381.75		0.718235
381.875		0.718235
382		0.718235
382.125		0.718235
382.25		0.718235
382.375		0.718235
382.5		0.718235
382.625		0.718235
382.75		0.718235
382.875		0.718235
383		0.718235
383.125		0.718235
383.25		0.718235
383.375		0.718235
383.5		0.718235
383.625		0.718235
383.75		0.718235
383.875		0.718235
384		0.718235
384.125		0.718235
384.25		0.718235
384.375		0.718235
384.5		0.718235
384.625		0.718235
384.75		0.718235
384.875		0.718235
385		0.718235
385.125		0.742338
385.25		0.742338
385.375		0.742338
385.5		0.742338
385.625		0.742338
385.75		0.742338
385.875		0.742338
386		0.742338
386.125		0.742338
386.25		0.742338
386.375		0.742338
386.5		0.742338
386.625		0.742338
386.75		0.742338
386.875		0.742338
387		0.742338
387.125		0.742338
387.25		0.742338
387.375		0.742338
387.5		0.742338
387.625		0.742338
387.75		0.742338
387.875		0.742338
388		0.742338
388.125		0.742338
388.25		0.742338
388.375		0.742338
388.5		0.742338
388.625		0.742338
388.75		0.742338
388.875		0.742338
389		0.742338
389.125		0.742338
389.25		0.742338
389.375		0.742338
389.5		0.742338
389.625		0.742338
389.75		0.742338
389.875		0.742338
390		0.742338
390.125		0.750954
390.25		0.750954
390.375		0.750954
390.5		0.750954
390.625		0.750954
390.75		0.750954
390.875		0.750954
391		0.750954
391.125		0.750954
391.25		0.750954
391.375		0.750954
391.5		0.750954
391.625		0.750954
391.75		0.750954
391.875		0.750954
392		0.750954
392.125		0.750954
392.25		0.750954
392.375		0.750954
392.5		0.750954
392.625		0.750954
392.75		0.750954
392.875		0.750954
393		0.750954
393.125		0.750954
393.25		0.750954
393.375		0.750954
393.5		0.750954
393.625		0.750954
393.75		0.750954
393.875		0.750954
394		0.750954
394.125		0.750954
394.25		0.750954
394.375		0.750954
394.5		0.750954
394.625		0.750954
394.75		0.750954
394.875		0.750954
395		0.750954
395.125		0.753681
395.25		0.753681
395.375		0.753681
395.5		0.753681
395.625		0.753681
395.75		0.753681
395.875		0.753681
396		0.753681
396.125		0.753681
396.25		0.753681
396.375		0.753681
396.5		0.753681
396.625		0.753681
396.75		0.753681
396.875		0.753681
397		0.753681
397.125		0.753681
397.25		0.753681
397.375		0.753681
397.5		0.753681
397.625		0.753681
397.75		0.753681
397.875		0.753681
398		0.753681
398.125		0.753681
398.25		0.753681
398.375		0.753681
398.5		0.753681
398.625		0.753681
398.75		0.753681
398.875		0.753681
399		0.753681
399.125		0.753681
399.25		0.753681
399.375		0.753681
399.5		0.753681
399.625		0.753681
399.75		0.753681
399.875		0.753681
400		0.753681
400.125		0.774294
400.25		0.774294
400.375		0.774294
400.5		0.774294
400.625		0.774294
400.75		0.774294
400.875		0.774294
401		0.774294
401.125		0.774294
401.25		0.774294
401.375		0.774294
401.5		0.774294
401.625		0.774294
401.75		0.774294
401.875		0.774294
402		0.774294
402.125		0.774294
402.25		0.774294
402.375		0.774294
402.5		0.774294
402.625		0.774294
402.75		0.774294
402.875		0.774294
403		0.774294
403.125		0.774294
403.25		0.774294
403.375		0.774294
403.5		0.774294
403.625		0.774294
403.75		0.774294
403.875		0.774294
404		0.774294
404.125		0.774294
404.25		0.774294
404.375		0.774294
404.5		0.774294
404.625		0.774294
404.75		0.774294
404.875		0.774294
405		0.774294
405.125		0.777838
405.25		0.777838
405.375		0.777838
405.5		0.777838
405.625		0.777838
405.75		0.777838
405.875		0.777838
406		0.777838
406.125		0.777838
406.25		0.777838
406.375		0.777838
406.5		0.777838
406.625		0.777838
406.75		0.777838
406.875		0.777838
407		0.777838
407.125		0.777838
407.25		0.777838
407.375		0.777838
407.5		0.777838
407.625		0.777838
407.75		0.777838
407.875		0.777838
408		0.777838
408.125		0.777838
408.25		0.777838
408.375		0.777838
408.5		0.777838
408.625		0.777838
408.75		0.777838
408.875		0.777838
409		0.777838
409.125		0.777838
409.25		0.777838
409.375		0.777838
409.5		0.777838
409.625		0.777838
409.75		0.777838
409.875		0.777838
410		0.777838
410.125		0.813393
410.25		0.813393
410.375		0.813393
410.5		0.813393
410.625		0.813393
410.75		0.813393
410.875		0.813393
411		0.813393
411.125		0.813393
411.25		0.813393
411.375		0.813393
411.5		0.813393
411.625		0.813393
411.75		0.813393
411.875		0.813393
412		0.813393
412.125		0.813393
412.25		0.813393
412.375		0.813393
412.5		0.813393
412.625		0.813393
412.75		0.813393
412.875		0.813393
413		0.813393
413.125		0.813393
413.25		0.813393
413.375		0.813393
413.5		0.813393
413.625		0.813393
413.75		0.813393
413.875		0.813393
414		0.813393
414.125		0.813393
414.25		0.813393
414.375		0.813393
414.5		0.813393
414.625		0.813393
414.75		0.813393
414.875		0.813393
415		0.813393
415.125		0.826317
415.25		0.826317
415.375		0.826317
415.5		0.826317
415.625		0.826317
415.75		0.826317
415.875		0.826317
416		0.826317
416.125		0.826317
416.25		0.826317
416.375		0.826317
416.5		0.826317
416.625		0.826317
416.75		0.826317
416.875		0.826317
417		0.826317
417.125		0.826317
417.25		0.826317
417.375		0.826317
417.5		0.826317
417.625		0.826317
417.75		0.826317
417.875		0.826317
418		0.826317
418.125		0.826317
418.25		0.826317
418.375		0.826317
418.5		0.826317
418.625		0.826317
418.75		0.826317
418.875		0.826317
419		0.826317
419.125		0.826317
419.25		0.826317
419.375		0.826317
419.5		0.826317
419.625		0.826317
419.75		0.826317
419.875		0.826317
420		0.826317
420.125		0.83526
420.25		0.83526
420.375		0.83526
420.5		0.83526
420.625		0.83526
420.75		0.83526
420.875		0.83526
421		0.83526
421.125		0.83526
421.25		0.83526
421.375		0.83526
421.5		0.83526
421.625		0.83526
421.75		0.83526
421.875		0.83526
422		0.83526
422.125		0.83526
422.25		0.83526
422.375		0.83526
422.5		0.83526
422.625		0.83526
422.75		0.83526
422.875		0.83526
423		0.83526
423.125		0.83526
423.25		0.83526
423.375		0.83526
423.5		0.83526
423.625		0.83526
423.75		0.83526
423.875		0.83526
424		0.83526
424.125		0.83526
424.25		0.83526
424.375		0.83526
424.5		0.83526
424.625		0.83526
424.75		0.83526
424.875		0.83526
425		0.83526
425.125		0.845458
425.25		0.845458
425.375		0.845458
425.5		0.845458
425.625		0.845458
425.75		0.845458
425.875		0.845458
426		0.845458
426.125		0.845458
426.25		0.845458
426.375		0.845458
426.5		0.845458
426.625		0.845458
426.75		0.845458
426.875		0.845458
427		0.845458
427.125		0.845458
427.25		0.845458
427.375		0.845458
427.5		0.845458
427.625		0.845458
427.75		0.845458
427.875		0.845458
428		0.845458
428.125		0.845458
428.25		0.845458
428.375		0.845458
428.5		0.845458
428.625		0.845458
428.75		0.845458
428.875		0.845458
429		0.845458
429.125		0.845458
429.25		0.845458
429.375		0.845458
429.5		0.845458
429.625		0.845458
429.75		0.845458
429.875		0.845458
430		0.845458
430.125		0.850693
430.25		0.850693
430.375		0.850693
430.5		0.850693
430.625		0.850693
430.75		0.850693
430.875		0.850693
431		0.850693
431.125		0.850693
431.25		0.850693
431.375		0.850693
431.5		0.850693
431.625		0.850693
431.75		0.850693
431.875		0.850693
432		0.850693
432.125		0.850693
432.25		0.850693
432.375		0.850693
432.5		0.850693
432.625		0.850693
432.75		0.850693
432.875		0.850693
433		0.850693
433.125		0.850693
433.25		0.850693
433.375		0.850693
433.5		0.850693
433.625		0.850693
433.75		0.850693
433.875		0.850693
434		0.850693
434.125		0.850693
434.25		0.850693
434.375		0.850693
434.5		0.850693
434.625		0.850693
434.75		0.850693
434.875		0.850693
435		0.850693
435.125		0.877522
435.25		0.877522
435.375		0.877522
435.5		0.877522
435.625		0.877522
435.75		0.877522
435.875		0.877522
436		0.877522
436.125		0.877522
436.25		0.877522
436.375		0.877522
436.5		0.877522
436.625		0.877522
436.75		0.877522
436.875		0.877522
437		0.877522
437.125		0.877522
437.25		0.877522
437.375		0.877522
437.5		0.877522
437.625		0.877522
437.75		0.877522
437.875		0.877522
438		0.877522
438.125		0.877522
438.25		0.877522
438.375		0.877522
438.5		0.877522
438.625		0.877522
438.75		0.877522
438.875		0.877522
439		0.877522
439.125		0.877522
439.25		0.877522
439.375		0.877522
439.5		0.877522
439.625		0.877522
439.75		0.877522
439.875		0.877522
440		0.877522
440.125		0.88592
440.25		0.88592
440.375		0.88592
440.5		0.88592
440.625		0.88592
440.75		0.88592
440.875		0.88592
441		0.88592
441.125		0.88592
441.25		0.88592
441.375		0.88592
441.5		0.88592
441.625		0.88592
441.75		0.88592
441.875		0.88592
442		0.88592
442.125		0.88592
442.25		0.88592
442.375		0.88592
442.5		0.88592
442.625		0.88592
442.75		0.88592
442.875		0.88592
443		0.88592
443.125		0.88592
443.25		0.88592
443.375		0.88592
443.5		0.88592
443.625		0.88592
443.75		0.88592
443.875		0.88592
444		0.88592
444.125		0.88592
444.25		0.88592
444.375		0.88592
444.5		0.88592
444.625		0.88592
444.75		0.88592
444.875		0.88592
445		0.88592
445.125		0.897481
445.25		0.897481
445.375		0.897481
445.5		0.897481
445.625		0.897481
445.75		0.897481
445.875		0.897481
446		0.897481
446.125		0.897481
446.25		0.897481
446.375		0.897481
446.5		0.897481
446.625		0.897481
446.75		0.897481
446.875		0.897481
447		0.897481
447.125		0.897481
447.25		0.897481
447.375		0.897481
447.5		0.897481
447.625		0.897481
447.75		0.897481
447.875		0.897481
448		0.897481
448.125		0.897481
448.25		0.897481
448.375		0.897481
448.5		0.897481
448.625		0.897481
448.75		0.897481
448.875		0.897481
449		0.897481
449.125		0.897481
449.25		0.897481
449.375		0.897481
449.5		0.897481
449.625		0.897481
449.75		0.897481
449.875		0.897481
450		0.897481
450.125		0.899171
450.25		0.899171
450.375		0.899171
450.5		0.899171
450.625		0.899171
450.75		0.899171
450.875		0.899171
451		0.899171
451.125		0.899171
451.25		0.899171
451.375		0.899171
451.5		0.899171
451.625		0.899171
451.75		0.899171
451.875		0.899171
452		0.899171
452.125		0.899171
452.25		0.899171
452.375		0.899171
452.5		0.899171
452.625		0.899171
452.75		0.899171
452.875		0.899171
453		0.899171
453.125		0.899171
453.25		0.899171
453.375		0.899171
453.5		0.899171
453.625		0.899171
453.75		0.899171
453.875		0.899171
454		0.899171
454.125		0.899171
454.25		0.899171
454.375		0.899171
454.5		0.899171
454.625		0.899171
454.75		0.899171
454.875		0.899171
455		0.899171
455.125		0.911386
455.25		0.911386
455.375		0.911386
455.5		0.911386
455.625		0.911386
455.75		0.911386
455.875		0.911386
456		0.911386
456.125		0.911386
456.25		0.911386
456.375		0.911386
456.5		0.911386
456.625		0.911386
456.75		0.911386
456.875		0.911386
457		0.911386
457.125		0.911386
457.25		0.911386
457.375		0.911386
457.5		0.911386
457.625		0.911386
457.75		0.911386
457.875		0.911386
458		0.911386
458.125		0.911386
458.25		0.911386
458.375		0.911386
458.5		0.911386
458.625		0.911386
458.75		0.911386
458.875		0.911386
459		0.911386
459.125		0.911386
459.25		0.911386
459.375		0.911386
459.5		0.911386
459.625		0.911386
459.75		0.911386
459.875		0.911386
460		0.911386
460.125		0.918748
460.25		0.918748
460.375		0.918748
460.5		0.918748
460.625		0.918748
460.75		0.918748
460.875		0.918748
461		0.918748
461.125		0.918748
461.25		0.918748
461.375		0.918748
461.5		0.918748
461.625		0.918748
461.75		0.918748
461.875		0.918748
462		0.918748
462.125		0.918748
462.25		0.918748
462.375		0.918748
462.5		0.918748
462.625		0.918748
462.75		0.918748
462.875		0.918748
463		0.918748
463.125		0.918748
463.25		0.918748
463.375		0.918748
463.5		0.918748
463.625		0.918748
463.75		0.918748
463.875		0.918748
464		0.918748
464.125		0.918748
464.25		0.918748
464.375		0.918748
464.5		0.918748
464.625		0.918748
464.75		0.918748
464.875		0.918748
465		0.918748
465.125		0.936307
465.25		0.936307
465.375		0.936307
465.5		0.936307
465.625		0.936307
465.75		0.936307
465.875		0.936307
466		0.936307
466.125		0.936307
466.25		0.936307
466.375		0.936307
466.5		0.936307
466.625		0.936307
466.75		0.936307
466.875		0.936307
467		0.936307
467.125		0.936307
467.25		0.936307
467.375		0.936307
467.5		0.936307
467.625		0.936307
467.75		0.936307
467.875		0.936307
468		0.936307
468.125		0.936307
468.25		0.936307
468.375		0.936307
468.5		0.936307
468.625		0.936307
468.75		0.936307
468.875		0.936307
469		0.936307
469.125		0.936307
469.25		0.936307
469.375		0.936307
469.5		0.936307
469.625		0.936307
469.75		0.936307
469.875		0.936307
470		0.936307
470.125		0.947977
470.25		0.947977
470.375		0.947977
470.5		0.947977
470.625		0.947977
470.75		0.947977
470.875		0.947977
471		0.947977
471.125		0.947977
471.25		0.947977
471.375		0.947977
471.5		0.947977
471.625		0.947977
471.75		0.947977
471.875		0.947977
472		0.947977
472.125		0.947977
472.25		0.947977
472.375		0.947977
472.5		0.947977
472.625		0.947977
472.75		0.947977
472.875		0.947977
473		0.947977
473.125		0.947977
473.25		0.947977
473.375		0.947977
473.5		0.947977
473.625		0.947977
473.75		0.947977
473.875		0.947977
474		0.947977
474.125		0.947977
474.25		0.947977
474.375		0.947977
474.5		0.947977
474.625		0.947977
474.75		0.947977
474.875		0.947977
475		0.947977
475.125		0.967445
475.25		0.967445
475.375		0.967445
475.5		0.967445
475.625		0.967445
475.75		0.967445
475.875		0.967445
476		0.967445
476.125		0.967445
476.25		0.967445
476.375		0.967445
476.5		0.967445
476.625		0.967445
476.75		0.967445
476.875		0.967445
477		0.967445
477.125		0.967445
477.25		0.967445
477.375		0.967445
477.5		0.967445
477.625		0.967445
477.75		0.967445
477.875		0.967445
478		0.967445
478.125		0.967445
478.25		0.967445
478.375		0.967445
478.5		0.967445
478.625		0.967445
478.75		0.967445
478.875		0.967445
479		0.967445
479.125		0.967445
479.25		0.967445
479.375		0.967445
479.5		0.967445
479.625		0.967445
479.75		0.967445
479.875		0.967445
480		0.967445
480.125		0.96919
480.25		0.96919
480.375		0.96919
480.5		0.96919
480.625		0.96919
480.75		0.96919
480.875		0.96919
481		0.96919
481.125		0.96919
481.25		0.96919
481.375		0.96919
481.5		0.96919
481.625		0.96919
481.75		0.96919
481.875		0.96919
482		0.96919
482.125		0.96919
482.25		0.96919
482.375		0.96919
482.5		0.96919
482.625		0.96919
482.75		0.96919
482.875		0.96919
483		0.96919
483.125		0.96919
483.25		0.96919
483.375		0.96919
483.5		0.96919
483.625		0.96919
483.75		0.96919
483.875		0.96919
484		0.96919
484.125		0.96919
484.25		0.96919
484.375		0.96919
484.5		0.96919
484.625		0.96919
484.75		0.96919
484.875		0.96919
485		0.96919
485.125		0.974043
485.25		0.974043
485.375		0.974043
485.5		0.974043
485.625		0.974043
485.75		0.974043
485.875		0.974043
486		0.974043
486.125		0.974043
486.25		0.974043
486.375		0.974043
486.5		0.974043
486.625		0.974043
486.75		0.974043
486.875		0.974043
487		0.974043
487.125		0.974043
487.25		0.974043
487.375		0.974043
487.5		0.974043
487.625		0.974043
487.75		0.974043
487.875		0.974043
488		0.974043
488.125		0.974043
488.25		0.974043
488.375		0.974043
488.5		0.974043
488.625		0.974043
488.75		0.974043
488.875		0.974043
489		0.974043
489.125		0.974043
489.25		0.974043
489.375		0.974043
489.5		0.974043
489.625		0.974043
489.75		0.974043
489.875		0.974043
490		0.974043
490.125		0.997055
490.25		0.997055
490.375		0.997055
490.5		0.997055
490.625		0.997055
490.75		0.997055
490.875		0.997055
491		0.997055
491.125		0.997055
491.25		0.997055
491.375		0.997055
491.5		0.997055
491.625		0.997055
491.75		0.997055
491.875		0.997055
492		0.997055
492.125		0.997055
492.25		0.997055
492.375		0.997055
492.5		0.997055
492.625		0.997055
492.75		0.997055
492.875		0.997055
493		0.997055
493.125		0.997055
493.25		0.997055
493.375		0.997055
493.5		0.997055
493.625		0.997055
493.75		0.997055
493.875		0.997055
494		0.997055
494.125		0.997055
494.25		0.997055
494.375		0.997055
494.5		0.997055
494.625		0.997055
494.75		0.997055
494.875		0.997055
495		0.997055
495.125		1
495.25		1
495.375		1
495.5		1
495.625		1
495.75		1
495.875		1
496		1
496.125		1
496.25		1
496.375		1
496.5		1
496.625		1
496.75		1
496.875		1
497		1
497.125		1
497.25		1
497.375		1
497.5		1
497.625		1
497.75		1
497.875		1
498		1
498.125		1
498.25		1
498.375		1
498.5		1
498.625		1
498.75		1
498.875		1
499		1
499.125		1
499.25		1
499.375		1
499.5		1
499.625		1
499.75		1
499.875		1
500		1
