# Calibration file of tamex_id 0 @ channel 13
# fine_T bin		 Calibration value
0.125		0
0.25		0
0.375		0
0.5		0
0.625		0
0.75		0
0.875		0
1		0
1.125		0
1.25		0
1.375		0
1.5		0
1.625		0
1.75		0
1.875		0
2		0
2.125		0
2.25		0
2.375		0
2.5		0
2.625		0
2.75		0
2.875		0
3		0
3.125		0
3.25		0
3.375		0
3.5		0
3.625		0
3.75		0
3.875		0
4		0
4.125		0
4.25		0
4.375		0
4.5		0
4.625		0
4.75		0
4.875		0
5		0
5.125		0
5.25		0
5.375		0
5.5		0
5.625		0
5.75		0
5.875		0
6		0
6.125		0
6.25		0
6.375		0
6.5		0
6.625		0
6.75		0
6.875		0
7		0
7.125		0
7.25		0
7.375		0
7.5		0
7.625		0
7.75		0
7.875		0
8		0
8.125		0
8.25		0
8.375		0
8.5		0
8.625		0
8.75		0
8.875		0
9		0
9.125		0
9.25		0
9.375		0
9.5		0
9.625		0
9.75		0
9.875		0
10		0
10.125		0
10.25		0
10.375		0
10.5		0
10.625		0
10.75		0
10.875		0
11		0
11.125		0
11.25		0
11.375		0
11.5		0
11.625		0
11.75		0
11.875		0
12		0
12.125		0
12.25		0
12.375		0
12.5		0
12.625		0
12.75		0
12.875		0
13		0
13.125		0
13.25		0
13.375		0
13.5		0
13.625		0
13.75		0
13.875		0
14		0
14.125		0
14.25		0
14.375		0
14.5		0
14.625		0
14.75		0
14.875		0
15		0
15.125		0
15.25		0
15.375		0
15.5		0
15.625		0
15.75		0
15.875		0
16		0
16.125		0
16.25		0
16.375		0
16.5		0
16.625		0
16.75		0
16.875		0
17		0
17.125		0
17.25		0
17.375		0
17.5		0
17.625		0
17.75		0
17.875		0
18		0
18.125		0
18.25		0
18.375		0
18.5		0
18.625		0
18.75		0
18.875		0
19		0
19.125		0
19.25		0
19.375		0
19.5		0
19.625		0
19.75		0
19.875		0
20		0
20.125		0
20.25		0
20.375		0
20.5		0
20.625		0
20.75		0
20.875		0
21		0
21.125		0
21.25		0
21.375		0
21.5		0
21.625		0
21.75		0
21.875		0
22		0
22.125		0
22.25		0
22.375		0
22.5		0
22.625		0
22.75		0
22.875		0
23		0
23.125		0
23.25		0
23.375		0
23.5		0
23.625		0
23.75		0
23.875		0
24		0
24.125		0
24.25		0
24.375		0
24.5		0
24.625		0
24.75		0
24.875		0
25		0
25.125		0
25.25		0
25.375		0
25.5		0
25.625		0
25.75		0
25.875		0
26		0
26.125		0
26.25		0
26.375		0
26.5		0
26.625		0
26.75		0
26.875		0
27		0
27.125		0
27.25		0
27.375		0
27.5		0
27.625		0
27.75		0
27.875		0
28		0
28.125		0
28.25		0
28.375		0
28.5		0
28.625		0
28.75		0
28.875		0
29		0
29.125		0
29.25		0
29.375		0
29.5		0
29.625		0
29.75		0
29.875		0
30		0
30.125		0
30.25		0
30.375		0
30.5		0
30.625		0
30.75		0
30.875		0
31		0
31.125		0
31.25		0
31.375		0
31.5		0
31.625		0
31.75		0
31.875		0
32		0
32.125		0
32.25		0
32.375		0
32.5		0
32.625		0
32.75		0
32.875		0
33		0
33.125		0
33.25		0
33.375		0
33.5		0
33.625		0
33.75		0
33.875		0
34		0
34.125		0
34.25		0
34.375		0
34.5		0
34.625		0
34.75		0
34.875		0
35		0
35.125		0
35.25		0
35.375		0
35.5		0
35.625		0
35.75		0
35.875		0
36		0
36.125		0
36.25		0
36.375		0
36.5		0
36.625		0
36.75		0
36.875		0
37		0
37.125		0
37.25		0
37.375		0
37.5		0
37.625		0
37.75		0
37.875		0
38		0
38.125		0
38.25		0
38.375		0
38.5		0
38.625		0
38.75		0
38.875		0
39		0
39.125		0
39.25		0
39.375		0
39.5		0
39.625		0
39.75		0
39.875		0
40		0
40.125		0
40.25		0
40.375		0
40.5		0
40.625		0
40.75		0
40.875		0
41		0
41.125		0
41.25		0
41.375		0
41.5		0
41.625		0
41.75		0
41.875		0
42		0
42.125		0
42.25		0
42.375		0
42.5		0
42.625		0
42.75		0
42.875		0
43		0
43.125		0
43.25		0
43.375		0
43.5		0
43.625		0
43.75		0
43.875		0
44		0
44.125		0
44.25		0
44.375		0
44.5		0
44.625		0
44.75		0
44.875		0
45		0
45.125		0
45.25		0
45.375		0
45.5		0
45.625		0
45.75		0
45.875		0
46		0
46.125		0
46.25		0
46.375		0
46.5		0
46.625		0
46.75		0
46.875		0
47		0
47.125		0
47.25		0
47.375		0
47.5		0
47.625		0
47.75		0
47.875		0
48		0
48.125		0
48.25		0
48.375		0
48.5		0
48.625		0
48.75		0
48.875		0
49		0
49.125		0
49.25		0
49.375		0
49.5		0
49.625		0
49.75		0
49.875		0
50		0
50.125		0
50.25		0
50.375		0
50.5		0
50.625		0
50.75		0
50.875		0
51		0
51.125		0
51.25		0
51.375		0
51.5		0
51.625		0
51.75		0
51.875		0
52		0
52.125		0
52.25		0
52.375		0
52.5		0
52.625		0
52.75		0
52.875		0
53		0
53.125		0
53.25		0
53.375		0
53.5		0
53.625		0
53.75		0
53.875		0
54		0
54.125		0
54.25		0
54.375		0
54.5		0
54.625		0
54.75		0
54.875		0
55		0
55.125		0
55.25		0
55.375		0
55.5		0
55.625		0
55.75		0
55.875		0
56		0
56.125		0
56.25		0
56.375		0
56.5		0
56.625		0
56.75		0
56.875		0
57		0
57.125		0
57.25		0
57.375		0
57.5		0
57.625		0
57.75		0
57.875		0
58		0
58.125		0
58.25		0
58.375		0
58.5		0
58.625		0
58.75		0
58.875		0
59		0
59.125		0
59.25		0
59.375		0
59.5		0
59.625		0
59.75		0
59.875		0
60		0
60.125		0
60.25		0
60.375		0
60.5		0
60.625		0
60.75		0
60.875		0
61		0
61.125		0
61.25		0
61.375		0
61.5		0
61.625		0
61.75		0
61.875		0
62		0
62.125		0
62.25		0
62.375		0
62.5		0
62.625		0
62.75		0
62.875		0
63		0
63.125		0
63.25		0
63.375		0
63.5		0
63.625		0
63.75		0
63.875		0
64		0
64.125		0
64.25		0
64.375		0
64.5		0
64.625		0
64.75		0
64.875		0
65		0
65.125		0
65.25		0
65.375		0
65.5		0
65.625		0
65.75		0
65.875		0
66		0
66.125		0
66.25		0
66.375		0
66.5		0
66.625		0
66.75		0
66.875		0
67		0
67.125		0
67.25		0
67.375		0
67.5		0
67.625		0
67.75		0
67.875		0
68		0
68.125		0
68.25		0
68.375		0
68.5		0
68.625		0
68.75		0
68.875		0
69		0
69.125		0
69.25		0
69.375		0
69.5		0
69.625		0
69.75		0
69.875		0
70		0
70.125		0
70.25		0
70.375		0
70.5		0
70.625		0
70.75		0
70.875		0
71		0
71.125		0
71.25		0
71.375		0
71.5		0
71.625		0
71.75		0
71.875		0
72		0
72.125		0
72.25		0
72.375		0
72.5		0
72.625		0
72.75		0
72.875		0
73		0
73.125		0
73.25		0
73.375		0
73.5		0
73.625		0
73.75		0
73.875		0
74		0
74.125		0
74.25		0
74.375		0
74.5		0
74.625		0
74.75		0
74.875		0
75		0
75.125		0
75.25		0
75.375		0
75.5		0
75.625		0
75.75		0
75.875		0
76		0
76.125		0
76.25		0
76.375		0
76.5		0
76.625		0
76.75		0
76.875		0
77		0
77.125		0
77.25		0
77.375		0
77.5		0
77.625		0
77.75		0
77.875		0
78		0
78.125		0
78.25		0
78.375		0
78.5		0
78.625		0
78.75		0
78.875		0
79		0
79.125		0
79.25		0
79.375		0
79.5		0
79.625		0
79.75		0
79.875		0
80		0
80.125		0
80.25		0
80.375		0
80.5		0
80.625		0
80.75		0
80.875		0
81		0
81.125		0
81.25		0
81.375		0
81.5		0
81.625		0
81.75		0
81.875		0
82		0
82.125		0
82.25		0
82.375		0
82.5		0
82.625		0
82.75		0
82.875		0
83		0
83.125		0
83.25		0
83.375		0
83.5		0
83.625		0
83.75		0
83.875		0
84		0
84.125		0
84.25		0
84.375		0
84.5		0
84.625		0
84.75		0
84.875		0
85		0
85.125		0
85.25		0
85.375		0
85.5		0
85.625		0
85.75		0
85.875		0
86		0
86.125		0
86.25		0
86.375		0
86.5		0
86.625		0
86.75		0
86.875		0
87		0
87.125		0
87.25		0
87.375		0
87.5		0
87.625		0
87.75		0
87.875		0
88		0
88.125		0
88.25		0
88.375		0
88.5		0
88.625		0
88.75		0
88.875		0
89		0
89.125		0
89.25		0
89.375		0
89.5		0
89.625		0
89.75		0
89.875		0
90		0
90.125		0
90.25		0
90.375		0
90.5		0
90.625		0
90.75		0
90.875		0
91		0
91.125		0
91.25		0
91.375		0
91.5		0
91.625		0
91.75		0
91.875		0
92		0
92.125		0
92.25		0
92.375		0
92.5		0
92.625		0
92.75		0
92.875		0
93		0
93.125		0
93.25		0
93.375		0
93.5		0
93.625		0
93.75		0
93.875		0
94		0
94.125		0
94.25		0
94.375		0
94.5		0
94.625		0
94.75		0
94.875		0
95		0
95.125		0
95.25		0
95.375		0
95.5		0
95.625		0
95.75		0
95.875		0
96		0
96.125		0
96.25		0
96.375		0
96.5		0
96.625		0
96.75		0
96.875		0
97		0
97.125		0
97.25		0
97.375		0
97.5		0
97.625		0
97.75		0
97.875		0
98		0
98.125		0
98.25		0
98.375		0
98.5		0
98.625		0
98.75		0
98.875		0
99		0
99.125		0
99.25		0
99.375		0
99.5		0
99.625		0
99.75		0
99.875		0
100		0
100.125		0
100.25		0
100.375		0
100.5		0
100.625		0
100.75		0
100.875		0
101		0
101.125		0
101.25		0
101.375		0
101.5		0
101.625		0
101.75		0
101.875		0
102		0
102.125		0
102.25		0
102.375		0
102.5		0
102.625		0
102.75		0
102.875		0
103		0
103.125		0
103.25		0
103.375		0
103.5		0
103.625		0
103.75		0
103.875		0
104		0
104.125		0
104.25		0
104.375		0
104.5		0
104.625		0
104.75		0
104.875		0
105		0
105.125		0.00582548
105.25		0.00582548
105.375		0.00582548
105.5		0.00582548
105.625		0.00582548
105.75		0.00582548
105.875		0.00582548
106		0.00582548
106.125		0.00582548
106.25		0.00582548
106.375		0.00582548
106.5		0.00582548
106.625		0.00582548
106.75		0.00582548
106.875		0.00582548
107		0.00582548
107.125		0.00582548
107.25		0.00582548
107.375		0.00582548
107.5		0.00582548
107.625		0.00582548
107.75		0.00582548
107.875		0.00582548
108		0.00582548
108.125		0.00582548
108.25		0.00582548
108.375		0.00582548
108.5		0.00582548
108.625		0.00582548
108.75		0.00582548
108.875		0.00582548
109		0.00582548
109.125		0.00582548
109.25		0.00582548
109.375		0.00582548
109.5		0.00582548
109.625		0.00582548
109.75		0.00582548
109.875		0.00582548
110		0.00582548
110.125		0.0303285
110.25		0.0303285
110.375		0.0303285
110.5		0.0303285
110.625		0.0303285
110.75		0.0303285
110.875		0.0303285
111		0.0303285
111.125		0.0303285
111.25		0.0303285
111.375		0.0303285
111.5		0.0303285
111.625		0.0303285
111.75		0.0303285
111.875		0.0303285
112		0.0303285
112.125		0.0303285
112.25		0.0303285
112.375		0.0303285
112.5		0.0303285
112.625		0.0303285
112.75		0.0303285
112.875		0.0303285
113		0.0303285
113.125		0.0303285
113.25		0.0303285
113.375		0.0303285
113.5		0.0303285
113.625		0.0303285
113.75		0.0303285
113.875		0.0303285
114		0.0303285
114.125		0.0303285
114.25		0.0303285
114.375		0.0303285
114.5		0.0303285
114.625		0.0303285
114.75		0.0303285
114.875		0.0303285
115		0.0303285
115.125		0.0368747
115.25		0.0368747
115.375		0.0368747
115.5		0.0368747
115.625		0.0368747
115.75		0.0368747
115.875		0.0368747
116		0.0368747
116.125		0.0368747
116.25		0.0368747
116.375		0.0368747
116.5		0.0368747
116.625		0.0368747
116.75		0.0368747
116.875		0.0368747
117		0.0368747
117.125		0.0368747
117.25		0.0368747
117.375		0.0368747
117.5		0.0368747
117.625		0.0368747
117.75		0.0368747
117.875		0.0368747
118		0.0368747
118.125		0.0368747
118.25		0.0368747
118.375		0.0368747
118.5		0.0368747
118.625		0.0368747
118.75		0.0368747
118.875		0.0368747
119		0.0368747
119.125		0.0368747
119.25		0.0368747
119.375		0.0368747
119.5		0.0368747
119.625		0.0368747
119.75		0.0368747
119.875		0.0368747
120		0.0368747
120.125		0.0538106
120.25		0.0538106
120.375		0.0538106
120.5		0.0538106
120.625		0.0538106
120.75		0.0538106
120.875		0.0538106
121		0.0538106
121.125		0.0538106
121.25		0.0538106
121.375		0.0538106
121.5		0.0538106
121.625		0.0538106
121.75		0.0538106
121.875		0.0538106
122		0.0538106
122.125		0.0538106
122.25		0.0538106
122.375		0.0538106
122.5		0.0538106
122.625		0.0538106
122.75		0.0538106
122.875		0.0538106
123		0.0538106
123.125		0.0538106
123.25		0.0538106
123.375		0.0538106
123.5		0.0538106
123.625		0.0538106
123.75		0.0538106
123.875		0.0538106
124		0.0538106
124.125		0.0538106
124.25		0.0538106
124.375		0.0538106
124.5		0.0538106
124.625		0.0538106
124.75		0.0538106
124.875		0.0538106
125		0.0538106
125.125		0.0676836
125.25		0.0676836
125.375		0.0676836
125.5		0.0676836
125.625		0.0676836
125.75		0.0676836
125.875		0.0676836
126		0.0676836
126.125		0.0676836
126.25		0.0676836
126.375		0.0676836
126.5		0.0676836
126.625		0.0676836
126.75		0.0676836
126.875		0.0676836
127		0.0676836
127.125		0.0676836
127.25		0.0676836
127.375		0.0676836
127.5		0.0676836
127.625		0.0676836
127.75		0.0676836
127.875		0.0676836
128		0.0676836
128.125		0.0676836
128.25		0.0676836
128.375		0.0676836
128.5		0.0676836
128.625		0.0676836
128.75		0.0676836
128.875		0.0676836
129		0.0676836
129.125		0.0676836
129.25		0.0676836
129.375		0.0676836
129.5		0.0676836
129.625		0.0676836
129.75		0.0676836
129.875		0.0676836
130		0.0676836
130.125		0.0777731
130.25		0.0777731
130.375		0.0777731
130.5		0.0777731
130.625		0.0777731
130.75		0.0777731
130.875		0.0777731
131		0.0777731
131.125		0.0777731
131.25		0.0777731
131.375		0.0777731
131.5		0.0777731
131.625		0.0777731
131.75		0.0777731
131.875		0.0777731
132		0.0777731
132.125		0.0777731
132.25		0.0777731
132.375		0.0777731
132.5		0.0777731
132.625		0.0777731
132.75		0.0777731
132.875		0.0777731
133		0.0777731
133.125		0.0777731
133.25		0.0777731
133.375		0.0777731
133.5		0.0777731
133.625		0.0777731
133.75		0.0777731
133.875		0.0777731
134		0.0777731
134.125		0.0777731
134.25		0.0777731
134.375		0.0777731
134.5		0.0777731
134.625		0.0777731
134.75		0.0777731
134.875		0.0777731
135		0.0777731
135.125		0.0976518
135.25		0.0976518
135.375		0.0976518
135.5		0.0976518
135.625		0.0976518
135.75		0.0976518
135.875		0.0976518
136		0.0976518
136.125		0.0976518
136.25		0.0976518
136.375		0.0976518
136.5		0.0976518
136.625		0.0976518
136.75		0.0976518
136.875		0.0976518
137		0.0976518
137.125		0.0976518
137.25		0.0976518
137.375		0.0976518
137.5		0.0976518
137.625		0.0976518
137.75		0.0976518
137.875		0.0976518
138		0.0976518
138.125		0.0976518
138.25		0.0976518
138.375		0.0976518
138.5		0.0976518
138.625		0.0976518
138.75		0.0976518
138.875		0.0976518
139		0.0976518
139.125		0.0976518
139.25		0.0976518
139.375		0.0976518
139.5		0.0976518
139.625		0.0976518
139.75		0.0976518
139.875		0.0976518
140		0.0976518
140.125		0.113987
140.25		0.113987
140.375		0.113987
140.5		0.113987
140.625		0.113987
140.75		0.113987
140.875		0.113987
141		0.113987
141.125		0.113987
141.25		0.113987
141.375		0.113987
141.5		0.113987
141.625		0.113987
141.75		0.113987
141.875		0.113987
142		0.113987
142.125		0.113987
142.25		0.113987
142.375		0.113987
142.5		0.113987
142.625		0.113987
142.75		0.113987
142.875		0.113987
143		0.113987
143.125		0.113987
143.25		0.113987
143.375		0.113987
143.5		0.113987
143.625		0.113987
143.75		0.113987
143.875		0.113987
144		0.113987
144.125		0.113987
144.25		0.113987
144.375		0.113987
144.5		0.113987
144.625		0.113987
144.75		0.113987
144.875		0.113987
145		0.113987
145.125		0.119272
145.25		0.119272
145.375		0.119272
145.5		0.119272
145.625		0.119272
145.75		0.119272
145.875		0.119272
146		0.119272
146.125		0.119272
146.25		0.119272
146.375		0.119272
146.5		0.119272
146.625		0.119272
146.75		0.119272
146.875		0.119272
147		0.119272
147.125		0.119272
147.25		0.119272
147.375		0.119272
147.5		0.119272
147.625		0.119272
147.75		0.119272
147.875		0.119272
148		0.119272
148.125		0.119272
148.25		0.119272
148.375		0.119272
148.5		0.119272
148.625		0.119272
148.75		0.119272
148.875		0.119272
149		0.119272
149.125		0.119272
149.25		0.119272
149.375		0.119272
149.5		0.119272
149.625		0.119272
149.75		0.119272
149.875		0.119272
150		0.119272
150.125		0.132605
150.25		0.132605
150.375		0.132605
150.5		0.132605
150.625		0.132605
150.75		0.132605
150.875		0.132605
151		0.132605
151.125		0.132605
151.25		0.132605
151.375		0.132605
151.5		0.132605
151.625		0.132605
151.75		0.132605
151.875		0.132605
152		0.132605
152.125		0.132605
152.25		0.132605
152.375		0.132605
152.5		0.132605
152.625		0.132605
152.75		0.132605
152.875		0.132605
153		0.132605
153.125		0.132605
153.25		0.132605
153.375		0.132605
153.5		0.132605
153.625		0.132605
153.75		0.132605
153.875		0.132605
154		0.132605
154.125		0.132605
154.25		0.132605
154.375		0.132605
154.5		0.132605
154.625		0.132605
154.75		0.132605
154.875		0.132605
155		0.132605
155.125		0.141373
155.25		0.141373
155.375		0.141373
155.5		0.141373
155.625		0.141373
155.75		0.141373
155.875		0.141373
156		0.141373
156.125		0.141373
156.25		0.141373
156.375		0.141373
156.5		0.141373
156.625		0.141373
156.75		0.141373
156.875		0.141373
157		0.141373
157.125		0.141373
157.25		0.141373
157.375		0.141373
157.5		0.141373
157.625		0.141373
157.75		0.141373
157.875		0.141373
158		0.141373
158.125		0.141373
158.25		0.141373
158.375		0.141373
158.5		0.141373
158.625		0.141373
158.75		0.141373
158.875		0.141373
159		0.141373
159.125		0.141373
159.25		0.141373
159.375		0.141373
159.5		0.141373
159.625		0.141373
159.75		0.141373
159.875		0.141373
160		0.141373
160.125		0.164615
160.25		0.164615
160.375		0.164615
160.5		0.164615
160.625		0.164615
160.75		0.164615
160.875		0.164615
161		0.164615
161.125		0.164615
161.25		0.164615
161.375		0.164615
161.5		0.164615
161.625		0.164615
161.75		0.164615
161.875		0.164615
162		0.164615
162.125		0.164615
162.25		0.164615
162.375		0.164615
162.5		0.164615
162.625		0.164615
162.75		0.164615
162.875		0.164615
163		0.164615
163.125		0.164615
163.25		0.164615
163.375		0.164615
163.5		0.164615
163.625		0.164615
163.75		0.164615
163.875		0.164615
164		0.164615
164.125		0.164615
164.25		0.164615
164.375		0.164615
164.5		0.164615
164.625		0.164615
164.75		0.164615
164.875		0.164615
165		0.164615
165.125		0.166116
165.25		0.166116
165.375		0.166116
165.5		0.166116
165.625		0.166116
165.75		0.166116
165.875		0.166116
166		0.166116
166.125		0.166116
166.25		0.166116
166.375		0.166116
166.5		0.166116
166.625		0.166116
166.75		0.166116
166.875		0.166116
167		0.166116
167.125		0.166116
167.25		0.166116
167.375		0.166116
167.5		0.166116
167.625		0.166116
167.75		0.166116
167.875		0.166116
168		0.166116
168.125		0.166116
168.25		0.166116
168.375		0.166116
168.5		0.166116
168.625		0.166116
168.75		0.166116
168.875		0.166116
169		0.166116
169.125		0.166116
169.25		0.166116
169.375		0.166116
169.5		0.166116
169.625		0.166116
169.75		0.166116
169.875		0.166116
170		0.166116
170.125		0.173803
170.25		0.173803
170.375		0.173803
170.5		0.173803
170.625		0.173803
170.75		0.173803
170.875		0.173803
171		0.173803
171.125		0.173803
171.25		0.173803
171.375		0.173803
171.5		0.173803
171.625		0.173803
171.75		0.173803
171.875		0.173803
172		0.173803
172.125		0.173803
172.25		0.173803
172.375		0.173803
172.5		0.173803
172.625		0.173803
172.75		0.173803
172.875		0.173803
173		0.173803
173.125		0.173803
173.25		0.173803
173.375		0.173803
173.5		0.173803
173.625		0.173803
173.75		0.173803
173.875		0.173803
174		0.173803
174.125		0.173803
174.25		0.173803
174.375		0.173803
174.5		0.173803
174.625		0.173803
174.75		0.173803
174.875		0.173803
175		0.173803
175.125		0.187556
175.25		0.187556
175.375		0.187556
175.5		0.187556
175.625		0.187556
175.75		0.187556
175.875		0.187556
176		0.187556
176.125		0.187556
176.25		0.187556
176.375		0.187556
176.5		0.187556
176.625		0.187556
176.75		0.187556
176.875		0.187556
177		0.187556
177.125		0.187556
177.25		0.187556
177.375		0.187556
177.5		0.187556
177.625		0.187556
177.75		0.187556
177.875		0.187556
178		0.187556
178.125		0.187556
178.25		0.187556
178.375		0.187556
178.5		0.187556
178.625		0.187556
178.75		0.187556
178.875		0.187556
179		0.187556
179.125		0.187556
179.25		0.187556
179.375		0.187556
179.5		0.187556
179.625		0.187556
179.75		0.187556
179.875		0.187556
180		0.187556
180.125		0.211639
180.25		0.211639
180.375		0.211639
180.5		0.211639
180.625		0.211639
180.75		0.211639
180.875		0.211639
181		0.211639
181.125		0.211639
181.25		0.211639
181.375		0.211639
181.5		0.211639
181.625		0.211639
181.75		0.211639
181.875		0.211639
182		0.211639
182.125		0.211639
182.25		0.211639
182.375		0.211639
182.5		0.211639
182.625		0.211639
182.75		0.211639
182.875		0.211639
183		0.211639
183.125		0.211639
183.25		0.211639
183.375		0.211639
183.5		0.211639
183.625		0.211639
183.75		0.211639
183.875		0.211639
184		0.211639
184.125		0.211639
184.25		0.211639
184.375		0.211639
184.5		0.211639
184.625		0.211639
184.75		0.211639
184.875		0.211639
185		0.211639
185.125		0.230316
185.25		0.230316
185.375		0.230316
185.5		0.230316
185.625		0.230316
185.75		0.230316
185.875		0.230316
186		0.230316
186.125		0.230316
186.25		0.230316
186.375		0.230316
186.5		0.230316
186.625		0.230316
186.75		0.230316
186.875		0.230316
187		0.230316
187.125		0.230316
187.25		0.230316
187.375		0.230316
187.5		0.230316
187.625		0.230316
187.75		0.230316
187.875		0.230316
188		0.230316
188.125		0.230316
188.25		0.230316
188.375		0.230316
188.5		0.230316
188.625		0.230316
188.75		0.230316
188.875		0.230316
189		0.230316
189.125		0.230316
189.25		0.230316
189.375		0.230316
189.5		0.230316
189.625		0.230316
189.75		0.230316
189.875		0.230316
190		0.230316
190.125		0.231758
190.25		0.231758
190.375		0.231758
190.5		0.231758
190.625		0.231758
190.75		0.231758
190.875		0.231758
191		0.231758
191.125		0.231758
191.25		0.231758
191.375		0.231758
191.5		0.231758
191.625		0.231758
191.75		0.231758
191.875		0.231758
192		0.231758
192.125		0.231758
192.25		0.231758
192.375		0.231758
192.5		0.231758
192.625		0.231758
192.75		0.231758
192.875		0.231758
193		0.231758
193.125		0.231758
193.25		0.231758
193.375		0.231758
193.5		0.231758
193.625		0.231758
193.75		0.231758
193.875		0.231758
194		0.231758
194.125		0.231758
194.25		0.231758
194.375		0.231758
194.5		0.231758
194.625		0.231758
194.75		0.231758
194.875		0.231758
195		0.231758
195.125		0.236142
195.25		0.236142
195.375		0.236142
195.5		0.236142
195.625		0.236142
195.75		0.236142
195.875		0.236142
196		0.236142
196.125		0.236142
196.25		0.236142
196.375		0.236142
196.5		0.236142
196.625		0.236142
196.75		0.236142
196.875		0.236142
197		0.236142
197.125		0.236142
197.25		0.236142
197.375		0.236142
197.5		0.236142
197.625		0.236142
197.75		0.236142
197.875		0.236142
198		0.236142
198.125		0.236142
198.25		0.236142
198.375		0.236142
198.5		0.236142
198.625		0.236142
198.75		0.236142
198.875		0.236142
199		0.236142
199.125		0.236142
199.25		0.236142
199.375		0.236142
199.5		0.236142
199.625		0.236142
199.75		0.236142
199.875		0.236142
200		0.236142
200.125		0.256081
200.25		0.256081
200.375		0.256081
200.5		0.256081
200.625		0.256081
200.75		0.256081
200.875		0.256081
201		0.256081
201.125		0.256081
201.25		0.256081
201.375		0.256081
201.5		0.256081
201.625		0.256081
201.75		0.256081
201.875		0.256081
202		0.256081
202.125		0.256081
202.25		0.256081
202.375		0.256081
202.5		0.256081
202.625		0.256081
202.75		0.256081
202.875		0.256081
203		0.256081
203.125		0.256081
203.25		0.256081
203.375		0.256081
203.5		0.256081
203.625		0.256081
203.75		0.256081
203.875		0.256081
204		0.256081
204.125		0.256081
204.25		0.256081
204.375		0.256081
204.5		0.256081
204.625		0.256081
204.75		0.256081
204.875		0.256081
205		0.256081
205.125		0.26605
205.25		0.26605
205.375		0.26605
205.5		0.26605
205.625		0.26605
205.75		0.26605
205.875		0.26605
206		0.26605
206.125		0.26605
206.25		0.26605
206.375		0.26605
206.5		0.26605
206.625		0.26605
206.75		0.26605
206.875		0.26605
207		0.26605
207.125		0.26605
207.25		0.26605
207.375		0.26605
207.5		0.26605
207.625		0.26605
207.75		0.26605
207.875		0.26605
208		0.26605
208.125		0.26605
208.25		0.26605
208.375		0.26605
208.5		0.26605
208.625		0.26605
208.75		0.26605
208.875		0.26605
209		0.26605
209.125		0.26605
209.25		0.26605
209.375		0.26605
209.5		0.26605
209.625		0.26605
209.75		0.26605
209.875		0.26605
210		0.26605
210.125		0.275479
210.25		0.275479
210.375		0.275479
210.5		0.275479
210.625		0.275479
210.75		0.275479
210.875		0.275479
211		0.275479
211.125		0.275479
211.25		0.275479
211.375		0.275479
211.5		0.275479
211.625		0.275479
211.75		0.275479
211.875		0.275479
212		0.275479
212.125		0.275479
212.25		0.275479
212.375		0.275479
212.5		0.275479
212.625		0.275479
212.75		0.275479
212.875		0.275479
213		0.275479
213.125		0.275479
213.25		0.275479
213.375		0.275479
213.5		0.275479
213.625		0.275479
213.75		0.275479
213.875		0.275479
214		0.275479
214.125		0.275479
214.25		0.275479
214.375		0.275479
214.5		0.275479
214.625		0.275479
214.75		0.275479
214.875		0.275479
215		0.275479
215.125		0.301363
215.25		0.301363
215.375		0.301363
215.5		0.301363
215.625		0.301363
215.75		0.301363
215.875		0.301363
216		0.301363
216.125		0.301363
216.25		0.301363
216.375		0.301363
216.5		0.301363
216.625		0.301363
216.75		0.301363
216.875		0.301363
217		0.301363
217.125		0.301363
217.25		0.301363
217.375		0.301363
217.5		0.301363
217.625		0.301363
217.75		0.301363
217.875		0.301363
218		0.301363
218.125		0.301363
218.25		0.301363
218.375		0.301363
218.5		0.301363
218.625		0.301363
218.75		0.301363
218.875		0.301363
219		0.301363
219.125		0.301363
219.25		0.301363
219.375		0.301363
219.5		0.301363
219.625		0.301363
219.75		0.301363
219.875		0.301363
220		0.301363
220.125		0.309291
220.25		0.309291
220.375		0.309291
220.5		0.309291
220.625		0.309291
220.75		0.309291
220.875		0.309291
221		0.309291
221.125		0.309291
221.25		0.309291
221.375		0.309291
221.5		0.309291
221.625		0.309291
221.75		0.309291
221.875		0.309291
222		0.309291
222.125		0.309291
222.25		0.309291
222.375		0.309291
222.5		0.309291
222.625		0.309291
222.75		0.309291
222.875		0.309291
223		0.309291
223.125		0.309291
223.25		0.309291
223.375		0.309291
223.5		0.309291
223.625		0.309291
223.75		0.309291
223.875		0.309291
224		0.309291
224.125		0.309291
224.25		0.309291
224.375		0.309291
224.5		0.309291
224.625		0.309291
224.75		0.309291
224.875		0.309291
225		0.309291
225.125		0.320281
225.25		0.320281
225.375		0.320281
225.5		0.320281
225.625		0.320281
225.75		0.320281
225.875		0.320281
226		0.320281
226.125		0.320281
226.25		0.320281
226.375		0.320281
226.5		0.320281
226.625		0.320281
226.75		0.320281
226.875		0.320281
227		0.320281
227.125		0.320281
227.25		0.320281
227.375		0.320281
227.5		0.320281
227.625		0.320281
227.75		0.320281
227.875		0.320281
228		0.320281
228.125		0.320281
228.25		0.320281
228.375		0.320281
228.5		0.320281
228.625		0.320281
228.75		0.320281
228.875		0.320281
229		0.320281
229.125		0.320281
229.25		0.320281
229.375		0.320281
229.5		0.320281
229.625		0.320281
229.75		0.320281
229.875		0.320281
230		0.320281
230.125		0.328929
230.25		0.328929
230.375		0.328929
230.5		0.328929
230.625		0.328929
230.75		0.328929
230.875		0.328929
231		0.328929
231.125		0.328929
231.25		0.328929
231.375		0.328929
231.5		0.328929
231.625		0.328929
231.75		0.328929
231.875		0.328929
232		0.328929
232.125		0.328929
232.25		0.328929
232.375		0.328929
232.5		0.328929
232.625		0.328929
232.75		0.328929
232.875		0.328929
233		0.328929
233.125		0.328929
233.25		0.328929
233.375		0.328929
233.5		0.328929
233.625		0.328929
233.75		0.328929
233.875		0.328929
234		0.328929
234.125		0.328929
234.25		0.328929
234.375		0.328929
234.5		0.328929
234.625		0.328929
234.75		0.328929
234.875		0.328929
235		0.328929
235.125		0.342742
235.25		0.342742
235.375		0.342742
235.5		0.342742
235.625		0.342742
235.75		0.342742
235.875		0.342742
236		0.342742
236.125		0.342742
236.25		0.342742
236.375		0.342742
236.5		0.342742
236.625		0.342742
236.75		0.342742
236.875		0.342742
237		0.342742
237.125		0.342742
237.25		0.342742
237.375		0.342742
237.5		0.342742
237.625		0.342742
237.75		0.342742
237.875		0.342742
238		0.342742
238.125		0.342742
238.25		0.342742
238.375		0.342742
238.5		0.342742
238.625		0.342742
238.75		0.342742
238.875		0.342742
239		0.342742
239.125		0.342742
239.25		0.342742
239.375		0.342742
239.5		0.342742
239.625		0.342742
239.75		0.342742
239.875		0.342742
240		0.342742
240.125		0.353252
240.25		0.353252
240.375		0.353252
240.5		0.353252
240.625		0.353252
240.75		0.353252
240.875		0.353252
241		0.353252
241.125		0.353252
241.25		0.353252
241.375		0.353252
241.5		0.353252
241.625		0.353252
241.75		0.353252
241.875		0.353252
242		0.353252
242.125		0.353252
242.25		0.353252
242.375		0.353252
242.5		0.353252
242.625		0.353252
242.75		0.353252
242.875		0.353252
243		0.353252
243.125		0.353252
243.25		0.353252
243.375		0.353252
243.5		0.353252
243.625		0.353252
243.75		0.353252
243.875		0.353252
244		0.353252
244.125		0.353252
244.25		0.353252
244.375		0.353252
244.5		0.353252
244.625		0.353252
244.75		0.353252
244.875		0.353252
245		0.353252
245.125		0.36178
245.25		0.36178
245.375		0.36178
245.5		0.36178
245.625		0.36178
245.75		0.36178
245.875		0.36178
246		0.36178
246.125		0.36178
246.25		0.36178
246.375		0.36178
246.5		0.36178
246.625		0.36178
246.75		0.36178
246.875		0.36178
247		0.36178
247.125		0.36178
247.25		0.36178
247.375		0.36178
247.5		0.36178
247.625		0.36178
247.75		0.36178
247.875		0.36178
248		0.36178
248.125		0.36178
248.25		0.36178
248.375		0.36178
248.5		0.36178
248.625		0.36178
248.75		0.36178
248.875		0.36178
249		0.36178
249.125		0.36178
249.25		0.36178
249.375		0.36178
249.5		0.36178
249.625		0.36178
249.75		0.36178
249.875		0.36178
250		0.36178
250.125		0.38268
250.25		0.38268
250.375		0.38268
250.5		0.38268
250.625		0.38268
250.75		0.38268
250.875		0.38268
251		0.38268
251.125		0.38268
251.25		0.38268
251.375		0.38268
251.5		0.38268
251.625		0.38268
251.75		0.38268
251.875		0.38268
252		0.38268
252.125		0.38268
252.25		0.38268
252.375		0.38268
252.5		0.38268
252.625		0.38268
252.75		0.38268
252.875		0.38268
253		0.38268
253.125		0.38268
253.25		0.38268
253.375		0.38268
253.5		0.38268
253.625		0.38268
253.75		0.38268
253.875		0.38268
254		0.38268
254.125		0.38268
254.25		0.38268
254.375		0.38268
254.5		0.38268
254.625		0.38268
254.75		0.38268
254.875		0.38268
255		0.38268
255.125		0.392229
255.25		0.392229
255.375		0.392229
255.5		0.392229
255.625		0.392229
255.75		0.392229
255.875		0.392229
256		0.392229
256.125		0.392229
256.25		0.392229
256.375		0.392229
256.5		0.392229
256.625		0.392229
256.75		0.392229
256.875		0.392229
257		0.392229
257.125		0.392229
257.25		0.392229
257.375		0.392229
257.5		0.392229
257.625		0.392229
257.75		0.392229
257.875		0.392229
258		0.392229
258.125		0.392229
258.25		0.392229
258.375		0.392229
258.5		0.392229
258.625		0.392229
258.75		0.392229
258.875		0.392229
259		0.392229
259.125		0.392229
259.25		0.392229
259.375		0.392229
259.5		0.392229
259.625		0.392229
259.75		0.392229
259.875		0.392229
260		0.392229
260.125		0.395532
260.25		0.395532
260.375		0.395532
260.5		0.395532
260.625		0.395532
260.75		0.395532
260.875		0.395532
261		0.395532
261.125		0.395532
261.25		0.395532
261.375		0.395532
261.5		0.395532
261.625		0.395532
261.75		0.395532
261.875		0.395532
262		0.395532
262.125		0.395532
262.25		0.395532
262.375		0.395532
262.5		0.395532
262.625		0.395532
262.75		0.395532
262.875		0.395532
263		0.395532
263.125		0.395532
263.25		0.395532
263.375		0.395532
263.5		0.395532
263.625		0.395532
263.75		0.395532
263.875		0.395532
264		0.395532
264.125		0.395532
264.25		0.395532
264.375		0.395532
264.5		0.395532
264.625		0.395532
264.75		0.395532
264.875		0.395532
265		0.395532
265.125		0.41511
265.25		0.41511
265.375		0.41511
265.5		0.41511
265.625		0.41511
265.75		0.41511
265.875		0.41511
266		0.41511
266.125		0.41511
266.25		0.41511
266.375		0.41511
266.5		0.41511
266.625		0.41511
266.75		0.41511
266.875		0.41511
267		0.41511
267.125		0.41511
267.25		0.41511
267.375		0.41511
267.5		0.41511
267.625		0.41511
267.75		0.41511
267.875		0.41511
268		0.41511
268.125		0.41511
268.25		0.41511
268.375		0.41511
268.5		0.41511
268.625		0.41511
268.75		0.41511
268.875		0.41511
269		0.41511
269.125		0.41511
269.25		0.41511
269.375		0.41511
269.5		0.41511
269.625		0.41511
269.75		0.41511
269.875		0.41511
270		0.41511
270.125		0.439373
270.25		0.439373
270.375		0.439373
270.5		0.439373
270.625		0.439373
270.75		0.439373
270.875		0.439373
271		0.439373
271.125		0.439373
271.25		0.439373
271.375		0.439373
271.5		0.439373
271.625		0.439373
271.75		0.439373
271.875		0.439373
272		0.439373
272.125		0.439373
272.25		0.439373
272.375		0.439373
272.5		0.439373
272.625		0.439373
272.75		0.439373
272.875		0.439373
273		0.439373
273.125		0.439373
273.25		0.439373
273.375		0.439373
273.5		0.439373
273.625		0.439373
273.75		0.439373
273.875		0.439373
274		0.439373
274.125		0.439373
274.25		0.439373
274.375		0.439373
274.5		0.439373
274.625		0.439373
274.75		0.439373
274.875		0.439373
275		0.439373
275.125		0.44664
275.25		0.44664
275.375		0.44664
275.5		0.44664
275.625		0.44664
275.75		0.44664
275.875		0.44664
276		0.44664
276.125		0.44664
276.25		0.44664
276.375		0.44664
276.5		0.44664
276.625		0.44664
276.75		0.44664
276.875		0.44664
277		0.44664
277.125		0.44664
277.25		0.44664
277.375		0.44664
277.5		0.44664
277.625		0.44664
277.75		0.44664
277.875		0.44664
278		0.44664
278.125		0.44664
278.25		0.44664
278.375		0.44664
278.5		0.44664
278.625		0.44664
278.75		0.44664
278.875		0.44664
279		0.44664
279.125		0.44664
279.25		0.44664
279.375		0.44664
279.5		0.44664
279.625		0.44664
279.75		0.44664
279.875		0.44664
280		0.44664
280.125		0.454868
280.25		0.454868
280.375		0.454868
280.5		0.454868
280.625		0.454868
280.75		0.454868
280.875		0.454868
281		0.454868
281.125		0.454868
281.25		0.454868
281.375		0.454868
281.5		0.454868
281.625		0.454868
281.75		0.454868
281.875		0.454868
282		0.454868
282.125		0.454868
282.25		0.454868
282.375		0.454868
282.5		0.454868
282.625		0.454868
282.75		0.454868
282.875		0.454868
283		0.454868
283.125		0.454868
283.25		0.454868
283.375		0.454868
283.5		0.454868
283.625		0.454868
283.75		0.454868
283.875		0.454868
284		0.454868
284.125		0.454868
284.25		0.454868
284.375		0.454868
284.5		0.454868
284.625		0.454868
284.75		0.454868
284.875		0.454868
285		0.454868
285.125		0.457991
285.25		0.457991
285.375		0.457991
285.5		0.457991
285.625		0.457991
285.75		0.457991
285.875		0.457991
286		0.457991
286.125		0.457991
286.25		0.457991
286.375		0.457991
286.5		0.457991
286.625		0.457991
286.75		0.457991
286.875		0.457991
287		0.457991
287.125		0.457991
287.25		0.457991
287.375		0.457991
287.5		0.457991
287.625		0.457991
287.75		0.457991
287.875		0.457991
288		0.457991
288.125		0.457991
288.25		0.457991
288.375		0.457991
288.5		0.457991
288.625		0.457991
288.75		0.457991
288.875		0.457991
289		0.457991
289.125		0.457991
289.25		0.457991
289.375		0.457991
289.5		0.457991
289.625		0.457991
289.75		0.457991
289.875		0.457991
290		0.457991
290.125		0.496246
290.25		0.496246
290.375		0.496246
290.5		0.496246
290.625		0.496246
290.75		0.496246
290.875		0.496246
291		0.496246
291.125		0.496246
291.25		0.496246
291.375		0.496246
291.5		0.496246
291.625		0.496246
291.75		0.496246
291.875		0.496246
292		0.496246
292.125		0.496246
292.25		0.496246
292.375		0.496246
292.5		0.496246
292.625		0.496246
292.75		0.496246
292.875		0.496246
293		0.496246
293.125		0.496246
293.25		0.496246
293.375		0.496246
293.5		0.496246
293.625		0.496246
293.75		0.496246
293.875		0.496246
294		0.496246
294.125		0.496246
294.25		0.496246
294.375		0.496246
294.5		0.496246
294.625		0.496246
294.75		0.496246
294.875		0.496246
295		0.496246
295.125		0.497628
295.25		0.497628
295.375		0.497628
295.5		0.497628
295.625		0.497628
295.75		0.497628
295.875		0.497628
296		0.497628
296.125		0.497628
296.25		0.497628
296.375		0.497628
296.5		0.497628
296.625		0.497628
296.75		0.497628
296.875		0.497628
297		0.497628
297.125		0.497628
297.25		0.497628
297.375		0.497628
297.5		0.497628
297.625		0.497628
297.75		0.497628
297.875		0.497628
298		0.497628
298.125		0.497628
298.25		0.497628
298.375		0.497628
298.5		0.497628
298.625		0.497628
298.75		0.497628
298.875		0.497628
299		0.497628
299.125		0.497628
299.25		0.497628
299.375		0.497628
299.5		0.497628
299.625		0.497628
299.75		0.497628
299.875		0.497628
300		0.497628
300.125		0.503874
300.25		0.503874
300.375		0.503874
300.5		0.503874
300.625		0.503874
300.75		0.503874
300.875		0.503874
301		0.503874
301.125		0.503874
301.25		0.503874
301.375		0.503874
301.5		0.503874
301.625		0.503874
301.75		0.503874
301.875		0.503874
302		0.503874
302.125		0.503874
302.25		0.503874
302.375		0.503874
302.5		0.503874
302.625		0.503874
302.75		0.503874
302.875		0.503874
303		0.503874
303.125		0.503874
303.25		0.503874
303.375		0.503874
303.5		0.503874
303.625		0.503874
303.75		0.503874
303.875		0.503874
304		0.503874
304.125		0.503874
304.25		0.503874
304.375		0.503874
304.5		0.503874
304.625		0.503874
304.75		0.503874
304.875		0.503874
305		0.503874
305.125		0.513242
305.25		0.513242
305.375		0.513242
305.5		0.513242
305.625		0.513242
305.75		0.513242
305.875		0.513242
306		0.513242
306.125		0.513242
306.25		0.513242
306.375		0.513242
306.5		0.513242
306.625		0.513242
306.75		0.513242
306.875		0.513242
307		0.513242
307.125		0.513242
307.25		0.513242
307.375		0.513242
307.5		0.513242
307.625		0.513242
307.75		0.513242
307.875		0.513242
308		0.513242
308.125		0.513242
308.25		0.513242
308.375		0.513242
308.5		0.513242
308.625		0.513242
308.75		0.513242
308.875		0.513242
309		0.513242
309.125		0.513242
309.25		0.513242
309.375		0.513242
309.5		0.513242
309.625		0.513242
309.75		0.513242
309.875		0.513242
310		0.513242
310.125		0.539187
310.25		0.539187
310.375		0.539187
310.5		0.539187
310.625		0.539187
310.75		0.539187
310.875		0.539187
311		0.539187
311.125		0.539187
311.25		0.539187
311.375		0.539187
311.5		0.539187
311.625		0.539187
311.75		0.539187
311.875		0.539187
312		0.539187
312.125		0.539187
312.25		0.539187
312.375		0.539187
312.5		0.539187
312.625		0.539187
312.75		0.539187
312.875		0.539187
313		0.539187
313.125		0.539187
313.25		0.539187
313.375		0.539187
313.5		0.539187
313.625		0.539187
313.75		0.539187
313.875		0.539187
314		0.539187
314.125		0.539187
314.25		0.539187
314.375		0.539187
314.5		0.539187
314.625		0.539187
314.75		0.539187
314.875		0.539187
315		0.539187
315.125		0.557564
315.25		0.557564
315.375		0.557564
315.5		0.557564
315.625		0.557564
315.75		0.557564
315.875		0.557564
316		0.557564
316.125		0.557564
316.25		0.557564
316.375		0.557564
316.5		0.557564
316.625		0.557564
316.75		0.557564
316.875		0.557564
317		0.557564
317.125		0.557564
317.25		0.557564
317.375		0.557564
317.5		0.557564
317.625		0.557564
317.75		0.557564
317.875		0.557564
318		0.557564
318.125		0.557564
318.25		0.557564
318.375		0.557564
318.5		0.557564
318.625		0.557564
318.75		0.557564
318.875		0.557564
319		0.557564
319.125		0.557564
319.25		0.557564
319.375		0.557564
319.5		0.557564
319.625		0.557564
319.75		0.557564
319.875		0.557564
320		0.557564
320.125		0.566993
320.25		0.566993
320.375		0.566993
320.5		0.566993
320.625		0.566993
320.75		0.566993
320.875		0.566993
321		0.566993
321.125		0.566993
321.25		0.566993
321.375		0.566993
321.5		0.566993
321.625		0.566993
321.75		0.566993
321.875		0.566993
322		0.566993
322.125		0.566993
322.25		0.566993
322.375		0.566993
322.5		0.566993
322.625		0.566993
322.75		0.566993
322.875		0.566993
323		0.566993
323.125		0.566993
323.25		0.566993
323.375		0.566993
323.5		0.566993
323.625		0.566993
323.75		0.566993
323.875		0.566993
324		0.566993
324.125		0.566993
324.25		0.566993
324.375		0.566993
324.5		0.566993
324.625		0.566993
324.75		0.566993
324.875		0.566993
325		0.566993
325.125		0.577082
325.25		0.577082
325.375		0.577082
325.5		0.577082
325.625		0.577082
325.75		0.577082
325.875		0.577082
326		0.577082
326.125		0.577082
326.25		0.577082
326.375		0.577082
326.5		0.577082
326.625		0.577082
326.75		0.577082
326.875		0.577082
327		0.577082
327.125		0.577082
327.25		0.577082
327.375		0.577082
327.5		0.577082
327.625		0.577082
327.75		0.577082
327.875		0.577082
328		0.577082
328.125		0.577082
328.25		0.577082
328.375		0.577082
328.5		0.577082
328.625		0.577082
328.75		0.577082
328.875		0.577082
329		0.577082
329.125		0.577082
329.25		0.577082
329.375		0.577082
329.5		0.577082
329.625		0.577082
329.75		0.577082
329.875		0.577082
330		0.577082
330.125		0.59588
330.25		0.59588
330.375		0.59588
330.5		0.59588
330.625		0.59588
330.75		0.59588
330.875		0.59588
331		0.59588
331.125		0.59588
331.25		0.59588
331.375		0.59588
331.5		0.59588
331.625		0.59588
331.75		0.59588
331.875		0.59588
332		0.59588
332.125		0.59588
332.25		0.59588
332.375		0.59588
332.5		0.59588
332.625		0.59588
332.75		0.59588
332.875		0.59588
333		0.59588
333.125		0.59588
333.25		0.59588
333.375		0.59588
333.5		0.59588
333.625		0.59588
333.75		0.59588
333.875		0.59588
334		0.59588
334.125		0.59588
334.25		0.59588
334.375		0.59588
334.5		0.59588
334.625		0.59588
334.75		0.59588
334.875		0.59588
335		0.59588
335.125		0.611074
335.25		0.611074
335.375		0.611074
335.5		0.611074
335.625		0.611074
335.75		0.611074
335.875		0.611074
336		0.611074
336.125		0.611074
336.25		0.611074
336.375		0.611074
336.5		0.611074
336.625		0.611074
336.75		0.611074
336.875		0.611074
337		0.611074
337.125		0.611074
337.25		0.611074
337.375		0.611074
337.5		0.611074
337.625		0.611074
337.75		0.611074
337.875		0.611074
338		0.611074
338.125		0.611074
338.25		0.611074
338.375		0.611074
338.5		0.611074
338.625		0.611074
338.75		0.611074
338.875		0.611074
339		0.611074
339.125		0.611074
339.25		0.611074
339.375		0.611074
339.5		0.611074
339.625		0.611074
339.75		0.611074
339.875		0.611074
340		0.611074
340.125		0.612756
340.25		0.612756
340.375		0.612756
340.5		0.612756
340.625		0.612756
340.75		0.612756
340.875		0.612756
341		0.612756
341.125		0.612756
341.25		0.612756
341.375		0.612756
341.5		0.612756
341.625		0.612756
341.75		0.612756
341.875		0.612756
342		0.612756
342.125		0.612756
342.25		0.612756
342.375		0.612756
342.5		0.612756
342.625		0.612756
342.75		0.612756
342.875		0.612756
343		0.612756
343.125		0.612756
343.25		0.612756
343.375		0.612756
343.5		0.612756
343.625		0.612756
343.75		0.612756
343.875		0.612756
344		0.612756
344.125		0.612756
344.25		0.612756
344.375		0.612756
344.5		0.612756
344.625		0.612756
344.75		0.612756
344.875		0.612756
345		0.612756
345.125		0.633475
345.25		0.633475
345.375		0.633475
345.5		0.633475
345.625		0.633475
345.75		0.633475
345.875		0.633475
346		0.633475
346.125		0.633475
346.25		0.633475
346.375		0.633475
346.5		0.633475
346.625		0.633475
346.75		0.633475
346.875		0.633475
347		0.633475
347.125		0.633475
347.25		0.633475
347.375		0.633475
347.5		0.633475
347.625		0.633475
347.75		0.633475
347.875		0.633475
348		0.633475
348.125		0.633475
348.25		0.633475
348.375		0.633475
348.5		0.633475
348.625		0.633475
348.75		0.633475
348.875		0.633475
349		0.633475
349.125		0.633475
349.25		0.633475
349.375		0.633475
349.5		0.633475
349.625		0.633475
349.75		0.633475
349.875		0.633475
350		0.633475
350.125		0.643925
350.25		0.643925
350.375		0.643925
350.5		0.643925
350.625		0.643925
350.75		0.643925
350.875		0.643925
351		0.643925
351.125		0.643925
351.25		0.643925
351.375		0.643925
351.5		0.643925
351.625		0.643925
351.75		0.643925
351.875		0.643925
352		0.643925
352.125		0.643925
352.25		0.643925
352.375		0.643925
352.5		0.643925
352.625		0.643925
352.75		0.643925
352.875		0.643925
353		0.643925
353.125		0.643925
353.25		0.643925
353.375		0.643925
353.5		0.643925
353.625		0.643925
353.75		0.643925
353.875		0.643925
354		0.643925
354.125		0.643925
354.25		0.643925
354.375		0.643925
354.5		0.643925
354.625		0.643925
354.75		0.643925
354.875		0.643925
355		0.643925
355.125		0.653594
355.25		0.653594
355.375		0.653594
355.5		0.653594
355.625		0.653594
355.75		0.653594
355.875		0.653594
356		0.653594
356.125		0.653594
356.25		0.653594
356.375		0.653594
356.5		0.653594
356.625		0.653594
356.75		0.653594
356.875		0.653594
357		0.653594
357.125		0.653594
357.25		0.653594
357.375		0.653594
357.5		0.653594
357.625		0.653594
357.75		0.653594
357.875		0.653594
358		0.653594
358.125		0.653594
358.25		0.653594
358.375		0.653594
358.5		0.653594
358.625		0.653594
358.75		0.653594
358.875		0.653594
359		0.653594
359.125		0.653594
359.25		0.653594
359.375		0.653594
359.5		0.653594
359.625		0.653594
359.75		0.653594
359.875		0.653594
360		0.653594
360.125		0.663924
360.25		0.663924
360.375		0.663924
360.5		0.663924
360.625		0.663924
360.75		0.663924
360.875		0.663924
361		0.663924
361.125		0.663924
361.25		0.663924
361.375		0.663924
361.5		0.663924
361.625		0.663924
361.75		0.663924
361.875		0.663924
362		0.663924
362.125		0.663924
362.25		0.663924
362.375		0.663924
362.5		0.663924
362.625		0.663924
362.75		0.663924
362.875		0.663924
363		0.663924
363.125		0.663924
363.25		0.663924
363.375		0.663924
363.5		0.663924
363.625		0.663924
363.75		0.663924
363.875		0.663924
364		0.663924
364.125		0.663924
364.25		0.663924
364.375		0.663924
364.5		0.663924
364.625		0.663924
364.75		0.663924
364.875		0.663924
365		0.663924
365.125		0.682662
365.25		0.682662
365.375		0.682662
365.5		0.682662
365.625		0.682662
365.75		0.682662
365.875		0.682662
366		0.682662
366.125		0.682662
366.25		0.682662
366.375		0.682662
366.5		0.682662
366.625		0.682662
366.75		0.682662
366.875		0.682662
367		0.682662
367.125		0.682662
367.25		0.682662
367.375		0.682662
367.5		0.682662
367.625		0.682662
367.75		0.682662
367.875		0.682662
368		0.682662
368.125		0.682662
368.25		0.682662
368.375		0.682662
368.5		0.682662
368.625		0.682662
368.75		0.682662
368.875		0.682662
369		0.682662
369.125		0.682662
369.25		0.682662
369.375		0.682662
369.5		0.682662
369.625		0.682662
369.75		0.682662
369.875		0.682662
370		0.682662
370.125		0.684343
370.25		0.684343
370.375		0.684343
370.5		0.684343
370.625		0.684343
370.75		0.684343
370.875		0.684343
371		0.684343
371.125		0.684343
371.25		0.684343
371.375		0.684343
371.5		0.684343
371.625		0.684343
371.75		0.684343
371.875		0.684343
372		0.684343
372.125		0.684343
372.25		0.684343
372.375		0.684343
372.5		0.684343
372.625		0.684343
372.75		0.684343
372.875		0.684343
373		0.684343
373.125		0.684343
373.25		0.684343
373.375		0.684343
373.5		0.684343
373.625		0.684343
373.75		0.684343
373.875		0.684343
374		0.684343
374.125		0.684343
374.25		0.684343
374.375		0.684343
374.5		0.684343
374.625		0.684343
374.75		0.684343
374.875		0.684343
375		0.684343
375.125		0.708426
375.25		0.708426
375.375		0.708426
375.5		0.708426
375.625		0.708426
375.75		0.708426
375.875		0.708426
376		0.708426
376.125		0.708426
376.25		0.708426
376.375		0.708426
376.5		0.708426
376.625		0.708426
376.75		0.708426
376.875		0.708426
377		0.708426
377.125		0.708426
377.25		0.708426
377.375		0.708426
377.5		0.708426
377.625		0.708426
377.75		0.708426
377.875		0.708426
378		0.708426
378.125		0.708426
378.25		0.708426
378.375		0.708426
378.5		0.708426
378.625		0.708426
378.75		0.708426
378.875		0.708426
379		0.708426
379.125		0.708426
379.25		0.708426
379.375		0.708426
379.5		0.708426
379.625		0.708426
379.75		0.708426
379.875		0.708426
380		0.708426
380.125		0.719116
380.25		0.719116
380.375		0.719116
380.5		0.719116
380.625		0.719116
380.75		0.719116
380.875		0.719116
381		0.719116
381.125		0.719116
381.25		0.719116
381.375		0.719116
381.5		0.719116
381.625		0.719116
381.75		0.719116
381.875		0.719116
382		0.719116
382.125		0.719116
382.25		0.719116
382.375		0.719116
382.5		0.719116
382.625		0.719116
382.75		0.719116
382.875		0.719116
383		0.719116
383.125		0.719116
383.25		0.719116
383.375		0.719116
383.5		0.719116
383.625		0.719116
383.75		0.719116
383.875		0.719116
384		0.719116
384.125		0.719116
384.25		0.719116
384.375		0.719116
384.5		0.719116
384.625		0.719116
384.75		0.719116
384.875		0.719116
385		0.719116
385.125		0.73371
385.25		0.73371
385.375		0.73371
385.5		0.73371
385.625		0.73371
385.75		0.73371
385.875		0.73371
386		0.73371
386.125		0.73371
386.25		0.73371
386.375		0.73371
386.5		0.73371
386.625		0.73371
386.75		0.73371
386.875		0.73371
387		0.73371
387.125		0.73371
387.25		0.73371
387.375		0.73371
387.5		0.73371
387.625		0.73371
387.75		0.73371
387.875		0.73371
388		0.73371
388.125		0.73371
388.25		0.73371
388.375		0.73371
388.5		0.73371
388.625		0.73371
388.75		0.73371
388.875		0.73371
389		0.73371
389.125		0.73371
389.25		0.73371
389.375		0.73371
389.5		0.73371
389.625		0.73371
389.75		0.73371
389.875		0.73371
390		0.73371
390.125		0.735752
390.25		0.735752
390.375		0.735752
390.5		0.735752
390.625		0.735752
390.75		0.735752
390.875		0.735752
391		0.735752
391.125		0.735752
391.25		0.735752
391.375		0.735752
391.5		0.735752
391.625		0.735752
391.75		0.735752
391.875		0.735752
392		0.735752
392.125		0.735752
392.25		0.735752
392.375		0.735752
392.5		0.735752
392.625		0.735752
392.75		0.735752
392.875		0.735752
393		0.735752
393.125		0.735752
393.25		0.735752
393.375		0.735752
393.5		0.735752
393.625		0.735752
393.75		0.735752
393.875		0.735752
394		0.735752
394.125		0.735752
394.25		0.735752
394.375		0.735752
394.5		0.735752
394.625		0.735752
394.75		0.735752
394.875		0.735752
395		0.735752
395.125		0.748243
395.25		0.748243
395.375		0.748243
395.5		0.748243
395.625		0.748243
395.75		0.748243
395.875		0.748243
396		0.748243
396.125		0.748243
396.25		0.748243
396.375		0.748243
396.5		0.748243
396.625		0.748243
396.75		0.748243
396.875		0.748243
397		0.748243
397.125		0.748243
397.25		0.748243
397.375		0.748243
397.5		0.748243
397.625		0.748243
397.75		0.748243
397.875		0.748243
398		0.748243
398.125		0.748243
398.25		0.748243
398.375		0.748243
398.5		0.748243
398.625		0.748243
398.75		0.748243
398.875		0.748243
399		0.748243
399.125		0.748243
399.25		0.748243
399.375		0.748243
399.5		0.748243
399.625		0.748243
399.75		0.748243
399.875		0.748243
400		0.748243
400.125		0.76554
400.25		0.76554
400.375		0.76554
400.5		0.76554
400.625		0.76554
400.75		0.76554
400.875		0.76554
401		0.76554
401.125		0.76554
401.25		0.76554
401.375		0.76554
401.5		0.76554
401.625		0.76554
401.75		0.76554
401.875		0.76554
402		0.76554
402.125		0.76554
402.25		0.76554
402.375		0.76554
402.5		0.76554
402.625		0.76554
402.75		0.76554
402.875		0.76554
403		0.76554
403.125		0.76554
403.25		0.76554
403.375		0.76554
403.5		0.76554
403.625		0.76554
403.75		0.76554
403.875		0.76554
404		0.76554
404.125		0.76554
404.25		0.76554
404.375		0.76554
404.5		0.76554
404.625		0.76554
404.75		0.76554
404.875		0.76554
405		0.76554
405.125		0.784457
405.25		0.784457
405.375		0.784457
405.5		0.784457
405.625		0.784457
405.75		0.784457
405.875		0.784457
406		0.784457
406.125		0.784457
406.25		0.784457
406.375		0.784457
406.5		0.784457
406.625		0.784457
406.75		0.784457
406.875		0.784457
407		0.784457
407.125		0.784457
407.25		0.784457
407.375		0.784457
407.5		0.784457
407.625		0.784457
407.75		0.784457
407.875		0.784457
408		0.784457
408.125		0.784457
408.25		0.784457
408.375		0.784457
408.5		0.784457
408.625		0.784457
408.75		0.784457
408.875		0.784457
409		0.784457
409.125		0.784457
409.25		0.784457
409.375		0.784457
409.5		0.784457
409.625		0.784457
409.75		0.784457
409.875		0.784457
410		0.784457
410.125		0.789622
410.25		0.789622
410.375		0.789622
410.5		0.789622
410.625		0.789622
410.75		0.789622
410.875		0.789622
411		0.789622
411.125		0.789622
411.25		0.789622
411.375		0.789622
411.5		0.789622
411.625		0.789622
411.75		0.789622
411.875		0.789622
412		0.789622
412.125		0.789622
412.25		0.789622
412.375		0.789622
412.5		0.789622
412.625		0.789622
412.75		0.789622
412.875		0.789622
413		0.789622
413.125		0.789622
413.25		0.789622
413.375		0.789622
413.5		0.789622
413.625		0.789622
413.75		0.789622
413.875		0.789622
414		0.789622
414.125		0.789622
414.25		0.789622
414.375		0.789622
414.5		0.789622
414.625		0.789622
414.75		0.789622
414.875		0.789622
415		0.789622
415.125		0.790583
415.25		0.790583
415.375		0.790583
415.5		0.790583
415.625		0.790583
415.75		0.790583
415.875		0.790583
416		0.790583
416.125		0.790583
416.25		0.790583
416.375		0.790583
416.5		0.790583
416.625		0.790583
416.75		0.790583
416.875		0.790583
417		0.790583
417.125		0.790583
417.25		0.790583
417.375		0.790583
417.5		0.790583
417.625		0.790583
417.75		0.790583
417.875		0.790583
418		0.790583
418.125		0.790583
418.25		0.790583
418.375		0.790583
418.5		0.790583
418.625		0.790583
418.75		0.790583
418.875		0.790583
419		0.790583
419.125		0.790583
419.25		0.790583
419.375		0.790583
419.5		0.790583
419.625		0.790583
419.75		0.790583
419.875		0.790583
420		0.790583
420.125		0.826077
420.25		0.826077
420.375		0.826077
420.5		0.826077
420.625		0.826077
420.75		0.826077
420.875		0.826077
421		0.826077
421.125		0.826077
421.25		0.826077
421.375		0.826077
421.5		0.826077
421.625		0.826077
421.75		0.826077
421.875		0.826077
422		0.826077
422.125		0.826077
422.25		0.826077
422.375		0.826077
422.5		0.826077
422.625		0.826077
422.75		0.826077
422.875		0.826077
423		0.826077
423.125		0.826077
423.25		0.826077
423.375		0.826077
423.5		0.826077
423.625		0.826077
423.75		0.826077
423.875		0.826077
424		0.826077
424.125		0.826077
424.25		0.826077
424.375		0.826077
424.5		0.826077
424.625		0.826077
424.75		0.826077
424.875		0.826077
425		0.826077
425.125		0.827458
425.25		0.827458
425.375		0.827458
425.5		0.827458
425.625		0.827458
425.75		0.827458
425.875		0.827458
426		0.827458
426.125		0.827458
426.25		0.827458
426.375		0.827458
426.5		0.827458
426.625		0.827458
426.75		0.827458
426.875		0.827458
427		0.827458
427.125		0.827458
427.25		0.827458
427.375		0.827458
427.5		0.827458
427.625		0.827458
427.75		0.827458
427.875		0.827458
428		0.827458
428.125		0.827458
428.25		0.827458
428.375		0.827458
428.5		0.827458
428.625		0.827458
428.75		0.827458
428.875		0.827458
429		0.827458
429.125		0.827458
429.25		0.827458
429.375		0.827458
429.5		0.827458
429.625		0.827458
429.75		0.827458
429.875		0.827458
430		0.827458
430.125		0.837067
430.25		0.837067
430.375		0.837067
430.5		0.837067
430.625		0.837067
430.75		0.837067
430.875		0.837067
431		0.837067
431.125		0.837067
431.25		0.837067
431.375		0.837067
431.5		0.837067
431.625		0.837067
431.75		0.837067
431.875		0.837067
432		0.837067
432.125		0.837067
432.25		0.837067
432.375		0.837067
432.5		0.837067
432.625		0.837067
432.75		0.837067
432.875		0.837067
433		0.837067
433.125		0.837067
433.25		0.837067
433.375		0.837067
433.5		0.837067
433.625		0.837067
433.75		0.837067
433.875		0.837067
434		0.837067
434.125		0.837067
434.25		0.837067
434.375		0.837067
434.5		0.837067
434.625		0.837067
434.75		0.837067
434.875		0.837067
435		0.837067
435.125		0.844994
435.25		0.844994
435.375		0.844994
435.5		0.844994
435.625		0.844994
435.75		0.844994
435.875		0.844994
436		0.844994
436.125		0.844994
436.25		0.844994
436.375		0.844994
436.5		0.844994
436.625		0.844994
436.75		0.844994
436.875		0.844994
437		0.844994
437.125		0.844994
437.25		0.844994
437.375		0.844994
437.5		0.844994
437.625		0.844994
437.75		0.844994
437.875		0.844994
438		0.844994
438.125		0.844994
438.25		0.844994
438.375		0.844994
438.5		0.844994
438.625		0.844994
438.75		0.844994
438.875		0.844994
439		0.844994
439.125		0.844994
439.25		0.844994
439.375		0.844994
439.5		0.844994
439.625		0.844994
439.75		0.844994
439.875		0.844994
440		0.844994
440.125		0.87196
440.25		0.87196
440.375		0.87196
440.5		0.87196
440.625		0.87196
440.75		0.87196
440.875		0.87196
441		0.87196
441.125		0.87196
441.25		0.87196
441.375		0.87196
441.5		0.87196
441.625		0.87196
441.75		0.87196
441.875		0.87196
442		0.87196
442.125		0.87196
442.25		0.87196
442.375		0.87196
442.5		0.87196
442.625		0.87196
442.75		0.87196
442.875		0.87196
443		0.87196
443.125		0.87196
443.25		0.87196
443.375		0.87196
443.5		0.87196
443.625		0.87196
443.75		0.87196
443.875		0.87196
444		0.87196
444.125		0.87196
444.25		0.87196
444.375		0.87196
444.5		0.87196
444.625		0.87196
444.75		0.87196
444.875		0.87196
445		0.87196
445.125		0.874062
445.25		0.874062
445.375		0.874062
445.5		0.874062
445.625		0.874062
445.75		0.874062
445.875		0.874062
446		0.874062
446.125		0.874062
446.25		0.874062
446.375		0.874062
446.5		0.874062
446.625		0.874062
446.75		0.874062
446.875		0.874062
447		0.874062
447.125		0.874062
447.25		0.874062
447.375		0.874062
447.5		0.874062
447.625		0.874062
447.75		0.874062
447.875		0.874062
448		0.874062
448.125		0.874062
448.25		0.874062
448.375		0.874062
448.5		0.874062
448.625		0.874062
448.75		0.874062
448.875		0.874062
449		0.874062
449.125		0.874062
449.25		0.874062
449.375		0.874062
449.5		0.874062
449.625		0.874062
449.75		0.874062
449.875		0.874062
450		0.874062
450.125		0.889256
450.25		0.889256
450.375		0.889256
450.5		0.889256
450.625		0.889256
450.75		0.889256
450.875		0.889256
451		0.889256
451.125		0.889256
451.25		0.889256
451.375		0.889256
451.5		0.889256
451.625		0.889256
451.75		0.889256
451.875		0.889256
452		0.889256
452.125		0.889256
452.25		0.889256
452.375		0.889256
452.5		0.889256
452.625		0.889256
452.75		0.889256
452.875		0.889256
453		0.889256
453.125		0.889256
453.25		0.889256
453.375		0.889256
453.5		0.889256
453.625		0.889256
453.75		0.889256
453.875		0.889256
454		0.889256
454.125		0.889256
454.25		0.889256
454.375		0.889256
454.5		0.889256
454.625		0.889256
454.75		0.889256
454.875		0.889256
455		0.889256
455.125		0.890877
455.25		0.890877
455.375		0.890877
455.5		0.890877
455.625		0.890877
455.75		0.890877
455.875		0.890877
456		0.890877
456.125		0.890877
456.25		0.890877
456.375		0.890877
456.5		0.890877
456.625		0.890877
456.75		0.890877
456.875		0.890877
457		0.890877
457.125		0.890877
457.25		0.890877
457.375		0.890877
457.5		0.890877
457.625		0.890877
457.75		0.890877
457.875		0.890877
458		0.890877
458.125		0.890877
458.25		0.890877
458.375		0.890877
458.5		0.890877
458.625		0.890877
458.75		0.890877
458.875		0.890877
459		0.890877
459.125		0.890877
459.25		0.890877
459.375		0.890877
459.5		0.890877
459.625		0.890877
459.75		0.890877
459.875		0.890877
460		0.890877
460.125		0.923008
460.25		0.923008
460.375		0.923008
460.5		0.923008
460.625		0.923008
460.75		0.923008
460.875		0.923008
461		0.923008
461.125		0.923008
461.25		0.923008
461.375		0.923008
461.5		0.923008
461.625		0.923008
461.75		0.923008
461.875		0.923008
462		0.923008
462.125		0.923008
462.25		0.923008
462.375		0.923008
462.5		0.923008
462.625		0.923008
462.75		0.923008
462.875		0.923008
463		0.923008
463.125		0.923008
463.25		0.923008
463.375		0.923008
463.5		0.923008
463.625		0.923008
463.75		0.923008
463.875		0.923008
464		0.923008
464.125		0.923008
464.25		0.923008
464.375		0.923008
464.5		0.923008
464.625		0.923008
464.75		0.923008
464.875		0.923008
465		0.923008
465.125		0.933698
465.25		0.933698
465.375		0.933698
465.5		0.933698
465.625		0.933698
465.75		0.933698
465.875		0.933698
466		0.933698
466.125		0.933698
466.25		0.933698
466.375		0.933698
466.5		0.933698
466.625		0.933698
466.75		0.933698
466.875		0.933698
467		0.933698
467.125		0.933698
467.25		0.933698
467.375		0.933698
467.5		0.933698
467.625		0.933698
467.75		0.933698
467.875		0.933698
468		0.933698
468.125		0.933698
468.25		0.933698
468.375		0.933698
468.5		0.933698
468.625		0.933698
468.75		0.933698
468.875		0.933698
469		0.933698
469.125		0.933698
469.25		0.933698
469.375		0.933698
469.5		0.933698
469.625		0.933698
469.75		0.933698
469.875		0.933698
470		0.933698
470.125		0.935259
470.25		0.935259
470.375		0.935259
470.5		0.935259
470.625		0.935259
470.75		0.935259
470.875		0.935259
471		0.935259
471.125		0.935259
471.25		0.935259
471.375		0.935259
471.5		0.935259
471.625		0.935259
471.75		0.935259
471.875		0.935259
472		0.935259
472.125		0.935259
472.25		0.935259
472.375		0.935259
472.5		0.935259
472.625		0.935259
472.75		0.935259
472.875		0.935259
473		0.935259
473.125		0.935259
473.25		0.935259
473.375		0.935259
473.5		0.935259
473.625		0.935259
473.75		0.935259
473.875		0.935259
474		0.935259
474.125		0.935259
474.25		0.935259
474.375		0.935259
474.5		0.935259
474.625		0.935259
474.75		0.935259
474.875		0.935259
475		0.935259
475.125		0.948111
475.25		0.948111
475.375		0.948111
475.5		0.948111
475.625		0.948111
475.75		0.948111
475.875		0.948111
476		0.948111
476.125		0.948111
476.25		0.948111
476.375		0.948111
476.5		0.948111
476.625		0.948111
476.75		0.948111
476.875		0.948111
477		0.948111
477.125		0.948111
477.25		0.948111
477.375		0.948111
477.5		0.948111
477.625		0.948111
477.75		0.948111
477.875		0.948111
478		0.948111
478.125		0.948111
478.25		0.948111
478.375		0.948111
478.5		0.948111
478.625		0.948111
478.75		0.948111
478.875		0.948111
479		0.948111
479.125		0.948111
479.25		0.948111
479.375		0.948111
479.5		0.948111
479.625		0.948111
479.75		0.948111
479.875		0.948111
480		0.948111
480.125		0.979281
480.25		0.979281
480.375		0.979281
480.5		0.979281
480.625		0.979281
480.75		0.979281
480.875		0.979281
481		0.979281
481.125		0.979281
481.25		0.979281
481.375		0.979281
481.5		0.979281
481.625		0.979281
481.75		0.979281
481.875		0.979281
482		0.979281
482.125		0.979281
482.25		0.979281
482.375		0.979281
482.5		0.979281
482.625		0.979281
482.75		0.979281
482.875		0.979281
483		0.979281
483.125		0.979281
483.25		0.979281
483.375		0.979281
483.5		0.979281
483.625		0.979281
483.75		0.979281
483.875		0.979281
484		0.979281
484.125		0.979281
484.25		0.979281
484.375		0.979281
484.5		0.979281
484.625		0.979281
484.75		0.979281
484.875		0.979281
485		0.979281
485.125		0.992613
485.25		0.992613
485.375		0.992613
485.5		0.992613
485.625		0.992613
485.75		0.992613
485.875		0.992613
486		0.992613
486.125		0.992613
486.25		0.992613
486.375		0.992613
486.5		0.992613
486.625		0.992613
486.75		0.992613
486.875		0.992613
487		0.992613
487.125		0.992613
487.25		0.992613
487.375		0.992613
487.5		0.992613
487.625		0.992613
487.75		0.992613
487.875		0.992613
488		0.992613
488.125		0.992613
488.25		0.992613
488.375		0.992613
488.5		0.992613
488.625		0.992613
488.75		0.992613
488.875		0.992613
489		0.992613
489.125		0.992613
489.25		0.992613
489.375		0.992613
489.5		0.992613
489.625		0.992613
489.75		0.992613
489.875		0.992613
490		0.992613
490.125		0.993514
490.25		0.993514
490.375		0.993514
490.5		0.993514
490.625		0.993514
490.75		0.993514
490.875		0.993514
491		0.993514
491.125		0.993514
491.25		0.993514
491.375		0.993514
491.5		0.993514
491.625		0.993514
491.75		0.993514
491.875		0.993514
492		0.993514
492.125		0.993514
492.25		0.993514
492.375		0.993514
492.5		0.993514
492.625		0.993514
492.75		0.993514
492.875		0.993514
493		0.993514
493.125		0.993514
493.25		0.993514
493.375		0.993514
493.5		0.993514
493.625		0.993514
493.75		0.993514
493.875		0.993514
494		0.993514
494.125		0.993514
494.25		0.993514
494.375		0.993514
494.5		0.993514
494.625		0.993514
494.75		0.993514
494.875		0.993514
495		0.993514
495.125		1
495.25		1
495.375		1
495.5		1
495.625		1
495.75		1
495.875		1
496		1
496.125		1
496.25		1
496.375		1
496.5		1
496.625		1
496.75		1
496.875		1
497		1
497.125		1
497.25		1
497.375		1
497.5		1
497.625		1
497.75		1
497.875		1
498		1
498.125		1
498.25		1
498.375		1
498.5		1
498.625		1
498.75		1
498.875		1
499		1
499.125		1
499.25		1
499.375		1
499.5		1
499.625		1
499.75		1
499.875		1
500		1
