# Calibration file of tamex_id 1 @ channel 1
# fine_T bin		 Calibration value
0.125		0
0.25		0
0.375		0
0.5		0
0.625		0
0.75		0
0.875		0
1		0
1.125		0
1.25		0
1.375		0
1.5		0
1.625		0
1.75		0
1.875		0
2		0
2.125		0
2.25		0
2.375		0
2.5		0
2.625		0
2.75		0
2.875		0
3		0
3.125		0
3.25		0
3.375		0
3.5		0
3.625		0
3.75		0
3.875		0
4		0
4.125		0
4.25		0
4.375		0
4.5		0
4.625		0
4.75		0
4.875		0
5		0
5.125		0
5.25		0
5.375		0
5.5		0
5.625		0
5.75		0
5.875		0
6		0
6.125		0
6.25		0
6.375		0
6.5		0
6.625		0
6.75		0
6.875		0
7		0
7.125		0
7.25		0
7.375		0
7.5		0
7.625		0
7.75		0
7.875		0
8		0
8.125		0
8.25		0
8.375		0
8.5		0
8.625		0
8.75		0
8.875		0
9		0
9.125		0
9.25		0
9.375		0
9.5		0
9.625		0
9.75		0
9.875		0
10		0
10.125		0
10.25		0
10.375		0
10.5		0
10.625		0
10.75		0
10.875		0
11		0
11.125		0
11.25		0
11.375		0
11.5		0
11.625		0
11.75		0
11.875		0
12		0
12.125		0
12.25		0
12.375		0
12.5		0
12.625		0
12.75		0
12.875		0
13		0
13.125		0
13.25		0
13.375		0
13.5		0
13.625		0
13.75		0
13.875		0
14		0
14.125		0
14.25		0
14.375		0
14.5		0
14.625		0
14.75		0
14.875		0
15		0
15.125		0
15.25		0
15.375		0
15.5		0
15.625		0
15.75		0
15.875		0
16		0
16.125		0
16.25		0
16.375		0
16.5		0
16.625		0
16.75		0
16.875		0
17		0
17.125		0
17.25		0
17.375		0
17.5		0
17.625		0
17.75		0
17.875		0
18		0
18.125		0
18.25		0
18.375		0
18.5		0
18.625		0
18.75		0
18.875		0
19		0
19.125		0
19.25		0
19.375		0
19.5		0
19.625		0
19.75		0
19.875		0
20		0
20.125		0
20.25		0
20.375		0
20.5		0
20.625		0
20.75		0
20.875		0
21		0
21.125		0
21.25		0
21.375		0
21.5		0
21.625		0
21.75		0
21.875		0
22		0
22.125		0
22.25		0
22.375		0
22.5		0
22.625		0
22.75		0
22.875		0
23		0
23.125		0
23.25		0
23.375		0
23.5		0
23.625		0
23.75		0
23.875		0
24		0
24.125		0
24.25		0
24.375		0
24.5		0
24.625		0
24.75		0
24.875		0
25		0
25.125		0
25.25		0
25.375		0
25.5		0
25.625		0
25.75		0
25.875		0
26		0
26.125		0
26.25		0
26.375		0
26.5		0
26.625		0
26.75		0
26.875		0
27		0
27.125		0
27.25		0
27.375		0
27.5		0
27.625		0
27.75		0
27.875		0
28		0
28.125		0
28.25		0
28.375		0
28.5		0
28.625		0
28.75		0
28.875		0
29		0
29.125		0
29.25		0
29.375		0
29.5		0
29.625		0
29.75		0
29.875		0
30		0
30.125		0
30.25		0
30.375		0
30.5		0
30.625		0
30.75		0
30.875		0
31		0
31.125		0
31.25		0
31.375		0
31.5		0
31.625		0
31.75		0
31.875		0
32		0
32.125		0
32.25		0
32.375		0
32.5		0
32.625		0
32.75		0
32.875		0
33		0
33.125		0
33.25		0
33.375		0
33.5		0
33.625		0
33.75		0
33.875		0
34		0
34.125		0
34.25		0
34.375		0
34.5		0
34.625		0
34.75		0
34.875		0
35		0
35.125		0
35.25		0
35.375		0
35.5		0
35.625		0
35.75		0
35.875		0
36		0
36.125		0
36.25		0
36.375		0
36.5		0
36.625		0
36.75		0
36.875		0
37		0
37.125		0
37.25		0
37.375		0
37.5		0
37.625		0
37.75		0
37.875		0
38		0
38.125		0
38.25		0
38.375		0
38.5		0
38.625		0
38.75		0
38.875		0
39		0
39.125		0
39.25		0
39.375		0
39.5		0
39.625		0
39.75		0
39.875		0
40		0
40.125		0
40.25		0
40.375		0
40.5		0
40.625		0
40.75		0
40.875		0
41		0
41.125		0
41.25		0
41.375		0
41.5		0
41.625		0
41.75		0
41.875		0
42		0
42.125		0
42.25		0
42.375		0
42.5		0
42.625		0
42.75		0
42.875		0
43		0
43.125		0
43.25		0
43.375		0
43.5		0
43.625		0
43.75		0
43.875		0
44		0
44.125		0
44.25		0
44.375		0
44.5		0
44.625		0
44.75		0
44.875		0
45		0
45.125		0
45.25		0
45.375		0
45.5		0
45.625		0
45.75		0
45.875		0
46		0
46.125		0
46.25		0
46.375		0
46.5		0
46.625		0
46.75		0
46.875		0
47		0
47.125		0
47.25		0
47.375		0
47.5		0
47.625		0
47.75		0
47.875		0
48		0
48.125		0
48.25		0
48.375		0
48.5		0
48.625		0
48.75		0
48.875		0
49		0
49.125		0
49.25		0
49.375		0
49.5		0
49.625		0
49.75		0
49.875		0
50		0
50.125		0
50.25		0
50.375		0
50.5		0
50.625		0
50.75		0
50.875		0
51		0
51.125		0
51.25		0
51.375		0
51.5		0
51.625		0
51.75		0
51.875		0
52		0
52.125		0
52.25		0
52.375		0
52.5		0
52.625		0
52.75		0
52.875		0
53		0
53.125		0
53.25		0
53.375		0
53.5		0
53.625		0
53.75		0
53.875		0
54		0
54.125		0
54.25		0
54.375		0
54.5		0
54.625		0
54.75		0
54.875		0
55		0
55.125		0
55.25		0
55.375		0
55.5		0
55.625		0
55.75		0
55.875		0
56		0
56.125		0
56.25		0
56.375		0
56.5		0
56.625		0
56.75		0
56.875		0
57		0
57.125		0
57.25		0
57.375		0
57.5		0
57.625		0
57.75		0
57.875		0
58		0
58.125		0
58.25		0
58.375		0
58.5		0
58.625		0
58.75		0
58.875		0
59		0
59.125		0
59.25		0
59.375		0
59.5		0
59.625		0
59.75		0
59.875		0
60		0
60.125		0
60.25		0
60.375		0
60.5		0
60.625		0
60.75		0
60.875		0
61		0
61.125		0
61.25		0
61.375		0
61.5		0
61.625		0
61.75		0
61.875		0
62		0
62.125		0
62.25		0
62.375		0
62.5		0
62.625		0
62.75		0
62.875		0
63		0
63.125		0
63.25		0
63.375		0
63.5		0
63.625		0
63.75		0
63.875		0
64		0
64.125		0
64.25		0
64.375		0
64.5		0
64.625		0
64.75		0
64.875		0
65		0
65.125		0
65.25		0
65.375		0
65.5		0
65.625		0
65.75		0
65.875		0
66		0
66.125		0
66.25		0
66.375		0
66.5		0
66.625		0
66.75		0
66.875		0
67		0
67.125		0
67.25		0
67.375		0
67.5		0
67.625		0
67.75		0
67.875		0
68		0
68.125		0
68.25		0
68.375		0
68.5		0
68.625		0
68.75		0
68.875		0
69		0
69.125		0
69.25		0
69.375		0
69.5		0
69.625		0
69.75		0
69.875		0
70		0
70.125		0
70.25		0
70.375		0
70.5		0
70.625		0
70.75		0
70.875		0
71		0
71.125		0
71.25		0
71.375		0
71.5		0
71.625		0
71.75		0
71.875		0
72		0
72.125		0
72.25		0
72.375		0
72.5		0
72.625		0
72.75		0
72.875		0
73		0
73.125		0
73.25		0
73.375		0
73.5		0
73.625		0
73.75		0
73.875		0
74		0
74.125		0
74.25		0
74.375		0
74.5		0
74.625		0
74.75		0
74.875		0
75		0
75.125		0
75.25		0
75.375		0
75.5		0
75.625		0
75.75		0
75.875		0
76		0
76.125		0
76.25		0
76.375		0
76.5		0
76.625		0
76.75		0
76.875		0
77		0
77.125		0
77.25		0
77.375		0
77.5		0
77.625		0
77.75		0
77.875		0
78		0
78.125		0
78.25		0
78.375		0
78.5		0
78.625		0
78.75		0
78.875		0
79		0
79.125		0
79.25		0
79.375		0
79.5		0
79.625		0
79.75		0
79.875		0
80		0
80.125		0.0438529
80.25		0.0438529
80.375		0.0438529
80.5		0.0438529
80.625		0.0438529
80.75		0.0438529
80.875		0.0438529
81		0.0438529
81.125		0.0438529
81.25		0.0438529
81.375		0.0438529
81.5		0.0438529
81.625		0.0438529
81.75		0.0438529
81.875		0.0438529
82		0.0438529
82.125		0.0438529
82.25		0.0438529
82.375		0.0438529
82.5		0.0438529
82.625		0.0438529
82.75		0.0438529
82.875		0.0438529
83		0.0438529
83.125		0.0438529
83.25		0.0438529
83.375		0.0438529
83.5		0.0438529
83.625		0.0438529
83.75		0.0438529
83.875		0.0438529
84		0.0438529
84.125		0.0438529
84.25		0.0438529
84.375		0.0438529
84.5		0.0438529
84.625		0.0438529
84.75		0.0438529
84.875		0.0438529
85		0.0438529
85.125		0.0458288
85.25		0.0458288
85.375		0.0458288
85.5		0.0458288
85.625		0.0458288
85.75		0.0458288
85.875		0.0458288
86		0.0458288
86.125		0.0458288
86.25		0.0458288
86.375		0.0458288
86.5		0.0458288
86.625		0.0458288
86.75		0.0458288
86.875		0.0458288
87		0.0458288
87.125		0.0458288
87.25		0.0458288
87.375		0.0458288
87.5		0.0458288
87.625		0.0458288
87.75		0.0458288
87.875		0.0458288
88		0.0458288
88.125		0.0458288
88.25		0.0458288
88.375		0.0458288
88.5		0.0458288
88.625		0.0458288
88.75		0.0458288
88.875		0.0458288
89		0.0458288
89.125		0.0458288
89.25		0.0458288
89.375		0.0458288
89.5		0.0458288
89.625		0.0458288
89.75		0.0458288
89.875		0.0458288
90		0.0458288
90.125		0.0525247
90.25		0.0525247
90.375		0.0525247
90.5		0.0525247
90.625		0.0525247
90.75		0.0525247
90.875		0.0525247
91		0.0525247
91.125		0.0525247
91.25		0.0525247
91.375		0.0525247
91.5		0.0525247
91.625		0.0525247
91.75		0.0525247
91.875		0.0525247
92		0.0525247
92.125		0.0525247
92.25		0.0525247
92.375		0.0525247
92.5		0.0525247
92.625		0.0525247
92.75		0.0525247
92.875		0.0525247
93		0.0525247
93.125		0.0525247
93.25		0.0525247
93.375		0.0525247
93.5		0.0525247
93.625		0.0525247
93.75		0.0525247
93.875		0.0525247
94		0.0525247
94.125		0.0525247
94.25		0.0525247
94.375		0.0525247
94.5		0.0525247
94.625		0.0525247
94.75		0.0525247
94.875		0.0525247
95		0.0525247
95.125		0.0787047
95.25		0.0787047
95.375		0.0787047
95.5		0.0787047
95.625		0.0787047
95.75		0.0787047
95.875		0.0787047
96		0.0787047
96.125		0.0787047
96.25		0.0787047
96.375		0.0787047
96.5		0.0787047
96.625		0.0787047
96.75		0.0787047
96.875		0.0787047
97		0.0787047
97.125		0.0787047
97.25		0.0787047
97.375		0.0787047
97.5		0.0787047
97.625		0.0787047
97.75		0.0787047
97.875		0.0787047
98		0.0787047
98.125		0.0787047
98.25		0.0787047
98.375		0.0787047
98.5		0.0787047
98.625		0.0787047
98.75		0.0787047
98.875		0.0787047
99		0.0787047
99.125		0.0787047
99.25		0.0787047
99.375		0.0787047
99.5		0.0787047
99.625		0.0787047
99.75		0.0787047
99.875		0.0787047
100		0.0787047
100.125		0.0832053
100.25		0.0832053
100.375		0.0832053
100.5		0.0832053
100.625		0.0832053
100.75		0.0832053
100.875		0.0832053
101		0.0832053
101.125		0.0832053
101.25		0.0832053
101.375		0.0832053
101.5		0.0832053
101.625		0.0832053
101.75		0.0832053
101.875		0.0832053
102		0.0832053
102.125		0.0832053
102.25		0.0832053
102.375		0.0832053
102.5		0.0832053
102.625		0.0832053
102.75		0.0832053
102.875		0.0832053
103		0.0832053
103.125		0.0832053
103.25		0.0832053
103.375		0.0832053
103.5		0.0832053
103.625		0.0832053
103.75		0.0832053
103.875		0.0832053
104		0.0832053
104.125		0.0832053
104.25		0.0832053
104.375		0.0832053
104.5		0.0832053
104.625		0.0832053
104.75		0.0832053
104.875		0.0832053
105		0.0832053
105.125		0.102689
105.25		0.102689
105.375		0.102689
105.5		0.102689
105.625		0.102689
105.75		0.102689
105.875		0.102689
106		0.102689
106.125		0.102689
106.25		0.102689
106.375		0.102689
106.5		0.102689
106.625		0.102689
106.75		0.102689
106.875		0.102689
107		0.102689
107.125		0.102689
107.25		0.102689
107.375		0.102689
107.5		0.102689
107.625		0.102689
107.75		0.102689
107.875		0.102689
108		0.102689
108.125		0.102689
108.25		0.102689
108.375		0.102689
108.5		0.102689
108.625		0.102689
108.75		0.102689
108.875		0.102689
109		0.102689
109.125		0.102689
109.25		0.102689
109.375		0.102689
109.5		0.102689
109.625		0.102689
109.75		0.102689
109.875		0.102689
110		0.102689
110.125		0.129638
110.25		0.129638
110.375		0.129638
110.5		0.129638
110.625		0.129638
110.75		0.129638
110.875		0.129638
111		0.129638
111.125		0.129638
111.25		0.129638
111.375		0.129638
111.5		0.129638
111.625		0.129638
111.75		0.129638
111.875		0.129638
112		0.129638
112.125		0.129638
112.25		0.129638
112.375		0.129638
112.5		0.129638
112.625		0.129638
112.75		0.129638
112.875		0.129638
113		0.129638
113.125		0.129638
113.25		0.129638
113.375		0.129638
113.5		0.129638
113.625		0.129638
113.75		0.129638
113.875		0.129638
114		0.129638
114.125		0.129638
114.25		0.129638
114.375		0.129638
114.5		0.129638
114.625		0.129638
114.75		0.129638
114.875		0.129638
115		0.129638
115.125		0.13315
115.25		0.13315
115.375		0.13315
115.5		0.13315
115.625		0.13315
115.75		0.13315
115.875		0.13315
116		0.13315
116.125		0.13315
116.25		0.13315
116.375		0.13315
116.5		0.13315
116.625		0.13315
116.75		0.13315
116.875		0.13315
117		0.13315
117.125		0.13315
117.25		0.13315
117.375		0.13315
117.5		0.13315
117.625		0.13315
117.75		0.13315
117.875		0.13315
118		0.13315
118.125		0.13315
118.25		0.13315
118.375		0.13315
118.5		0.13315
118.625		0.13315
118.75		0.13315
118.875		0.13315
119		0.13315
119.125		0.13315
119.25		0.13315
119.375		0.13315
119.5		0.13315
119.625		0.13315
119.75		0.13315
119.875		0.13315
120		0.13315
120.125		0.143578
120.25		0.143578
120.375		0.143578
120.5		0.143578
120.625		0.143578
120.75		0.143578
120.875		0.143578
121		0.143578
121.125		0.143578
121.25		0.143578
121.375		0.143578
121.5		0.143578
121.625		0.143578
121.75		0.143578
121.875		0.143578
122		0.143578
122.125		0.143578
122.25		0.143578
122.375		0.143578
122.5		0.143578
122.625		0.143578
122.75		0.143578
122.875		0.143578
123		0.143578
123.125		0.143578
123.25		0.143578
123.375		0.143578
123.5		0.143578
123.625		0.143578
123.75		0.143578
123.875		0.143578
124		0.143578
124.125		0.143578
124.25		0.143578
124.375		0.143578
124.5		0.143578
124.625		0.143578
124.75		0.143578
124.875		0.143578
125		0.143578
125.125		0.146378
125.25		0.146378
125.375		0.146378
125.5		0.146378
125.625		0.146378
125.75		0.146378
125.875		0.146378
126		0.146378
126.125		0.146378
126.25		0.146378
126.375		0.146378
126.5		0.146378
126.625		0.146378
126.75		0.146378
126.875		0.146378
127		0.146378
127.125		0.146378
127.25		0.146378
127.375		0.146378
127.5		0.146378
127.625		0.146378
127.75		0.146378
127.875		0.146378
128		0.146378
128.125		0.146378
128.25		0.146378
128.375		0.146378
128.5		0.146378
128.625		0.146378
128.75		0.146378
128.875		0.146378
129		0.146378
129.125		0.146378
129.25		0.146378
129.375		0.146378
129.5		0.146378
129.625		0.146378
129.75		0.146378
129.875		0.146378
130		0.146378
130.125		0.161965
130.25		0.161965
130.375		0.161965
130.5		0.161965
130.625		0.161965
130.75		0.161965
130.875		0.161965
131		0.161965
131.125		0.161965
131.25		0.161965
131.375		0.161965
131.5		0.161965
131.625		0.161965
131.75		0.161965
131.875		0.161965
132		0.161965
132.125		0.161965
132.25		0.161965
132.375		0.161965
132.5		0.161965
132.625		0.161965
132.75		0.161965
132.875		0.161965
133		0.161965
133.125		0.161965
133.25		0.161965
133.375		0.161965
133.5		0.161965
133.625		0.161965
133.75		0.161965
133.875		0.161965
134		0.161965
134.125		0.161965
134.25		0.161965
134.375		0.161965
134.5		0.161965
134.625		0.161965
134.75		0.161965
134.875		0.161965
135		0.161965
135.125		0.17596
135.25		0.17596
135.375		0.17596
135.5		0.17596
135.625		0.17596
135.75		0.17596
135.875		0.17596
136		0.17596
136.125		0.17596
136.25		0.17596
136.375		0.17596
136.5		0.17596
136.625		0.17596
136.75		0.17596
136.875		0.17596
137		0.17596
137.125		0.17596
137.25		0.17596
137.375		0.17596
137.5		0.17596
137.625		0.17596
137.75		0.17596
137.875		0.17596
138		0.17596
138.125		0.17596
138.25		0.17596
138.375		0.17596
138.5		0.17596
138.625		0.17596
138.75		0.17596
138.875		0.17596
139		0.17596
139.125		0.17596
139.25		0.17596
139.375		0.17596
139.5		0.17596
139.625		0.17596
139.75		0.17596
139.875		0.17596
140		0.17596
140.125		0.183644
140.25		0.183644
140.375		0.183644
140.5		0.183644
140.625		0.183644
140.75		0.183644
140.875		0.183644
141		0.183644
141.125		0.183644
141.25		0.183644
141.375		0.183644
141.5		0.183644
141.625		0.183644
141.75		0.183644
141.875		0.183644
142		0.183644
142.125		0.183644
142.25		0.183644
142.375		0.183644
142.5		0.183644
142.625		0.183644
142.75		0.183644
142.875		0.183644
143		0.183644
143.125		0.183644
143.25		0.183644
143.375		0.183644
143.5		0.183644
143.625		0.183644
143.75		0.183644
143.875		0.183644
144		0.183644
144.125		0.183644
144.25		0.183644
144.375		0.183644
144.5		0.183644
144.625		0.183644
144.75		0.183644
144.875		0.183644
145		0.183644
145.125		0.198957
145.25		0.198957
145.375		0.198957
145.5		0.198957
145.625		0.198957
145.75		0.198957
145.875		0.198957
146		0.198957
146.125		0.198957
146.25		0.198957
146.375		0.198957
146.5		0.198957
146.625		0.198957
146.75		0.198957
146.875		0.198957
147		0.198957
147.125		0.198957
147.25		0.198957
147.375		0.198957
147.5		0.198957
147.625		0.198957
147.75		0.198957
147.875		0.198957
148		0.198957
148.125		0.198957
148.25		0.198957
148.375		0.198957
148.5		0.198957
148.625		0.198957
148.75		0.198957
148.875		0.198957
149		0.198957
149.125		0.198957
149.25		0.198957
149.375		0.198957
149.5		0.198957
149.625		0.198957
149.75		0.198957
149.875		0.198957
150		0.198957
150.125		0.203842
150.25		0.203842
150.375		0.203842
150.5		0.203842
150.625		0.203842
150.75		0.203842
150.875		0.203842
151		0.203842
151.125		0.203842
151.25		0.203842
151.375		0.203842
151.5		0.203842
151.625		0.203842
151.75		0.203842
151.875		0.203842
152		0.203842
152.125		0.203842
152.25		0.203842
152.375		0.203842
152.5		0.203842
152.625		0.203842
152.75		0.203842
152.875		0.203842
153		0.203842
153.125		0.203842
153.25		0.203842
153.375		0.203842
153.5		0.203842
153.625		0.203842
153.75		0.203842
153.875		0.203842
154		0.203842
154.125		0.203842
154.25		0.203842
154.375		0.203842
154.5		0.203842
154.625		0.203842
154.75		0.203842
154.875		0.203842
155		0.203842
155.125		0.225741
155.25		0.225741
155.375		0.225741
155.5		0.225741
155.625		0.225741
155.75		0.225741
155.875		0.225741
156		0.225741
156.125		0.225741
156.25		0.225741
156.375		0.225741
156.5		0.225741
156.625		0.225741
156.75		0.225741
156.875		0.225741
157		0.225741
157.125		0.225741
157.25		0.225741
157.375		0.225741
157.5		0.225741
157.625		0.225741
157.75		0.225741
157.875		0.225741
158		0.225741
158.125		0.225741
158.25		0.225741
158.375		0.225741
158.5		0.225741
158.625		0.225741
158.75		0.225741
158.875		0.225741
159		0.225741
159.125		0.225741
159.25		0.225741
159.375		0.225741
159.5		0.225741
159.625		0.225741
159.75		0.225741
159.875		0.225741
160		0.225741
160.125		0.228266
160.25		0.228266
160.375		0.228266
160.5		0.228266
160.625		0.228266
160.75		0.228266
160.875		0.228266
161		0.228266
161.125		0.228266
161.25		0.228266
161.375		0.228266
161.5		0.228266
161.625		0.228266
161.75		0.228266
161.875		0.228266
162		0.228266
162.125		0.228266
162.25		0.228266
162.375		0.228266
162.5		0.228266
162.625		0.228266
162.75		0.228266
162.875		0.228266
163		0.228266
163.125		0.228266
163.25		0.228266
163.375		0.228266
163.5		0.228266
163.625		0.228266
163.75		0.228266
163.875		0.228266
164		0.228266
164.125		0.228266
164.25		0.228266
164.375		0.228266
164.5		0.228266
164.625		0.228266
164.75		0.228266
164.875		0.228266
165		0.228266
165.125		0.236389
165.25		0.236389
165.375		0.236389
165.5		0.236389
165.625		0.236389
165.75		0.236389
165.875		0.236389
166		0.236389
166.125		0.236389
166.25		0.236389
166.375		0.236389
166.5		0.236389
166.625		0.236389
166.75		0.236389
166.875		0.236389
167		0.236389
167.125		0.236389
167.25		0.236389
167.375		0.236389
167.5		0.236389
167.625		0.236389
167.75		0.236389
167.875		0.236389
168		0.236389
168.125		0.236389
168.25		0.236389
168.375		0.236389
168.5		0.236389
168.625		0.236389
168.75		0.236389
168.875		0.236389
169		0.236389
169.125		0.236389
169.25		0.236389
169.375		0.236389
169.5		0.236389
169.625		0.236389
169.75		0.236389
169.875		0.236389
170		0.236389
170.125		0.256092
170.25		0.256092
170.375		0.256092
170.5		0.256092
170.625		0.256092
170.75		0.256092
170.875		0.256092
171		0.256092
171.125		0.256092
171.25		0.256092
171.375		0.256092
171.5		0.256092
171.625		0.256092
171.75		0.256092
171.875		0.256092
172		0.256092
172.125		0.256092
172.25		0.256092
172.375		0.256092
172.5		0.256092
172.625		0.256092
172.75		0.256092
172.875		0.256092
173		0.256092
173.125		0.256092
173.25		0.256092
173.375		0.256092
173.5		0.256092
173.625		0.256092
173.75		0.256092
173.875		0.256092
174		0.256092
174.125		0.256092
174.25		0.256092
174.375		0.256092
174.5		0.256092
174.625		0.256092
174.75		0.256092
174.875		0.256092
175		0.256092
175.125		0.260977
175.25		0.260977
175.375		0.260977
175.5		0.260977
175.625		0.260977
175.75		0.260977
175.875		0.260977
176		0.260977
176.125		0.260977
176.25		0.260977
176.375		0.260977
176.5		0.260977
176.625		0.260977
176.75		0.260977
176.875		0.260977
177		0.260977
177.125		0.260977
177.25		0.260977
177.375		0.260977
177.5		0.260977
177.625		0.260977
177.75		0.260977
177.875		0.260977
178		0.260977
178.125		0.260977
178.25		0.260977
178.375		0.260977
178.5		0.260977
178.625		0.260977
178.75		0.260977
178.875		0.260977
179		0.260977
179.125		0.260977
179.25		0.260977
179.375		0.260977
179.5		0.260977
179.625		0.260977
179.75		0.260977
179.875		0.260977
180		0.260977
180.125		0.273985
180.25		0.273985
180.375		0.273985
180.5		0.273985
180.625		0.273985
180.75		0.273985
180.875		0.273985
181		0.273985
181.125		0.273985
181.25		0.273985
181.375		0.273985
181.5		0.273985
181.625		0.273985
181.75		0.273985
181.875		0.273985
182		0.273985
182.125		0.273985
182.25		0.273985
182.375		0.273985
182.5		0.273985
182.625		0.273985
182.75		0.273985
182.875		0.273985
183		0.273985
183.125		0.273985
183.25		0.273985
183.375		0.273985
183.5		0.273985
183.625		0.273985
183.75		0.273985
183.875		0.273985
184		0.273985
184.125		0.273985
184.25		0.273985
184.375		0.273985
184.5		0.273985
184.625		0.273985
184.75		0.273985
184.875		0.273985
185		0.273985
185.125		0.275137
185.25		0.275137
185.375		0.275137
185.5		0.275137
185.625		0.275137
185.75		0.275137
185.875		0.275137
186		0.275137
186.125		0.275137
186.25		0.275137
186.375		0.275137
186.5		0.275137
186.625		0.275137
186.75		0.275137
186.875		0.275137
187		0.275137
187.125		0.275137
187.25		0.275137
187.375		0.275137
187.5		0.275137
187.625		0.275137
187.75		0.275137
187.875		0.275137
188		0.275137
188.125		0.275137
188.25		0.275137
188.375		0.275137
188.5		0.275137
188.625		0.275137
188.75		0.275137
188.875		0.275137
189		0.275137
189.125		0.275137
189.25		0.275137
189.375		0.275137
189.5		0.275137
189.625		0.275137
189.75		0.275137
189.875		0.275137
190		0.275137
190.125		0.295719
190.25		0.295719
190.375		0.295719
190.5		0.295719
190.625		0.295719
190.75		0.295719
190.875		0.295719
191		0.295719
191.125		0.295719
191.25		0.295719
191.375		0.295719
191.5		0.295719
191.625		0.295719
191.75		0.295719
191.875		0.295719
192		0.295719
192.125		0.295719
192.25		0.295719
192.375		0.295719
192.5		0.295719
192.625		0.295719
192.75		0.295719
192.875		0.295719
193		0.295719
193.125		0.295719
193.25		0.295719
193.375		0.295719
193.5		0.295719
193.625		0.295719
193.75		0.295719
193.875		0.295719
194		0.295719
194.125		0.295719
194.25		0.295719
194.375		0.295719
194.5		0.295719
194.625		0.295719
194.75		0.295719
194.875		0.295719
195		0.295719
195.125		0.30697
195.25		0.30697
195.375		0.30697
195.5		0.30697
195.625		0.30697
195.75		0.30697
195.875		0.30697
196		0.30697
196.125		0.30697
196.25		0.30697
196.375		0.30697
196.5		0.30697
196.625		0.30697
196.75		0.30697
196.875		0.30697
197		0.30697
197.125		0.30697
197.25		0.30697
197.375		0.30697
197.5		0.30697
197.625		0.30697
197.75		0.30697
197.875		0.30697
198		0.30697
198.125		0.30697
198.25		0.30697
198.375		0.30697
198.5		0.30697
198.625		0.30697
198.75		0.30697
198.875		0.30697
199		0.30697
199.125		0.30697
199.25		0.30697
199.375		0.30697
199.5		0.30697
199.625		0.30697
199.75		0.30697
199.875		0.30697
200		0.30697
200.125		0.324479
200.25		0.324479
200.375		0.324479
200.5		0.324479
200.625		0.324479
200.75		0.324479
200.875		0.324479
201		0.324479
201.125		0.324479
201.25		0.324479
201.375		0.324479
201.5		0.324479
201.625		0.324479
201.75		0.324479
201.875		0.324479
202		0.324479
202.125		0.324479
202.25		0.324479
202.375		0.324479
202.5		0.324479
202.625		0.324479
202.75		0.324479
202.875		0.324479
203		0.324479
203.125		0.324479
203.25		0.324479
203.375		0.324479
203.5		0.324479
203.625		0.324479
203.75		0.324479
203.875		0.324479
204		0.324479
204.125		0.324479
204.25		0.324479
204.375		0.324479
204.5		0.324479
204.625		0.324479
204.75		0.324479
204.875		0.324479
205		0.324479
205.125		0.329912
205.25		0.329912
205.375		0.329912
205.5		0.329912
205.625		0.329912
205.75		0.329912
205.875		0.329912
206		0.329912
206.125		0.329912
206.25		0.329912
206.375		0.329912
206.5		0.329912
206.625		0.329912
206.75		0.329912
206.875		0.329912
207		0.329912
207.125		0.329912
207.25		0.329912
207.375		0.329912
207.5		0.329912
207.625		0.329912
207.75		0.329912
207.875		0.329912
208		0.329912
208.125		0.329912
208.25		0.329912
208.375		0.329912
208.5		0.329912
208.625		0.329912
208.75		0.329912
208.875		0.329912
209		0.329912
209.125		0.329912
209.25		0.329912
209.375		0.329912
209.5		0.329912
209.625		0.329912
209.75		0.329912
209.875		0.329912
210		0.329912
210.125		0.337925
210.25		0.337925
210.375		0.337925
210.5		0.337925
210.625		0.337925
210.75		0.337925
210.875		0.337925
211		0.337925
211.125		0.337925
211.25		0.337925
211.375		0.337925
211.5		0.337925
211.625		0.337925
211.75		0.337925
211.875		0.337925
212		0.337925
212.125		0.337925
212.25		0.337925
212.375		0.337925
212.5		0.337925
212.625		0.337925
212.75		0.337925
212.875		0.337925
213		0.337925
213.125		0.337925
213.25		0.337925
213.375		0.337925
213.5		0.337925
213.625		0.337925
213.75		0.337925
213.875		0.337925
214		0.337925
214.125		0.337925
214.25		0.337925
214.375		0.337925
214.5		0.337925
214.625		0.337925
214.75		0.337925
214.875		0.337925
215		0.337925
215.125		0.341218
215.25		0.341218
215.375		0.341218
215.5		0.341218
215.625		0.341218
215.75		0.341218
215.875		0.341218
216		0.341218
216.125		0.341218
216.25		0.341218
216.375		0.341218
216.5		0.341218
216.625		0.341218
216.75		0.341218
216.875		0.341218
217		0.341218
217.125		0.341218
217.25		0.341218
217.375		0.341218
217.5		0.341218
217.625		0.341218
217.75		0.341218
217.875		0.341218
218		0.341218
218.125		0.341218
218.25		0.341218
218.375		0.341218
218.5		0.341218
218.625		0.341218
218.75		0.341218
218.875		0.341218
219		0.341218
219.125		0.341218
219.25		0.341218
219.375		0.341218
219.5		0.341218
219.625		0.341218
219.75		0.341218
219.875		0.341218
220		0.341218
220.125		0.367947
220.25		0.367947
220.375		0.367947
220.5		0.367947
220.625		0.367947
220.75		0.367947
220.875		0.367947
221		0.367947
221.125		0.367947
221.25		0.367947
221.375		0.367947
221.5		0.367947
221.625		0.367947
221.75		0.367947
221.875		0.367947
222		0.367947
222.125		0.367947
222.25		0.367947
222.375		0.367947
222.5		0.367947
222.625		0.367947
222.75		0.367947
222.875		0.367947
223		0.367947
223.125		0.367947
223.25		0.367947
223.375		0.367947
223.5		0.367947
223.625		0.367947
223.75		0.367947
223.875		0.367947
224		0.367947
224.125		0.367947
224.25		0.367947
224.375		0.367947
224.5		0.367947
224.625		0.367947
224.75		0.367947
224.875		0.367947
225		0.367947
225.125		0.372503
225.25		0.372503
225.375		0.372503
225.5		0.372503
225.625		0.372503
225.75		0.372503
225.875		0.372503
226		0.372503
226.125		0.372503
226.25		0.372503
226.375		0.372503
226.5		0.372503
226.625		0.372503
226.75		0.372503
226.875		0.372503
227		0.372503
227.125		0.372503
227.25		0.372503
227.375		0.372503
227.5		0.372503
227.625		0.372503
227.75		0.372503
227.875		0.372503
228		0.372503
228.125		0.372503
228.25		0.372503
228.375		0.372503
228.5		0.372503
228.625		0.372503
228.75		0.372503
228.875		0.372503
229		0.372503
229.125		0.372503
229.25		0.372503
229.375		0.372503
229.5		0.372503
229.625		0.372503
229.75		0.372503
229.875		0.372503
230		0.372503
230.125		0.392151
230.25		0.392151
230.375		0.392151
230.5		0.392151
230.625		0.392151
230.75		0.392151
230.875		0.392151
231		0.392151
231.125		0.392151
231.25		0.392151
231.375		0.392151
231.5		0.392151
231.625		0.392151
231.75		0.392151
231.875		0.392151
232		0.392151
232.125		0.392151
232.25		0.392151
232.375		0.392151
232.5		0.392151
232.625		0.392151
232.75		0.392151
232.875		0.392151
233		0.392151
233.125		0.392151
233.25		0.392151
233.375		0.392151
233.5		0.392151
233.625		0.392151
233.75		0.392151
233.875		0.392151
234		0.392151
234.125		0.392151
234.25		0.392151
234.375		0.392151
234.5		0.392151
234.625		0.392151
234.75		0.392151
234.875		0.392151
235		0.392151
235.125		0.393688
235.25		0.393688
235.375		0.393688
235.5		0.393688
235.625		0.393688
235.75		0.393688
235.875		0.393688
236		0.393688
236.125		0.393688
236.25		0.393688
236.375		0.393688
236.5		0.393688
236.625		0.393688
236.75		0.393688
236.875		0.393688
237		0.393688
237.125		0.393688
237.25		0.393688
237.375		0.393688
237.5		0.393688
237.625		0.393688
237.75		0.393688
237.875		0.393688
238		0.393688
238.125		0.393688
238.25		0.393688
238.375		0.393688
238.5		0.393688
238.625		0.393688
238.75		0.393688
238.875		0.393688
239		0.393688
239.125		0.393688
239.25		0.393688
239.375		0.393688
239.5		0.393688
239.625		0.393688
239.75		0.393688
239.875		0.393688
240		0.393688
240.125		0.4118
240.25		0.4118
240.375		0.4118
240.5		0.4118
240.625		0.4118
240.75		0.4118
240.875		0.4118
241		0.4118
241.125		0.4118
241.25		0.4118
241.375		0.4118
241.5		0.4118
241.625		0.4118
241.75		0.4118
241.875		0.4118
242		0.4118
242.125		0.4118
242.25		0.4118
242.375		0.4118
242.5		0.4118
242.625		0.4118
242.75		0.4118
242.875		0.4118
243		0.4118
243.125		0.4118
243.25		0.4118
243.375		0.4118
243.5		0.4118
243.625		0.4118
243.75		0.4118
243.875		0.4118
244		0.4118
244.125		0.4118
244.25		0.4118
244.375		0.4118
244.5		0.4118
244.625		0.4118
244.75		0.4118
244.875		0.4118
245		0.4118
245.125		0.421186
245.25		0.421186
245.375		0.421186
245.5		0.421186
245.625		0.421186
245.75		0.421186
245.875		0.421186
246		0.421186
246.125		0.421186
246.25		0.421186
246.375		0.421186
246.5		0.421186
246.625		0.421186
246.75		0.421186
246.875		0.421186
247		0.421186
247.125		0.421186
247.25		0.421186
247.375		0.421186
247.5		0.421186
247.625		0.421186
247.75		0.421186
247.875		0.421186
248		0.421186
248.125		0.421186
248.25		0.421186
248.375		0.421186
248.5		0.421186
248.625		0.421186
248.75		0.421186
248.875		0.421186
249		0.421186
249.125		0.421186
249.25		0.421186
249.375		0.421186
249.5		0.421186
249.625		0.421186
249.75		0.421186
249.875		0.421186
250		0.421186
250.125		0.425192
250.25		0.425192
250.375		0.425192
250.5		0.425192
250.625		0.425192
250.75		0.425192
250.875		0.425192
251		0.425192
251.125		0.425192
251.25		0.425192
251.375		0.425192
251.5		0.425192
251.625		0.425192
251.75		0.425192
251.875		0.425192
252		0.425192
252.125		0.425192
252.25		0.425192
252.375		0.425192
252.5		0.425192
252.625		0.425192
252.75		0.425192
252.875		0.425192
253		0.425192
253.125		0.425192
253.25		0.425192
253.375		0.425192
253.5		0.425192
253.625		0.425192
253.75		0.425192
253.875		0.425192
254		0.425192
254.125		0.425192
254.25		0.425192
254.375		0.425192
254.5		0.425192
254.625		0.425192
254.75		0.425192
254.875		0.425192
255		0.425192
255.125		0.435401
255.25		0.435401
255.375		0.435401
255.5		0.435401
255.625		0.435401
255.75		0.435401
255.875		0.435401
256		0.435401
256.125		0.435401
256.25		0.435401
256.375		0.435401
256.5		0.435401
256.625		0.435401
256.75		0.435401
256.875		0.435401
257		0.435401
257.125		0.435401
257.25		0.435401
257.375		0.435401
257.5		0.435401
257.625		0.435401
257.75		0.435401
257.875		0.435401
258		0.435401
258.125		0.435401
258.25		0.435401
258.375		0.435401
258.5		0.435401
258.625		0.435401
258.75		0.435401
258.875		0.435401
259		0.435401
259.125		0.435401
259.25		0.435401
259.375		0.435401
259.5		0.435401
259.625		0.435401
259.75		0.435401
259.875		0.435401
260		0.435401
260.125		0.440121
260.25		0.440121
260.375		0.440121
260.5		0.440121
260.625		0.440121
260.75		0.440121
260.875		0.440121
261		0.440121
261.125		0.440121
261.25		0.440121
261.375		0.440121
261.5		0.440121
261.625		0.440121
261.75		0.440121
261.875		0.440121
262		0.440121
262.125		0.440121
262.25		0.440121
262.375		0.440121
262.5		0.440121
262.625		0.440121
262.75		0.440121
262.875		0.440121
263		0.440121
263.125		0.440121
263.25		0.440121
263.375		0.440121
263.5		0.440121
263.625		0.440121
263.75		0.440121
263.875		0.440121
264		0.440121
264.125		0.440121
264.25		0.440121
264.375		0.440121
264.5		0.440121
264.625		0.440121
264.75		0.440121
264.875		0.440121
265		0.440121
265.125		0.461032
265.25		0.461032
265.375		0.461032
265.5		0.461032
265.625		0.461032
265.75		0.461032
265.875		0.461032
266		0.461032
266.125		0.461032
266.25		0.461032
266.375		0.461032
266.5		0.461032
266.625		0.461032
266.75		0.461032
266.875		0.461032
267		0.461032
267.125		0.461032
267.25		0.461032
267.375		0.461032
267.5		0.461032
267.625		0.461032
267.75		0.461032
267.875		0.461032
268		0.461032
268.125		0.461032
268.25		0.461032
268.375		0.461032
268.5		0.461032
268.625		0.461032
268.75		0.461032
268.875		0.461032
269		0.461032
269.125		0.461032
269.25		0.461032
269.375		0.461032
269.5		0.461032
269.625		0.461032
269.75		0.461032
269.875		0.461032
270		0.461032
270.125		0.474314
270.25		0.474314
270.375		0.474314
270.5		0.474314
270.625		0.474314
270.75		0.474314
270.875		0.474314
271		0.474314
271.125		0.474314
271.25		0.474314
271.375		0.474314
271.5		0.474314
271.625		0.474314
271.75		0.474314
271.875		0.474314
272		0.474314
272.125		0.474314
272.25		0.474314
272.375		0.474314
272.5		0.474314
272.625		0.474314
272.75		0.474314
272.875		0.474314
273		0.474314
273.125		0.474314
273.25		0.474314
273.375		0.474314
273.5		0.474314
273.625		0.474314
273.75		0.474314
273.875		0.474314
274		0.474314
274.125		0.474314
274.25		0.474314
274.375		0.474314
274.5		0.474314
274.625		0.474314
274.75		0.474314
274.875		0.474314
275		0.474314
275.125		0.475027
275.25		0.475027
275.375		0.475027
275.5		0.475027
275.625		0.475027
275.75		0.475027
275.875		0.475027
276		0.475027
276.125		0.475027
276.25		0.475027
276.375		0.475027
276.5		0.475027
276.625		0.475027
276.75		0.475027
276.875		0.475027
277		0.475027
277.125		0.475027
277.25		0.475027
277.375		0.475027
277.5		0.475027
277.625		0.475027
277.75		0.475027
277.875		0.475027
278		0.475027
278.125		0.475027
278.25		0.475027
278.375		0.475027
278.5		0.475027
278.625		0.475027
278.75		0.475027
278.875		0.475027
279		0.475027
279.125		0.475027
279.25		0.475027
279.375		0.475027
279.5		0.475027
279.625		0.475027
279.75		0.475027
279.875		0.475027
280		0.475027
280.125		0.491767
280.25		0.491767
280.375		0.491767
280.5		0.491767
280.625		0.491767
280.75		0.491767
280.875		0.491767
281		0.491767
281.125		0.491767
281.25		0.491767
281.375		0.491767
281.5		0.491767
281.625		0.491767
281.75		0.491767
281.875		0.491767
282		0.491767
282.125		0.491767
282.25		0.491767
282.375		0.491767
282.5		0.491767
282.625		0.491767
282.75		0.491767
282.875		0.491767
283		0.491767
283.125		0.491767
283.25		0.491767
283.375		0.491767
283.5		0.491767
283.625		0.491767
283.75		0.491767
283.875		0.491767
284		0.491767
284.125		0.491767
284.25		0.491767
284.375		0.491767
284.5		0.491767
284.625		0.491767
284.75		0.491767
284.875		0.491767
285		0.491767
285.125		0.493469
285.25		0.493469
285.375		0.493469
285.5		0.493469
285.625		0.493469
285.75		0.493469
285.875		0.493469
286		0.493469
286.125		0.493469
286.25		0.493469
286.375		0.493469
286.5		0.493469
286.625		0.493469
286.75		0.493469
286.875		0.493469
287		0.493469
287.125		0.493469
287.25		0.493469
287.375		0.493469
287.5		0.493469
287.625		0.493469
287.75		0.493469
287.875		0.493469
288		0.493469
288.125		0.493469
288.25		0.493469
288.375		0.493469
288.5		0.493469
288.625		0.493469
288.75		0.493469
288.875		0.493469
289		0.493469
289.125		0.493469
289.25		0.493469
289.375		0.493469
289.5		0.493469
289.625		0.493469
289.75		0.493469
289.875		0.493469
290		0.493469
290.125		0.510812
290.25		0.510812
290.375		0.510812
290.5		0.510812
290.625		0.510812
290.75		0.510812
290.875		0.510812
291		0.510812
291.125		0.510812
291.25		0.510812
291.375		0.510812
291.5		0.510812
291.625		0.510812
291.75		0.510812
291.875		0.510812
292		0.510812
292.125		0.510812
292.25		0.510812
292.375		0.510812
292.5		0.510812
292.625		0.510812
292.75		0.510812
292.875		0.510812
293		0.510812
293.125		0.510812
293.25		0.510812
293.375		0.510812
293.5		0.510812
293.625		0.510812
293.75		0.510812
293.875		0.510812
294		0.510812
294.125		0.510812
294.25		0.510812
294.375		0.510812
294.5		0.510812
294.625		0.510812
294.75		0.510812
294.875		0.510812
295		0.510812
295.125		0.535126
295.25		0.535126
295.375		0.535126
295.5		0.535126
295.625		0.535126
295.75		0.535126
295.875		0.535126
296		0.535126
296.125		0.535126
296.25		0.535126
296.375		0.535126
296.5		0.535126
296.625		0.535126
296.75		0.535126
296.875		0.535126
297		0.535126
297.125		0.535126
297.25		0.535126
297.375		0.535126
297.5		0.535126
297.625		0.535126
297.75		0.535126
297.875		0.535126
298		0.535126
298.125		0.535126
298.25		0.535126
298.375		0.535126
298.5		0.535126
298.625		0.535126
298.75		0.535126
298.875		0.535126
299		0.535126
299.125		0.535126
299.25		0.535126
299.375		0.535126
299.5		0.535126
299.625		0.535126
299.75		0.535126
299.875		0.535126
300		0.535126
300.125		0.546542
300.25		0.546542
300.375		0.546542
300.5		0.546542
300.625		0.546542
300.75		0.546542
300.875		0.546542
301		0.546542
301.125		0.546542
301.25		0.546542
301.375		0.546542
301.5		0.546542
301.625		0.546542
301.75		0.546542
301.875		0.546542
302		0.546542
302.125		0.546542
302.25		0.546542
302.375		0.546542
302.5		0.546542
302.625		0.546542
302.75		0.546542
302.875		0.546542
303		0.546542
303.125		0.546542
303.25		0.546542
303.375		0.546542
303.5		0.546542
303.625		0.546542
303.75		0.546542
303.875		0.546542
304		0.546542
304.125		0.546542
304.25		0.546542
304.375		0.546542
304.5		0.546542
304.625		0.546542
304.75		0.546542
304.875		0.546542
305		0.546542
305.125		0.550604
305.25		0.550604
305.375		0.550604
305.5		0.550604
305.625		0.550604
305.75		0.550604
305.875		0.550604
306		0.550604
306.125		0.550604
306.25		0.550604
306.375		0.550604
306.5		0.550604
306.625		0.550604
306.75		0.550604
306.875		0.550604
307		0.550604
307.125		0.550604
307.25		0.550604
307.375		0.550604
307.5		0.550604
307.625		0.550604
307.75		0.550604
307.875		0.550604
308		0.550604
308.125		0.550604
308.25		0.550604
308.375		0.550604
308.5		0.550604
308.625		0.550604
308.75		0.550604
308.875		0.550604
309		0.550604
309.125		0.550604
309.25		0.550604
309.375		0.550604
309.5		0.550604
309.625		0.550604
309.75		0.550604
309.875		0.550604
310		0.550604
310.125		0.57135
310.25		0.57135
310.375		0.57135
310.5		0.57135
310.625		0.57135
310.75		0.57135
310.875		0.57135
311		0.57135
311.125		0.57135
311.25		0.57135
311.375		0.57135
311.5		0.57135
311.625		0.57135
311.75		0.57135
311.875		0.57135
312		0.57135
312.125		0.57135
312.25		0.57135
312.375		0.57135
312.5		0.57135
312.625		0.57135
312.75		0.57135
312.875		0.57135
313		0.57135
313.125		0.57135
313.25		0.57135
313.375		0.57135
313.5		0.57135
313.625		0.57135
313.75		0.57135
313.875		0.57135
314		0.57135
314.125		0.57135
314.25		0.57135
314.375		0.57135
314.5		0.57135
314.625		0.57135
314.75		0.57135
314.875		0.57135
315		0.57135
315.125		0.574149
315.25		0.574149
315.375		0.574149
315.5		0.574149
315.625		0.574149
315.75		0.574149
315.875		0.574149
316		0.574149
316.125		0.574149
316.25		0.574149
316.375		0.574149
316.5		0.574149
316.625		0.574149
316.75		0.574149
316.875		0.574149
317		0.574149
317.125		0.574149
317.25		0.574149
317.375		0.574149
317.5		0.574149
317.625		0.574149
317.75		0.574149
317.875		0.574149
318		0.574149
318.125		0.574149
318.25		0.574149
318.375		0.574149
318.5		0.574149
318.625		0.574149
318.75		0.574149
318.875		0.574149
319		0.574149
319.125		0.574149
319.25		0.574149
319.375		0.574149
319.5		0.574149
319.625		0.574149
319.75		0.574149
319.875		0.574149
320		0.574149
320.125		0.581065
320.25		0.581065
320.375		0.581065
320.5		0.581065
320.625		0.581065
320.75		0.581065
320.875		0.581065
321		0.581065
321.125		0.581065
321.25		0.581065
321.375		0.581065
321.5		0.581065
321.625		0.581065
321.75		0.581065
321.875		0.581065
322		0.581065
322.125		0.581065
322.25		0.581065
322.375		0.581065
322.5		0.581065
322.625		0.581065
322.75		0.581065
322.875		0.581065
323		0.581065
323.125		0.581065
323.25		0.581065
323.375		0.581065
323.5		0.581065
323.625		0.581065
323.75		0.581065
323.875		0.581065
324		0.581065
324.125		0.581065
324.25		0.581065
324.375		0.581065
324.5		0.581065
324.625		0.581065
324.75		0.581065
324.875		0.581065
325		0.581065
325.125		0.606312
325.25		0.606312
325.375		0.606312
325.5		0.606312
325.625		0.606312
325.75		0.606312
325.875		0.606312
326		0.606312
326.125		0.606312
326.25		0.606312
326.375		0.606312
326.5		0.606312
326.625		0.606312
326.75		0.606312
326.875		0.606312
327		0.606312
327.125		0.606312
327.25		0.606312
327.375		0.606312
327.5		0.606312
327.625		0.606312
327.75		0.606312
327.875		0.606312
328		0.606312
328.125		0.606312
328.25		0.606312
328.375		0.606312
328.5		0.606312
328.625		0.606312
328.75		0.606312
328.875		0.606312
329		0.606312
329.125		0.606312
329.25		0.606312
329.375		0.606312
329.5		0.606312
329.625		0.606312
329.75		0.606312
329.875		0.606312
330		0.606312
330.125		0.607245
330.25		0.607245
330.375		0.607245
330.5		0.607245
330.625		0.607245
330.75		0.607245
330.875		0.607245
331		0.607245
331.125		0.607245
331.25		0.607245
331.375		0.607245
331.5		0.607245
331.625		0.607245
331.75		0.607245
331.875		0.607245
332		0.607245
332.125		0.607245
332.25		0.607245
332.375		0.607245
332.5		0.607245
332.625		0.607245
332.75		0.607245
332.875		0.607245
333		0.607245
333.125		0.607245
333.25		0.607245
333.375		0.607245
333.5		0.607245
333.625		0.607245
333.75		0.607245
333.875		0.607245
334		0.607245
334.125		0.607245
334.25		0.607245
334.375		0.607245
334.5		0.607245
334.625		0.607245
334.75		0.607245
334.875		0.607245
335		0.607245
335.125		0.634523
335.25		0.634523
335.375		0.634523
335.5		0.634523
335.625		0.634523
335.75		0.634523
335.875		0.634523
336		0.634523
336.125		0.634523
336.25		0.634523
336.375		0.634523
336.5		0.634523
336.625		0.634523
336.75		0.634523
336.875		0.634523
337		0.634523
337.125		0.634523
337.25		0.634523
337.375		0.634523
337.5		0.634523
337.625		0.634523
337.75		0.634523
337.875		0.634523
338		0.634523
338.125		0.634523
338.25		0.634523
338.375		0.634523
338.5		0.634523
338.625		0.634523
338.75		0.634523
338.875		0.634523
339		0.634523
339.125		0.634523
339.25		0.634523
339.375		0.634523
339.5		0.634523
339.625		0.634523
339.75		0.634523
339.875		0.634523
340		0.634523
340.125		0.637541
340.25		0.637541
340.375		0.637541
340.5		0.637541
340.625		0.637541
340.75		0.637541
340.875		0.637541
341		0.637541
341.125		0.637541
341.25		0.637541
341.375		0.637541
341.5		0.637541
341.625		0.637541
341.75		0.637541
341.875		0.637541
342		0.637541
342.125		0.637541
342.25		0.637541
342.375		0.637541
342.5		0.637541
342.625		0.637541
342.75		0.637541
342.875		0.637541
343		0.637541
343.125		0.637541
343.25		0.637541
343.375		0.637541
343.5		0.637541
343.625		0.637541
343.75		0.637541
343.875		0.637541
344		0.637541
344.125		0.637541
344.25		0.637541
344.375		0.637541
344.5		0.637541
344.625		0.637541
344.75		0.637541
344.875		0.637541
345		0.637541
345.125		0.63809
345.25		0.63809
345.375		0.63809
345.5		0.63809
345.625		0.63809
345.75		0.63809
345.875		0.63809
346		0.63809
346.125		0.63809
346.25		0.63809
346.375		0.63809
346.5		0.63809
346.625		0.63809
346.75		0.63809
346.875		0.63809
347		0.63809
347.125		0.63809
347.25		0.63809
347.375		0.63809
347.5		0.63809
347.625		0.63809
347.75		0.63809
347.875		0.63809
348		0.63809
348.125		0.63809
348.25		0.63809
348.375		0.63809
348.5		0.63809
348.625		0.63809
348.75		0.63809
348.875		0.63809
349		0.63809
349.125		0.63809
349.25		0.63809
349.375		0.63809
349.5		0.63809
349.625		0.63809
349.75		0.63809
349.875		0.63809
350		0.63809
350.125		0.663611
350.25		0.663611
350.375		0.663611
350.5		0.663611
350.625		0.663611
350.75		0.663611
350.875		0.663611
351		0.663611
351.125		0.663611
351.25		0.663611
351.375		0.663611
351.5		0.663611
351.625		0.663611
351.75		0.663611
351.875		0.663611
352		0.663611
352.125		0.663611
352.25		0.663611
352.375		0.663611
352.5		0.663611
352.625		0.663611
352.75		0.663611
352.875		0.663611
353		0.663611
353.125		0.663611
353.25		0.663611
353.375		0.663611
353.5		0.663611
353.625		0.663611
353.75		0.663611
353.875		0.663611
354		0.663611
354.125		0.663611
354.25		0.663611
354.375		0.663611
354.5		0.663611
354.625		0.663611
354.75		0.663611
354.875		0.663611
355		0.663611
355.125		0.674753
355.25		0.674753
355.375		0.674753
355.5		0.674753
355.625		0.674753
355.75		0.674753
355.875		0.674753
356		0.674753
356.125		0.674753
356.25		0.674753
356.375		0.674753
356.5		0.674753
356.625		0.674753
356.75		0.674753
356.875		0.674753
357		0.674753
357.125		0.674753
357.25		0.674753
357.375		0.674753
357.5		0.674753
357.625		0.674753
357.75		0.674753
357.875		0.674753
358		0.674753
358.125		0.674753
358.25		0.674753
358.375		0.674753
358.5		0.674753
358.625		0.674753
358.75		0.674753
358.875		0.674753
359		0.674753
359.125		0.674753
359.25		0.674753
359.375		0.674753
359.5		0.674753
359.625		0.674753
359.75		0.674753
359.875		0.674753
360		0.674753
360.125		0.686224
360.25		0.686224
360.375		0.686224
360.5		0.686224
360.625		0.686224
360.75		0.686224
360.875		0.686224
361		0.686224
361.125		0.686224
361.25		0.686224
361.375		0.686224
361.5		0.686224
361.625		0.686224
361.75		0.686224
361.875		0.686224
362		0.686224
362.125		0.686224
362.25		0.686224
362.375		0.686224
362.5		0.686224
362.625		0.686224
362.75		0.686224
362.875		0.686224
363		0.686224
363.125		0.686224
363.25		0.686224
363.375		0.686224
363.5		0.686224
363.625		0.686224
363.75		0.686224
363.875		0.686224
364		0.686224
364.125		0.686224
364.25		0.686224
364.375		0.686224
364.5		0.686224
364.625		0.686224
364.75		0.686224
364.875		0.686224
365		0.686224
365.125		0.700055
365.25		0.700055
365.375		0.700055
365.5		0.700055
365.625		0.700055
365.75		0.700055
365.875		0.700055
366		0.700055
366.125		0.700055
366.25		0.700055
366.375		0.700055
366.5		0.700055
366.625		0.700055
366.75		0.700055
366.875		0.700055
367		0.700055
367.125		0.700055
367.25		0.700055
367.375		0.700055
367.5		0.700055
367.625		0.700055
367.75		0.700055
367.875		0.700055
368		0.700055
368.125		0.700055
368.25		0.700055
368.375		0.700055
368.5		0.700055
368.625		0.700055
368.75		0.700055
368.875		0.700055
369		0.700055
369.125		0.700055
369.25		0.700055
369.375		0.700055
369.5		0.700055
369.625		0.700055
369.75		0.700055
369.875		0.700055
370		0.700055
370.125		0.705434
370.25		0.705434
370.375		0.705434
370.5		0.705434
370.625		0.705434
370.75		0.705434
370.875		0.705434
371		0.705434
371.125		0.705434
371.25		0.705434
371.375		0.705434
371.5		0.705434
371.625		0.705434
371.75		0.705434
371.875		0.705434
372		0.705434
372.125		0.705434
372.25		0.705434
372.375		0.705434
372.5		0.705434
372.625		0.705434
372.75		0.705434
372.875		0.705434
373		0.705434
373.125		0.705434
373.25		0.705434
373.375		0.705434
373.5		0.705434
373.625		0.705434
373.75		0.705434
373.875		0.705434
374		0.705434
374.125		0.705434
374.25		0.705434
374.375		0.705434
374.5		0.705434
374.625		0.705434
374.75		0.705434
374.875		0.705434
375		0.705434
375.125		0.71202
375.25		0.71202
375.375		0.71202
375.5		0.71202
375.625		0.71202
375.75		0.71202
375.875		0.71202
376		0.71202
376.125		0.71202
376.25		0.71202
376.375		0.71202
376.5		0.71202
376.625		0.71202
376.75		0.71202
376.875		0.71202
377		0.71202
377.125		0.71202
377.25		0.71202
377.375		0.71202
377.5		0.71202
377.625		0.71202
377.75		0.71202
377.875		0.71202
378		0.71202
378.125		0.71202
378.25		0.71202
378.375		0.71202
378.5		0.71202
378.625		0.71202
378.75		0.71202
378.875		0.71202
379		0.71202
379.125		0.71202
379.25		0.71202
379.375		0.71202
379.5		0.71202
379.625		0.71202
379.75		0.71202
379.875		0.71202
380		0.71202
380.125		0.729308
380.25		0.729308
380.375		0.729308
380.5		0.729308
380.625		0.729308
380.75		0.729308
380.875		0.729308
381		0.729308
381.125		0.729308
381.25		0.729308
381.375		0.729308
381.5		0.729308
381.625		0.729308
381.75		0.729308
381.875		0.729308
382		0.729308
382.125		0.729308
382.25		0.729308
382.375		0.729308
382.5		0.729308
382.625		0.729308
382.75		0.729308
382.875		0.729308
383		0.729308
383.125		0.729308
383.25		0.729308
383.375		0.729308
383.5		0.729308
383.625		0.729308
383.75		0.729308
383.875		0.729308
384		0.729308
384.125		0.729308
384.25		0.729308
384.375		0.729308
384.5		0.729308
384.625		0.729308
384.75		0.729308
384.875		0.729308
385		0.729308
385.125		0.738584
385.25		0.738584
385.375		0.738584
385.5		0.738584
385.625		0.738584
385.75		0.738584
385.875		0.738584
386		0.738584
386.125		0.738584
386.25		0.738584
386.375		0.738584
386.5		0.738584
386.625		0.738584
386.75		0.738584
386.875		0.738584
387		0.738584
387.125		0.738584
387.25		0.738584
387.375		0.738584
387.5		0.738584
387.625		0.738584
387.75		0.738584
387.875		0.738584
388		0.738584
388.125		0.738584
388.25		0.738584
388.375		0.738584
388.5		0.738584
388.625		0.738584
388.75		0.738584
388.875		0.738584
389		0.738584
389.125		0.738584
389.25		0.738584
389.375		0.738584
389.5		0.738584
389.625		0.738584
389.75		0.738584
389.875		0.738584
390		0.738584
390.125		0.756147
390.25		0.756147
390.375		0.756147
390.5		0.756147
390.625		0.756147
390.75		0.756147
390.875		0.756147
391		0.756147
391.125		0.756147
391.25		0.756147
391.375		0.756147
391.5		0.756147
391.625		0.756147
391.75		0.756147
391.875		0.756147
392		0.756147
392.125		0.756147
392.25		0.756147
392.375		0.756147
392.5		0.756147
392.625		0.756147
392.75		0.756147
392.875		0.756147
393		0.756147
393.125		0.756147
393.25		0.756147
393.375		0.756147
393.5		0.756147
393.625		0.756147
393.75		0.756147
393.875		0.756147
394		0.756147
394.125		0.756147
394.25		0.756147
394.375		0.756147
394.5		0.756147
394.625		0.756147
394.75		0.756147
394.875		0.756147
395		0.756147
395.125		0.762294
395.25		0.762294
395.375		0.762294
395.5		0.762294
395.625		0.762294
395.75		0.762294
395.875		0.762294
396		0.762294
396.125		0.762294
396.25		0.762294
396.375		0.762294
396.5		0.762294
396.625		0.762294
396.75		0.762294
396.875		0.762294
397		0.762294
397.125		0.762294
397.25		0.762294
397.375		0.762294
397.5		0.762294
397.625		0.762294
397.75		0.762294
397.875		0.762294
398		0.762294
398.125		0.762294
398.25		0.762294
398.375		0.762294
398.5		0.762294
398.625		0.762294
398.75		0.762294
398.875		0.762294
399		0.762294
399.125		0.762294
399.25		0.762294
399.375		0.762294
399.5		0.762294
399.625		0.762294
399.75		0.762294
399.875		0.762294
400		0.762294
400.125		0.76427
400.25		0.76427
400.375		0.76427
400.5		0.76427
400.625		0.76427
400.75		0.76427
400.875		0.76427
401		0.76427
401.125		0.76427
401.25		0.76427
401.375		0.76427
401.5		0.76427
401.625		0.76427
401.75		0.76427
401.875		0.76427
402		0.76427
402.125		0.76427
402.25		0.76427
402.375		0.76427
402.5		0.76427
402.625		0.76427
402.75		0.76427
402.875		0.76427
403		0.76427
403.125		0.76427
403.25		0.76427
403.375		0.76427
403.5		0.76427
403.625		0.76427
403.75		0.76427
403.875		0.76427
404		0.76427
404.125		0.76427
404.25		0.76427
404.375		0.76427
404.5		0.76427
404.625		0.76427
404.75		0.76427
404.875		0.76427
405		0.76427
405.125		0.767234
405.25		0.767234
405.375		0.767234
405.5		0.767234
405.625		0.767234
405.75		0.767234
405.875		0.767234
406		0.767234
406.125		0.767234
406.25		0.767234
406.375		0.767234
406.5		0.767234
406.625		0.767234
406.75		0.767234
406.875		0.767234
407		0.767234
407.125		0.767234
407.25		0.767234
407.375		0.767234
407.5		0.767234
407.625		0.767234
407.75		0.767234
407.875		0.767234
408		0.767234
408.125		0.767234
408.25		0.767234
408.375		0.767234
408.5		0.767234
408.625		0.767234
408.75		0.767234
408.875		0.767234
409		0.767234
409.125		0.767234
409.25		0.767234
409.375		0.767234
409.5		0.767234
409.625		0.767234
409.75		0.767234
409.875		0.767234
410		0.767234
410.125		0.812843
410.25		0.812843
410.375		0.812843
410.5		0.812843
410.625		0.812843
410.75		0.812843
410.875		0.812843
411		0.812843
411.125		0.812843
411.25		0.812843
411.375		0.812843
411.5		0.812843
411.625		0.812843
411.75		0.812843
411.875		0.812843
412		0.812843
412.125		0.812843
412.25		0.812843
412.375		0.812843
412.5		0.812843
412.625		0.812843
412.75		0.812843
412.875		0.812843
413		0.812843
413.125		0.812843
413.25		0.812843
413.375		0.812843
413.5		0.812843
413.625		0.812843
413.75		0.812843
413.875		0.812843
414		0.812843
414.125		0.812843
414.25		0.812843
414.375		0.812843
414.5		0.812843
414.625		0.812843
414.75		0.812843
414.875		0.812843
415		0.812843
415.125		0.817124
415.25		0.817124
415.375		0.817124
415.5		0.817124
415.625		0.817124
415.75		0.817124
415.875		0.817124
416		0.817124
416.125		0.817124
416.25		0.817124
416.375		0.817124
416.5		0.817124
416.625		0.817124
416.75		0.817124
416.875		0.817124
417		0.817124
417.125		0.817124
417.25		0.817124
417.375		0.817124
417.5		0.817124
417.625		0.817124
417.75		0.817124
417.875		0.817124
418		0.817124
418.125		0.817124
418.25		0.817124
418.375		0.817124
418.5		0.817124
418.625		0.817124
418.75		0.817124
418.875		0.817124
419		0.817124
419.125		0.817124
419.25		0.817124
419.375		0.817124
419.5		0.817124
419.625		0.817124
419.75		0.817124
419.875		0.817124
420		0.817124
420.125		0.817728
420.25		0.817728
420.375		0.817728
420.5		0.817728
420.625		0.817728
420.75		0.817728
420.875		0.817728
421		0.817728
421.125		0.817728
421.25		0.817728
421.375		0.817728
421.5		0.817728
421.625		0.817728
421.75		0.817728
421.875		0.817728
422		0.817728
422.125		0.817728
422.25		0.817728
422.375		0.817728
422.5		0.817728
422.625		0.817728
422.75		0.817728
422.875		0.817728
423		0.817728
423.125		0.817728
423.25		0.817728
423.375		0.817728
423.5		0.817728
423.625		0.817728
423.75		0.817728
423.875		0.817728
424		0.817728
424.125		0.817728
424.25		0.817728
424.375		0.817728
424.5		0.817728
424.625		0.817728
424.75		0.817728
424.875		0.817728
425		0.817728
425.125		0.829857
425.25		0.829857
425.375		0.829857
425.5		0.829857
425.625		0.829857
425.75		0.829857
425.875		0.829857
426		0.829857
426.125		0.829857
426.25		0.829857
426.375		0.829857
426.5		0.829857
426.625		0.829857
426.75		0.829857
426.875		0.829857
427		0.829857
427.125		0.829857
427.25		0.829857
427.375		0.829857
427.5		0.829857
427.625		0.829857
427.75		0.829857
427.875		0.829857
428		0.829857
428.125		0.829857
428.25		0.829857
428.375		0.829857
428.5		0.829857
428.625		0.829857
428.75		0.829857
428.875		0.829857
429		0.829857
429.125		0.829857
429.25		0.829857
429.375		0.829857
429.5		0.829857
429.625		0.829857
429.75		0.829857
429.875		0.829857
430		0.829857
430.125		0.856257
430.25		0.856257
430.375		0.856257
430.5		0.856257
430.625		0.856257
430.75		0.856257
430.875		0.856257
431		0.856257
431.125		0.856257
431.25		0.856257
431.375		0.856257
431.5		0.856257
431.625		0.856257
431.75		0.856257
431.875		0.856257
432		0.856257
432.125		0.856257
432.25		0.856257
432.375		0.856257
432.5		0.856257
432.625		0.856257
432.75		0.856257
432.875		0.856257
433		0.856257
433.125		0.856257
433.25		0.856257
433.375		0.856257
433.5		0.856257
433.625		0.856257
433.75		0.856257
433.875		0.856257
434		0.856257
434.125		0.856257
434.25		0.856257
434.375		0.856257
434.5		0.856257
434.625		0.856257
434.75		0.856257
434.875		0.856257
435		0.856257
435.125		0.859495
435.25		0.859495
435.375		0.859495
435.5		0.859495
435.625		0.859495
435.75		0.859495
435.875		0.859495
436		0.859495
436.125		0.859495
436.25		0.859495
436.375		0.859495
436.5		0.859495
436.625		0.859495
436.75		0.859495
436.875		0.859495
437		0.859495
437.125		0.859495
437.25		0.859495
437.375		0.859495
437.5		0.859495
437.625		0.859495
437.75		0.859495
437.875		0.859495
438		0.859495
438.125		0.859495
438.25		0.859495
438.375		0.859495
438.5		0.859495
438.625		0.859495
438.75		0.859495
438.875		0.859495
439		0.859495
439.125		0.859495
439.25		0.859495
439.375		0.859495
439.5		0.859495
439.625		0.859495
439.75		0.859495
439.875		0.859495
440		0.859495
440.125		0.878321
440.25		0.878321
440.375		0.878321
440.5		0.878321
440.625		0.878321
440.75		0.878321
440.875		0.878321
441		0.878321
441.125		0.878321
441.25		0.878321
441.375		0.878321
441.5		0.878321
441.625		0.878321
441.75		0.878321
441.875		0.878321
442		0.878321
442.125		0.878321
442.25		0.878321
442.375		0.878321
442.5		0.878321
442.625		0.878321
442.75		0.878321
442.875		0.878321
443		0.878321
443.125		0.878321
443.25		0.878321
443.375		0.878321
443.5		0.878321
443.625		0.878321
443.75		0.878321
443.875		0.878321
444		0.878321
444.125		0.878321
444.25		0.878321
444.375		0.878321
444.5		0.878321
444.625		0.878321
444.75		0.878321
444.875		0.878321
445		0.878321
445.125		0.887596
445.25		0.887596
445.375		0.887596
445.5		0.887596
445.625		0.887596
445.75		0.887596
445.875		0.887596
446		0.887596
446.125		0.887596
446.25		0.887596
446.375		0.887596
446.5		0.887596
446.625		0.887596
446.75		0.887596
446.875		0.887596
447		0.887596
447.125		0.887596
447.25		0.887596
447.375		0.887596
447.5		0.887596
447.625		0.887596
447.75		0.887596
447.875		0.887596
448		0.887596
448.125		0.887596
448.25		0.887596
448.375		0.887596
448.5		0.887596
448.625		0.887596
448.75		0.887596
448.875		0.887596
449		0.887596
449.125		0.887596
449.25		0.887596
449.375		0.887596
449.5		0.887596
449.625		0.887596
449.75		0.887596
449.875		0.887596
450		0.887596
450.125		0.903128
450.25		0.903128
450.375		0.903128
450.5		0.903128
450.625		0.903128
450.75		0.903128
450.875		0.903128
451		0.903128
451.125		0.903128
451.25		0.903128
451.375		0.903128
451.5		0.903128
451.625		0.903128
451.75		0.903128
451.875		0.903128
452		0.903128
452.125		0.903128
452.25		0.903128
452.375		0.903128
452.5		0.903128
452.625		0.903128
452.75		0.903128
452.875		0.903128
453		0.903128
453.125		0.903128
453.25		0.903128
453.375		0.903128
453.5		0.903128
453.625		0.903128
453.75		0.903128
453.875		0.903128
454		0.903128
454.125		0.903128
454.25		0.903128
454.375		0.903128
454.5		0.903128
454.625		0.903128
454.75		0.903128
454.875		0.903128
455		0.903128
455.125		0.904446
455.25		0.904446
455.375		0.904446
455.5		0.904446
455.625		0.904446
455.75		0.904446
455.875		0.904446
456		0.904446
456.125		0.904446
456.25		0.904446
456.375		0.904446
456.5		0.904446
456.625		0.904446
456.75		0.904446
456.875		0.904446
457		0.904446
457.125		0.904446
457.25		0.904446
457.375		0.904446
457.5		0.904446
457.625		0.904446
457.75		0.904446
457.875		0.904446
458		0.904446
458.125		0.904446
458.25		0.904446
458.375		0.904446
458.5		0.904446
458.625		0.904446
458.75		0.904446
458.875		0.904446
459		0.904446
459.125		0.904446
459.25		0.904446
459.375		0.904446
459.5		0.904446
459.625		0.904446
459.75		0.904446
459.875		0.904446
460		0.904446
460.125		0.921679
460.25		0.921679
460.375		0.921679
460.5		0.921679
460.625		0.921679
460.75		0.921679
460.875		0.921679
461		0.921679
461.125		0.921679
461.25		0.921679
461.375		0.921679
461.5		0.921679
461.625		0.921679
461.75		0.921679
461.875		0.921679
462		0.921679
462.125		0.921679
462.25		0.921679
462.375		0.921679
462.5		0.921679
462.625		0.921679
462.75		0.921679
462.875		0.921679
463		0.921679
463.125		0.921679
463.25		0.921679
463.375		0.921679
463.5		0.921679
463.625		0.921679
463.75		0.921679
463.875		0.921679
464		0.921679
464.125		0.921679
464.25		0.921679
464.375		0.921679
464.5		0.921679
464.625		0.921679
464.75		0.921679
464.875		0.921679
465		0.921679
465.125		0.923436
465.25		0.923436
465.375		0.923436
465.5		0.923436
465.625		0.923436
465.75		0.923436
465.875		0.923436
466		0.923436
466.125		0.923436
466.25		0.923436
466.375		0.923436
466.5		0.923436
466.625		0.923436
466.75		0.923436
466.875		0.923436
467		0.923436
467.125		0.923436
467.25		0.923436
467.375		0.923436
467.5		0.923436
467.625		0.923436
467.75		0.923436
467.875		0.923436
468		0.923436
468.125		0.923436
468.25		0.923436
468.375		0.923436
468.5		0.923436
468.625		0.923436
468.75		0.923436
468.875		0.923436
469		0.923436
469.125		0.923436
469.25		0.923436
469.375		0.923436
469.5		0.923436
469.625		0.923436
469.75		0.923436
469.875		0.923436
470		0.923436
470.125		0.938694
470.25		0.938694
470.375		0.938694
470.5		0.938694
470.625		0.938694
470.75		0.938694
470.875		0.938694
471		0.938694
471.125		0.938694
471.25		0.938694
471.375		0.938694
471.5		0.938694
471.625		0.938694
471.75		0.938694
471.875		0.938694
472		0.938694
472.125		0.938694
472.25		0.938694
472.375		0.938694
472.5		0.938694
472.625		0.938694
472.75		0.938694
472.875		0.938694
473		0.938694
473.125		0.938694
473.25		0.938694
473.375		0.938694
473.5		0.938694
473.625		0.938694
473.75		0.938694
473.875		0.938694
474		0.938694
474.125		0.938694
474.25		0.938694
474.375		0.938694
474.5		0.938694
474.625		0.938694
474.75		0.938694
474.875		0.938694
475		0.938694
475.125		0.961416
475.25		0.961416
475.375		0.961416
475.5		0.961416
475.625		0.961416
475.75		0.961416
475.875		0.961416
476		0.961416
476.125		0.961416
476.25		0.961416
476.375		0.961416
476.5		0.961416
476.625		0.961416
476.75		0.961416
476.875		0.961416
477		0.961416
477.125		0.961416
477.25		0.961416
477.375		0.961416
477.5		0.961416
477.625		0.961416
477.75		0.961416
477.875		0.961416
478		0.961416
478.125		0.961416
478.25		0.961416
478.375		0.961416
478.5		0.961416
478.625		0.961416
478.75		0.961416
478.875		0.961416
479		0.961416
479.125		0.961416
479.25		0.961416
479.375		0.961416
479.5		0.961416
479.625		0.961416
479.75		0.961416
479.875		0.961416
480		0.961416
480.125		0.968661
480.25		0.968661
480.375		0.968661
480.5		0.968661
480.625		0.968661
480.75		0.968661
480.875		0.968661
481		0.968661
481.125		0.968661
481.25		0.968661
481.375		0.968661
481.5		0.968661
481.625		0.968661
481.75		0.968661
481.875		0.968661
482		0.968661
482.125		0.968661
482.25		0.968661
482.375		0.968661
482.5		0.968661
482.625		0.968661
482.75		0.968661
482.875		0.968661
483		0.968661
483.125		0.968661
483.25		0.968661
483.375		0.968661
483.5		0.968661
483.625		0.968661
483.75		0.968661
483.875		0.968661
484		0.968661
484.125		0.968661
484.25		0.968661
484.375		0.968661
484.5		0.968661
484.625		0.968661
484.75		0.968661
484.875		0.968661
485		0.968661
485.125		0.977772
485.25		0.977772
485.375		0.977772
485.5		0.977772
485.625		0.977772
485.75		0.977772
485.875		0.977772
486		0.977772
486.125		0.977772
486.25		0.977772
486.375		0.977772
486.5		0.977772
486.625		0.977772
486.75		0.977772
486.875		0.977772
487		0.977772
487.125		0.977772
487.25		0.977772
487.375		0.977772
487.5		0.977772
487.625		0.977772
487.75		0.977772
487.875		0.977772
488		0.977772
488.125		0.977772
488.25		0.977772
488.375		0.977772
488.5		0.977772
488.625		0.977772
488.75		0.977772
488.875		0.977772
489		0.977772
489.125		0.977772
489.25		0.977772
489.375		0.977772
489.5		0.977772
489.625		0.977772
489.75		0.977772
489.875		0.977772
490		0.977772
490.125		0.981065
490.25		0.981065
490.375		0.981065
490.5		0.981065
490.625		0.981065
490.75		0.981065
490.875		0.981065
491		0.981065
491.125		0.981065
491.25		0.981065
491.375		0.981065
491.5		0.981065
491.625		0.981065
491.75		0.981065
491.875		0.981065
492		0.981065
492.125		0.981065
492.25		0.981065
492.375		0.981065
492.5		0.981065
492.625		0.981065
492.75		0.981065
492.875		0.981065
493		0.981065
493.125		0.981065
493.25		0.981065
493.375		0.981065
493.5		0.981065
493.625		0.981065
493.75		0.981065
493.875		0.981065
494		0.981065
494.125		0.981065
494.25		0.981065
494.375		0.981065
494.5		0.981065
494.625		0.981065
494.75		0.981065
494.875		0.981065
495		0.981065
495.125		1
495.25		1
495.375		1
495.5		1
495.625		1
495.75		1
495.875		1
496		1
496.125		1
496.25		1
496.375		1
496.5		1
496.625		1
496.75		1
496.875		1
497		1
497.125		1
497.25		1
497.375		1
497.5		1
497.625		1
497.75		1
497.875		1
498		1
498.125		1
498.25		1
498.375		1
498.5		1
498.625		1
498.75		1
498.875		1
499		1
499.125		1
499.25		1
499.375		1
499.5		1
499.625		1
499.75		1
499.875		1
500		1
