# Calibration file of tamex_id 0 @ channel 27
# fine_T bin		 Calibration value
0.125		0
0.25		0
0.375		0
0.5		0
0.625		0
0.75		0
0.875		0
1		0
1.125		0
1.25		0
1.375		0
1.5		0
1.625		0
1.75		0
1.875		0
2		0
2.125		0
2.25		0
2.375		0
2.5		0
2.625		0
2.75		0
2.875		0
3		0
3.125		0
3.25		0
3.375		0
3.5		0
3.625		0
3.75		0
3.875		0
4		0
4.125		0
4.25		0
4.375		0
4.5		0
4.625		0
4.75		0
4.875		0
5		0
5.125		0
5.25		0
5.375		0
5.5		0
5.625		0
5.75		0
5.875		0
6		0
6.125		0
6.25		0
6.375		0
6.5		0
6.625		0
6.75		0
6.875		0
7		0
7.125		0
7.25		0
7.375		0
7.5		0
7.625		0
7.75		0
7.875		0
8		0
8.125		0
8.25		0
8.375		0
8.5		0
8.625		0
8.75		0
8.875		0
9		0
9.125		0
9.25		0
9.375		0
9.5		0
9.625		0
9.75		0
9.875		0
10		0
10.125		0
10.25		0
10.375		0
10.5		0
10.625		0
10.75		0
10.875		0
11		0
11.125		0
11.25		0
11.375		0
11.5		0
11.625		0
11.75		0
11.875		0
12		0
12.125		0
12.25		0
12.375		0
12.5		0
12.625		0
12.75		0
12.875		0
13		0
13.125		0
13.25		0
13.375		0
13.5		0
13.625		0
13.75		0
13.875		0
14		0
14.125		0
14.25		0
14.375		0
14.5		0
14.625		0
14.75		0
14.875		0
15		0
15.125		0
15.25		0
15.375		0
15.5		0
15.625		0
15.75		0
15.875		0
16		0
16.125		0
16.25		0
16.375		0
16.5		0
16.625		0
16.75		0
16.875		0
17		0
17.125		0
17.25		0
17.375		0
17.5		0
17.625		0
17.75		0
17.875		0
18		0
18.125		0
18.25		0
18.375		0
18.5		0
18.625		0
18.75		0
18.875		0
19		0
19.125		0
19.25		0
19.375		0
19.5		0
19.625		0
19.75		0
19.875		0
20		0
20.125		0
20.25		0
20.375		0
20.5		0
20.625		0
20.75		0
20.875		0
21		0
21.125		0
21.25		0
21.375		0
21.5		0
21.625		0
21.75		0
21.875		0
22		0
22.125		0
22.25		0
22.375		0
22.5		0
22.625		0
22.75		0
22.875		0
23		0
23.125		0
23.25		0
23.375		0
23.5		0
23.625		0
23.75		0
23.875		0
24		0
24.125		0
24.25		0
24.375		0
24.5		0
24.625		0
24.75		0
24.875		0
25		0
25.125		0
25.25		0
25.375		0
25.5		0
25.625		0
25.75		0
25.875		0
26		0
26.125		0
26.25		0
26.375		0
26.5		0
26.625		0
26.75		0
26.875		0
27		0
27.125		0
27.25		0
27.375		0
27.5		0
27.625		0
27.75		0
27.875		0
28		0
28.125		0
28.25		0
28.375		0
28.5		0
28.625		0
28.75		0
28.875		0
29		0
29.125		0
29.25		0
29.375		0
29.5		0
29.625		0
29.75		0
29.875		0
30		0
30.125		0
30.25		0
30.375		0
30.5		0
30.625		0
30.75		0
30.875		0
31		0
31.125		0
31.25		0
31.375		0
31.5		0
31.625		0
31.75		0
31.875		0
32		0
32.125		0
32.25		0
32.375		0
32.5		0
32.625		0
32.75		0
32.875		0
33		0
33.125		0
33.25		0
33.375		0
33.5		0
33.625		0
33.75		0
33.875		0
34		0
34.125		0
34.25		0
34.375		0
34.5		0
34.625		0
34.75		0
34.875		0
35		0
35.125		0
35.25		0
35.375		0
35.5		0
35.625		0
35.75		0
35.875		0
36		0
36.125		0
36.25		0
36.375		0
36.5		0
36.625		0
36.75		0
36.875		0
37		0
37.125		0
37.25		0
37.375		0
37.5		0
37.625		0
37.75		0
37.875		0
38		0
38.125		0
38.25		0
38.375		0
38.5		0
38.625		0
38.75		0
38.875		0
39		0
39.125		0
39.25		0
39.375		0
39.5		0
39.625		0
39.75		0
39.875		0
40		0
40.125		0
40.25		0
40.375		0
40.5		0
40.625		0
40.75		0
40.875		0
41		0
41.125		0
41.25		0
41.375		0
41.5		0
41.625		0
41.75		0
41.875		0
42		0
42.125		0
42.25		0
42.375		0
42.5		0
42.625		0
42.75		0
42.875		0
43		0
43.125		0
43.25		0
43.375		0
43.5		0
43.625		0
43.75		0
43.875		0
44		0
44.125		0
44.25		0
44.375		0
44.5		0
44.625		0
44.75		0
44.875		0
45		0
45.125		0
45.25		0
45.375		0
45.5		0
45.625		0
45.75		0
45.875		0
46		0
46.125		0
46.25		0
46.375		0
46.5		0
46.625		0
46.75		0
46.875		0
47		0
47.125		0
47.25		0
47.375		0
47.5		0
47.625		0
47.75		0
47.875		0
48		0
48.125		0
48.25		0
48.375		0
48.5		0
48.625		0
48.75		0
48.875		0
49		0
49.125		0
49.25		0
49.375		0
49.5		0
49.625		0
49.75		0
49.875		0
50		0
50.125		0
50.25		0
50.375		0
50.5		0
50.625		0
50.75		0
50.875		0
51		0
51.125		0
51.25		0
51.375		0
51.5		0
51.625		0
51.75		0
51.875		0
52		0
52.125		0
52.25		0
52.375		0
52.5		0
52.625		0
52.75		0
52.875		0
53		0
53.125		0
53.25		0
53.375		0
53.5		0
53.625		0
53.75		0
53.875		0
54		0
54.125		0
54.25		0
54.375		0
54.5		0
54.625		0
54.75		0
54.875		0
55		0
55.125		0
55.25		0
55.375		0
55.5		0
55.625		0
55.75		0
55.875		0
56		0
56.125		0
56.25		0
56.375		0
56.5		0
56.625		0
56.75		0
56.875		0
57		0
57.125		0
57.25		0
57.375		0
57.5		0
57.625		0
57.75		0
57.875		0
58		0
58.125		0
58.25		0
58.375		0
58.5		0
58.625		0
58.75		0
58.875		0
59		0
59.125		0
59.25		0
59.375		0
59.5		0
59.625		0
59.75		0
59.875		0
60		0
60.125		0
60.25		0
60.375		0
60.5		0
60.625		0
60.75		0
60.875		0
61		0
61.125		0
61.25		0
61.375		0
61.5		0
61.625		0
61.75		0
61.875		0
62		0
62.125		0
62.25		0
62.375		0
62.5		0
62.625		0
62.75		0
62.875		0
63		0
63.125		0
63.25		0
63.375		0
63.5		0
63.625		0
63.75		0
63.875		0
64		0
64.125		0
64.25		0
64.375		0
64.5		0
64.625		0
64.75		0
64.875		0
65		0
65.125		0
65.25		0
65.375		0
65.5		0
65.625		0
65.75		0
65.875		0
66		0
66.125		0
66.25		0
66.375		0
66.5		0
66.625		0
66.75		0
66.875		0
67		0
67.125		0
67.25		0
67.375		0
67.5		0
67.625		0
67.75		0
67.875		0
68		0
68.125		0
68.25		0
68.375		0
68.5		0
68.625		0
68.75		0
68.875		0
69		0
69.125		0
69.25		0
69.375		0
69.5		0
69.625		0
69.75		0
69.875		0
70		0
70.125		0
70.25		0
70.375		0
70.5		0
70.625		0
70.75		0
70.875		0
71		0
71.125		0
71.25		0
71.375		0
71.5		0
71.625		0
71.75		0
71.875		0
72		0
72.125		0
72.25		0
72.375		0
72.5		0
72.625		0
72.75		0
72.875		0
73		0
73.125		0
73.25		0
73.375		0
73.5		0
73.625		0
73.75		0
73.875		0
74		0
74.125		0
74.25		0
74.375		0
74.5		0
74.625		0
74.75		0
74.875		0
75		0
75.125		0
75.25		0
75.375		0
75.5		0
75.625		0
75.75		0
75.875		0
76		0
76.125		0
76.25		0
76.375		0
76.5		0
76.625		0
76.75		0
76.875		0
77		0
77.125		0
77.25		0
77.375		0
77.5		0
77.625		0
77.75		0
77.875		0
78		0
78.125		0
78.25		0
78.375		0
78.5		0
78.625		0
78.75		0
78.875		0
79		0
79.125		0
79.25		0
79.375		0
79.5		0
79.625		0
79.75		0
79.875		0
80		0
80.125		0.0227755
80.25		0.0227755
80.375		0.0227755
80.5		0.0227755
80.625		0.0227755
80.75		0.0227755
80.875		0.0227755
81		0.0227755
81.125		0.0227755
81.25		0.0227755
81.375		0.0227755
81.5		0.0227755
81.625		0.0227755
81.75		0.0227755
81.875		0.0227755
82		0.0227755
82.125		0.0227755
82.25		0.0227755
82.375		0.0227755
82.5		0.0227755
82.625		0.0227755
82.75		0.0227755
82.875		0.0227755
83		0.0227755
83.125		0.0227755
83.25		0.0227755
83.375		0.0227755
83.5		0.0227755
83.625		0.0227755
83.75		0.0227755
83.875		0.0227755
84		0.0227755
84.125		0.0227755
84.25		0.0227755
84.375		0.0227755
84.5		0.0227755
84.625		0.0227755
84.75		0.0227755
84.875		0.0227755
85		0.0227755
85.125		0.0516033
85.25		0.0516033
85.375		0.0516033
85.5		0.0516033
85.625		0.0516033
85.75		0.0516033
85.875		0.0516033
86		0.0516033
86.125		0.0516033
86.25		0.0516033
86.375		0.0516033
86.5		0.0516033
86.625		0.0516033
86.75		0.0516033
86.875		0.0516033
87		0.0516033
87.125		0.0516033
87.25		0.0516033
87.375		0.0516033
87.5		0.0516033
87.625		0.0516033
87.75		0.0516033
87.875		0.0516033
88		0.0516033
88.125		0.0516033
88.25		0.0516033
88.375		0.0516033
88.5		0.0516033
88.625		0.0516033
88.75		0.0516033
88.875		0.0516033
89		0.0516033
89.125		0.0516033
89.25		0.0516033
89.375		0.0516033
89.5		0.0516033
89.625		0.0516033
89.75		0.0516033
89.875		0.0516033
90		0.0516033
90.125		0.0572839
90.25		0.0572839
90.375		0.0572839
90.5		0.0572839
90.625		0.0572839
90.75		0.0572839
90.875		0.0572839
91		0.0572839
91.125		0.0572839
91.25		0.0572839
91.375		0.0572839
91.5		0.0572839
91.625		0.0572839
91.75		0.0572839
91.875		0.0572839
92		0.0572839
92.125		0.0572839
92.25		0.0572839
92.375		0.0572839
92.5		0.0572839
92.625		0.0572839
92.75		0.0572839
92.875		0.0572839
93		0.0572839
93.125		0.0572839
93.25		0.0572839
93.375		0.0572839
93.5		0.0572839
93.625		0.0572839
93.75		0.0572839
93.875		0.0572839
94		0.0572839
94.125		0.0572839
94.25		0.0572839
94.375		0.0572839
94.5		0.0572839
94.625		0.0572839
94.75		0.0572839
94.875		0.0572839
95		0.0572839
95.125		0.0600977
95.25		0.0600977
95.375		0.0600977
95.5		0.0600977
95.625		0.0600977
95.75		0.0600977
95.875		0.0600977
96		0.0600977
96.125		0.0600977
96.25		0.0600977
96.375		0.0600977
96.5		0.0600977
96.625		0.0600977
96.75		0.0600977
96.875		0.0600977
97		0.0600977
97.125		0.0600977
97.25		0.0600977
97.375		0.0600977
97.5		0.0600977
97.625		0.0600977
97.75		0.0600977
97.875		0.0600977
98		0.0600977
98.125		0.0600977
98.25		0.0600977
98.375		0.0600977
98.5		0.0600977
98.625		0.0600977
98.75		0.0600977
98.875		0.0600977
99		0.0600977
99.125		0.0600977
99.25		0.0600977
99.375		0.0600977
99.5		0.0600977
99.625		0.0600977
99.75		0.0600977
99.875		0.0600977
100		0.0600977
100.125		0.1031
100.25		0.1031
100.375		0.1031
100.5		0.1031
100.625		0.1031
100.75		0.1031
100.875		0.1031
101		0.1031
101.125		0.1031
101.25		0.1031
101.375		0.1031
101.5		0.1031
101.625		0.1031
101.75		0.1031
101.875		0.1031
102		0.1031
102.125		0.1031
102.25		0.1031
102.375		0.1031
102.5		0.1031
102.625		0.1031
102.75		0.1031
102.875		0.1031
103		0.1031
103.125		0.1031
103.25		0.1031
103.375		0.1031
103.5		0.1031
103.625		0.1031
103.75		0.1031
103.875		0.1031
104		0.1031
104.125		0.1031
104.25		0.1031
104.375		0.1031
104.5		0.1031
104.625		0.1031
104.75		0.1031
104.875		0.1031
105		0.1031
105.125		0.104534
105.25		0.104534
105.375		0.104534
105.5		0.104534
105.625		0.104534
105.75		0.104534
105.875		0.104534
106		0.104534
106.125		0.104534
106.25		0.104534
106.375		0.104534
106.5		0.104534
106.625		0.104534
106.75		0.104534
106.875		0.104534
107		0.104534
107.125		0.104534
107.25		0.104534
107.375		0.104534
107.5		0.104534
107.625		0.104534
107.75		0.104534
107.875		0.104534
108		0.104534
108.125		0.104534
108.25		0.104534
108.375		0.104534
108.5		0.104534
108.625		0.104534
108.75		0.104534
108.875		0.104534
109		0.104534
109.125		0.104534
109.25		0.104534
109.375		0.104534
109.5		0.104534
109.625		0.104534
109.75		0.104534
109.875		0.104534
110		0.104534
110.125		0.112391
110.25		0.112391
110.375		0.112391
110.5		0.112391
110.625		0.112391
110.75		0.112391
110.875		0.112391
111		0.112391
111.125		0.112391
111.25		0.112391
111.375		0.112391
111.5		0.112391
111.625		0.112391
111.75		0.112391
111.875		0.112391
112		0.112391
112.125		0.112391
112.25		0.112391
112.375		0.112391
112.5		0.112391
112.625		0.112391
112.75		0.112391
112.875		0.112391
113		0.112391
113.125		0.112391
113.25		0.112391
113.375		0.112391
113.5		0.112391
113.625		0.112391
113.75		0.112391
113.875		0.112391
114		0.112391
114.125		0.112391
114.25		0.112391
114.375		0.112391
114.5		0.112391
114.625		0.112391
114.75		0.112391
114.875		0.112391
115		0.112391
115.125		0.120673
115.25		0.120673
115.375		0.120673
115.5		0.120673
115.625		0.120673
115.75		0.120673
115.875		0.120673
116		0.120673
116.125		0.120673
116.25		0.120673
116.375		0.120673
116.5		0.120673
116.625		0.120673
116.75		0.120673
116.875		0.120673
117		0.120673
117.125		0.120673
117.25		0.120673
117.375		0.120673
117.5		0.120673
117.625		0.120673
117.75		0.120673
117.875		0.120673
118		0.120673
118.125		0.120673
118.25		0.120673
118.375		0.120673
118.5		0.120673
118.625		0.120673
118.75		0.120673
118.875		0.120673
119		0.120673
119.125		0.120673
119.25		0.120673
119.375		0.120673
119.5		0.120673
119.625		0.120673
119.75		0.120673
119.875		0.120673
120		0.120673
120.125		0.14828
120.25		0.14828
120.375		0.14828
120.5		0.14828
120.625		0.14828
120.75		0.14828
120.875		0.14828
121		0.14828
121.125		0.14828
121.25		0.14828
121.375		0.14828
121.5		0.14828
121.625		0.14828
121.75		0.14828
121.875		0.14828
122		0.14828
122.125		0.14828
122.25		0.14828
122.375		0.14828
122.5		0.14828
122.625		0.14828
122.75		0.14828
122.875		0.14828
123		0.14828
123.125		0.14828
123.25		0.14828
123.375		0.14828
123.5		0.14828
123.625		0.14828
123.75		0.14828
123.875		0.14828
124		0.14828
124.125		0.14828
124.25		0.14828
124.375		0.14828
124.5		0.14828
124.625		0.14828
124.75		0.14828
124.875		0.14828
125		0.14828
125.125		0.151571
125.25		0.151571
125.375		0.151571
125.5		0.151571
125.625		0.151571
125.75		0.151571
125.875		0.151571
126		0.151571
126.125		0.151571
126.25		0.151571
126.375		0.151571
126.5		0.151571
126.625		0.151571
126.75		0.151571
126.875		0.151571
127		0.151571
127.125		0.151571
127.25		0.151571
127.375		0.151571
127.5		0.151571
127.625		0.151571
127.75		0.151571
127.875		0.151571
128		0.151571
128.125		0.151571
128.25		0.151571
128.375		0.151571
128.5		0.151571
128.625		0.151571
128.75		0.151571
128.875		0.151571
129		0.151571
129.125		0.151571
129.25		0.151571
129.375		0.151571
129.5		0.151571
129.625		0.151571
129.75		0.151571
129.875		0.151571
130		0.151571
130.125		0.157624
130.25		0.157624
130.375		0.157624
130.5		0.157624
130.625		0.157624
130.75		0.157624
130.875		0.157624
131		0.157624
131.125		0.157624
131.25		0.157624
131.375		0.157624
131.5		0.157624
131.625		0.157624
131.75		0.157624
131.875		0.157624
132		0.157624
132.125		0.157624
132.25		0.157624
132.375		0.157624
132.5		0.157624
132.625		0.157624
132.75		0.157624
132.875		0.157624
133		0.157624
133.125		0.157624
133.25		0.157624
133.375		0.157624
133.5		0.157624
133.625		0.157624
133.75		0.157624
133.875		0.157624
134		0.157624
134.125		0.157624
134.25		0.157624
134.375		0.157624
134.5		0.157624
134.625		0.157624
134.75		0.157624
134.875		0.157624
135		0.157624
135.125		0.171905
135.25		0.171905
135.375		0.171905
135.5		0.171905
135.625		0.171905
135.75		0.171905
135.875		0.171905
136		0.171905
136.125		0.171905
136.25		0.171905
136.375		0.171905
136.5		0.171905
136.625		0.171905
136.75		0.171905
136.875		0.171905
137		0.171905
137.125		0.171905
137.25		0.171905
137.375		0.171905
137.5		0.171905
137.625		0.171905
137.75		0.171905
137.875		0.171905
138		0.171905
138.125		0.171905
138.25		0.171905
138.375		0.171905
138.5		0.171905
138.625		0.171905
138.75		0.171905
138.875		0.171905
139		0.171905
139.125		0.171905
139.25		0.171905
139.375		0.171905
139.5		0.171905
139.625		0.171905
139.75		0.171905
139.875		0.171905
140		0.171905
140.125		0.180718
140.25		0.180718
140.375		0.180718
140.5		0.180718
140.625		0.180718
140.75		0.180718
140.875		0.180718
141		0.180718
141.125		0.180718
141.25		0.180718
141.375		0.180718
141.5		0.180718
141.625		0.180718
141.75		0.180718
141.875		0.180718
142		0.180718
142.125		0.180718
142.25		0.180718
142.375		0.180718
142.5		0.180718
142.625		0.180718
142.75		0.180718
142.875		0.180718
143		0.180718
143.125		0.180718
143.25		0.180718
143.375		0.180718
143.5		0.180718
143.625		0.180718
143.75		0.180718
143.875		0.180718
144		0.180718
144.125		0.180718
144.25		0.180718
144.375		0.180718
144.5		0.180718
144.625		0.180718
144.75		0.180718
144.875		0.180718
145		0.180718
145.125		0.199512
145.25		0.199512
145.375		0.199512
145.5		0.199512
145.625		0.199512
145.75		0.199512
145.875		0.199512
146		0.199512
146.125		0.199512
146.25		0.199512
146.375		0.199512
146.5		0.199512
146.625		0.199512
146.75		0.199512
146.875		0.199512
147		0.199512
147.125		0.199512
147.25		0.199512
147.375		0.199512
147.5		0.199512
147.625		0.199512
147.75		0.199512
147.875		0.199512
148		0.199512
148.125		0.199512
148.25		0.199512
148.375		0.199512
148.5		0.199512
148.625		0.199512
148.75		0.199512
148.875		0.199512
149		0.199512
149.125		0.199512
149.25		0.199512
149.375		0.199512
149.5		0.199512
149.625		0.199512
149.75		0.199512
149.875		0.199512
150		0.199512
150.125		0.209386
150.25		0.209386
150.375		0.209386
150.5		0.209386
150.625		0.209386
150.75		0.209386
150.875		0.209386
151		0.209386
151.125		0.209386
151.25		0.209386
151.375		0.209386
151.5		0.209386
151.625		0.209386
151.75		0.209386
151.875		0.209386
152		0.209386
152.125		0.209386
152.25		0.209386
152.375		0.209386
152.5		0.209386
152.625		0.209386
152.75		0.209386
152.875		0.209386
153		0.209386
153.125		0.209386
153.25		0.209386
153.375		0.209386
153.5		0.209386
153.625		0.209386
153.75		0.209386
153.875		0.209386
154		0.209386
154.125		0.209386
154.25		0.209386
154.375		0.209386
154.5		0.209386
154.625		0.209386
154.75		0.209386
154.875		0.209386
155		0.209386
155.125		0.213474
155.25		0.213474
155.375		0.213474
155.5		0.213474
155.625		0.213474
155.75		0.213474
155.875		0.213474
156		0.213474
156.125		0.213474
156.25		0.213474
156.375		0.213474
156.5		0.213474
156.625		0.213474
156.75		0.213474
156.875		0.213474
157		0.213474
157.125		0.213474
157.25		0.213474
157.375		0.213474
157.5		0.213474
157.625		0.213474
157.75		0.213474
157.875		0.213474
158		0.213474
158.125		0.213474
158.25		0.213474
158.375		0.213474
158.5		0.213474
158.625		0.213474
158.75		0.213474
158.875		0.213474
159		0.213474
159.125		0.213474
159.25		0.213474
159.375		0.213474
159.5		0.213474
159.625		0.213474
159.75		0.213474
159.875		0.213474
160		0.213474
160.125		0.233171
160.25		0.233171
160.375		0.233171
160.5		0.233171
160.625		0.233171
160.75		0.233171
160.875		0.233171
161		0.233171
161.125		0.233171
161.25		0.233171
161.375		0.233171
161.5		0.233171
161.625		0.233171
161.75		0.233171
161.875		0.233171
162		0.233171
162.125		0.233171
162.25		0.233171
162.375		0.233171
162.5		0.233171
162.625		0.233171
162.75		0.233171
162.875		0.233171
163		0.233171
163.125		0.233171
163.25		0.233171
163.375		0.233171
163.5		0.233171
163.625		0.233171
163.75		0.233171
163.875		0.233171
164		0.233171
164.125		0.233171
164.25		0.233171
164.375		0.233171
164.5		0.233171
164.625		0.233171
164.75		0.233171
164.875		0.233171
165		0.233171
165.125		0.248407
165.25		0.248407
165.375		0.248407
165.5		0.248407
165.625		0.248407
165.75		0.248407
165.875		0.248407
166		0.248407
166.125		0.248407
166.25		0.248407
166.375		0.248407
166.5		0.248407
166.625		0.248407
166.75		0.248407
166.875		0.248407
167		0.248407
167.125		0.248407
167.25		0.248407
167.375		0.248407
167.5		0.248407
167.625		0.248407
167.75		0.248407
167.875		0.248407
168		0.248407
168.125		0.248407
168.25		0.248407
168.375		0.248407
168.5		0.248407
168.625		0.248407
168.75		0.248407
168.875		0.248407
169		0.248407
169.125		0.248407
169.25		0.248407
169.375		0.248407
169.5		0.248407
169.625		0.248407
169.75		0.248407
169.875		0.248407
170		0.248407
170.125		0.263803
170.25		0.263803
170.375		0.263803
170.5		0.263803
170.625		0.263803
170.75		0.263803
170.875		0.263803
171		0.263803
171.125		0.263803
171.25		0.263803
171.375		0.263803
171.5		0.263803
171.625		0.263803
171.75		0.263803
171.875		0.263803
172		0.263803
172.125		0.263803
172.25		0.263803
172.375		0.263803
172.5		0.263803
172.625		0.263803
172.75		0.263803
172.875		0.263803
173		0.263803
173.125		0.263803
173.25		0.263803
173.375		0.263803
173.5		0.263803
173.625		0.263803
173.75		0.263803
173.875		0.263803
174		0.263803
174.125		0.263803
174.25		0.263803
174.375		0.263803
174.5		0.263803
174.625		0.263803
174.75		0.263803
174.875		0.263803
175		0.263803
175.125		0.264228
175.25		0.264228
175.375		0.264228
175.5		0.264228
175.625		0.264228
175.75		0.264228
175.875		0.264228
176		0.264228
176.125		0.264228
176.25		0.264228
176.375		0.264228
176.5		0.264228
176.625		0.264228
176.75		0.264228
176.875		0.264228
177		0.264228
177.125		0.264228
177.25		0.264228
177.375		0.264228
177.5		0.264228
177.625		0.264228
177.75		0.264228
177.875		0.264228
178		0.264228
178.125		0.264228
178.25		0.264228
178.375		0.264228
178.5		0.264228
178.625		0.264228
178.75		0.264228
178.875		0.264228
179		0.264228
179.125		0.264228
179.25		0.264228
179.375		0.264228
179.5		0.264228
179.625		0.264228
179.75		0.264228
179.875		0.264228
180		0.264228
180.125		0.266299
180.25		0.266299
180.375		0.266299
180.5		0.266299
180.625		0.266299
180.75		0.266299
180.875		0.266299
181		0.266299
181.125		0.266299
181.25		0.266299
181.375		0.266299
181.5		0.266299
181.625		0.266299
181.75		0.266299
181.875		0.266299
182		0.266299
182.125		0.266299
182.25		0.266299
182.375		0.266299
182.5		0.266299
182.625		0.266299
182.75		0.266299
182.875		0.266299
183		0.266299
183.125		0.266299
183.25		0.266299
183.375		0.266299
183.5		0.266299
183.625		0.266299
183.75		0.266299
183.875		0.266299
184		0.266299
184.125		0.266299
184.25		0.266299
184.375		0.266299
184.5		0.266299
184.625		0.266299
184.75		0.266299
184.875		0.266299
185		0.266299
185.125		0.297197
185.25		0.297197
185.375		0.297197
185.5		0.297197
185.625		0.297197
185.75		0.297197
185.875		0.297197
186		0.297197
186.125		0.297197
186.25		0.297197
186.375		0.297197
186.5		0.297197
186.625		0.297197
186.75		0.297197
186.875		0.297197
187		0.297197
187.125		0.297197
187.25		0.297197
187.375		0.297197
187.5		0.297197
187.625		0.297197
187.75		0.297197
187.875		0.297197
188		0.297197
188.125		0.297197
188.25		0.297197
188.375		0.297197
188.5		0.297197
188.625		0.297197
188.75		0.297197
188.875		0.297197
189		0.297197
189.125		0.297197
189.25		0.297197
189.375		0.297197
189.5		0.297197
189.625		0.297197
189.75		0.297197
189.875		0.297197
190		0.297197
190.125		0.298099
190.25		0.298099
190.375		0.298099
190.5		0.298099
190.625		0.298099
190.75		0.298099
190.875		0.298099
191		0.298099
191.125		0.298099
191.25		0.298099
191.375		0.298099
191.5		0.298099
191.625		0.298099
191.75		0.298099
191.875		0.298099
192		0.298099
192.125		0.298099
192.25		0.298099
192.375		0.298099
192.5		0.298099
192.625		0.298099
192.75		0.298099
192.875		0.298099
193		0.298099
193.125		0.298099
193.25		0.298099
193.375		0.298099
193.5		0.298099
193.625		0.298099
193.75		0.298099
193.875		0.298099
194		0.298099
194.125		0.298099
194.25		0.298099
194.375		0.298099
194.5		0.298099
194.625		0.298099
194.75		0.298099
194.875		0.298099
195		0.298099
195.125		0.299002
195.25		0.299002
195.375		0.299002
195.5		0.299002
195.625		0.299002
195.75		0.299002
195.875		0.299002
196		0.299002
196.125		0.299002
196.25		0.299002
196.375		0.299002
196.5		0.299002
196.625		0.299002
196.75		0.299002
196.875		0.299002
197		0.299002
197.125		0.299002
197.25		0.299002
197.375		0.299002
197.5		0.299002
197.625		0.299002
197.75		0.299002
197.875		0.299002
198		0.299002
198.125		0.299002
198.25		0.299002
198.375		0.299002
198.5		0.299002
198.625		0.299002
198.75		0.299002
198.875		0.299002
199		0.299002
199.125		0.299002
199.25		0.299002
199.375		0.299002
199.5		0.299002
199.625		0.299002
199.75		0.299002
199.875		0.299002
200		0.299002
200.125		0.327724
200.25		0.327724
200.375		0.327724
200.5		0.327724
200.625		0.327724
200.75		0.327724
200.875		0.327724
201		0.327724
201.125		0.327724
201.25		0.327724
201.375		0.327724
201.5		0.327724
201.625		0.327724
201.75		0.327724
201.875		0.327724
202		0.327724
202.125		0.327724
202.25		0.327724
202.375		0.327724
202.5		0.327724
202.625		0.327724
202.75		0.327724
202.875		0.327724
203		0.327724
203.125		0.327724
203.25		0.327724
203.375		0.327724
203.5		0.327724
203.625		0.327724
203.75		0.327724
203.875		0.327724
204		0.327724
204.125		0.327724
204.25		0.327724
204.375		0.327724
204.5		0.327724
204.625		0.327724
204.75		0.327724
204.875		0.327724
205		0.327724
205.125		0.3342
205.25		0.3342
205.375		0.3342
205.5		0.3342
205.625		0.3342
205.75		0.3342
205.875		0.3342
206		0.3342
206.125		0.3342
206.25		0.3342
206.375		0.3342
206.5		0.3342
206.625		0.3342
206.75		0.3342
206.875		0.3342
207		0.3342
207.125		0.3342
207.25		0.3342
207.375		0.3342
207.5		0.3342
207.625		0.3342
207.75		0.3342
207.875		0.3342
208		0.3342
208.125		0.3342
208.25		0.3342
208.375		0.3342
208.5		0.3342
208.625		0.3342
208.75		0.3342
208.875		0.3342
209		0.3342
209.125		0.3342
209.25		0.3342
209.375		0.3342
209.5		0.3342
209.625		0.3342
209.75		0.3342
209.875		0.3342
210		0.3342
210.125		0.352516
210.25		0.352516
210.375		0.352516
210.5		0.352516
210.625		0.352516
210.75		0.352516
210.875		0.352516
211		0.352516
211.125		0.352516
211.25		0.352516
211.375		0.352516
211.5		0.352516
211.625		0.352516
211.75		0.352516
211.875		0.352516
212		0.352516
212.125		0.352516
212.25		0.352516
212.375		0.352516
212.5		0.352516
212.625		0.352516
212.75		0.352516
212.875		0.352516
213		0.352516
213.125		0.352516
213.25		0.352516
213.375		0.352516
213.5		0.352516
213.625		0.352516
213.75		0.352516
213.875		0.352516
214		0.352516
214.125		0.352516
214.25		0.352516
214.375		0.352516
214.5		0.352516
214.625		0.352516
214.75		0.352516
214.875		0.352516
215		0.352516
215.125		0.352994
215.25		0.352994
215.375		0.352994
215.5		0.352994
215.625		0.352994
215.75		0.352994
215.875		0.352994
216		0.352994
216.125		0.352994
216.25		0.352994
216.375		0.352994
216.5		0.352994
216.625		0.352994
216.75		0.352994
216.875		0.352994
217		0.352994
217.125		0.352994
217.25		0.352994
217.375		0.352994
217.5		0.352994
217.625		0.352994
217.75		0.352994
217.875		0.352994
218		0.352994
218.125		0.352994
218.25		0.352994
218.375		0.352994
218.5		0.352994
218.625		0.352994
218.75		0.352994
218.875		0.352994
219		0.352994
219.125		0.352994
219.25		0.352994
219.375		0.352994
219.5		0.352994
219.625		0.352994
219.75		0.352994
219.875		0.352994
220		0.352994
220.125		0.354906
220.25		0.354906
220.375		0.354906
220.5		0.354906
220.625		0.354906
220.75		0.354906
220.875		0.354906
221		0.354906
221.125		0.354906
221.25		0.354906
221.375		0.354906
221.5		0.354906
221.625		0.354906
221.75		0.354906
221.875		0.354906
222		0.354906
222.125		0.354906
222.25		0.354906
222.375		0.354906
222.5		0.354906
222.625		0.354906
222.75		0.354906
222.875		0.354906
223		0.354906
223.125		0.354906
223.25		0.354906
223.375		0.354906
223.5		0.354906
223.625		0.354906
223.75		0.354906
223.875		0.354906
224		0.354906
224.125		0.354906
224.25		0.354906
224.375		0.354906
224.5		0.354906
224.625		0.354906
224.75		0.354906
224.875		0.354906
225		0.354906
225.125		0.371523
225.25		0.371523
225.375		0.371523
225.5		0.371523
225.625		0.371523
225.75		0.371523
225.875		0.371523
226		0.371523
226.125		0.371523
226.25		0.371523
226.375		0.371523
226.5		0.371523
226.625		0.371523
226.75		0.371523
226.875		0.371523
227		0.371523
227.125		0.371523
227.25		0.371523
227.375		0.371523
227.5		0.371523
227.625		0.371523
227.75		0.371523
227.875		0.371523
228		0.371523
228.125		0.371523
228.25		0.371523
228.375		0.371523
228.5		0.371523
228.625		0.371523
228.75		0.371523
228.875		0.371523
229		0.371523
229.125		0.371523
229.25		0.371523
229.375		0.371523
229.5		0.371523
229.625		0.371523
229.75		0.371523
229.875		0.371523
230		0.371523
230.125		0.395678
230.25		0.395678
230.375		0.395678
230.5		0.395678
230.625		0.395678
230.75		0.395678
230.875		0.395678
231		0.395678
231.125		0.395678
231.25		0.395678
231.375		0.395678
231.5		0.395678
231.625		0.395678
231.75		0.395678
231.875		0.395678
232		0.395678
232.125		0.395678
232.25		0.395678
232.375		0.395678
232.5		0.395678
232.625		0.395678
232.75		0.395678
232.875		0.395678
233		0.395678
233.125		0.395678
233.25		0.395678
233.375		0.395678
233.5		0.395678
233.625		0.395678
233.75		0.395678
233.875		0.395678
234		0.395678
234.125		0.395678
234.25		0.395678
234.375		0.395678
234.5		0.395678
234.625		0.395678
234.75		0.395678
234.875		0.395678
235		0.395678
235.125		0.410278
235.25		0.410278
235.375		0.410278
235.5		0.410278
235.625		0.410278
235.75		0.410278
235.875		0.410278
236		0.410278
236.125		0.410278
236.25		0.410278
236.375		0.410278
236.5		0.410278
236.625		0.410278
236.75		0.410278
236.875		0.410278
237		0.410278
237.125		0.410278
237.25		0.410278
237.375		0.410278
237.5		0.410278
237.625		0.410278
237.75		0.410278
237.875		0.410278
238		0.410278
238.125		0.410278
238.25		0.410278
238.375		0.410278
238.5		0.410278
238.625		0.410278
238.75		0.410278
238.875		0.410278
239		0.410278
239.125		0.410278
239.25		0.410278
239.375		0.410278
239.5		0.410278
239.625		0.410278
239.75		0.410278
239.875		0.410278
240		0.410278
240.125		0.411021
240.25		0.411021
240.375		0.411021
240.5		0.411021
240.625		0.411021
240.75		0.411021
240.875		0.411021
241		0.411021
241.125		0.411021
241.25		0.411021
241.375		0.411021
241.5		0.411021
241.625		0.411021
241.75		0.411021
241.875		0.411021
242		0.411021
242.125		0.411021
242.25		0.411021
242.375		0.411021
242.5		0.411021
242.625		0.411021
242.75		0.411021
242.875		0.411021
243		0.411021
243.125		0.411021
243.25		0.411021
243.375		0.411021
243.5		0.411021
243.625		0.411021
243.75		0.411021
243.875		0.411021
244		0.411021
244.125		0.411021
244.25		0.411021
244.375		0.411021
244.5		0.411021
244.625		0.411021
244.75		0.411021
244.875		0.411021
245		0.411021
245.125		0.420896
245.25		0.420896
245.375		0.420896
245.5		0.420896
245.625		0.420896
245.75		0.420896
245.875		0.420896
246		0.420896
246.125		0.420896
246.25		0.420896
246.375		0.420896
246.5		0.420896
246.625		0.420896
246.75		0.420896
246.875		0.420896
247		0.420896
247.125		0.420896
247.25		0.420896
247.375		0.420896
247.5		0.420896
247.625		0.420896
247.75		0.420896
247.875		0.420896
248		0.420896
248.125		0.420896
248.25		0.420896
248.375		0.420896
248.5		0.420896
248.625		0.420896
248.75		0.420896
248.875		0.420896
249		0.420896
249.125		0.420896
249.25		0.420896
249.375		0.420896
249.5		0.420896
249.625		0.420896
249.75		0.420896
249.875		0.420896
250		0.420896
250.125		0.44123
250.25		0.44123
250.375		0.44123
250.5		0.44123
250.625		0.44123
250.75		0.44123
250.875		0.44123
251		0.44123
251.125		0.44123
251.25		0.44123
251.375		0.44123
251.5		0.44123
251.625		0.44123
251.75		0.44123
251.875		0.44123
252		0.44123
252.125		0.44123
252.25		0.44123
252.375		0.44123
252.5		0.44123
252.625		0.44123
252.75		0.44123
252.875		0.44123
253		0.44123
253.125		0.44123
253.25		0.44123
253.375		0.44123
253.5		0.44123
253.625		0.44123
253.75		0.44123
253.875		0.44123
254		0.44123
254.125		0.44123
254.25		0.44123
254.375		0.44123
254.5		0.44123
254.625		0.44123
254.75		0.44123
254.875		0.44123
255		0.44123
255.125		0.454502
255.25		0.454502
255.375		0.454502
255.5		0.454502
255.625		0.454502
255.75		0.454502
255.875		0.454502
256		0.454502
256.125		0.454502
256.25		0.454502
256.375		0.454502
256.5		0.454502
256.625		0.454502
256.75		0.454502
256.875		0.454502
257		0.454502
257.125		0.454502
257.25		0.454502
257.375		0.454502
257.5		0.454502
257.625		0.454502
257.75		0.454502
257.875		0.454502
258		0.454502
258.125		0.454502
258.25		0.454502
258.375		0.454502
258.5		0.454502
258.625		0.454502
258.75		0.454502
258.875		0.454502
259		0.454502
259.125		0.454502
259.25		0.454502
259.375		0.454502
259.5		0.454502
259.625		0.454502
259.75		0.454502
259.875		0.454502
260		0.454502
260.125		0.461351
260.25		0.461351
260.375		0.461351
260.5		0.461351
260.625		0.461351
260.75		0.461351
260.875		0.461351
261		0.461351
261.125		0.461351
261.25		0.461351
261.375		0.461351
261.5		0.461351
261.625		0.461351
261.75		0.461351
261.875		0.461351
262		0.461351
262.125		0.461351
262.25		0.461351
262.375		0.461351
262.5		0.461351
262.625		0.461351
262.75		0.461351
262.875		0.461351
263		0.461351
263.125		0.461351
263.25		0.461351
263.375		0.461351
263.5		0.461351
263.625		0.461351
263.75		0.461351
263.875		0.461351
264		0.461351
264.125		0.461351
264.25		0.461351
264.375		0.461351
264.5		0.461351
264.625		0.461351
264.75		0.461351
264.875		0.461351
265		0.461351
265.125		0.476587
265.25		0.476587
265.375		0.476587
265.5		0.476587
265.625		0.476587
265.75		0.476587
265.875		0.476587
266		0.476587
266.125		0.476587
266.25		0.476587
266.375		0.476587
266.5		0.476587
266.625		0.476587
266.75		0.476587
266.875		0.476587
267		0.476587
267.125		0.476587
267.25		0.476587
267.375		0.476587
267.5		0.476587
267.625		0.476587
267.75		0.476587
267.875		0.476587
268		0.476587
268.125		0.476587
268.25		0.476587
268.375		0.476587
268.5		0.476587
268.625		0.476587
268.75		0.476587
268.875		0.476587
269		0.476587
269.125		0.476587
269.25		0.476587
269.375		0.476587
269.5		0.476587
269.625		0.476587
269.75		0.476587
269.875		0.476587
270		0.476587
270.125		0.484551
270.25		0.484551
270.375		0.484551
270.5		0.484551
270.625		0.484551
270.75		0.484551
270.875		0.484551
271		0.484551
271.125		0.484551
271.25		0.484551
271.375		0.484551
271.5		0.484551
271.625		0.484551
271.75		0.484551
271.875		0.484551
272		0.484551
272.125		0.484551
272.25		0.484551
272.375		0.484551
272.5		0.484551
272.625		0.484551
272.75		0.484551
272.875		0.484551
273		0.484551
273.125		0.484551
273.25		0.484551
273.375		0.484551
273.5		0.484551
273.625		0.484551
273.75		0.484551
273.875		0.484551
274		0.484551
274.125		0.484551
274.25		0.484551
274.375		0.484551
274.5		0.484551
274.625		0.484551
274.75		0.484551
274.875		0.484551
275		0.484551
275.125		0.501593
275.25		0.501593
275.375		0.501593
275.5		0.501593
275.625		0.501593
275.75		0.501593
275.875		0.501593
276		0.501593
276.125		0.501593
276.25		0.501593
276.375		0.501593
276.5		0.501593
276.625		0.501593
276.75		0.501593
276.875		0.501593
277		0.501593
277.125		0.501593
277.25		0.501593
277.375		0.501593
277.5		0.501593
277.625		0.501593
277.75		0.501593
277.875		0.501593
278		0.501593
278.125		0.501593
278.25		0.501593
278.375		0.501593
278.5		0.501593
278.625		0.501593
278.75		0.501593
278.875		0.501593
279		0.501593
279.125		0.501593
279.25		0.501593
279.375		0.501593
279.5		0.501593
279.625		0.501593
279.75		0.501593
279.875		0.501593
280		0.501593
280.125		0.502708
280.25		0.502708
280.375		0.502708
280.5		0.502708
280.625		0.502708
280.75		0.502708
280.875		0.502708
281		0.502708
281.125		0.502708
281.25		0.502708
281.375		0.502708
281.5		0.502708
281.625		0.502708
281.75		0.502708
281.875		0.502708
282		0.502708
282.125		0.502708
282.25		0.502708
282.375		0.502708
282.5		0.502708
282.625		0.502708
282.75		0.502708
282.875		0.502708
283		0.502708
283.125		0.502708
283.25		0.502708
283.375		0.502708
283.5		0.502708
283.625		0.502708
283.75		0.502708
283.875		0.502708
284		0.502708
284.125		0.502708
284.25		0.502708
284.375		0.502708
284.5		0.502708
284.625		0.502708
284.75		0.502708
284.875		0.502708
285		0.502708
285.125		0.517732
285.25		0.517732
285.375		0.517732
285.5		0.517732
285.625		0.517732
285.75		0.517732
285.875		0.517732
286		0.517732
286.125		0.517732
286.25		0.517732
286.375		0.517732
286.5		0.517732
286.625		0.517732
286.75		0.517732
286.875		0.517732
287		0.517732
287.125		0.517732
287.25		0.517732
287.375		0.517732
287.5		0.517732
287.625		0.517732
287.75		0.517732
287.875		0.517732
288		0.517732
288.125		0.517732
288.25		0.517732
288.375		0.517732
288.5		0.517732
288.625		0.517732
288.75		0.517732
288.875		0.517732
289		0.517732
289.125		0.517732
289.25		0.517732
289.375		0.517732
289.5		0.517732
289.625		0.517732
289.75		0.517732
289.875		0.517732
290		0.517732
290.125		0.520652
290.25		0.520652
290.375		0.520652
290.5		0.520652
290.625		0.520652
290.75		0.520652
290.875		0.520652
291		0.520652
291.125		0.520652
291.25		0.520652
291.375		0.520652
291.5		0.520652
291.625		0.520652
291.75		0.520652
291.875		0.520652
292		0.520652
292.125		0.520652
292.25		0.520652
292.375		0.520652
292.5		0.520652
292.625		0.520652
292.75		0.520652
292.875		0.520652
293		0.520652
293.125		0.520652
293.25		0.520652
293.375		0.520652
293.5		0.520652
293.625		0.520652
293.75		0.520652
293.875		0.520652
294		0.520652
294.125		0.520652
294.25		0.520652
294.375		0.520652
294.5		0.520652
294.625		0.520652
294.75		0.520652
294.875		0.520652
295		0.520652
295.125		0.537641
295.25		0.537641
295.375		0.537641
295.5		0.537641
295.625		0.537641
295.75		0.537641
295.875		0.537641
296		0.537641
296.125		0.537641
296.25		0.537641
296.375		0.537641
296.5		0.537641
296.625		0.537641
296.75		0.537641
296.875		0.537641
297		0.537641
297.125		0.537641
297.25		0.537641
297.375		0.537641
297.5		0.537641
297.625		0.537641
297.75		0.537641
297.875		0.537641
298		0.537641
298.125		0.537641
298.25		0.537641
298.375		0.537641
298.5		0.537641
298.625		0.537641
298.75		0.537641
298.875		0.537641
299		0.537641
299.125		0.537641
299.25		0.537641
299.375		0.537641
299.5		0.537641
299.625		0.537641
299.75		0.537641
299.875		0.537641
300		0.537641
300.125		0.553143
300.25		0.553143
300.375		0.553143
300.5		0.553143
300.625		0.553143
300.75		0.553143
300.875		0.553143
301		0.553143
301.125		0.553143
301.25		0.553143
301.375		0.553143
301.5		0.553143
301.625		0.553143
301.75		0.553143
301.875		0.553143
302		0.553143
302.125		0.553143
302.25		0.553143
302.375		0.553143
302.5		0.553143
302.625		0.553143
302.75		0.553143
302.875		0.553143
303		0.553143
303.125		0.553143
303.25		0.553143
303.375		0.553143
303.5		0.553143
303.625		0.553143
303.75		0.553143
303.875		0.553143
304		0.553143
304.125		0.553143
304.25		0.553143
304.375		0.553143
304.5		0.553143
304.625		0.553143
304.75		0.553143
304.875		0.553143
305		0.553143
305.125		0.55877
305.25		0.55877
305.375		0.55877
305.5		0.55877
305.625		0.55877
305.75		0.55877
305.875		0.55877
306		0.55877
306.125		0.55877
306.25		0.55877
306.375		0.55877
306.5		0.55877
306.625		0.55877
306.75		0.55877
306.875		0.55877
307		0.55877
307.125		0.55877
307.25		0.55877
307.375		0.55877
307.5		0.55877
307.625		0.55877
307.75		0.55877
307.875		0.55877
308		0.55877
308.125		0.55877
308.25		0.55877
308.375		0.55877
308.5		0.55877
308.625		0.55877
308.75		0.55877
308.875		0.55877
309		0.55877
309.125		0.55877
309.25		0.55877
309.375		0.55877
309.5		0.55877
309.625		0.55877
309.75		0.55877
309.875		0.55877
310		0.55877
310.125		0.56976
310.25		0.56976
310.375		0.56976
310.5		0.56976
310.625		0.56976
310.75		0.56976
310.875		0.56976
311		0.56976
311.125		0.56976
311.25		0.56976
311.375		0.56976
311.5		0.56976
311.625		0.56976
311.75		0.56976
311.875		0.56976
312		0.56976
312.125		0.56976
312.25		0.56976
312.375		0.56976
312.5		0.56976
312.625		0.56976
312.75		0.56976
312.875		0.56976
313		0.56976
313.125		0.56976
313.25		0.56976
313.375		0.56976
313.5		0.56976
313.625		0.56976
313.75		0.56976
313.875		0.56976
314		0.56976
314.125		0.56976
314.25		0.56976
314.375		0.56976
314.5		0.56976
314.625		0.56976
314.75		0.56976
314.875		0.56976
315		0.56976
315.125		0.579475
315.25		0.579475
315.375		0.579475
315.5		0.579475
315.625		0.579475
315.75		0.579475
315.875		0.579475
316		0.579475
316.125		0.579475
316.25		0.579475
316.375		0.579475
316.5		0.579475
316.625		0.579475
316.75		0.579475
316.875		0.579475
317		0.579475
317.125		0.579475
317.25		0.579475
317.375		0.579475
317.5		0.579475
317.625		0.579475
317.75		0.579475
317.875		0.579475
318		0.579475
318.125		0.579475
318.25		0.579475
318.375		0.579475
318.5		0.579475
318.625		0.579475
318.75		0.579475
318.875		0.579475
319		0.579475
319.125		0.579475
319.25		0.579475
319.375		0.579475
319.5		0.579475
319.625		0.579475
319.75		0.579475
319.875		0.579475
320		0.579475
320.125		0.588713
320.25		0.588713
320.375		0.588713
320.5		0.588713
320.625		0.588713
320.75		0.588713
320.875		0.588713
321		0.588713
321.125		0.588713
321.25		0.588713
321.375		0.588713
321.5		0.588713
321.625		0.588713
321.75		0.588713
321.875		0.588713
322		0.588713
322.125		0.588713
322.25		0.588713
322.375		0.588713
322.5		0.588713
322.625		0.588713
322.75		0.588713
322.875		0.588713
323		0.588713
323.125		0.588713
323.25		0.588713
323.375		0.588713
323.5		0.588713
323.625		0.588713
323.75		0.588713
323.875		0.588713
324		0.588713
324.125		0.588713
324.25		0.588713
324.375		0.588713
324.5		0.588713
324.625		0.588713
324.75		0.588713
324.875		0.588713
325		0.588713
325.125		0.602729
325.25		0.602729
325.375		0.602729
325.5		0.602729
325.625		0.602729
325.75		0.602729
325.875		0.602729
326		0.602729
326.125		0.602729
326.25		0.602729
326.375		0.602729
326.5		0.602729
326.625		0.602729
326.75		0.602729
326.875		0.602729
327		0.602729
327.125		0.602729
327.25		0.602729
327.375		0.602729
327.5		0.602729
327.625		0.602729
327.75		0.602729
327.875		0.602729
328		0.602729
328.125		0.602729
328.25		0.602729
328.375		0.602729
328.5		0.602729
328.625		0.602729
328.75		0.602729
328.875		0.602729
329		0.602729
329.125		0.602729
329.25		0.602729
329.375		0.602729
329.5		0.602729
329.625		0.602729
329.75		0.602729
329.875		0.602729
330		0.602729
330.125		0.615895
330.25		0.615895
330.375		0.615895
330.5		0.615895
330.625		0.615895
330.75		0.615895
330.875		0.615895
331		0.615895
331.125		0.615895
331.25		0.615895
331.375		0.615895
331.5		0.615895
331.625		0.615895
331.75		0.615895
331.875		0.615895
332		0.615895
332.125		0.615895
332.25		0.615895
332.375		0.615895
332.5		0.615895
332.625		0.615895
332.75		0.615895
332.875		0.615895
333		0.615895
333.125		0.615895
333.25		0.615895
333.375		0.615895
333.5		0.615895
333.625		0.615895
333.75		0.615895
333.875		0.615895
334		0.615895
334.125		0.615895
334.25		0.615895
334.375		0.615895
334.5		0.615895
334.625		0.615895
334.75		0.615895
334.875		0.615895
335		0.615895
335.125		0.62131
335.25		0.62131
335.375		0.62131
335.5		0.62131
335.625		0.62131
335.75		0.62131
335.875		0.62131
336		0.62131
336.125		0.62131
336.25		0.62131
336.375		0.62131
336.5		0.62131
336.625		0.62131
336.75		0.62131
336.875		0.62131
337		0.62131
337.125		0.62131
337.25		0.62131
337.375		0.62131
337.5		0.62131
337.625		0.62131
337.75		0.62131
337.875		0.62131
338		0.62131
338.125		0.62131
338.25		0.62131
338.375		0.62131
338.5		0.62131
338.625		0.62131
338.75		0.62131
338.875		0.62131
339		0.62131
339.125		0.62131
339.25		0.62131
339.375		0.62131
339.5		0.62131
339.625		0.62131
339.75		0.62131
339.875		0.62131
340		0.62131
340.125		0.642228
340.25		0.642228
340.375		0.642228
340.5		0.642228
340.625		0.642228
340.75		0.642228
340.875		0.642228
341		0.642228
341.125		0.642228
341.25		0.642228
341.375		0.642228
341.5		0.642228
341.625		0.642228
341.75		0.642228
341.875		0.642228
342		0.642228
342.125		0.642228
342.25		0.642228
342.375		0.642228
342.5		0.642228
342.625		0.642228
342.75		0.642228
342.875		0.642228
343		0.642228
343.125		0.642228
343.25		0.642228
343.375		0.642228
343.5		0.642228
343.625		0.642228
343.75		0.642228
343.875		0.642228
344		0.642228
344.125		0.642228
344.25		0.642228
344.375		0.642228
344.5		0.642228
344.625		0.642228
344.75		0.642228
344.875		0.642228
345		0.642228
345.125		0.644457
345.25		0.644457
345.375		0.644457
345.5		0.644457
345.625		0.644457
345.75		0.644457
345.875		0.644457
346		0.644457
346.125		0.644457
346.25		0.644457
346.375		0.644457
346.5		0.644457
346.625		0.644457
346.75		0.644457
346.875		0.644457
347		0.644457
347.125		0.644457
347.25		0.644457
347.375		0.644457
347.5		0.644457
347.625		0.644457
347.75		0.644457
347.875		0.644457
348		0.644457
348.125		0.644457
348.25		0.644457
348.375		0.644457
348.5		0.644457
348.625		0.644457
348.75		0.644457
348.875		0.644457
349		0.644457
349.125		0.644457
349.25		0.644457
349.375		0.644457
349.5		0.644457
349.625		0.644457
349.75		0.644457
349.875		0.644457
350		0.644457
350.125		0.652952
350.25		0.652952
350.375		0.652952
350.5		0.652952
350.625		0.652952
350.75		0.652952
350.875		0.652952
351		0.652952
351.125		0.652952
351.25		0.652952
351.375		0.652952
351.5		0.652952
351.625		0.652952
351.75		0.652952
351.875		0.652952
352		0.652952
352.125		0.652952
352.25		0.652952
352.375		0.652952
352.5		0.652952
352.625		0.652952
352.75		0.652952
352.875		0.652952
353		0.652952
353.125		0.652952
353.25		0.652952
353.375		0.652952
353.5		0.652952
353.625		0.652952
353.75		0.652952
353.875		0.652952
354		0.652952
354.125		0.652952
354.25		0.652952
354.375		0.652952
354.5		0.652952
354.625		0.652952
354.75		0.652952
354.875		0.652952
355		0.652952
355.125		0.676258
355.25		0.676258
355.375		0.676258
355.5		0.676258
355.625		0.676258
355.75		0.676258
355.875		0.676258
356		0.676258
356.125		0.676258
356.25		0.676258
356.375		0.676258
356.5		0.676258
356.625		0.676258
356.75		0.676258
356.875		0.676258
357		0.676258
357.125		0.676258
357.25		0.676258
357.375		0.676258
357.5		0.676258
357.625		0.676258
357.75		0.676258
357.875		0.676258
358		0.676258
358.125		0.676258
358.25		0.676258
358.375		0.676258
358.5		0.676258
358.625		0.676258
358.75		0.676258
358.875		0.676258
359		0.676258
359.125		0.676258
359.25		0.676258
359.375		0.676258
359.5		0.676258
359.625		0.676258
359.75		0.676258
359.875		0.676258
360		0.676258
360.125		0.690062
360.25		0.690062
360.375		0.690062
360.5		0.690062
360.625		0.690062
360.75		0.690062
360.875		0.690062
361		0.690062
361.125		0.690062
361.25		0.690062
361.375		0.690062
361.5		0.690062
361.625		0.690062
361.75		0.690062
361.875		0.690062
362		0.690062
362.125		0.690062
362.25		0.690062
362.375		0.690062
362.5		0.690062
362.625		0.690062
362.75		0.690062
362.875		0.690062
363		0.690062
363.125		0.690062
363.25		0.690062
363.375		0.690062
363.5		0.690062
363.625		0.690062
363.75		0.690062
363.875		0.690062
364		0.690062
364.125		0.690062
364.25		0.690062
364.375		0.690062
364.5		0.690062
364.625		0.690062
364.75		0.690062
364.875		0.690062
365		0.690062
365.125		0.696167
365.25		0.696167
365.375		0.696167
365.5		0.696167
365.625		0.696167
365.75		0.696167
365.875		0.696167
366		0.696167
366.125		0.696167
366.25		0.696167
366.375		0.696167
366.5		0.696167
366.625		0.696167
366.75		0.696167
366.875		0.696167
367		0.696167
367.125		0.696167
367.25		0.696167
367.375		0.696167
367.5		0.696167
367.625		0.696167
367.75		0.696167
367.875		0.696167
368		0.696167
368.125		0.696167
368.25		0.696167
368.375		0.696167
368.5		0.696167
368.625		0.696167
368.75		0.696167
368.875		0.696167
369		0.696167
369.125		0.696167
369.25		0.696167
369.375		0.696167
369.5		0.696167
369.625		0.696167
369.75		0.696167
369.875		0.696167
370		0.696167
370.125		0.709599
370.25		0.709599
370.375		0.709599
370.5		0.709599
370.625		0.709599
370.75		0.709599
370.875		0.709599
371		0.709599
371.125		0.709599
371.25		0.709599
371.375		0.709599
371.5		0.709599
371.625		0.709599
371.75		0.709599
371.875		0.709599
372		0.709599
372.125		0.709599
372.25		0.709599
372.375		0.709599
372.5		0.709599
372.625		0.709599
372.75		0.709599
372.875		0.709599
373		0.709599
373.125		0.709599
373.25		0.709599
373.375		0.709599
373.5		0.709599
373.625		0.709599
373.75		0.709599
373.875		0.709599
374		0.709599
374.125		0.709599
374.25		0.709599
374.375		0.709599
374.5		0.709599
374.625		0.709599
374.75		0.709599
374.875		0.709599
375		0.709599
375.125		0.713103
375.25		0.713103
375.375		0.713103
375.5		0.713103
375.625		0.713103
375.75		0.713103
375.875		0.713103
376		0.713103
376.125		0.713103
376.25		0.713103
376.375		0.713103
376.5		0.713103
376.625		0.713103
376.75		0.713103
376.875		0.713103
377		0.713103
377.125		0.713103
377.25		0.713103
377.375		0.713103
377.5		0.713103
377.625		0.713103
377.75		0.713103
377.875		0.713103
378		0.713103
378.125		0.713103
378.25		0.713103
378.375		0.713103
378.5		0.713103
378.625		0.713103
378.75		0.713103
378.875		0.713103
379		0.713103
379.125		0.713103
379.25		0.713103
379.375		0.713103
379.5		0.713103
379.625		0.713103
379.75		0.713103
379.875		0.713103
380		0.713103
380.125		0.74501
380.25		0.74501
380.375		0.74501
380.5		0.74501
380.625		0.74501
380.75		0.74501
380.875		0.74501
381		0.74501
381.125		0.74501
381.25		0.74501
381.375		0.74501
381.5		0.74501
381.625		0.74501
381.75		0.74501
381.875		0.74501
382		0.74501
382.125		0.74501
382.25		0.74501
382.375		0.74501
382.5		0.74501
382.625		0.74501
382.75		0.74501
382.875		0.74501
383		0.74501
383.125		0.74501
383.25		0.74501
383.375		0.74501
383.5		0.74501
383.625		0.74501
383.75		0.74501
383.875		0.74501
384		0.74501
384.125		0.74501
384.25		0.74501
384.375		0.74501
384.5		0.74501
384.625		0.74501
384.75		0.74501
384.875		0.74501
385		0.74501
385.125		0.745965
385.25		0.745965
385.375		0.745965
385.5		0.745965
385.625		0.745965
385.75		0.745965
385.875		0.745965
386		0.745965
386.125		0.745965
386.25		0.745965
386.375		0.745965
386.5		0.745965
386.625		0.745965
386.75		0.745965
386.875		0.745965
387		0.745965
387.125		0.745965
387.25		0.745965
387.375		0.745965
387.5		0.745965
387.625		0.745965
387.75		0.745965
387.875		0.745965
388		0.745965
388.125		0.745965
388.25		0.745965
388.375		0.745965
388.5		0.745965
388.625		0.745965
388.75		0.745965
388.875		0.745965
389		0.745965
389.125		0.745965
389.25		0.745965
389.375		0.745965
389.5		0.745965
389.625		0.745965
389.75		0.745965
389.875		0.745965
390		0.745965
390.125		0.754619
390.25		0.754619
390.375		0.754619
390.5		0.754619
390.625		0.754619
390.75		0.754619
390.875		0.754619
391		0.754619
391.125		0.754619
391.25		0.754619
391.375		0.754619
391.5		0.754619
391.625		0.754619
391.75		0.754619
391.875		0.754619
392		0.754619
392.125		0.754619
392.25		0.754619
392.375		0.754619
392.5		0.754619
392.625		0.754619
392.75		0.754619
392.875		0.754619
393		0.754619
393.125		0.754619
393.25		0.754619
393.375		0.754619
393.5		0.754619
393.625		0.754619
393.75		0.754619
393.875		0.754619
394		0.754619
394.125		0.754619
394.25		0.754619
394.375		0.754619
394.5		0.754619
394.625		0.754619
394.75		0.754619
394.875		0.754619
395		0.754619
395.125		0.766989
395.25		0.766989
395.375		0.766989
395.5		0.766989
395.625		0.766989
395.75		0.766989
395.875		0.766989
396		0.766989
396.125		0.766989
396.25		0.766989
396.375		0.766989
396.5		0.766989
396.625		0.766989
396.75		0.766989
396.875		0.766989
397		0.766989
397.125		0.766989
397.25		0.766989
397.375		0.766989
397.5		0.766989
397.625		0.766989
397.75		0.766989
397.875		0.766989
398		0.766989
398.125		0.766989
398.25		0.766989
398.375		0.766989
398.5		0.766989
398.625		0.766989
398.75		0.766989
398.875		0.766989
399		0.766989
399.125		0.766989
399.25		0.766989
399.375		0.766989
399.5		0.766989
399.625		0.766989
399.75		0.766989
399.875		0.766989
400		0.766989
400.125		0.786897
400.25		0.786897
400.375		0.786897
400.5		0.786897
400.625		0.786897
400.75		0.786897
400.875		0.786897
401		0.786897
401.125		0.786897
401.25		0.786897
401.375		0.786897
401.5		0.786897
401.625		0.786897
401.75		0.786897
401.875		0.786897
402		0.786897
402.125		0.786897
402.25		0.786897
402.375		0.786897
402.5		0.786897
402.625		0.786897
402.75		0.786897
402.875		0.786897
403		0.786897
403.125		0.786897
403.25		0.786897
403.375		0.786897
403.5		0.786897
403.625		0.786897
403.75		0.786897
403.875		0.786897
404		0.786897
404.125		0.786897
404.25		0.786897
404.375		0.786897
404.5		0.786897
404.625		0.786897
404.75		0.786897
404.875		0.786897
405		0.786897
405.125		0.79141
405.25		0.79141
405.375		0.79141
405.5		0.79141
405.625		0.79141
405.75		0.79141
405.875		0.79141
406		0.79141
406.125		0.79141
406.25		0.79141
406.375		0.79141
406.5		0.79141
406.625		0.79141
406.75		0.79141
406.875		0.79141
407		0.79141
407.125		0.79141
407.25		0.79141
407.375		0.79141
407.5		0.79141
407.625		0.79141
407.75		0.79141
407.875		0.79141
408		0.79141
408.125		0.79141
408.25		0.79141
408.375		0.79141
408.5		0.79141
408.625		0.79141
408.75		0.79141
408.875		0.79141
409		0.79141
409.125		0.79141
409.25		0.79141
409.375		0.79141
409.5		0.79141
409.625		0.79141
409.75		0.79141
409.875		0.79141
410		0.79141
410.125		0.803355
410.25		0.803355
410.375		0.803355
410.5		0.803355
410.625		0.803355
410.75		0.803355
410.875		0.803355
411		0.803355
411.125		0.803355
411.25		0.803355
411.375		0.803355
411.5		0.803355
411.625		0.803355
411.75		0.803355
411.875		0.803355
412		0.803355
412.125		0.803355
412.25		0.803355
412.375		0.803355
412.5		0.803355
412.625		0.803355
412.75		0.803355
412.875		0.803355
413		0.803355
413.125		0.803355
413.25		0.803355
413.375		0.803355
413.5		0.803355
413.625		0.803355
413.75		0.803355
413.875		0.803355
414		0.803355
414.125		0.803355
414.25		0.803355
414.375		0.803355
414.5		0.803355
414.625		0.803355
414.75		0.803355
414.875		0.803355
415		0.803355
415.125		0.809514
415.25		0.809514
415.375		0.809514
415.5		0.809514
415.625		0.809514
415.75		0.809514
415.875		0.809514
416		0.809514
416.125		0.809514
416.25		0.809514
416.375		0.809514
416.5		0.809514
416.625		0.809514
416.75		0.809514
416.875		0.809514
417		0.809514
417.125		0.809514
417.25		0.809514
417.375		0.809514
417.5		0.809514
417.625		0.809514
417.75		0.809514
417.875		0.809514
418		0.809514
418.125		0.809514
418.25		0.809514
418.375		0.809514
418.5		0.809514
418.625		0.809514
418.75		0.809514
418.875		0.809514
419		0.809514
419.125		0.809514
419.25		0.809514
419.375		0.809514
419.5		0.809514
419.625		0.809514
419.75		0.809514
419.875		0.809514
420		0.809514
420.125		0.823211
420.25		0.823211
420.375		0.823211
420.5		0.823211
420.625		0.823211
420.75		0.823211
420.875		0.823211
421		0.823211
421.125		0.823211
421.25		0.823211
421.375		0.823211
421.5		0.823211
421.625		0.823211
421.75		0.823211
421.875		0.823211
422		0.823211
422.125		0.823211
422.25		0.823211
422.375		0.823211
422.5		0.823211
422.625		0.823211
422.75		0.823211
422.875		0.823211
423		0.823211
423.125		0.823211
423.25		0.823211
423.375		0.823211
423.5		0.823211
423.625		0.823211
423.75		0.823211
423.875		0.823211
424		0.823211
424.125		0.823211
424.25		0.823211
424.375		0.823211
424.5		0.823211
424.625		0.823211
424.75		0.823211
424.875		0.823211
425		0.823211
425.125		0.838182
425.25		0.838182
425.375		0.838182
425.5		0.838182
425.625		0.838182
425.75		0.838182
425.875		0.838182
426		0.838182
426.125		0.838182
426.25		0.838182
426.375		0.838182
426.5		0.838182
426.625		0.838182
426.75		0.838182
426.875		0.838182
427		0.838182
427.125		0.838182
427.25		0.838182
427.375		0.838182
427.5		0.838182
427.625		0.838182
427.75		0.838182
427.875		0.838182
428		0.838182
428.125		0.838182
428.25		0.838182
428.375		0.838182
428.5		0.838182
428.625		0.838182
428.75		0.838182
428.875		0.838182
429		0.838182
429.125		0.838182
429.25		0.838182
429.375		0.838182
429.5		0.838182
429.625		0.838182
429.75		0.838182
429.875		0.838182
430		0.838182
430.125		0.843438
430.25		0.843438
430.375		0.843438
430.5		0.843438
430.625		0.843438
430.75		0.843438
430.875		0.843438
431		0.843438
431.125		0.843438
431.25		0.843438
431.375		0.843438
431.5		0.843438
431.625		0.843438
431.75		0.843438
431.875		0.843438
432		0.843438
432.125		0.843438
432.25		0.843438
432.375		0.843438
432.5		0.843438
432.625		0.843438
432.75		0.843438
432.875		0.843438
433		0.843438
433.125		0.843438
433.25		0.843438
433.375		0.843438
433.5		0.843438
433.625		0.843438
433.75		0.843438
433.875		0.843438
434		0.843438
434.125		0.843438
434.25		0.843438
434.375		0.843438
434.5		0.843438
434.625		0.843438
434.75		0.843438
434.875		0.843438
435		0.843438
435.125		0.853844
435.25		0.853844
435.375		0.853844
435.5		0.853844
435.625		0.853844
435.75		0.853844
435.875		0.853844
436		0.853844
436.125		0.853844
436.25		0.853844
436.375		0.853844
436.5		0.853844
436.625		0.853844
436.75		0.853844
436.875		0.853844
437		0.853844
437.125		0.853844
437.25		0.853844
437.375		0.853844
437.5		0.853844
437.625		0.853844
437.75		0.853844
437.875		0.853844
438		0.853844
438.125		0.853844
438.25		0.853844
438.375		0.853844
438.5		0.853844
438.625		0.853844
438.75		0.853844
438.875		0.853844
439		0.853844
439.125		0.853844
439.25		0.853844
439.375		0.853844
439.5		0.853844
439.625		0.853844
439.75		0.853844
439.875		0.853844
440		0.853844
440.125		0.855065
440.25		0.855065
440.375		0.855065
440.5		0.855065
440.625		0.855065
440.75		0.855065
440.875		0.855065
441		0.855065
441.125		0.855065
441.25		0.855065
441.375		0.855065
441.5		0.855065
441.625		0.855065
441.75		0.855065
441.875		0.855065
442		0.855065
442.125		0.855065
442.25		0.855065
442.375		0.855065
442.5		0.855065
442.625		0.855065
442.75		0.855065
442.875		0.855065
443		0.855065
443.125		0.855065
443.25		0.855065
443.375		0.855065
443.5		0.855065
443.625		0.855065
443.75		0.855065
443.875		0.855065
444		0.855065
444.125		0.855065
444.25		0.855065
444.375		0.855065
444.5		0.855065
444.625		0.855065
444.75		0.855065
444.875		0.855065
445		0.855065
445.125		0.882512
445.25		0.882512
445.375		0.882512
445.5		0.882512
445.625		0.882512
445.75		0.882512
445.875		0.882512
446		0.882512
446.125		0.882512
446.25		0.882512
446.375		0.882512
446.5		0.882512
446.625		0.882512
446.75		0.882512
446.875		0.882512
447		0.882512
447.125		0.882512
447.25		0.882512
447.375		0.882512
447.5		0.882512
447.625		0.882512
447.75		0.882512
447.875		0.882512
448		0.882512
448.125		0.882512
448.25		0.882512
448.375		0.882512
448.5		0.882512
448.625		0.882512
448.75		0.882512
448.875		0.882512
449		0.882512
449.125		0.882512
449.25		0.882512
449.375		0.882512
449.5		0.882512
449.625		0.882512
449.75		0.882512
449.875		0.882512
450		0.882512
450.125		0.894723
450.25		0.894723
450.375		0.894723
450.5		0.894723
450.625		0.894723
450.75		0.894723
450.875		0.894723
451		0.894723
451.125		0.894723
451.25		0.894723
451.375		0.894723
451.5		0.894723
451.625		0.894723
451.75		0.894723
451.875		0.894723
452		0.894723
452.125		0.894723
452.25		0.894723
452.375		0.894723
452.5		0.894723
452.625		0.894723
452.75		0.894723
452.875		0.894723
453		0.894723
453.125		0.894723
453.25		0.894723
453.375		0.894723
453.5		0.894723
453.625		0.894723
453.75		0.894723
453.875		0.894723
454		0.894723
454.125		0.894723
454.25		0.894723
454.375		0.894723
454.5		0.894723
454.625		0.894723
454.75		0.894723
454.875		0.894723
455		0.894723
455.125		0.89759
455.25		0.89759
455.375		0.89759
455.5		0.89759
455.625		0.89759
455.75		0.89759
455.875		0.89759
456		0.89759
456.125		0.89759
456.25		0.89759
456.375		0.89759
456.5		0.89759
456.625		0.89759
456.75		0.89759
456.875		0.89759
457		0.89759
457.125		0.89759
457.25		0.89759
457.375		0.89759
457.5		0.89759
457.625		0.89759
457.75		0.89759
457.875		0.89759
458		0.89759
458.125		0.89759
458.25		0.89759
458.375		0.89759
458.5		0.89759
458.625		0.89759
458.75		0.89759
458.875		0.89759
459		0.89759
459.125		0.89759
459.25		0.89759
459.375		0.89759
459.5		0.89759
459.625		0.89759
459.75		0.89759
459.875		0.89759
460		0.89759
460.125		0.911234
460.25		0.911234
460.375		0.911234
460.5		0.911234
460.625		0.911234
460.75		0.911234
460.875		0.911234
461		0.911234
461.125		0.911234
461.25		0.911234
461.375		0.911234
461.5		0.911234
461.625		0.911234
461.75		0.911234
461.875		0.911234
462		0.911234
462.125		0.911234
462.25		0.911234
462.375		0.911234
462.5		0.911234
462.625		0.911234
462.75		0.911234
462.875		0.911234
463		0.911234
463.125		0.911234
463.25		0.911234
463.375		0.911234
463.5		0.911234
463.625		0.911234
463.75		0.911234
463.875		0.911234
464		0.911234
464.125		0.911234
464.25		0.911234
464.375		0.911234
464.5		0.911234
464.625		0.911234
464.75		0.911234
464.875		0.911234
465		0.911234
465.125		0.911765
465.25		0.911765
465.375		0.911765
465.5		0.911765
465.625		0.911765
465.75		0.911765
465.875		0.911765
466		0.911765
466.125		0.911765
466.25		0.911765
466.375		0.911765
466.5		0.911765
466.625		0.911765
466.75		0.911765
466.875		0.911765
467		0.911765
467.125		0.911765
467.25		0.911765
467.375		0.911765
467.5		0.911765
467.625		0.911765
467.75		0.911765
467.875		0.911765
468		0.911765
468.125		0.911765
468.25		0.911765
468.375		0.911765
468.5		0.911765
468.625		0.911765
468.75		0.911765
468.875		0.911765
469		0.911765
469.125		0.911765
469.25		0.911765
469.375		0.911765
469.5		0.911765
469.625		0.911765
469.75		0.911765
469.875		0.911765
470		0.911765
470.125		0.946698
470.25		0.946698
470.375		0.946698
470.5		0.946698
470.625		0.946698
470.75		0.946698
470.875		0.946698
471		0.946698
471.125		0.946698
471.25		0.946698
471.375		0.946698
471.5		0.946698
471.625		0.946698
471.75		0.946698
471.875		0.946698
472		0.946698
472.125		0.946698
472.25		0.946698
472.375		0.946698
472.5		0.946698
472.625		0.946698
472.75		0.946698
472.875		0.946698
473		0.946698
473.125		0.946698
473.25		0.946698
473.375		0.946698
473.5		0.946698
473.625		0.946698
473.75		0.946698
473.875		0.946698
474		0.946698
474.125		0.946698
474.25		0.946698
474.375		0.946698
474.5		0.946698
474.625		0.946698
474.75		0.946698
474.875		0.946698
475		0.946698
475.125		0.955245
475.25		0.955245
475.375		0.955245
475.5		0.955245
475.625		0.955245
475.75		0.955245
475.875		0.955245
476		0.955245
476.125		0.955245
476.25		0.955245
476.375		0.955245
476.5		0.955245
476.625		0.955245
476.75		0.955245
476.875		0.955245
477		0.955245
477.125		0.955245
477.25		0.955245
477.375		0.955245
477.5		0.955245
477.625		0.955245
477.75		0.955245
477.875		0.955245
478		0.955245
478.125		0.955245
478.25		0.955245
478.375		0.955245
478.5		0.955245
478.625		0.955245
478.75		0.955245
478.875		0.955245
479		0.955245
479.125		0.955245
479.25		0.955245
479.375		0.955245
479.5		0.955245
479.625		0.955245
479.75		0.955245
479.875		0.955245
480		0.955245
480.125		0.968465
480.25		0.968465
480.375		0.968465
480.5		0.968465
480.625		0.968465
480.75		0.968465
480.875		0.968465
481		0.968465
481.125		0.968465
481.25		0.968465
481.375		0.968465
481.5		0.968465
481.625		0.968465
481.75		0.968465
481.875		0.968465
482		0.968465
482.125		0.968465
482.25		0.968465
482.375		0.968465
482.5		0.968465
482.625		0.968465
482.75		0.968465
482.875		0.968465
483		0.968465
483.125		0.968465
483.25		0.968465
483.375		0.968465
483.5		0.968465
483.625		0.968465
483.75		0.968465
483.875		0.968465
484		0.968465
484.125		0.968465
484.25		0.968465
484.375		0.968465
484.5		0.968465
484.625		0.968465
484.75		0.968465
484.875		0.968465
485		0.968465
485.125		0.97011
485.25		0.97011
485.375		0.97011
485.5		0.97011
485.625		0.97011
485.75		0.97011
485.875		0.97011
486		0.97011
486.125		0.97011
486.25		0.97011
486.375		0.97011
486.5		0.97011
486.625		0.97011
486.75		0.97011
486.875		0.97011
487		0.97011
487.125		0.97011
487.25		0.97011
487.375		0.97011
487.5		0.97011
487.625		0.97011
487.75		0.97011
487.875		0.97011
488		0.97011
488.125		0.97011
488.25		0.97011
488.375		0.97011
488.5		0.97011
488.625		0.97011
488.75		0.97011
488.875		0.97011
489		0.97011
489.125		0.97011
489.25		0.97011
489.375		0.97011
489.5		0.97011
489.625		0.97011
489.75		0.97011
489.875		0.97011
490		0.97011
490.125		0.988373
490.25		0.988373
490.375		0.988373
490.5		0.988373
490.625		0.988373
490.75		0.988373
490.875		0.988373
491		0.988373
491.125		0.988373
491.25		0.988373
491.375		0.988373
491.5		0.988373
491.625		0.988373
491.75		0.988373
491.875		0.988373
492		0.988373
492.125		0.988373
492.25		0.988373
492.375		0.988373
492.5		0.988373
492.625		0.988373
492.75		0.988373
492.875		0.988373
493		0.988373
493.125		0.988373
493.25		0.988373
493.375		0.988373
493.5		0.988373
493.625		0.988373
493.75		0.988373
493.875		0.988373
494		0.988373
494.125		0.988373
494.25		0.988373
494.375		0.988373
494.5		0.988373
494.625		0.988373
494.75		0.988373
494.875		0.988373
495		0.988373
495.125		1
495.25		1
495.375		1
495.5		1
495.625		1
495.75		1
495.875		1
496		1
496.125		1
496.25		1
496.375		1
496.5		1
496.625		1
496.75		1
496.875		1
497		1
497.125		1
497.25		1
497.375		1
497.5		1
497.625		1
497.75		1
497.875		1
498		1
498.125		1
498.25		1
498.375		1
498.5		1
498.625		1
498.75		1
498.875		1
499		1
499.125		1
499.25		1
499.375		1
499.5		1
499.625		1
499.75		1
499.875		1
500		1
