# Calibration file of tamex_id 0 @ channel 15
# fine_T bin		 Calibration value
0.125		0
0.25		0
0.375		0
0.5		0
0.625		0
0.75		0
0.875		0
1		0
1.125		0
1.25		0
1.375		0
1.5		0
1.625		0
1.75		0
1.875		0
2		0
2.125		0
2.25		0
2.375		0
2.5		0
2.625		0
2.75		0
2.875		0
3		0
3.125		0
3.25		0
3.375		0
3.5		0
3.625		0
3.75		0
3.875		0
4		0
4.125		0
4.25		0
4.375		0
4.5		0
4.625		0
4.75		0
4.875		0
5		0
5.125		0
5.25		0
5.375		0
5.5		0
5.625		0
5.75		0
5.875		0
6		0
6.125		0
6.25		0
6.375		0
6.5		0
6.625		0
6.75		0
6.875		0
7		0
7.125		0
7.25		0
7.375		0
7.5		0
7.625		0
7.75		0
7.875		0
8		0
8.125		0
8.25		0
8.375		0
8.5		0
8.625		0
8.75		0
8.875		0
9		0
9.125		0
9.25		0
9.375		0
9.5		0
9.625		0
9.75		0
9.875		0
10		0
10.125		0
10.25		0
10.375		0
10.5		0
10.625		0
10.75		0
10.875		0
11		0
11.125		0
11.25		0
11.375		0
11.5		0
11.625		0
11.75		0
11.875		0
12		0
12.125		0
12.25		0
12.375		0
12.5		0
12.625		0
12.75		0
12.875		0
13		0
13.125		0
13.25		0
13.375		0
13.5		0
13.625		0
13.75		0
13.875		0
14		0
14.125		0
14.25		0
14.375		0
14.5		0
14.625		0
14.75		0
14.875		0
15		0
15.125		0
15.25		0
15.375		0
15.5		0
15.625		0
15.75		0
15.875		0
16		0
16.125		0
16.25		0
16.375		0
16.5		0
16.625		0
16.75		0
16.875		0
17		0
17.125		0
17.25		0
17.375		0
17.5		0
17.625		0
17.75		0
17.875		0
18		0
18.125		0
18.25		0
18.375		0
18.5		0
18.625		0
18.75		0
18.875		0
19		0
19.125		0
19.25		0
19.375		0
19.5		0
19.625		0
19.75		0
19.875		0
20		0
20.125		0
20.25		0
20.375		0
20.5		0
20.625		0
20.75		0
20.875		0
21		0
21.125		0
21.25		0
21.375		0
21.5		0
21.625		0
21.75		0
21.875		0
22		0
22.125		0
22.25		0
22.375		0
22.5		0
22.625		0
22.75		0
22.875		0
23		0
23.125		0
23.25		0
23.375		0
23.5		0
23.625		0
23.75		0
23.875		0
24		0
24.125		0
24.25		0
24.375		0
24.5		0
24.625		0
24.75		0
24.875		0
25		0
25.125		0
25.25		0
25.375		0
25.5		0
25.625		0
25.75		0
25.875		0
26		0
26.125		0
26.25		0
26.375		0
26.5		0
26.625		0
26.75		0
26.875		0
27		0
27.125		0
27.25		0
27.375		0
27.5		0
27.625		0
27.75		0
27.875		0
28		0
28.125		0
28.25		0
28.375		0
28.5		0
28.625		0
28.75		0
28.875		0
29		0
29.125		0
29.25		0
29.375		0
29.5		0
29.625		0
29.75		0
29.875		0
30		0
30.125		0
30.25		0
30.375		0
30.5		0
30.625		0
30.75		0
30.875		0
31		0
31.125		0
31.25		0
31.375		0
31.5		0
31.625		0
31.75		0
31.875		0
32		0
32.125		0
32.25		0
32.375		0
32.5		0
32.625		0
32.75		0
32.875		0
33		0
33.125		0
33.25		0
33.375		0
33.5		0
33.625		0
33.75		0
33.875		0
34		0
34.125		0
34.25		0
34.375		0
34.5		0
34.625		0
34.75		0
34.875		0
35		0
35.125		0
35.25		0
35.375		0
35.5		0
35.625		0
35.75		0
35.875		0
36		0
36.125		0
36.25		0
36.375		0
36.5		0
36.625		0
36.75		0
36.875		0
37		0
37.125		0
37.25		0
37.375		0
37.5		0
37.625		0
37.75		0
37.875		0
38		0
38.125		0
38.25		0
38.375		0
38.5		0
38.625		0
38.75		0
38.875		0
39		0
39.125		0
39.25		0
39.375		0
39.5		0
39.625		0
39.75		0
39.875		0
40		0
40.125		0
40.25		0
40.375		0
40.5		0
40.625		0
40.75		0
40.875		0
41		0
41.125		0
41.25		0
41.375		0
41.5		0
41.625		0
41.75		0
41.875		0
42		0
42.125		0
42.25		0
42.375		0
42.5		0
42.625		0
42.75		0
42.875		0
43		0
43.125		0
43.25		0
43.375		0
43.5		0
43.625		0
43.75		0
43.875		0
44		0
44.125		0
44.25		0
44.375		0
44.5		0
44.625		0
44.75		0
44.875		0
45		0
45.125		0
45.25		0
45.375		0
45.5		0
45.625		0
45.75		0
45.875		0
46		0
46.125		0
46.25		0
46.375		0
46.5		0
46.625		0
46.75		0
46.875		0
47		0
47.125		0
47.25		0
47.375		0
47.5		0
47.625		0
47.75		0
47.875		0
48		0
48.125		0
48.25		0
48.375		0
48.5		0
48.625		0
48.75		0
48.875		0
49		0
49.125		0
49.25		0
49.375		0
49.5		0
49.625		0
49.75		0
49.875		0
50		0
50.125		0
50.25		0
50.375		0
50.5		0
50.625		0
50.75		0
50.875		0
51		0
51.125		0
51.25		0
51.375		0
51.5		0
51.625		0
51.75		0
51.875		0
52		0
52.125		0
52.25		0
52.375		0
52.5		0
52.625		0
52.75		0
52.875		0
53		0
53.125		0
53.25		0
53.375		0
53.5		0
53.625		0
53.75		0
53.875		0
54		0
54.125		0
54.25		0
54.375		0
54.5		0
54.625		0
54.75		0
54.875		0
55		0
55.125		0
55.25		0
55.375		0
55.5		0
55.625		0
55.75		0
55.875		0
56		0
56.125		0
56.25		0
56.375		0
56.5		0
56.625		0
56.75		0
56.875		0
57		0
57.125		0
57.25		0
57.375		0
57.5		0
57.625		0
57.75		0
57.875		0
58		0
58.125		0
58.25		0
58.375		0
58.5		0
58.625		0
58.75		0
58.875		0
59		0
59.125		0
59.25		0
59.375		0
59.5		0
59.625		0
59.75		0
59.875		0
60		0
60.125		0
60.25		0
60.375		0
60.5		0
60.625		0
60.75		0
60.875		0
61		0
61.125		0
61.25		0
61.375		0
61.5		0
61.625		0
61.75		0
61.875		0
62		0
62.125		0
62.25		0
62.375		0
62.5		0
62.625		0
62.75		0
62.875		0
63		0
63.125		0
63.25		0
63.375		0
63.5		0
63.625		0
63.75		0
63.875		0
64		0
64.125		0
64.25		0
64.375		0
64.5		0
64.625		0
64.75		0
64.875		0
65		0
65.125		0
65.25		0
65.375		0
65.5		0
65.625		0
65.75		0
65.875		0
66		0
66.125		0
66.25		0
66.375		0
66.5		0
66.625		0
66.75		0
66.875		0
67		0
67.125		0
67.25		0
67.375		0
67.5		0
67.625		0
67.75		0
67.875		0
68		0
68.125		0
68.25		0
68.375		0
68.5		0
68.625		0
68.75		0
68.875		0
69		0
69.125		0
69.25		0
69.375		0
69.5		0
69.625		0
69.75		0
69.875		0
70		0
70.125		0
70.25		0
70.375		0
70.5		0
70.625		0
70.75		0
70.875		0
71		0
71.125		0
71.25		0
71.375		0
71.5		0
71.625		0
71.75		0
71.875		0
72		0
72.125		0
72.25		0
72.375		0
72.5		0
72.625		0
72.75		0
72.875		0
73		0
73.125		0
73.25		0
73.375		0
73.5		0
73.625		0
73.75		0
73.875		0
74		0
74.125		0
74.25		0
74.375		0
74.5		0
74.625		0
74.75		0
74.875		0
75		0
75.125		0
75.25		0
75.375		0
75.5		0
75.625		0
75.75		0
75.875		0
76		0
76.125		0
76.25		0
76.375		0
76.5		0
76.625		0
76.75		0
76.875		0
77		0
77.125		0
77.25		0
77.375		0
77.5		0
77.625		0
77.75		0
77.875		0
78		0
78.125		0
78.25		0
78.375		0
78.5		0
78.625		0
78.75		0
78.875		0
79		0
79.125		0
79.25		0
79.375		0
79.5		0
79.625		0
79.75		0
79.875		0
80		0
80.125		0
80.25		0
80.375		0
80.5		0
80.625		0
80.75		0
80.875		0
81		0
81.125		0
81.25		0
81.375		0
81.5		0
81.625		0
81.75		0
81.875		0
82		0
82.125		0
82.25		0
82.375		0
82.5		0
82.625		0
82.75		0
82.875		0
83		0
83.125		0
83.25		0
83.375		0
83.5		0
83.625		0
83.75		0
83.875		0
84		0
84.125		0
84.25		0
84.375		0
84.5		0
84.625		0
84.75		0
84.875		0
85		0
85.125		0
85.25		0
85.375		0
85.5		0
85.625		0
85.75		0
85.875		0
86		0
86.125		0
86.25		0
86.375		0
86.5		0
86.625		0
86.75		0
86.875		0
87		0
87.125		0
87.25		0
87.375		0
87.5		0
87.625		0
87.75		0
87.875		0
88		0
88.125		0
88.25		0
88.375		0
88.5		0
88.625		0
88.75		0
88.875		0
89		0
89.125		0
89.25		0
89.375		0
89.5		0
89.625		0
89.75		0
89.875		0
90		0
90.125		0
90.25		0
90.375		0
90.5		0
90.625		0
90.75		0
90.875		0
91		0
91.125		0
91.25		0
91.375		0
91.5		0
91.625		0
91.75		0
91.875		0
92		0
92.125		0
92.25		0
92.375		0
92.5		0
92.625		0
92.75		0
92.875		0
93		0
93.125		0
93.25		0
93.375		0
93.5		0
93.625		0
93.75		0
93.875		0
94		0
94.125		0
94.25		0
94.375		0
94.5		0
94.625		0
94.75		0
94.875		0
95		0
95.125		0
95.25		0
95.375		0
95.5		0
95.625		0
95.75		0
95.875		0
96		0
96.125		0
96.25		0
96.375		0
96.5		0
96.625		0
96.75		0
96.875		0
97		0
97.125		0
97.25		0
97.375		0
97.5		0
97.625		0
97.75		0
97.875		0
98		0
98.125		0
98.25		0
98.375		0
98.5		0
98.625		0
98.75		0
98.875		0
99		0
99.125		0
99.25		0
99.375		0
99.5		0
99.625		0
99.75		0
99.875		0
100		0
100.125		0
100.25		0
100.375		0
100.5		0
100.625		0
100.75		0
100.875		0
101		0
101.125		0
101.25		0
101.375		0
101.5		0
101.625		0
101.75		0
101.875		0
102		0
102.125		0
102.25		0
102.375		0
102.5		0
102.625		0
102.75		0
102.875		0
103		0
103.125		0
103.25		0
103.375		0
103.5		0
103.625		0
103.75		0
103.875		0
104		0
104.125		0
104.25		0
104.375		0
104.5		0
104.625		0
104.75		0
104.875		0
105		0
105.125		0
105.25		0
105.375		0
105.5		0
105.625		0
105.75		0
105.875		0
106		0
106.125		0
106.25		0
106.375		0
106.5		0
106.625		0
106.75		0
106.875		0
107		0
107.125		0
107.25		0
107.375		0
107.5		0
107.625		0
107.75		0
107.875		0
108		0
108.125		0
108.25		0
108.375		0
108.5		0
108.625		0
108.75		0
108.875		0
109		0
109.125		0
109.25		0
109.375		0
109.5		0
109.625		0
109.75		0
109.875		0
110		0
110.125		0
110.25		0
110.375		0
110.5		0
110.625		0
110.75		0
110.875		0
111		0
111.125		0
111.25		0
111.375		0
111.5		0
111.625		0
111.75		0
111.875		0
112		0
112.125		0
112.25		0
112.375		0
112.5		0
112.625		0
112.75		0
112.875		0
113		0
113.125		0
113.25		0
113.375		0
113.5		0
113.625		0
113.75		0
113.875		0
114		0
114.125		0
114.25		0
114.375		0
114.5		0
114.625		0
114.75		0
114.875		0
115		0
115.125		0.0241984
115.25		0.0241984
115.375		0.0241984
115.5		0.0241984
115.625		0.0241984
115.75		0.0241984
115.875		0.0241984
116		0.0241984
116.125		0.0241984
116.25		0.0241984
116.375		0.0241984
116.5		0.0241984
116.625		0.0241984
116.75		0.0241984
116.875		0.0241984
117		0.0241984
117.125		0.0241984
117.25		0.0241984
117.375		0.0241984
117.5		0.0241984
117.625		0.0241984
117.75		0.0241984
117.875		0.0241984
118		0.0241984
118.125		0.0241984
118.25		0.0241984
118.375		0.0241984
118.5		0.0241984
118.625		0.0241984
118.75		0.0241984
118.875		0.0241984
119		0.0241984
119.125		0.0241984
119.25		0.0241984
119.375		0.0241984
119.5		0.0241984
119.625		0.0241984
119.75		0.0241984
119.875		0.0241984
120		0.0241984
120.125		0.0536808
120.25		0.0536808
120.375		0.0536808
120.5		0.0536808
120.625		0.0536808
120.75		0.0536808
120.875		0.0536808
121		0.0536808
121.125		0.0536808
121.25		0.0536808
121.375		0.0536808
121.5		0.0536808
121.625		0.0536808
121.75		0.0536808
121.875		0.0536808
122		0.0536808
122.125		0.0536808
122.25		0.0536808
122.375		0.0536808
122.5		0.0536808
122.625		0.0536808
122.75		0.0536808
122.875		0.0536808
123		0.0536808
123.125		0.0536808
123.25		0.0536808
123.375		0.0536808
123.5		0.0536808
123.625		0.0536808
123.75		0.0536808
123.875		0.0536808
124		0.0536808
124.125		0.0536808
124.25		0.0536808
124.375		0.0536808
124.5		0.0536808
124.625		0.0536808
124.75		0.0536808
124.875		0.0536808
125		0.0536808
125.125		0.059145
125.25		0.059145
125.375		0.059145
125.5		0.059145
125.625		0.059145
125.75		0.059145
125.875		0.059145
126		0.059145
126.125		0.059145
126.25		0.059145
126.375		0.059145
126.5		0.059145
126.625		0.059145
126.75		0.059145
126.875		0.059145
127		0.059145
127.125		0.059145
127.25		0.059145
127.375		0.059145
127.5		0.059145
127.625		0.059145
127.75		0.059145
127.875		0.059145
128		0.059145
128.125		0.059145
128.25		0.059145
128.375		0.059145
128.5		0.059145
128.625		0.059145
128.75		0.059145
128.875		0.059145
129		0.059145
129.125		0.059145
129.25		0.059145
129.375		0.059145
129.5		0.059145
129.625		0.059145
129.75		0.059145
129.875		0.059145
130		0.059145
130.125		0.0599856
130.25		0.0599856
130.375		0.0599856
130.5		0.0599856
130.625		0.0599856
130.75		0.0599856
130.875		0.0599856
131		0.0599856
131.125		0.0599856
131.25		0.0599856
131.375		0.0599856
131.5		0.0599856
131.625		0.0599856
131.75		0.0599856
131.875		0.0599856
132		0.0599856
132.125		0.0599856
132.25		0.0599856
132.375		0.0599856
132.5		0.0599856
132.625		0.0599856
132.75		0.0599856
132.875		0.0599856
133		0.0599856
133.125		0.0599856
133.25		0.0599856
133.375		0.0599856
133.5		0.0599856
133.625		0.0599856
133.75		0.0599856
133.875		0.0599856
134		0.0599856
134.125		0.0599856
134.25		0.0599856
134.375		0.0599856
134.5		0.0599856
134.625		0.0599856
134.75		0.0599856
134.875		0.0599856
135		0.0599856
135.125		0.0623274
135.25		0.0623274
135.375		0.0623274
135.5		0.0623274
135.625		0.0623274
135.75		0.0623274
135.875		0.0623274
136		0.0623274
136.125		0.0623274
136.25		0.0623274
136.375		0.0623274
136.5		0.0623274
136.625		0.0623274
136.75		0.0623274
136.875		0.0623274
137		0.0623274
137.125		0.0623274
137.25		0.0623274
137.375		0.0623274
137.5		0.0623274
137.625		0.0623274
137.75		0.0623274
137.875		0.0623274
138		0.0623274
138.125		0.0623274
138.25		0.0623274
138.375		0.0623274
138.5		0.0623274
138.625		0.0623274
138.75		0.0623274
138.875		0.0623274
139		0.0623274
139.125		0.0623274
139.25		0.0623274
139.375		0.0623274
139.5		0.0623274
139.625		0.0623274
139.75		0.0623274
139.875		0.0623274
140		0.0623274
140.125		0.0877267
140.25		0.0877267
140.375		0.0877267
140.5		0.0877267
140.625		0.0877267
140.75		0.0877267
140.875		0.0877267
141		0.0877267
141.125		0.0877267
141.25		0.0877267
141.375		0.0877267
141.5		0.0877267
141.625		0.0877267
141.75		0.0877267
141.875		0.0877267
142		0.0877267
142.125		0.0877267
142.25		0.0877267
142.375		0.0877267
142.5		0.0877267
142.625		0.0877267
142.75		0.0877267
142.875		0.0877267
143		0.0877267
143.125		0.0877267
143.25		0.0877267
143.375		0.0877267
143.5		0.0877267
143.625		0.0877267
143.75		0.0877267
143.875		0.0877267
144		0.0877267
144.125		0.0877267
144.25		0.0877267
144.375		0.0877267
144.5		0.0877267
144.625		0.0877267
144.75		0.0877267
144.875		0.0877267
145		0.0877267
145.125		0.121953
145.25		0.121953
145.375		0.121953
145.5		0.121953
145.625		0.121953
145.75		0.121953
145.875		0.121953
146		0.121953
146.125		0.121953
146.25		0.121953
146.375		0.121953
146.5		0.121953
146.625		0.121953
146.75		0.121953
146.875		0.121953
147		0.121953
147.125		0.121953
147.25		0.121953
147.375		0.121953
147.5		0.121953
147.625		0.121953
147.75		0.121953
147.875		0.121953
148		0.121953
148.125		0.121953
148.25		0.121953
148.375		0.121953
148.5		0.121953
148.625		0.121953
148.75		0.121953
148.875		0.121953
149		0.121953
149.125		0.121953
149.25		0.121953
149.375		0.121953
149.5		0.121953
149.625		0.121953
149.75		0.121953
149.875		0.121953
150		0.121953
150.125		0.126096
150.25		0.126096
150.375		0.126096
150.5		0.126096
150.625		0.126096
150.75		0.126096
150.875		0.126096
151		0.126096
151.125		0.126096
151.25		0.126096
151.375		0.126096
151.5		0.126096
151.625		0.126096
151.75		0.126096
151.875		0.126096
152		0.126096
152.125		0.126096
152.25		0.126096
152.375		0.126096
152.5		0.126096
152.625		0.126096
152.75		0.126096
152.875		0.126096
153		0.126096
153.125		0.126096
153.25		0.126096
153.375		0.126096
153.5		0.126096
153.625		0.126096
153.75		0.126096
153.875		0.126096
154		0.126096
154.125		0.126096
154.25		0.126096
154.375		0.126096
154.5		0.126096
154.625		0.126096
154.75		0.126096
154.875		0.126096
155		0.126096
155.125		0.13138
155.25		0.13138
155.375		0.13138
155.5		0.13138
155.625		0.13138
155.75		0.13138
155.875		0.13138
156		0.13138
156.125		0.13138
156.25		0.13138
156.375		0.13138
156.5		0.13138
156.625		0.13138
156.75		0.13138
156.875		0.13138
157		0.13138
157.125		0.13138
157.25		0.13138
157.375		0.13138
157.5		0.13138
157.625		0.13138
157.75		0.13138
157.875		0.13138
158		0.13138
158.125		0.13138
158.25		0.13138
158.375		0.13138
158.5		0.13138
158.625		0.13138
158.75		0.13138
158.875		0.13138
159		0.13138
159.125		0.13138
159.25		0.13138
159.375		0.13138
159.5		0.13138
159.625		0.13138
159.75		0.13138
159.875		0.13138
160		0.13138
160.125		0.140507
160.25		0.140507
160.375		0.140507
160.5		0.140507
160.625		0.140507
160.75		0.140507
160.875		0.140507
161		0.140507
161.125		0.140507
161.25		0.140507
161.375		0.140507
161.5		0.140507
161.625		0.140507
161.75		0.140507
161.875		0.140507
162		0.140507
162.125		0.140507
162.25		0.140507
162.375		0.140507
162.5		0.140507
162.625		0.140507
162.75		0.140507
162.875		0.140507
163		0.140507
163.125		0.140507
163.25		0.140507
163.375		0.140507
163.5		0.140507
163.625		0.140507
163.75		0.140507
163.875		0.140507
164		0.140507
164.125		0.140507
164.25		0.140507
164.375		0.140507
164.5		0.140507
164.625		0.140507
164.75		0.140507
164.875		0.140507
165		0.140507
165.125		0.147472
165.25		0.147472
165.375		0.147472
165.5		0.147472
165.625		0.147472
165.75		0.147472
165.875		0.147472
166		0.147472
166.125		0.147472
166.25		0.147472
166.375		0.147472
166.5		0.147472
166.625		0.147472
166.75		0.147472
166.875		0.147472
167		0.147472
167.125		0.147472
167.25		0.147472
167.375		0.147472
167.5		0.147472
167.625		0.147472
167.75		0.147472
167.875		0.147472
168		0.147472
168.125		0.147472
168.25		0.147472
168.375		0.147472
168.5		0.147472
168.625		0.147472
168.75		0.147472
168.875		0.147472
169		0.147472
169.125		0.147472
169.25		0.147472
169.375		0.147472
169.5		0.147472
169.625		0.147472
169.75		0.147472
169.875		0.147472
170		0.147472
170.125		0.174312
170.25		0.174312
170.375		0.174312
170.5		0.174312
170.625		0.174312
170.75		0.174312
170.875		0.174312
171		0.174312
171.125		0.174312
171.25		0.174312
171.375		0.174312
171.5		0.174312
171.625		0.174312
171.75		0.174312
171.875		0.174312
172		0.174312
172.125		0.174312
172.25		0.174312
172.375		0.174312
172.5		0.174312
172.625		0.174312
172.75		0.174312
172.875		0.174312
173		0.174312
173.125		0.174312
173.25		0.174312
173.375		0.174312
173.5		0.174312
173.625		0.174312
173.75		0.174312
173.875		0.174312
174		0.174312
174.125		0.174312
174.25		0.174312
174.375		0.174312
174.5		0.174312
174.625		0.174312
174.75		0.174312
174.875		0.174312
175		0.174312
175.125		0.18446
175.25		0.18446
175.375		0.18446
175.5		0.18446
175.625		0.18446
175.75		0.18446
175.875		0.18446
176		0.18446
176.125		0.18446
176.25		0.18446
176.375		0.18446
176.5		0.18446
176.625		0.18446
176.75		0.18446
176.875		0.18446
177		0.18446
177.125		0.18446
177.25		0.18446
177.375		0.18446
177.5		0.18446
177.625		0.18446
177.75		0.18446
177.875		0.18446
178		0.18446
178.125		0.18446
178.25		0.18446
178.375		0.18446
178.5		0.18446
178.625		0.18446
178.75		0.18446
178.875		0.18446
179		0.18446
179.125		0.18446
179.25		0.18446
179.375		0.18446
179.5		0.18446
179.625		0.18446
179.75		0.18446
179.875		0.18446
180		0.18446
180.125		0.187883
180.25		0.187883
180.375		0.187883
180.5		0.187883
180.625		0.187883
180.75		0.187883
180.875		0.187883
181		0.187883
181.125		0.187883
181.25		0.187883
181.375		0.187883
181.5		0.187883
181.625		0.187883
181.75		0.187883
181.875		0.187883
182		0.187883
182.125		0.187883
182.25		0.187883
182.375		0.187883
182.5		0.187883
182.625		0.187883
182.75		0.187883
182.875		0.187883
183		0.187883
183.125		0.187883
183.25		0.187883
183.375		0.187883
183.5		0.187883
183.625		0.187883
183.75		0.187883
183.875		0.187883
184		0.187883
184.125		0.187883
184.25		0.187883
184.375		0.187883
184.5		0.187883
184.625		0.187883
184.75		0.187883
184.875		0.187883
185		0.187883
185.125		0.195629
185.25		0.195629
185.375		0.195629
185.5		0.195629
185.625		0.195629
185.75		0.195629
185.875		0.195629
186		0.195629
186.125		0.195629
186.25		0.195629
186.375		0.195629
186.5		0.195629
186.625		0.195629
186.75		0.195629
186.875		0.195629
187		0.195629
187.125		0.195629
187.25		0.195629
187.375		0.195629
187.5		0.195629
187.625		0.195629
187.75		0.195629
187.875		0.195629
188		0.195629
188.125		0.195629
188.25		0.195629
188.375		0.195629
188.5		0.195629
188.625		0.195629
188.75		0.195629
188.875		0.195629
189		0.195629
189.125		0.195629
189.25		0.195629
189.375		0.195629
189.5		0.195629
189.625		0.195629
189.75		0.195629
189.875		0.195629
190		0.195629
190.125		0.226012
190.25		0.226012
190.375		0.226012
190.5		0.226012
190.625		0.226012
190.75		0.226012
190.875		0.226012
191		0.226012
191.125		0.226012
191.25		0.226012
191.375		0.226012
191.5		0.226012
191.625		0.226012
191.75		0.226012
191.875		0.226012
192		0.226012
192.125		0.226012
192.25		0.226012
192.375		0.226012
192.5		0.226012
192.625		0.226012
192.75		0.226012
192.875		0.226012
193		0.226012
193.125		0.226012
193.25		0.226012
193.375		0.226012
193.5		0.226012
193.625		0.226012
193.75		0.226012
193.875		0.226012
194		0.226012
194.125		0.226012
194.25		0.226012
194.375		0.226012
194.5		0.226012
194.625		0.226012
194.75		0.226012
194.875		0.226012
195		0.226012
195.125		0.227933
195.25		0.227933
195.375		0.227933
195.5		0.227933
195.625		0.227933
195.75		0.227933
195.875		0.227933
196		0.227933
196.125		0.227933
196.25		0.227933
196.375		0.227933
196.5		0.227933
196.625		0.227933
196.75		0.227933
196.875		0.227933
197		0.227933
197.125		0.227933
197.25		0.227933
197.375		0.227933
197.5		0.227933
197.625		0.227933
197.75		0.227933
197.875		0.227933
198		0.227933
198.125		0.227933
198.25		0.227933
198.375		0.227933
198.5		0.227933
198.625		0.227933
198.75		0.227933
198.875		0.227933
199		0.227933
199.125		0.227933
199.25		0.227933
199.375		0.227933
199.5		0.227933
199.625		0.227933
199.75		0.227933
199.875		0.227933
200		0.227933
200.125		0.241263
200.25		0.241263
200.375		0.241263
200.5		0.241263
200.625		0.241263
200.75		0.241263
200.875		0.241263
201		0.241263
201.125		0.241263
201.25		0.241263
201.375		0.241263
201.5		0.241263
201.625		0.241263
201.75		0.241263
201.875		0.241263
202		0.241263
202.125		0.241263
202.25		0.241263
202.375		0.241263
202.5		0.241263
202.625		0.241263
202.75		0.241263
202.875		0.241263
203		0.241263
203.125		0.241263
203.25		0.241263
203.375		0.241263
203.5		0.241263
203.625		0.241263
203.75		0.241263
203.875		0.241263
204		0.241263
204.125		0.241263
204.25		0.241263
204.375		0.241263
204.5		0.241263
204.625		0.241263
204.75		0.241263
204.875		0.241263
205		0.241263
205.125		0.244086
205.25		0.244086
205.375		0.244086
205.5		0.244086
205.625		0.244086
205.75		0.244086
205.875		0.244086
206		0.244086
206.125		0.244086
206.25		0.244086
206.375		0.244086
206.5		0.244086
206.625		0.244086
206.75		0.244086
206.875		0.244086
207		0.244086
207.125		0.244086
207.25		0.244086
207.375		0.244086
207.5		0.244086
207.625		0.244086
207.75		0.244086
207.875		0.244086
208		0.244086
208.125		0.244086
208.25		0.244086
208.375		0.244086
208.5		0.244086
208.625		0.244086
208.75		0.244086
208.875		0.244086
209		0.244086
209.125		0.244086
209.25		0.244086
209.375		0.244086
209.5		0.244086
209.625		0.244086
209.75		0.244086
209.875		0.244086
210		0.244086
210.125		0.275489
210.25		0.275489
210.375		0.275489
210.5		0.275489
210.625		0.275489
210.75		0.275489
210.875		0.275489
211		0.275489
211.125		0.275489
211.25		0.275489
211.375		0.275489
211.5		0.275489
211.625		0.275489
211.75		0.275489
211.875		0.275489
212		0.275489
212.125		0.275489
212.25		0.275489
212.375		0.275489
212.5		0.275489
212.625		0.275489
212.75		0.275489
212.875		0.275489
213		0.275489
213.125		0.275489
213.25		0.275489
213.375		0.275489
213.5		0.275489
213.625		0.275489
213.75		0.275489
213.875		0.275489
214		0.275489
214.125		0.275489
214.25		0.275489
214.375		0.275489
214.5		0.275489
214.625		0.275489
214.75		0.275489
214.875		0.275489
215		0.275489
215.125		0.287619
215.25		0.287619
215.375		0.287619
215.5		0.287619
215.625		0.287619
215.75		0.287619
215.875		0.287619
216		0.287619
216.125		0.287619
216.25		0.287619
216.375		0.287619
216.5		0.287619
216.625		0.287619
216.75		0.287619
216.875		0.287619
217		0.287619
217.125		0.287619
217.25		0.287619
217.375		0.287619
217.5		0.287619
217.625		0.287619
217.75		0.287619
217.875		0.287619
218		0.287619
218.125		0.287619
218.25		0.287619
218.375		0.287619
218.5		0.287619
218.625		0.287619
218.75		0.287619
218.875		0.287619
219		0.287619
219.125		0.287619
219.25		0.287619
219.375		0.287619
219.5		0.287619
219.625		0.287619
219.75		0.287619
219.875		0.287619
220		0.287619
220.125		0.294104
220.25		0.294104
220.375		0.294104
220.5		0.294104
220.625		0.294104
220.75		0.294104
220.875		0.294104
221		0.294104
221.125		0.294104
221.25		0.294104
221.375		0.294104
221.5		0.294104
221.625		0.294104
221.75		0.294104
221.875		0.294104
222		0.294104
222.125		0.294104
222.25		0.294104
222.375		0.294104
222.5		0.294104
222.625		0.294104
222.75		0.294104
222.875		0.294104
223		0.294104
223.125		0.294104
223.25		0.294104
223.375		0.294104
223.5		0.294104
223.625		0.294104
223.75		0.294104
223.875		0.294104
224		0.294104
224.125		0.294104
224.25		0.294104
224.375		0.294104
224.5		0.294104
224.625		0.294104
224.75		0.294104
224.875		0.294104
225		0.294104
225.125		0.298487
225.25		0.298487
225.375		0.298487
225.5		0.298487
225.625		0.298487
225.75		0.298487
225.875		0.298487
226		0.298487
226.125		0.298487
226.25		0.298487
226.375		0.298487
226.5		0.298487
226.625		0.298487
226.75		0.298487
226.875		0.298487
227		0.298487
227.125		0.298487
227.25		0.298487
227.375		0.298487
227.5		0.298487
227.625		0.298487
227.75		0.298487
227.875		0.298487
228		0.298487
228.125		0.298487
228.25		0.298487
228.375		0.298487
228.5		0.298487
228.625		0.298487
228.75		0.298487
228.875		0.298487
229		0.298487
229.125		0.298487
229.25		0.298487
229.375		0.298487
229.5		0.298487
229.625		0.298487
229.75		0.298487
229.875		0.298487
230		0.298487
230.125		0.338237
230.25		0.338237
230.375		0.338237
230.5		0.338237
230.625		0.338237
230.75		0.338237
230.875		0.338237
231		0.338237
231.125		0.338237
231.25		0.338237
231.375		0.338237
231.5		0.338237
231.625		0.338237
231.75		0.338237
231.875		0.338237
232		0.338237
232.125		0.338237
232.25		0.338237
232.375		0.338237
232.5		0.338237
232.625		0.338237
232.75		0.338237
232.875		0.338237
233		0.338237
233.125		0.338237
233.25		0.338237
233.375		0.338237
233.5		0.338237
233.625		0.338237
233.75		0.338237
233.875		0.338237
234		0.338237
234.125		0.338237
234.25		0.338237
234.375		0.338237
234.5		0.338237
234.625		0.338237
234.75		0.338237
234.875		0.338237
235		0.338237
235.125		0.344422
235.25		0.344422
235.375		0.344422
235.5		0.344422
235.625		0.344422
235.75		0.344422
235.875		0.344422
236		0.344422
236.125		0.344422
236.25		0.344422
236.375		0.344422
236.5		0.344422
236.625		0.344422
236.75		0.344422
236.875		0.344422
237		0.344422
237.125		0.344422
237.25		0.344422
237.375		0.344422
237.5		0.344422
237.625		0.344422
237.75		0.344422
237.875		0.344422
238		0.344422
238.125		0.344422
238.25		0.344422
238.375		0.344422
238.5		0.344422
238.625		0.344422
238.75		0.344422
238.875		0.344422
239		0.344422
239.125		0.344422
239.25		0.344422
239.375		0.344422
239.5		0.344422
239.625		0.344422
239.75		0.344422
239.875		0.344422
240		0.344422
240.125		0.349526
240.25		0.349526
240.375		0.349526
240.5		0.349526
240.625		0.349526
240.75		0.349526
240.875		0.349526
241		0.349526
241.125		0.349526
241.25		0.349526
241.375		0.349526
241.5		0.349526
241.625		0.349526
241.75		0.349526
241.875		0.349526
242		0.349526
242.125		0.349526
242.25		0.349526
242.375		0.349526
242.5		0.349526
242.625		0.349526
242.75		0.349526
242.875		0.349526
243		0.349526
243.125		0.349526
243.25		0.349526
243.375		0.349526
243.5		0.349526
243.625		0.349526
243.75		0.349526
243.875		0.349526
244		0.349526
244.125		0.349526
244.25		0.349526
244.375		0.349526
244.5		0.349526
244.625		0.349526
244.75		0.349526
244.875		0.349526
245		0.349526
245.125		0.358292
245.25		0.358292
245.375		0.358292
245.5		0.358292
245.625		0.358292
245.75		0.358292
245.875		0.358292
246		0.358292
246.125		0.358292
246.25		0.358292
246.375		0.358292
246.5		0.358292
246.625		0.358292
246.75		0.358292
246.875		0.358292
247		0.358292
247.125		0.358292
247.25		0.358292
247.375		0.358292
247.5		0.358292
247.625		0.358292
247.75		0.358292
247.875		0.358292
248		0.358292
248.125		0.358292
248.25		0.358292
248.375		0.358292
248.5		0.358292
248.625		0.358292
248.75		0.358292
248.875		0.358292
249		0.358292
249.125		0.358292
249.25		0.358292
249.375		0.358292
249.5		0.358292
249.625		0.358292
249.75		0.358292
249.875		0.358292
250		0.358292
250.125		0.385193
250.25		0.385193
250.375		0.385193
250.5		0.385193
250.625		0.385193
250.75		0.385193
250.875		0.385193
251		0.385193
251.125		0.385193
251.25		0.385193
251.375		0.385193
251.5		0.385193
251.625		0.385193
251.75		0.385193
251.875		0.385193
252		0.385193
252.125		0.385193
252.25		0.385193
252.375		0.385193
252.5		0.385193
252.625		0.385193
252.75		0.385193
252.875		0.385193
253		0.385193
253.125		0.385193
253.25		0.385193
253.375		0.385193
253.5		0.385193
253.625		0.385193
253.75		0.385193
253.875		0.385193
254		0.385193
254.125		0.385193
254.25		0.385193
254.375		0.385193
254.5		0.385193
254.625		0.385193
254.75		0.385193
254.875		0.385193
255		0.385193
255.125		0.401045
255.25		0.401045
255.375		0.401045
255.5		0.401045
255.625		0.401045
255.75		0.401045
255.875		0.401045
256		0.401045
256.125		0.401045
256.25		0.401045
256.375		0.401045
256.5		0.401045
256.625		0.401045
256.75		0.401045
256.875		0.401045
257		0.401045
257.125		0.401045
257.25		0.401045
257.375		0.401045
257.5		0.401045
257.625		0.401045
257.75		0.401045
257.875		0.401045
258		0.401045
258.125		0.401045
258.25		0.401045
258.375		0.401045
258.5		0.401045
258.625		0.401045
258.75		0.401045
258.875		0.401045
259		0.401045
259.125		0.401045
259.25		0.401045
259.375		0.401045
259.5		0.401045
259.625		0.401045
259.75		0.401045
259.875		0.401045
260		0.401045
260.125		0.402726
260.25		0.402726
260.375		0.402726
260.5		0.402726
260.625		0.402726
260.75		0.402726
260.875		0.402726
261		0.402726
261.125		0.402726
261.25		0.402726
261.375		0.402726
261.5		0.402726
261.625		0.402726
261.75		0.402726
261.875		0.402726
262		0.402726
262.125		0.402726
262.25		0.402726
262.375		0.402726
262.5		0.402726
262.625		0.402726
262.75		0.402726
262.875		0.402726
263		0.402726
263.125		0.402726
263.25		0.402726
263.375		0.402726
263.5		0.402726
263.625		0.402726
263.75		0.402726
263.875		0.402726
264		0.402726
264.125		0.402726
264.25		0.402726
264.375		0.402726
264.5		0.402726
264.625		0.402726
264.75		0.402726
264.875		0.402726
265		0.402726
265.125		0.404047
265.25		0.404047
265.375		0.404047
265.5		0.404047
265.625		0.404047
265.75		0.404047
265.875		0.404047
266		0.404047
266.125		0.404047
266.25		0.404047
266.375		0.404047
266.5		0.404047
266.625		0.404047
266.75		0.404047
266.875		0.404047
267		0.404047
267.125		0.404047
267.25		0.404047
267.375		0.404047
267.5		0.404047
267.625		0.404047
267.75		0.404047
267.875		0.404047
268		0.404047
268.125		0.404047
268.25		0.404047
268.375		0.404047
268.5		0.404047
268.625		0.404047
268.75		0.404047
268.875		0.404047
269		0.404047
269.125		0.404047
269.25		0.404047
269.375		0.404047
269.5		0.404047
269.625		0.404047
269.75		0.404047
269.875		0.404047
270		0.404047
270.125		0.419299
270.25		0.419299
270.375		0.419299
270.5		0.419299
270.625		0.419299
270.75		0.419299
270.875		0.419299
271		0.419299
271.125		0.419299
271.25		0.419299
271.375		0.419299
271.5		0.419299
271.625		0.419299
271.75		0.419299
271.875		0.419299
272		0.419299
272.125		0.419299
272.25		0.419299
272.375		0.419299
272.5		0.419299
272.625		0.419299
272.75		0.419299
272.875		0.419299
273		0.419299
273.125		0.419299
273.25		0.419299
273.375		0.419299
273.5		0.419299
273.625		0.419299
273.75		0.419299
273.875		0.419299
274		0.419299
274.125		0.419299
274.25		0.419299
274.375		0.419299
274.5		0.419299
274.625		0.419299
274.75		0.419299
274.875		0.419299
275		0.419299
275.125		0.449982
275.25		0.449982
275.375		0.449982
275.5		0.449982
275.625		0.449982
275.75		0.449982
275.875		0.449982
276		0.449982
276.125		0.449982
276.25		0.449982
276.375		0.449982
276.5		0.449982
276.625		0.449982
276.75		0.449982
276.875		0.449982
277		0.449982
277.125		0.449982
277.25		0.449982
277.375		0.449982
277.5		0.449982
277.625		0.449982
277.75		0.449982
277.875		0.449982
278		0.449982
278.125		0.449982
278.25		0.449982
278.375		0.449982
278.5		0.449982
278.625		0.449982
278.75		0.449982
278.875		0.449982
279		0.449982
279.125		0.449982
279.25		0.449982
279.375		0.449982
279.5		0.449982
279.625		0.449982
279.75		0.449982
279.875		0.449982
280		0.449982
280.125		0.46031
280.25		0.46031
280.375		0.46031
280.5		0.46031
280.625		0.46031
280.75		0.46031
280.875		0.46031
281		0.46031
281.125		0.46031
281.25		0.46031
281.375		0.46031
281.5		0.46031
281.625		0.46031
281.75		0.46031
281.875		0.46031
282		0.46031
282.125		0.46031
282.25		0.46031
282.375		0.46031
282.5		0.46031
282.625		0.46031
282.75		0.46031
282.875		0.46031
283		0.46031
283.125		0.46031
283.25		0.46031
283.375		0.46031
283.5		0.46031
283.625		0.46031
283.75		0.46031
283.875		0.46031
284		0.46031
284.125		0.46031
284.25		0.46031
284.375		0.46031
284.5		0.46031
284.625		0.46031
284.75		0.46031
284.875		0.46031
285		0.46031
285.125		0.47352
285.25		0.47352
285.375		0.47352
285.5		0.47352
285.625		0.47352
285.75		0.47352
285.875		0.47352
286		0.47352
286.125		0.47352
286.25		0.47352
286.375		0.47352
286.5		0.47352
286.625		0.47352
286.75		0.47352
286.875		0.47352
287		0.47352
287.125		0.47352
287.25		0.47352
287.375		0.47352
287.5		0.47352
287.625		0.47352
287.75		0.47352
287.875		0.47352
288		0.47352
288.125		0.47352
288.25		0.47352
288.375		0.47352
288.5		0.47352
288.625		0.47352
288.75		0.47352
288.875		0.47352
289		0.47352
289.125		0.47352
289.25		0.47352
289.375		0.47352
289.5		0.47352
289.625		0.47352
289.75		0.47352
289.875		0.47352
290		0.47352
290.125		0.480785
290.25		0.480785
290.375		0.480785
290.5		0.480785
290.625		0.480785
290.75		0.480785
290.875		0.480785
291		0.480785
291.125		0.480785
291.25		0.480785
291.375		0.480785
291.5		0.480785
291.625		0.480785
291.75		0.480785
291.875		0.480785
292		0.480785
292.125		0.480785
292.25		0.480785
292.375		0.480785
292.5		0.480785
292.625		0.480785
292.75		0.480785
292.875		0.480785
293		0.480785
293.125		0.480785
293.25		0.480785
293.375		0.480785
293.5		0.480785
293.625		0.480785
293.75		0.480785
293.875		0.480785
294		0.480785
294.125		0.480785
294.25		0.480785
294.375		0.480785
294.5		0.480785
294.625		0.480785
294.75		0.480785
294.875		0.480785
295		0.480785
295.125		0.482647
295.25		0.482647
295.375		0.482647
295.5		0.482647
295.625		0.482647
295.75		0.482647
295.875		0.482647
296		0.482647
296.125		0.482647
296.25		0.482647
296.375		0.482647
296.5		0.482647
296.625		0.482647
296.75		0.482647
296.875		0.482647
297		0.482647
297.125		0.482647
297.25		0.482647
297.375		0.482647
297.5		0.482647
297.625		0.482647
297.75		0.482647
297.875		0.482647
298		0.482647
298.125		0.482647
298.25		0.482647
298.375		0.482647
298.5		0.482647
298.625		0.482647
298.75		0.482647
298.875		0.482647
299		0.482647
299.125		0.482647
299.25		0.482647
299.375		0.482647
299.5		0.482647
299.625		0.482647
299.75		0.482647
299.875		0.482647
300		0.482647
300.125		0.51369
300.25		0.51369
300.375		0.51369
300.5		0.51369
300.625		0.51369
300.75		0.51369
300.875		0.51369
301		0.51369
301.125		0.51369
301.25		0.51369
301.375		0.51369
301.5		0.51369
301.625		0.51369
301.75		0.51369
301.875		0.51369
302		0.51369
302.125		0.51369
302.25		0.51369
302.375		0.51369
302.5		0.51369
302.625		0.51369
302.75		0.51369
302.875		0.51369
303		0.51369
303.125		0.51369
303.25		0.51369
303.375		0.51369
303.5		0.51369
303.625		0.51369
303.75		0.51369
303.875		0.51369
304		0.51369
304.125		0.51369
304.25		0.51369
304.375		0.51369
304.5		0.51369
304.625		0.51369
304.75		0.51369
304.875		0.51369
305		0.51369
305.125		0.52648
305.25		0.52648
305.375		0.52648
305.5		0.52648
305.625		0.52648
305.75		0.52648
305.875		0.52648
306		0.52648
306.125		0.52648
306.25		0.52648
306.375		0.52648
306.5		0.52648
306.625		0.52648
306.75		0.52648
306.875		0.52648
307		0.52648
307.125		0.52648
307.25		0.52648
307.375		0.52648
307.5		0.52648
307.625		0.52648
307.75		0.52648
307.875		0.52648
308		0.52648
308.125		0.52648
308.25		0.52648
308.375		0.52648
308.5		0.52648
308.625		0.52648
308.75		0.52648
308.875		0.52648
309		0.52648
309.125		0.52648
309.25		0.52648
309.375		0.52648
309.5		0.52648
309.625		0.52648
309.75		0.52648
309.875		0.52648
310		0.52648
310.125		0.533686
310.25		0.533686
310.375		0.533686
310.5		0.533686
310.625		0.533686
310.75		0.533686
310.875		0.533686
311		0.533686
311.125		0.533686
311.25		0.533686
311.375		0.533686
311.5		0.533686
311.625		0.533686
311.75		0.533686
311.875		0.533686
312		0.533686
312.125		0.533686
312.25		0.533686
312.375		0.533686
312.5		0.533686
312.625		0.533686
312.75		0.533686
312.875		0.533686
313		0.533686
313.125		0.533686
313.25		0.533686
313.375		0.533686
313.5		0.533686
313.625		0.533686
313.75		0.533686
313.875		0.533686
314		0.533686
314.125		0.533686
314.25		0.533686
314.375		0.533686
314.5		0.533686
314.625		0.533686
314.75		0.533686
314.875		0.533686
315		0.533686
315.125		0.535547
315.25		0.535547
315.375		0.535547
315.5		0.535547
315.625		0.535547
315.75		0.535547
315.875		0.535547
316		0.535547
316.125		0.535547
316.25		0.535547
316.375		0.535547
316.5		0.535547
316.625		0.535547
316.75		0.535547
316.875		0.535547
317		0.535547
317.125		0.535547
317.25		0.535547
317.375		0.535547
317.5		0.535547
317.625		0.535547
317.75		0.535547
317.875		0.535547
318		0.535547
318.125		0.535547
318.25		0.535547
318.375		0.535547
318.5		0.535547
318.625		0.535547
318.75		0.535547
318.875		0.535547
319		0.535547
319.125		0.535547
319.25		0.535547
319.375		0.535547
319.5		0.535547
319.625		0.535547
319.75		0.535547
319.875		0.535547
320		0.535547
320.125		0.584604
320.25		0.584604
320.375		0.584604
320.5		0.584604
320.625		0.584604
320.75		0.584604
320.875		0.584604
321		0.584604
321.125		0.584604
321.25		0.584604
321.375		0.584604
321.5		0.584604
321.625		0.584604
321.75		0.584604
321.875		0.584604
322		0.584604
322.125		0.584604
322.25		0.584604
322.375		0.584604
322.5		0.584604
322.625		0.584604
322.75		0.584604
322.875		0.584604
323		0.584604
323.125		0.584604
323.25		0.584604
323.375		0.584604
323.5		0.584604
323.625		0.584604
323.75		0.584604
323.875		0.584604
324		0.584604
324.125		0.584604
324.25		0.584604
324.375		0.584604
324.5		0.584604
324.625		0.584604
324.75		0.584604
324.875		0.584604
325		0.584604
325.125		0.585265
325.25		0.585265
325.375		0.585265
325.5		0.585265
325.625		0.585265
325.75		0.585265
325.875		0.585265
326		0.585265
326.125		0.585265
326.25		0.585265
326.375		0.585265
326.5		0.585265
326.625		0.585265
326.75		0.585265
326.875		0.585265
327		0.585265
327.125		0.585265
327.25		0.585265
327.375		0.585265
327.5		0.585265
327.625		0.585265
327.75		0.585265
327.875		0.585265
328		0.585265
328.125		0.585265
328.25		0.585265
328.375		0.585265
328.5		0.585265
328.625		0.585265
328.75		0.585265
328.875		0.585265
329		0.585265
329.125		0.585265
329.25		0.585265
329.375		0.585265
329.5		0.585265
329.625		0.585265
329.75		0.585265
329.875		0.585265
330		0.585265
330.125		0.588027
330.25		0.588027
330.375		0.588027
330.5		0.588027
330.625		0.588027
330.75		0.588027
330.875		0.588027
331		0.588027
331.125		0.588027
331.25		0.588027
331.375		0.588027
331.5		0.588027
331.625		0.588027
331.75		0.588027
331.875		0.588027
332		0.588027
332.125		0.588027
332.25		0.588027
332.375		0.588027
332.5		0.588027
332.625		0.588027
332.75		0.588027
332.875		0.588027
333		0.588027
333.125		0.588027
333.25		0.588027
333.375		0.588027
333.5		0.588027
333.625		0.588027
333.75		0.588027
333.875		0.588027
334		0.588027
334.125		0.588027
334.25		0.588027
334.375		0.588027
334.5		0.588027
334.625		0.588027
334.75		0.588027
334.875		0.588027
335		0.588027
335.125		0.594332
335.25		0.594332
335.375		0.594332
335.5		0.594332
335.625		0.594332
335.75		0.594332
335.875		0.594332
336		0.594332
336.125		0.594332
336.25		0.594332
336.375		0.594332
336.5		0.594332
336.625		0.594332
336.75		0.594332
336.875		0.594332
337		0.594332
337.125		0.594332
337.25		0.594332
337.375		0.594332
337.5		0.594332
337.625		0.594332
337.75		0.594332
337.875		0.594332
338		0.594332
338.125		0.594332
338.25		0.594332
338.375		0.594332
338.5		0.594332
338.625		0.594332
338.75		0.594332
338.875		0.594332
339		0.594332
339.125		0.594332
339.25		0.594332
339.375		0.594332
339.5		0.594332
339.625		0.594332
339.75		0.594332
339.875		0.594332
340		0.594332
340.125		0.620812
340.25		0.620812
340.375		0.620812
340.5		0.620812
340.625		0.620812
340.75		0.620812
340.875		0.620812
341		0.620812
341.125		0.620812
341.25		0.620812
341.375		0.620812
341.5		0.620812
341.625		0.620812
341.75		0.620812
341.875		0.620812
342		0.620812
342.125		0.620812
342.25		0.620812
342.375		0.620812
342.5		0.620812
342.625		0.620812
342.75		0.620812
342.875		0.620812
343		0.620812
343.125		0.620812
343.25		0.620812
343.375		0.620812
343.5		0.620812
343.625		0.620812
343.75		0.620812
343.875		0.620812
344		0.620812
344.125		0.620812
344.25		0.620812
344.375		0.620812
344.5		0.620812
344.625		0.620812
344.75		0.620812
344.875		0.620812
345		0.620812
345.125		0.627417
345.25		0.627417
345.375		0.627417
345.5		0.627417
345.625		0.627417
345.75		0.627417
345.875		0.627417
346		0.627417
346.125		0.627417
346.25		0.627417
346.375		0.627417
346.5		0.627417
346.625		0.627417
346.75		0.627417
346.875		0.627417
347		0.627417
347.125		0.627417
347.25		0.627417
347.375		0.627417
347.5		0.627417
347.625		0.627417
347.75		0.627417
347.875		0.627417
348		0.627417
348.125		0.627417
348.25		0.627417
348.375		0.627417
348.5		0.627417
348.625		0.627417
348.75		0.627417
348.875		0.627417
349		0.627417
349.125		0.627417
349.25		0.627417
349.375		0.627417
349.5		0.627417
349.625		0.627417
349.75		0.627417
349.875		0.627417
350		0.627417
350.125		0.648373
350.25		0.648373
350.375		0.648373
350.5		0.648373
350.625		0.648373
350.75		0.648373
350.875		0.648373
351		0.648373
351.125		0.648373
351.25		0.648373
351.375		0.648373
351.5		0.648373
351.625		0.648373
351.75		0.648373
351.875		0.648373
352		0.648373
352.125		0.648373
352.25		0.648373
352.375		0.648373
352.5		0.648373
352.625		0.648373
352.75		0.648373
352.875		0.648373
353		0.648373
353.125		0.648373
353.25		0.648373
353.375		0.648373
353.5		0.648373
353.625		0.648373
353.75		0.648373
353.875		0.648373
354		0.648373
354.125		0.648373
354.25		0.648373
354.375		0.648373
354.5		0.648373
354.625		0.648373
354.75		0.648373
354.875		0.648373
355		0.648373
355.125		0.651135
355.25		0.651135
355.375		0.651135
355.5		0.651135
355.625		0.651135
355.75		0.651135
355.875		0.651135
356		0.651135
356.125		0.651135
356.25		0.651135
356.375		0.651135
356.5		0.651135
356.625		0.651135
356.75		0.651135
356.875		0.651135
357		0.651135
357.125		0.651135
357.25		0.651135
357.375		0.651135
357.5		0.651135
357.625		0.651135
357.75		0.651135
357.875		0.651135
358		0.651135
358.125		0.651135
358.25		0.651135
358.375		0.651135
358.5		0.651135
358.625		0.651135
358.75		0.651135
358.875		0.651135
359		0.651135
359.125		0.651135
359.25		0.651135
359.375		0.651135
359.5		0.651135
359.625		0.651135
359.75		0.651135
359.875		0.651135
360		0.651135
360.125		0.665606
360.25		0.665606
360.375		0.665606
360.5		0.665606
360.625		0.665606
360.75		0.665606
360.875		0.665606
361		0.665606
361.125		0.665606
361.25		0.665606
361.375		0.665606
361.5		0.665606
361.625		0.665606
361.75		0.665606
361.875		0.665606
362		0.665606
362.125		0.665606
362.25		0.665606
362.375		0.665606
362.5		0.665606
362.625		0.665606
362.75		0.665606
362.875		0.665606
363		0.665606
363.125		0.665606
363.25		0.665606
363.375		0.665606
363.5		0.665606
363.625		0.665606
363.75		0.665606
363.875		0.665606
364		0.665606
364.125		0.665606
364.25		0.665606
364.375		0.665606
364.5		0.665606
364.625		0.665606
364.75		0.665606
364.875		0.665606
365		0.665606
365.125		0.687523
365.25		0.687523
365.375		0.687523
365.5		0.687523
365.625		0.687523
365.75		0.687523
365.875		0.687523
366		0.687523
366.125		0.687523
366.25		0.687523
366.375		0.687523
366.5		0.687523
366.625		0.687523
366.75		0.687523
366.875		0.687523
367		0.687523
367.125		0.687523
367.25		0.687523
367.375		0.687523
367.5		0.687523
367.625		0.687523
367.75		0.687523
367.875		0.687523
368		0.687523
368.125		0.687523
368.25		0.687523
368.375		0.687523
368.5		0.687523
368.625		0.687523
368.75		0.687523
368.875		0.687523
369		0.687523
369.125		0.687523
369.25		0.687523
369.375		0.687523
369.5		0.687523
369.625		0.687523
369.75		0.687523
369.875		0.687523
370		0.687523
370.125		0.692026
370.25		0.692026
370.375		0.692026
370.5		0.692026
370.625		0.692026
370.75		0.692026
370.875		0.692026
371		0.692026
371.125		0.692026
371.25		0.692026
371.375		0.692026
371.5		0.692026
371.625		0.692026
371.75		0.692026
371.875		0.692026
372		0.692026
372.125		0.692026
372.25		0.692026
372.375		0.692026
372.5		0.692026
372.625		0.692026
372.75		0.692026
372.875		0.692026
373		0.692026
373.125		0.692026
373.25		0.692026
373.375		0.692026
373.5		0.692026
373.625		0.692026
373.75		0.692026
373.875		0.692026
374		0.692026
374.125		0.692026
374.25		0.692026
374.375		0.692026
374.5		0.692026
374.625		0.692026
374.75		0.692026
374.875		0.692026
375		0.692026
375.125		0.701273
375.25		0.701273
375.375		0.701273
375.5		0.701273
375.625		0.701273
375.75		0.701273
375.875		0.701273
376		0.701273
376.125		0.701273
376.25		0.701273
376.375		0.701273
376.5		0.701273
376.625		0.701273
376.75		0.701273
376.875		0.701273
377		0.701273
377.125		0.701273
377.25		0.701273
377.375		0.701273
377.5		0.701273
377.625		0.701273
377.75		0.701273
377.875		0.701273
378		0.701273
378.125		0.701273
378.25		0.701273
378.375		0.701273
378.5		0.701273
378.625		0.701273
378.75		0.701273
378.875		0.701273
379		0.701273
379.125		0.701273
379.25		0.701273
379.375		0.701273
379.5		0.701273
379.625		0.701273
379.75		0.701273
379.875		0.701273
380		0.701273
380.125		0.721208
380.25		0.721208
380.375		0.721208
380.5		0.721208
380.625		0.721208
380.75		0.721208
380.875		0.721208
381		0.721208
381.125		0.721208
381.25		0.721208
381.375		0.721208
381.5		0.721208
381.625		0.721208
381.75		0.721208
381.875		0.721208
382		0.721208
382.125		0.721208
382.25		0.721208
382.375		0.721208
382.5		0.721208
382.625		0.721208
382.75		0.721208
382.875		0.721208
383		0.721208
383.125		0.721208
383.25		0.721208
383.375		0.721208
383.5		0.721208
383.625		0.721208
383.75		0.721208
383.875		0.721208
384		0.721208
384.125		0.721208
384.25		0.721208
384.375		0.721208
384.5		0.721208
384.625		0.721208
384.75		0.721208
384.875		0.721208
385		0.721208
385.125		0.725832
385.25		0.725832
385.375		0.725832
385.5		0.725832
385.625		0.725832
385.75		0.725832
385.875		0.725832
386		0.725832
386.125		0.725832
386.25		0.725832
386.375		0.725832
386.5		0.725832
386.625		0.725832
386.75		0.725832
386.875		0.725832
387		0.725832
387.125		0.725832
387.25		0.725832
387.375		0.725832
387.5		0.725832
387.625		0.725832
387.75		0.725832
387.875		0.725832
388		0.725832
388.125		0.725832
388.25		0.725832
388.375		0.725832
388.5		0.725832
388.625		0.725832
388.75		0.725832
388.875		0.725832
389		0.725832
389.125		0.725832
389.25		0.725832
389.375		0.725832
389.5		0.725832
389.625		0.725832
389.75		0.725832
389.875		0.725832
390		0.725832
390.125		0.728834
390.25		0.728834
390.375		0.728834
390.5		0.728834
390.625		0.728834
390.75		0.728834
390.875		0.728834
391		0.728834
391.125		0.728834
391.25		0.728834
391.375		0.728834
391.5		0.728834
391.625		0.728834
391.75		0.728834
391.875		0.728834
392		0.728834
392.125		0.728834
392.25		0.728834
392.375		0.728834
392.5		0.728834
392.625		0.728834
392.75		0.728834
392.875		0.728834
393		0.728834
393.125		0.728834
393.25		0.728834
393.375		0.728834
393.5		0.728834
393.625		0.728834
393.75		0.728834
393.875		0.728834
394		0.728834
394.125		0.728834
394.25		0.728834
394.375		0.728834
394.5		0.728834
394.625		0.728834
394.75		0.728834
394.875		0.728834
395		0.728834
395.125		0.745707
395.25		0.745707
395.375		0.745707
395.5		0.745707
395.625		0.745707
395.75		0.745707
395.875		0.745707
396		0.745707
396.125		0.745707
396.25		0.745707
396.375		0.745707
396.5		0.745707
396.625		0.745707
396.75		0.745707
396.875		0.745707
397		0.745707
397.125		0.745707
397.25		0.745707
397.375		0.745707
397.5		0.745707
397.625		0.745707
397.75		0.745707
397.875		0.745707
398		0.745707
398.125		0.745707
398.25		0.745707
398.375		0.745707
398.5		0.745707
398.625		0.745707
398.75		0.745707
398.875		0.745707
399		0.745707
399.125		0.745707
399.25		0.745707
399.375		0.745707
399.5		0.745707
399.625		0.745707
399.75		0.745707
399.875		0.745707
400		0.745707
400.125		0.764921
400.25		0.764921
400.375		0.764921
400.5		0.764921
400.625		0.764921
400.75		0.764921
400.875		0.764921
401		0.764921
401.125		0.764921
401.25		0.764921
401.375		0.764921
401.5		0.764921
401.625		0.764921
401.75		0.764921
401.875		0.764921
402		0.764921
402.125		0.764921
402.25		0.764921
402.375		0.764921
402.5		0.764921
402.625		0.764921
402.75		0.764921
402.875		0.764921
403		0.764921
403.125		0.764921
403.25		0.764921
403.375		0.764921
403.5		0.764921
403.625		0.764921
403.75		0.764921
403.875		0.764921
404		0.764921
404.125		0.764921
404.25		0.764921
404.375		0.764921
404.5		0.764921
404.625		0.764921
404.75		0.764921
404.875		0.764921
405		0.764921
405.125		0.782575
405.25		0.782575
405.375		0.782575
405.5		0.782575
405.625		0.782575
405.75		0.782575
405.875		0.782575
406		0.782575
406.125		0.782575
406.25		0.782575
406.375		0.782575
406.5		0.782575
406.625		0.782575
406.75		0.782575
406.875		0.782575
407		0.782575
407.125		0.782575
407.25		0.782575
407.375		0.782575
407.5		0.782575
407.625		0.782575
407.75		0.782575
407.875		0.782575
408		0.782575
408.125		0.782575
408.25		0.782575
408.375		0.782575
408.5		0.782575
408.625		0.782575
408.75		0.782575
408.875		0.782575
409		0.782575
409.125		0.782575
409.25		0.782575
409.375		0.782575
409.5		0.782575
409.625		0.782575
409.75		0.782575
409.875		0.782575
410		0.782575
410.125		0.787378
410.25		0.787378
410.375		0.787378
410.5		0.787378
410.625		0.787378
410.75		0.787378
410.875		0.787378
411		0.787378
411.125		0.787378
411.25		0.787378
411.375		0.787378
411.5		0.787378
411.625		0.787378
411.75		0.787378
411.875		0.787378
412		0.787378
412.125		0.787378
412.25		0.787378
412.375		0.787378
412.5		0.787378
412.625		0.787378
412.75		0.787378
412.875		0.787378
413		0.787378
413.125		0.787378
413.25		0.787378
413.375		0.787378
413.5		0.787378
413.625		0.787378
413.75		0.787378
413.875		0.787378
414		0.787378
414.125		0.787378
414.25		0.787378
414.375		0.787378
414.5		0.787378
414.625		0.787378
414.75		0.787378
414.875		0.787378
415		0.787378
415.125		0.788039
415.25		0.788039
415.375		0.788039
415.5		0.788039
415.625		0.788039
415.75		0.788039
415.875		0.788039
416		0.788039
416.125		0.788039
416.25		0.788039
416.375		0.788039
416.5		0.788039
416.625		0.788039
416.75		0.788039
416.875		0.788039
417		0.788039
417.125		0.788039
417.25		0.788039
417.375		0.788039
417.5		0.788039
417.625		0.788039
417.75		0.788039
417.875		0.788039
418		0.788039
418.125		0.788039
418.25		0.788039
418.375		0.788039
418.5		0.788039
418.625		0.788039
418.75		0.788039
418.875		0.788039
419		0.788039
419.125		0.788039
419.25		0.788039
419.375		0.788039
419.5		0.788039
419.625		0.788039
419.75		0.788039
419.875		0.788039
420		0.788039
420.125		0.824066
420.25		0.824066
420.375		0.824066
420.5		0.824066
420.625		0.824066
420.75		0.824066
420.875		0.824066
421		0.824066
421.125		0.824066
421.25		0.824066
421.375		0.824066
421.5		0.824066
421.625		0.824066
421.75		0.824066
421.875		0.824066
422		0.824066
422.125		0.824066
422.25		0.824066
422.375		0.824066
422.5		0.824066
422.625		0.824066
422.75		0.824066
422.875		0.824066
423		0.824066
423.125		0.824066
423.25		0.824066
423.375		0.824066
423.5		0.824066
423.625		0.824066
423.75		0.824066
423.875		0.824066
424		0.824066
424.125		0.824066
424.25		0.824066
424.375		0.824066
424.5		0.824066
424.625		0.824066
424.75		0.824066
424.875		0.824066
425		0.824066
425.125		0.838237
425.25		0.838237
425.375		0.838237
425.5		0.838237
425.625		0.838237
425.75		0.838237
425.875		0.838237
426		0.838237
426.125		0.838237
426.25		0.838237
426.375		0.838237
426.5		0.838237
426.625		0.838237
426.75		0.838237
426.875		0.838237
427		0.838237
427.125		0.838237
427.25		0.838237
427.375		0.838237
427.5		0.838237
427.625		0.838237
427.75		0.838237
427.875		0.838237
428		0.838237
428.125		0.838237
428.25		0.838237
428.375		0.838237
428.5		0.838237
428.625		0.838237
428.75		0.838237
428.875		0.838237
429		0.838237
429.125		0.838237
429.25		0.838237
429.375		0.838237
429.5		0.838237
429.625		0.838237
429.75		0.838237
429.875		0.838237
430		0.838237
430.125		0.850667
430.25		0.850667
430.375		0.850667
430.5		0.850667
430.625		0.850667
430.75		0.850667
430.875		0.850667
431		0.850667
431.125		0.850667
431.25		0.850667
431.375		0.850667
431.5		0.850667
431.625		0.850667
431.75		0.850667
431.875		0.850667
432		0.850667
432.125		0.850667
432.25		0.850667
432.375		0.850667
432.5		0.850667
432.625		0.850667
432.75		0.850667
432.875		0.850667
433		0.850667
433.125		0.850667
433.25		0.850667
433.375		0.850667
433.5		0.850667
433.625		0.850667
433.75		0.850667
433.875		0.850667
434		0.850667
434.125		0.850667
434.25		0.850667
434.375		0.850667
434.5		0.850667
434.625		0.850667
434.75		0.850667
434.875		0.850667
435		0.850667
435.125		0.85583
435.25		0.85583
435.375		0.85583
435.5		0.85583
435.625		0.85583
435.75		0.85583
435.875		0.85583
436		0.85583
436.125		0.85583
436.25		0.85583
436.375		0.85583
436.5		0.85583
436.625		0.85583
436.75		0.85583
436.875		0.85583
437		0.85583
437.125		0.85583
437.25		0.85583
437.375		0.85583
437.5		0.85583
437.625		0.85583
437.75		0.85583
437.875		0.85583
438		0.85583
438.125		0.85583
438.25		0.85583
438.375		0.85583
438.5		0.85583
438.625		0.85583
438.75		0.85583
438.875		0.85583
439		0.85583
439.125		0.85583
439.25		0.85583
439.375		0.85583
439.5		0.85583
439.625		0.85583
439.75		0.85583
439.875		0.85583
440		0.85583
440.125		0.870482
440.25		0.870482
440.375		0.870482
440.5		0.870482
440.625		0.870482
440.75		0.870482
440.875		0.870482
441		0.870482
441.125		0.870482
441.25		0.870482
441.375		0.870482
441.5		0.870482
441.625		0.870482
441.75		0.870482
441.875		0.870482
442		0.870482
442.125		0.870482
442.25		0.870482
442.375		0.870482
442.5		0.870482
442.625		0.870482
442.75		0.870482
442.875		0.870482
443		0.870482
443.125		0.870482
443.25		0.870482
443.375		0.870482
443.5		0.870482
443.625		0.870482
443.75		0.870482
443.875		0.870482
444		0.870482
444.125		0.870482
444.25		0.870482
444.375		0.870482
444.5		0.870482
444.625		0.870482
444.75		0.870482
444.875		0.870482
445		0.870482
445.125		0.883451
445.25		0.883451
445.375		0.883451
445.5		0.883451
445.625		0.883451
445.75		0.883451
445.875		0.883451
446		0.883451
446.125		0.883451
446.25		0.883451
446.375		0.883451
446.5		0.883451
446.625		0.883451
446.75		0.883451
446.875		0.883451
447		0.883451
447.125		0.883451
447.25		0.883451
447.375		0.883451
447.5		0.883451
447.625		0.883451
447.75		0.883451
447.875		0.883451
448		0.883451
448.125		0.883451
448.25		0.883451
448.375		0.883451
448.5		0.883451
448.625		0.883451
448.75		0.883451
448.875		0.883451
449		0.883451
449.125		0.883451
449.25		0.883451
449.375		0.883451
449.5		0.883451
449.625		0.883451
449.75		0.883451
449.875		0.883451
450		0.883451
450.125		0.906869
450.25		0.906869
450.375		0.906869
450.5		0.906869
450.625		0.906869
450.75		0.906869
450.875		0.906869
451		0.906869
451.125		0.906869
451.25		0.906869
451.375		0.906869
451.5		0.906869
451.625		0.906869
451.75		0.906869
451.875		0.906869
452		0.906869
452.125		0.906869
452.25		0.906869
452.375		0.906869
452.5		0.906869
452.625		0.906869
452.75		0.906869
452.875		0.906869
453		0.906869
453.125		0.906869
453.25		0.906869
453.375		0.906869
453.5		0.906869
453.625		0.906869
453.75		0.906869
453.875		0.906869
454		0.906869
454.125		0.906869
454.25		0.906869
454.375		0.906869
454.5		0.906869
454.625		0.906869
454.75		0.906869
454.875		0.906869
455		0.906869
455.125		0.910352
455.25		0.910352
455.375		0.910352
455.5		0.910352
455.625		0.910352
455.75		0.910352
455.875		0.910352
456		0.910352
456.125		0.910352
456.25		0.910352
456.375		0.910352
456.5		0.910352
456.625		0.910352
456.75		0.910352
456.875		0.910352
457		0.910352
457.125		0.910352
457.25		0.910352
457.375		0.910352
457.5		0.910352
457.625		0.910352
457.75		0.910352
457.875		0.910352
458		0.910352
458.125		0.910352
458.25		0.910352
458.375		0.910352
458.5		0.910352
458.625		0.910352
458.75		0.910352
458.875		0.910352
459		0.910352
459.125		0.910352
459.25		0.910352
459.375		0.910352
459.5		0.910352
459.625		0.910352
459.75		0.910352
459.875		0.910352
460		0.910352
460.125		0.912754
460.25		0.912754
460.375		0.912754
460.5		0.912754
460.625		0.912754
460.75		0.912754
460.875		0.912754
461		0.912754
461.125		0.912754
461.25		0.912754
461.375		0.912754
461.5		0.912754
461.625		0.912754
461.75		0.912754
461.875		0.912754
462		0.912754
462.125		0.912754
462.25		0.912754
462.375		0.912754
462.5		0.912754
462.625		0.912754
462.75		0.912754
462.875		0.912754
463		0.912754
463.125		0.912754
463.25		0.912754
463.375		0.912754
463.5		0.912754
463.625		0.912754
463.75		0.912754
463.875		0.912754
464		0.912754
464.125		0.912754
464.25		0.912754
464.375		0.912754
464.5		0.912754
464.625		0.912754
464.75		0.912754
464.875		0.912754
465		0.912754
465.125		0.939594
465.25		0.939594
465.375		0.939594
465.5		0.939594
465.625		0.939594
465.75		0.939594
465.875		0.939594
466		0.939594
466.125		0.939594
466.25		0.939594
466.375		0.939594
466.5		0.939594
466.625		0.939594
466.75		0.939594
466.875		0.939594
467		0.939594
467.125		0.939594
467.25		0.939594
467.375		0.939594
467.5		0.939594
467.625		0.939594
467.75		0.939594
467.875		0.939594
468		0.939594
468.125		0.939594
468.25		0.939594
468.375		0.939594
468.5		0.939594
468.625		0.939594
468.75		0.939594
468.875		0.939594
469		0.939594
469.125		0.939594
469.25		0.939594
469.375		0.939594
469.5		0.939594
469.625		0.939594
469.75		0.939594
469.875		0.939594
470		0.939594
470.125		0.952024
470.25		0.952024
470.375		0.952024
470.5		0.952024
470.625		0.952024
470.75		0.952024
470.875		0.952024
471		0.952024
471.125		0.952024
471.25		0.952024
471.375		0.952024
471.5		0.952024
471.625		0.952024
471.75		0.952024
471.875		0.952024
472		0.952024
472.125		0.952024
472.25		0.952024
472.375		0.952024
472.5		0.952024
472.625		0.952024
472.75		0.952024
472.875		0.952024
473		0.952024
473.125		0.952024
473.25		0.952024
473.375		0.952024
473.5		0.952024
473.625		0.952024
473.75		0.952024
473.875		0.952024
474		0.952024
474.125		0.952024
474.25		0.952024
474.375		0.952024
474.5		0.952024
474.625		0.952024
474.75		0.952024
474.875		0.952024
475		0.952024
475.125		0.955386
475.25		0.955386
475.375		0.955386
475.5		0.955386
475.625		0.955386
475.75		0.955386
475.875		0.955386
476		0.955386
476.125		0.955386
476.25		0.955386
476.375		0.955386
476.5		0.955386
476.625		0.955386
476.75		0.955386
476.875		0.955386
477		0.955386
477.125		0.955386
477.25		0.955386
477.375		0.955386
477.5		0.955386
477.625		0.955386
477.75		0.955386
477.875		0.955386
478		0.955386
478.125		0.955386
478.25		0.955386
478.375		0.955386
478.5		0.955386
478.625		0.955386
478.75		0.955386
478.875		0.955386
479		0.955386
479.125		0.955386
479.25		0.955386
479.375		0.955386
479.5		0.955386
479.625		0.955386
479.75		0.955386
479.875		0.955386
480		0.955386
480.125		0.97358
480.25		0.97358
480.375		0.97358
480.5		0.97358
480.625		0.97358
480.75		0.97358
480.875		0.97358
481		0.97358
481.125		0.97358
481.25		0.97358
481.375		0.97358
481.5		0.97358
481.625		0.97358
481.75		0.97358
481.875		0.97358
482		0.97358
482.125		0.97358
482.25		0.97358
482.375		0.97358
482.5		0.97358
482.625		0.97358
482.75		0.97358
482.875		0.97358
483		0.97358
483.125		0.97358
483.25		0.97358
483.375		0.97358
483.5		0.97358
483.625		0.97358
483.75		0.97358
483.875		0.97358
484		0.97358
484.125		0.97358
484.25		0.97358
484.375		0.97358
484.5		0.97358
484.625		0.97358
484.75		0.97358
484.875		0.97358
485		0.97358
485.125		0.980245
485.25		0.980245
485.375		0.980245
485.5		0.980245
485.625		0.980245
485.75		0.980245
485.875		0.980245
486		0.980245
486.125		0.980245
486.25		0.980245
486.375		0.980245
486.5		0.980245
486.625		0.980245
486.75		0.980245
486.875		0.980245
487		0.980245
487.125		0.980245
487.25		0.980245
487.375		0.980245
487.5		0.980245
487.625		0.980245
487.75		0.980245
487.875		0.980245
488		0.980245
488.125		0.980245
488.25		0.980245
488.375		0.980245
488.5		0.980245
488.625		0.980245
488.75		0.980245
488.875		0.980245
489		0.980245
489.125		0.980245
489.25		0.980245
489.375		0.980245
489.5		0.980245
489.625		0.980245
489.75		0.980245
489.875		0.980245
490		0.980245
490.125		0.994596
490.25		0.994596
490.375		0.994596
490.5		0.994596
490.625		0.994596
490.75		0.994596
490.875		0.994596
491		0.994596
491.125		0.994596
491.25		0.994596
491.375		0.994596
491.5		0.994596
491.625		0.994596
491.75		0.994596
491.875		0.994596
492		0.994596
492.125		0.994596
492.25		0.994596
492.375		0.994596
492.5		0.994596
492.625		0.994596
492.75		0.994596
492.875		0.994596
493		0.994596
493.125		0.994596
493.25		0.994596
493.375		0.994596
493.5		0.994596
493.625		0.994596
493.75		0.994596
493.875		0.994596
494		0.994596
494.125		0.994596
494.25		0.994596
494.375		0.994596
494.5		0.994596
494.625		0.994596
494.75		0.994596
494.875		0.994596
495		0.994596
495.125		1
495.25		1
495.375		1
495.5		1
495.625		1
495.75		1
495.875		1
496		1
496.125		1
496.25		1
496.375		1
496.5		1
496.625		1
496.75		1
496.875		1
497		1
497.125		1
497.25		1
497.375		1
497.5		1
497.625		1
497.75		1
497.875		1
498		1
498.125		1
498.25		1
498.375		1
498.5		1
498.625		1
498.75		1
498.875		1
499		1
499.125		1
499.25		1
499.375		1
499.5		1
499.625		1
499.75		1
499.875		1
500		1
