# Calibration file of tamex_id 0 @ channel 5
# fine_T bin		 Calibration value
0.125		0
0.25		0
0.375		0
0.5		0
0.625		0
0.75		0
0.875		0
1		0
1.125		0
1.25		0
1.375		0
1.5		0
1.625		0
1.75		0
1.875		0
2		0
2.125		0
2.25		0
2.375		0
2.5		0
2.625		0
2.75		0
2.875		0
3		0
3.125		0
3.25		0
3.375		0
3.5		0
3.625		0
3.75		0
3.875		0
4		0
4.125		0
4.25		0
4.375		0
4.5		0
4.625		0
4.75		0
4.875		0
5		0
5.125		0
5.25		0
5.375		0
5.5		0
5.625		0
5.75		0
5.875		0
6		0
6.125		0
6.25		0
6.375		0
6.5		0
6.625		0
6.75		0
6.875		0
7		0
7.125		0
7.25		0
7.375		0
7.5		0
7.625		0
7.75		0
7.875		0
8		0
8.125		0
8.25		0
8.375		0
8.5		0
8.625		0
8.75		0
8.875		0
9		0
9.125		0
9.25		0
9.375		0
9.5		0
9.625		0
9.75		0
9.875		0
10		0
10.125		0
10.25		0
10.375		0
10.5		0
10.625		0
10.75		0
10.875		0
11		0
11.125		0
11.25		0
11.375		0
11.5		0
11.625		0
11.75		0
11.875		0
12		0
12.125		0
12.25		0
12.375		0
12.5		0
12.625		0
12.75		0
12.875		0
13		0
13.125		0
13.25		0
13.375		0
13.5		0
13.625		0
13.75		0
13.875		0
14		0
14.125		0
14.25		0
14.375		0
14.5		0
14.625		0
14.75		0
14.875		0
15		0
15.125		0
15.25		0
15.375		0
15.5		0
15.625		0
15.75		0
15.875		0
16		0
16.125		0
16.25		0
16.375		0
16.5		0
16.625		0
16.75		0
16.875		0
17		0
17.125		0
17.25		0
17.375		0
17.5		0
17.625		0
17.75		0
17.875		0
18		0
18.125		0
18.25		0
18.375		0
18.5		0
18.625		0
18.75		0
18.875		0
19		0
19.125		0
19.25		0
19.375		0
19.5		0
19.625		0
19.75		0
19.875		0
20		0
20.125		0
20.25		0
20.375		0
20.5		0
20.625		0
20.75		0
20.875		0
21		0
21.125		0
21.25		0
21.375		0
21.5		0
21.625		0
21.75		0
21.875		0
22		0
22.125		0
22.25		0
22.375		0
22.5		0
22.625		0
22.75		0
22.875		0
23		0
23.125		0
23.25		0
23.375		0
23.5		0
23.625		0
23.75		0
23.875		0
24		0
24.125		0
24.25		0
24.375		0
24.5		0
24.625		0
24.75		0
24.875		0
25		0
25.125		0
25.25		0
25.375		0
25.5		0
25.625		0
25.75		0
25.875		0
26		0
26.125		0
26.25		0
26.375		0
26.5		0
26.625		0
26.75		0
26.875		0
27		0
27.125		0
27.25		0
27.375		0
27.5		0
27.625		0
27.75		0
27.875		0
28		0
28.125		0
28.25		0
28.375		0
28.5		0
28.625		0
28.75		0
28.875		0
29		0
29.125		0
29.25		0
29.375		0
29.5		0
29.625		0
29.75		0
29.875		0
30		0
30.125		0
30.25		0
30.375		0
30.5		0
30.625		0
30.75		0
30.875		0
31		0
31.125		0
31.25		0
31.375		0
31.5		0
31.625		0
31.75		0
31.875		0
32		0
32.125		0
32.25		0
32.375		0
32.5		0
32.625		0
32.75		0
32.875		0
33		0
33.125		0
33.25		0
33.375		0
33.5		0
33.625		0
33.75		0
33.875		0
34		0
34.125		0
34.25		0
34.375		0
34.5		0
34.625		0
34.75		0
34.875		0
35		0
35.125		0
35.25		0
35.375		0
35.5		0
35.625		0
35.75		0
35.875		0
36		0
36.125		0
36.25		0
36.375		0
36.5		0
36.625		0
36.75		0
36.875		0
37		0
37.125		0
37.25		0
37.375		0
37.5		0
37.625		0
37.75		0
37.875		0
38		0
38.125		0
38.25		0
38.375		0
38.5		0
38.625		0
38.75		0
38.875		0
39		0
39.125		0
39.25		0
39.375		0
39.5		0
39.625		0
39.75		0
39.875		0
40		0
40.125		0
40.25		0
40.375		0
40.5		0
40.625		0
40.75		0
40.875		0
41		0
41.125		0
41.25		0
41.375		0
41.5		0
41.625		0
41.75		0
41.875		0
42		0
42.125		0
42.25		0
42.375		0
42.5		0
42.625		0
42.75		0
42.875		0
43		0
43.125		0
43.25		0
43.375		0
43.5		0
43.625		0
43.75		0
43.875		0
44		0
44.125		0
44.25		0
44.375		0
44.5		0
44.625		0
44.75		0
44.875		0
45		0
45.125		0
45.25		0
45.375		0
45.5		0
45.625		0
45.75		0
45.875		0
46		0
46.125		0
46.25		0
46.375		0
46.5		0
46.625		0
46.75		0
46.875		0
47		0
47.125		0
47.25		0
47.375		0
47.5		0
47.625		0
47.75		0
47.875		0
48		0
48.125		0
48.25		0
48.375		0
48.5		0
48.625		0
48.75		0
48.875		0
49		0
49.125		0
49.25		0
49.375		0
49.5		0
49.625		0
49.75		0
49.875		0
50		0
50.125		0
50.25		0
50.375		0
50.5		0
50.625		0
50.75		0
50.875		0
51		0
51.125		0
51.25		0
51.375		0
51.5		0
51.625		0
51.75		0
51.875		0
52		0
52.125		0
52.25		0
52.375		0
52.5		0
52.625		0
52.75		0
52.875		0
53		0
53.125		0
53.25		0
53.375		0
53.5		0
53.625		0
53.75		0
53.875		0
54		0
54.125		0
54.25		0
54.375		0
54.5		0
54.625		0
54.75		0
54.875		0
55		0
55.125		0
55.25		0
55.375		0
55.5		0
55.625		0
55.75		0
55.875		0
56		0
56.125		0
56.25		0
56.375		0
56.5		0
56.625		0
56.75		0
56.875		0
57		0
57.125		0
57.25		0
57.375		0
57.5		0
57.625		0
57.75		0
57.875		0
58		0
58.125		0
58.25		0
58.375		0
58.5		0
58.625		0
58.75		0
58.875		0
59		0
59.125		0
59.25		0
59.375		0
59.5		0
59.625		0
59.75		0
59.875		0
60		0
60.125		0
60.25		0
60.375		0
60.5		0
60.625		0
60.75		0
60.875		0
61		0
61.125		0
61.25		0
61.375		0
61.5		0
61.625		0
61.75		0
61.875		0
62		0
62.125		0
62.25		0
62.375		0
62.5		0
62.625		0
62.75		0
62.875		0
63		0
63.125		0
63.25		0
63.375		0
63.5		0
63.625		0
63.75		0
63.875		0
64		0
64.125		0
64.25		0
64.375		0
64.5		0
64.625		0
64.75		0
64.875		0
65		0
65.125		0
65.25		0
65.375		0
65.5		0
65.625		0
65.75		0
65.875		0
66		0
66.125		0
66.25		0
66.375		0
66.5		0
66.625		0
66.75		0
66.875		0
67		0
67.125		0
67.25		0
67.375		0
67.5		0
67.625		0
67.75		0
67.875		0
68		0
68.125		0
68.25		0
68.375		0
68.5		0
68.625		0
68.75		0
68.875		0
69		0
69.125		0
69.25		0
69.375		0
69.5		0
69.625		0
69.75		0
69.875		0
70		0
70.125		0
70.25		0
70.375		0
70.5		0
70.625		0
70.75		0
70.875		0
71		0
71.125		0
71.25		0
71.375		0
71.5		0
71.625		0
71.75		0
71.875		0
72		0
72.125		0
72.25		0
72.375		0
72.5		0
72.625		0
72.75		0
72.875		0
73		0
73.125		0
73.25		0
73.375		0
73.5		0
73.625		0
73.75		0
73.875		0
74		0
74.125		0
74.25		0
74.375		0
74.5		0
74.625		0
74.75		0
74.875		0
75		0
75.125		0
75.25		0
75.375		0
75.5		0
75.625		0
75.75		0
75.875		0
76		0
76.125		0
76.25		0
76.375		0
76.5		0
76.625		0
76.75		0
76.875		0
77		0
77.125		0
77.25		0
77.375		0
77.5		0
77.625		0
77.75		0
77.875		0
78		0
78.125		0
78.25		0
78.375		0
78.5		0
78.625		0
78.75		0
78.875		0
79		0
79.125		0
79.25		0
79.375		0
79.5		0
79.625		0
79.75		0
79.875		0
80		0
80.125		0.0341434
80.25		0.0341434
80.375		0.0341434
80.5		0.0341434
80.625		0.0341434
80.75		0.0341434
80.875		0.0341434
81		0.0341434
81.125		0.0341434
81.25		0.0341434
81.375		0.0341434
81.5		0.0341434
81.625		0.0341434
81.75		0.0341434
81.875		0.0341434
82		0.0341434
82.125		0.0341434
82.25		0.0341434
82.375		0.0341434
82.5		0.0341434
82.625		0.0341434
82.75		0.0341434
82.875		0.0341434
83		0.0341434
83.125		0.0341434
83.25		0.0341434
83.375		0.0341434
83.5		0.0341434
83.625		0.0341434
83.75		0.0341434
83.875		0.0341434
84		0.0341434
84.125		0.0341434
84.25		0.0341434
84.375		0.0341434
84.5		0.0341434
84.625		0.0341434
84.75		0.0341434
84.875		0.0341434
85		0.0341434
85.125		0.0384319
85.25		0.0384319
85.375		0.0384319
85.5		0.0384319
85.625		0.0384319
85.75		0.0384319
85.875		0.0384319
86		0.0384319
86.125		0.0384319
86.25		0.0384319
86.375		0.0384319
86.5		0.0384319
86.625		0.0384319
86.75		0.0384319
86.875		0.0384319
87		0.0384319
87.125		0.0384319
87.25		0.0384319
87.375		0.0384319
87.5		0.0384319
87.625		0.0384319
87.75		0.0384319
87.875		0.0384319
88		0.0384319
88.125		0.0384319
88.25		0.0384319
88.375		0.0384319
88.5		0.0384319
88.625		0.0384319
88.75		0.0384319
88.875		0.0384319
89		0.0384319
89.125		0.0384319
89.25		0.0384319
89.375		0.0384319
89.5		0.0384319
89.625		0.0384319
89.75		0.0384319
89.875		0.0384319
90		0.0384319
90.125		0.0486585
90.25		0.0486585
90.375		0.0486585
90.5		0.0486585
90.625		0.0486585
90.75		0.0486585
90.875		0.0486585
91		0.0486585
91.125		0.0486585
91.25		0.0486585
91.375		0.0486585
91.5		0.0486585
91.625		0.0486585
91.75		0.0486585
91.875		0.0486585
92		0.0486585
92.125		0.0486585
92.25		0.0486585
92.375		0.0486585
92.5		0.0486585
92.625		0.0486585
92.75		0.0486585
92.875		0.0486585
93		0.0486585
93.125		0.0486585
93.25		0.0486585
93.375		0.0486585
93.5		0.0486585
93.625		0.0486585
93.75		0.0486585
93.875		0.0486585
94		0.0486585
94.125		0.0486585
94.25		0.0486585
94.375		0.0486585
94.5		0.0486585
94.625		0.0486585
94.75		0.0486585
94.875		0.0486585
95		0.0486585
95.125		0.0574555
95.25		0.0574555
95.375		0.0574555
95.5		0.0574555
95.625		0.0574555
95.75		0.0574555
95.875		0.0574555
96		0.0574555
96.125		0.0574555
96.25		0.0574555
96.375		0.0574555
96.5		0.0574555
96.625		0.0574555
96.75		0.0574555
96.875		0.0574555
97		0.0574555
97.125		0.0574555
97.25		0.0574555
97.375		0.0574555
97.5		0.0574555
97.625		0.0574555
97.75		0.0574555
97.875		0.0574555
98		0.0574555
98.125		0.0574555
98.25		0.0574555
98.375		0.0574555
98.5		0.0574555
98.625		0.0574555
98.75		0.0574555
98.875		0.0574555
99		0.0574555
99.125		0.0574555
99.25		0.0574555
99.375		0.0574555
99.5		0.0574555
99.625		0.0574555
99.75		0.0574555
99.875		0.0574555
100		0.0574555
100.125		0.0920387
100.25		0.0920387
100.375		0.0920387
100.5		0.0920387
100.625		0.0920387
100.75		0.0920387
100.875		0.0920387
101		0.0920387
101.125		0.0920387
101.25		0.0920387
101.375		0.0920387
101.5		0.0920387
101.625		0.0920387
101.75		0.0920387
101.875		0.0920387
102		0.0920387
102.125		0.0920387
102.25		0.0920387
102.375		0.0920387
102.5		0.0920387
102.625		0.0920387
102.75		0.0920387
102.875		0.0920387
103		0.0920387
103.125		0.0920387
103.25		0.0920387
103.375		0.0920387
103.5		0.0920387
103.625		0.0920387
103.75		0.0920387
103.875		0.0920387
104		0.0920387
104.125		0.0920387
104.25		0.0920387
104.375		0.0920387
104.5		0.0920387
104.625		0.0920387
104.75		0.0920387
104.875		0.0920387
105		0.0920387
105.125		0.101276
105.25		0.101276
105.375		0.101276
105.5		0.101276
105.625		0.101276
105.75		0.101276
105.875		0.101276
106		0.101276
106.125		0.101276
106.25		0.101276
106.375		0.101276
106.5		0.101276
106.625		0.101276
106.75		0.101276
106.875		0.101276
107		0.101276
107.125		0.101276
107.25		0.101276
107.375		0.101276
107.5		0.101276
107.625		0.101276
107.75		0.101276
107.875		0.101276
108		0.101276
108.125		0.101276
108.25		0.101276
108.375		0.101276
108.5		0.101276
108.625		0.101276
108.75		0.101276
108.875		0.101276
109		0.101276
109.125		0.101276
109.25		0.101276
109.375		0.101276
109.5		0.101276
109.625		0.101276
109.75		0.101276
109.875		0.101276
110		0.101276
110.125		0.112382
110.25		0.112382
110.375		0.112382
110.5		0.112382
110.625		0.112382
110.75		0.112382
110.875		0.112382
111		0.112382
111.125		0.112382
111.25		0.112382
111.375		0.112382
111.5		0.112382
111.625		0.112382
111.75		0.112382
111.875		0.112382
112		0.112382
112.125		0.112382
112.25		0.112382
112.375		0.112382
112.5		0.112382
112.625		0.112382
112.75		0.112382
112.875		0.112382
113		0.112382
113.125		0.112382
113.25		0.112382
113.375		0.112382
113.5		0.112382
113.625		0.112382
113.75		0.112382
113.875		0.112382
114		0.112382
114.125		0.112382
114.25		0.112382
114.375		0.112382
114.5		0.112382
114.625		0.112382
114.75		0.112382
114.875		0.112382
115		0.112382
115.125		0.114746
115.25		0.114746
115.375		0.114746
115.5		0.114746
115.625		0.114746
115.75		0.114746
115.875		0.114746
116		0.114746
116.125		0.114746
116.25		0.114746
116.375		0.114746
116.5		0.114746
116.625		0.114746
116.75		0.114746
116.875		0.114746
117		0.114746
117.125		0.114746
117.25		0.114746
117.375		0.114746
117.5		0.114746
117.625		0.114746
117.75		0.114746
117.875		0.114746
118		0.114746
118.125		0.114746
118.25		0.114746
118.375		0.114746
118.5		0.114746
118.625		0.114746
118.75		0.114746
118.875		0.114746
119		0.114746
119.125		0.114746
119.25		0.114746
119.375		0.114746
119.5		0.114746
119.625		0.114746
119.75		0.114746
119.875		0.114746
120		0.114746
120.125		0.158566
120.25		0.158566
120.375		0.158566
120.5		0.158566
120.625		0.158566
120.75		0.158566
120.875		0.158566
121		0.158566
121.125		0.158566
121.25		0.158566
121.375		0.158566
121.5		0.158566
121.625		0.158566
121.75		0.158566
121.875		0.158566
122		0.158566
122.125		0.158566
122.25		0.158566
122.375		0.158566
122.5		0.158566
122.625		0.158566
122.75		0.158566
122.875		0.158566
123		0.158566
123.125		0.158566
123.25		0.158566
123.375		0.158566
123.5		0.158566
123.625		0.158566
123.75		0.158566
123.875		0.158566
124		0.158566
124.125		0.158566
124.25		0.158566
124.375		0.158566
124.5		0.158566
124.625		0.158566
124.75		0.158566
124.875		0.158566
125		0.158566
125.125		0.159556
125.25		0.159556
125.375		0.159556
125.5		0.159556
125.625		0.159556
125.75		0.159556
125.875		0.159556
126		0.159556
126.125		0.159556
126.25		0.159556
126.375		0.159556
126.5		0.159556
126.625		0.159556
126.75		0.159556
126.875		0.159556
127		0.159556
127.125		0.159556
127.25		0.159556
127.375		0.159556
127.5		0.159556
127.625		0.159556
127.75		0.159556
127.875		0.159556
128		0.159556
128.125		0.159556
128.25		0.159556
128.375		0.159556
128.5		0.159556
128.625		0.159556
128.75		0.159556
128.875		0.159556
129		0.159556
129.125		0.159556
129.25		0.159556
129.375		0.159556
129.5		0.159556
129.625		0.159556
129.75		0.159556
129.875		0.159556
130		0.159556
130.125		0.160545
130.25		0.160545
130.375		0.160545
130.5		0.160545
130.625		0.160545
130.75		0.160545
130.875		0.160545
131		0.160545
131.125		0.160545
131.25		0.160545
131.375		0.160545
131.5		0.160545
131.625		0.160545
131.75		0.160545
131.875		0.160545
132		0.160545
132.125		0.160545
132.25		0.160545
132.375		0.160545
132.5		0.160545
132.625		0.160545
132.75		0.160545
132.875		0.160545
133		0.160545
133.125		0.160545
133.25		0.160545
133.375		0.160545
133.5		0.160545
133.625		0.160545
133.75		0.160545
133.875		0.160545
134		0.160545
134.125		0.160545
134.25		0.160545
134.375		0.160545
134.5		0.160545
134.625		0.160545
134.75		0.160545
134.875		0.160545
135		0.160545
135.125		0.174951
135.25		0.174951
135.375		0.174951
135.5		0.174951
135.625		0.174951
135.75		0.174951
135.875		0.174951
136		0.174951
136.125		0.174951
136.25		0.174951
136.375		0.174951
136.5		0.174951
136.625		0.174951
136.75		0.174951
136.875		0.174951
137		0.174951
137.125		0.174951
137.25		0.174951
137.375		0.174951
137.5		0.174951
137.625		0.174951
137.75		0.174951
137.875		0.174951
138		0.174951
138.125		0.174951
138.25		0.174951
138.375		0.174951
138.5		0.174951
138.625		0.174951
138.75		0.174951
138.875		0.174951
139		0.174951
139.125		0.174951
139.25		0.174951
139.375		0.174951
139.5		0.174951
139.625		0.174951
139.75		0.174951
139.875		0.174951
140		0.174951
140.125		0.191555
140.25		0.191555
140.375		0.191555
140.5		0.191555
140.625		0.191555
140.75		0.191555
140.875		0.191555
141		0.191555
141.125		0.191555
141.25		0.191555
141.375		0.191555
141.5		0.191555
141.625		0.191555
141.75		0.191555
141.875		0.191555
142		0.191555
142.125		0.191555
142.25		0.191555
142.375		0.191555
142.5		0.191555
142.625		0.191555
142.75		0.191555
142.875		0.191555
143		0.191555
143.125		0.191555
143.25		0.191555
143.375		0.191555
143.5		0.191555
143.625		0.191555
143.75		0.191555
143.875		0.191555
144		0.191555
144.125		0.191555
144.25		0.191555
144.375		0.191555
144.5		0.191555
144.625		0.191555
144.75		0.191555
144.875		0.191555
145		0.191555
145.125		0.196118
145.25		0.196118
145.375		0.196118
145.5		0.196118
145.625		0.196118
145.75		0.196118
145.875		0.196118
146		0.196118
146.125		0.196118
146.25		0.196118
146.375		0.196118
146.5		0.196118
146.625		0.196118
146.75		0.196118
146.875		0.196118
147		0.196118
147.125		0.196118
147.25		0.196118
147.375		0.196118
147.5		0.196118
147.625		0.196118
147.75		0.196118
147.875		0.196118
148		0.196118
148.125		0.196118
148.25		0.196118
148.375		0.196118
148.5		0.196118
148.625		0.196118
148.75		0.196118
148.875		0.196118
149		0.196118
149.125		0.196118
149.25		0.196118
149.375		0.196118
149.5		0.196118
149.625		0.196118
149.75		0.196118
149.875		0.196118
150		0.196118
150.125		0.21976
150.25		0.21976
150.375		0.21976
150.5		0.21976
150.625		0.21976
150.75		0.21976
150.875		0.21976
151		0.21976
151.125		0.21976
151.25		0.21976
151.375		0.21976
151.5		0.21976
151.625		0.21976
151.75		0.21976
151.875		0.21976
152		0.21976
152.125		0.21976
152.25		0.21976
152.375		0.21976
152.5		0.21976
152.625		0.21976
152.75		0.21976
152.875		0.21976
153		0.21976
153.125		0.21976
153.25		0.21976
153.375		0.21976
153.5		0.21976
153.625		0.21976
153.75		0.21976
153.875		0.21976
154		0.21976
154.125		0.21976
154.25		0.21976
154.375		0.21976
154.5		0.21976
154.625		0.21976
154.75		0.21976
154.875		0.21976
155		0.21976
155.125		0.221465
155.25		0.221465
155.375		0.221465
155.5		0.221465
155.625		0.221465
155.75		0.221465
155.875		0.221465
156		0.221465
156.125		0.221465
156.25		0.221465
156.375		0.221465
156.5		0.221465
156.625		0.221465
156.75		0.221465
156.875		0.221465
157		0.221465
157.125		0.221465
157.25		0.221465
157.375		0.221465
157.5		0.221465
157.625		0.221465
157.75		0.221465
157.875		0.221465
158		0.221465
158.125		0.221465
158.25		0.221465
158.375		0.221465
158.5		0.221465
158.625		0.221465
158.75		0.221465
158.875		0.221465
159		0.221465
159.125		0.221465
159.25		0.221465
159.375		0.221465
159.5		0.221465
159.625		0.221465
159.75		0.221465
159.875		0.221465
160		0.221465
160.125		0.223719
160.25		0.223719
160.375		0.223719
160.5		0.223719
160.625		0.223719
160.75		0.223719
160.875		0.223719
161		0.223719
161.125		0.223719
161.25		0.223719
161.375		0.223719
161.5		0.223719
161.625		0.223719
161.75		0.223719
161.875		0.223719
162		0.223719
162.125		0.223719
162.25		0.223719
162.375		0.223719
162.5		0.223719
162.625		0.223719
162.75		0.223719
162.875		0.223719
163		0.223719
163.125		0.223719
163.25		0.223719
163.375		0.223719
163.5		0.223719
163.625		0.223719
163.75		0.223719
163.875		0.223719
164		0.223719
164.125		0.223719
164.25		0.223719
164.375		0.223719
164.5		0.223719
164.625		0.223719
164.75		0.223719
164.875		0.223719
165		0.223719
165.125		0.254838
165.25		0.254838
165.375		0.254838
165.5		0.254838
165.625		0.254838
165.75		0.254838
165.875		0.254838
166		0.254838
166.125		0.254838
166.25		0.254838
166.375		0.254838
166.5		0.254838
166.625		0.254838
166.75		0.254838
166.875		0.254838
167		0.254838
167.125		0.254838
167.25		0.254838
167.375		0.254838
167.5		0.254838
167.625		0.254838
167.75		0.254838
167.875		0.254838
168		0.254838
168.125		0.254838
168.25		0.254838
168.375		0.254838
168.5		0.254838
168.625		0.254838
168.75		0.254838
168.875		0.254838
169		0.254838
169.125		0.254838
169.25		0.254838
169.375		0.254838
169.5		0.254838
169.625		0.254838
169.75		0.254838
169.875		0.254838
170		0.254838
170.125		0.256378
170.25		0.256378
170.375		0.256378
170.5		0.256378
170.625		0.256378
170.75		0.256378
170.875		0.256378
171		0.256378
171.125		0.256378
171.25		0.256378
171.375		0.256378
171.5		0.256378
171.625		0.256378
171.75		0.256378
171.875		0.256378
172		0.256378
172.125		0.256378
172.25		0.256378
172.375		0.256378
172.5		0.256378
172.625		0.256378
172.75		0.256378
172.875		0.256378
173		0.256378
173.125		0.256378
173.25		0.256378
173.375		0.256378
173.5		0.256378
173.625		0.256378
173.75		0.256378
173.875		0.256378
174		0.256378
174.125		0.256378
174.25		0.256378
174.375		0.256378
174.5		0.256378
174.625		0.256378
174.75		0.256378
174.875		0.256378
175		0.256378
175.125		0.2638
175.25		0.2638
175.375		0.2638
175.5		0.2638
175.625		0.2638
175.75		0.2638
175.875		0.2638
176		0.2638
176.125		0.2638
176.25		0.2638
176.375		0.2638
176.5		0.2638
176.625		0.2638
176.75		0.2638
176.875		0.2638
177		0.2638
177.125		0.2638
177.25		0.2638
177.375		0.2638
177.5		0.2638
177.625		0.2638
177.75		0.2638
177.875		0.2638
178		0.2638
178.125		0.2638
178.25		0.2638
178.375		0.2638
178.5		0.2638
178.625		0.2638
178.75		0.2638
178.875		0.2638
179		0.2638
179.125		0.2638
179.25		0.2638
179.375		0.2638
179.5		0.2638
179.625		0.2638
179.75		0.2638
179.875		0.2638
180		0.2638
180.125		0.28079
180.25		0.28079
180.375		0.28079
180.5		0.28079
180.625		0.28079
180.75		0.28079
180.875		0.28079
181		0.28079
181.125		0.28079
181.25		0.28079
181.375		0.28079
181.5		0.28079
181.625		0.28079
181.75		0.28079
181.875		0.28079
182		0.28079
182.125		0.28079
182.25		0.28079
182.375		0.28079
182.5		0.28079
182.625		0.28079
182.75		0.28079
182.875		0.28079
183		0.28079
183.125		0.28079
183.25		0.28079
183.375		0.28079
183.5		0.28079
183.625		0.28079
183.75		0.28079
183.875		0.28079
184		0.28079
184.125		0.28079
184.25		0.28079
184.375		0.28079
184.5		0.28079
184.625		0.28079
184.75		0.28079
184.875		0.28079
185		0.28079
185.125		0.285133
185.25		0.285133
185.375		0.285133
185.5		0.285133
185.625		0.285133
185.75		0.285133
185.875		0.285133
186		0.285133
186.125		0.285133
186.25		0.285133
186.375		0.285133
186.5		0.285133
186.625		0.285133
186.75		0.285133
186.875		0.285133
187		0.285133
187.125		0.285133
187.25		0.285133
187.375		0.285133
187.5		0.285133
187.625		0.285133
187.75		0.285133
187.875		0.285133
188		0.285133
188.125		0.285133
188.25		0.285133
188.375		0.285133
188.5		0.285133
188.625		0.285133
188.75		0.285133
188.875		0.285133
189		0.285133
189.125		0.285133
189.25		0.285133
189.375		0.285133
189.5		0.285133
189.625		0.285133
189.75		0.285133
189.875		0.285133
190		0.285133
190.125		0.29514
190.25		0.29514
190.375		0.29514
190.5		0.29514
190.625		0.29514
190.75		0.29514
190.875		0.29514
191		0.29514
191.125		0.29514
191.25		0.29514
191.375		0.29514
191.5		0.29514
191.625		0.29514
191.75		0.29514
191.875		0.29514
192		0.29514
192.125		0.29514
192.25		0.29514
192.375		0.29514
192.5		0.29514
192.625		0.29514
192.75		0.29514
192.875		0.29514
193		0.29514
193.125		0.29514
193.25		0.29514
193.375		0.29514
193.5		0.29514
193.625		0.29514
193.75		0.29514
193.875		0.29514
194		0.29514
194.125		0.29514
194.25		0.29514
194.375		0.29514
194.5		0.29514
194.625		0.29514
194.75		0.29514
194.875		0.29514
195		0.29514
195.125		0.312404
195.25		0.312404
195.375		0.312404
195.5		0.312404
195.625		0.312404
195.75		0.312404
195.875		0.312404
196		0.312404
196.125		0.312404
196.25		0.312404
196.375		0.312404
196.5		0.312404
196.625		0.312404
196.75		0.312404
196.875		0.312404
197		0.312404
197.125		0.312404
197.25		0.312404
197.375		0.312404
197.5		0.312404
197.625		0.312404
197.75		0.312404
197.875		0.312404
198		0.312404
198.125		0.312404
198.25		0.312404
198.375		0.312404
198.5		0.312404
198.625		0.312404
198.75		0.312404
198.875		0.312404
199		0.312404
199.125		0.312404
199.25		0.312404
199.375		0.312404
199.5		0.312404
199.625		0.312404
199.75		0.312404
199.875		0.312404
200		0.312404
200.125		0.316747
200.25		0.316747
200.375		0.316747
200.5		0.316747
200.625		0.316747
200.75		0.316747
200.875		0.316747
201		0.316747
201.125		0.316747
201.25		0.316747
201.375		0.316747
201.5		0.316747
201.625		0.316747
201.75		0.316747
201.875		0.316747
202		0.316747
202.125		0.316747
202.25		0.316747
202.375		0.316747
202.5		0.316747
202.625		0.316747
202.75		0.316747
202.875		0.316747
203		0.316747
203.125		0.316747
203.25		0.316747
203.375		0.316747
203.5		0.316747
203.625		0.316747
203.75		0.316747
203.875		0.316747
204		0.316747
204.125		0.316747
204.25		0.316747
204.375		0.316747
204.5		0.316747
204.625		0.316747
204.75		0.316747
204.875		0.316747
205		0.316747
205.125		0.329943
205.25		0.329943
205.375		0.329943
205.5		0.329943
205.625		0.329943
205.75		0.329943
205.875		0.329943
206		0.329943
206.125		0.329943
206.25		0.329943
206.375		0.329943
206.5		0.329943
206.625		0.329943
206.75		0.329943
206.875		0.329943
207		0.329943
207.125		0.329943
207.25		0.329943
207.375		0.329943
207.5		0.329943
207.625		0.329943
207.75		0.329943
207.875		0.329943
208		0.329943
208.125		0.329943
208.25		0.329943
208.375		0.329943
208.5		0.329943
208.625		0.329943
208.75		0.329943
208.875		0.329943
209		0.329943
209.125		0.329943
209.25		0.329943
209.375		0.329943
209.5		0.329943
209.625		0.329943
209.75		0.329943
209.875		0.329943
210		0.329943
210.125		0.3383
210.25		0.3383
210.375		0.3383
210.5		0.3383
210.625		0.3383
210.75		0.3383
210.875		0.3383
211		0.3383
211.125		0.3383
211.25		0.3383
211.375		0.3383
211.5		0.3383
211.625		0.3383
211.75		0.3383
211.875		0.3383
212		0.3383
212.125		0.3383
212.25		0.3383
212.375		0.3383
212.5		0.3383
212.625		0.3383
212.75		0.3383
212.875		0.3383
213		0.3383
213.125		0.3383
213.25		0.3383
213.375		0.3383
213.5		0.3383
213.625		0.3383
213.75		0.3383
213.875		0.3383
214		0.3383
214.125		0.3383
214.25		0.3383
214.375		0.3383
214.5		0.3383
214.625		0.3383
214.75		0.3383
214.875		0.3383
215		0.3383
215.125		0.357653
215.25		0.357653
215.375		0.357653
215.5		0.357653
215.625		0.357653
215.75		0.357653
215.875		0.357653
216		0.357653
216.125		0.357653
216.25		0.357653
216.375		0.357653
216.5		0.357653
216.625		0.357653
216.75		0.357653
216.875		0.357653
217		0.357653
217.125		0.357653
217.25		0.357653
217.375		0.357653
217.5		0.357653
217.625		0.357653
217.75		0.357653
217.875		0.357653
218		0.357653
218.125		0.357653
218.25		0.357653
218.375		0.357653
218.5		0.357653
218.625		0.357653
218.75		0.357653
218.875		0.357653
219		0.357653
219.125		0.357653
219.25		0.357653
219.375		0.357653
219.5		0.357653
219.625		0.357653
219.75		0.357653
219.875		0.357653
220		0.357653
220.125		0.358478
220.25		0.358478
220.375		0.358478
220.5		0.358478
220.625		0.358478
220.75		0.358478
220.875		0.358478
221		0.358478
221.125		0.358478
221.25		0.358478
221.375		0.358478
221.5		0.358478
221.625		0.358478
221.75		0.358478
221.875		0.358478
222		0.358478
222.125		0.358478
222.25		0.358478
222.375		0.358478
222.5		0.358478
222.625		0.358478
222.75		0.358478
222.875		0.358478
223		0.358478
223.125		0.358478
223.25		0.358478
223.375		0.358478
223.5		0.358478
223.625		0.358478
223.75		0.358478
223.875		0.358478
224		0.358478
224.125		0.358478
224.25		0.358478
224.375		0.358478
224.5		0.358478
224.625		0.358478
224.75		0.358478
224.875		0.358478
225		0.358478
225.125		0.371234
225.25		0.371234
225.375		0.371234
225.5		0.371234
225.625		0.371234
225.75		0.371234
225.875		0.371234
226		0.371234
226.125		0.371234
226.25		0.371234
226.375		0.371234
226.5		0.371234
226.625		0.371234
226.75		0.371234
226.875		0.371234
227		0.371234
227.125		0.371234
227.25		0.371234
227.375		0.371234
227.5		0.371234
227.625		0.371234
227.75		0.371234
227.875		0.371234
228		0.371234
228.125		0.371234
228.25		0.371234
228.375		0.371234
228.5		0.371234
228.625		0.371234
228.75		0.371234
228.875		0.371234
229		0.371234
229.125		0.371234
229.25		0.371234
229.375		0.371234
229.5		0.371234
229.625		0.371234
229.75		0.371234
229.875		0.371234
230		0.371234
230.125		0.394051
230.25		0.394051
230.375		0.394051
230.5		0.394051
230.625		0.394051
230.75		0.394051
230.875		0.394051
231		0.394051
231.125		0.394051
231.25		0.394051
231.375		0.394051
231.5		0.394051
231.625		0.394051
231.75		0.394051
231.875		0.394051
232		0.394051
232.125		0.394051
232.25		0.394051
232.375		0.394051
232.5		0.394051
232.625		0.394051
232.75		0.394051
232.875		0.394051
233		0.394051
233.125		0.394051
233.25		0.394051
233.375		0.394051
233.5		0.394051
233.625		0.394051
233.75		0.394051
233.875		0.394051
234		0.394051
234.125		0.394051
234.25		0.394051
234.375		0.394051
234.5		0.394051
234.625		0.394051
234.75		0.394051
234.875		0.394051
235		0.394051
235.125		0.39823
235.25		0.39823
235.375		0.39823
235.5		0.39823
235.625		0.39823
235.75		0.39823
235.875		0.39823
236		0.39823
236.125		0.39823
236.25		0.39823
236.375		0.39823
236.5		0.39823
236.625		0.39823
236.75		0.39823
236.875		0.39823
237		0.39823
237.125		0.39823
237.25		0.39823
237.375		0.39823
237.5		0.39823
237.625		0.39823
237.75		0.39823
237.875		0.39823
238		0.39823
238.125		0.39823
238.25		0.39823
238.375		0.39823
238.5		0.39823
238.625		0.39823
238.75		0.39823
238.875		0.39823
239		0.39823
239.125		0.39823
239.25		0.39823
239.375		0.39823
239.5		0.39823
239.625		0.39823
239.75		0.39823
239.875		0.39823
240		0.39823
240.125		0.399934
240.25		0.399934
240.375		0.399934
240.5		0.399934
240.625		0.399934
240.75		0.399934
240.875		0.399934
241		0.399934
241.125		0.399934
241.25		0.399934
241.375		0.399934
241.5		0.399934
241.625		0.399934
241.75		0.399934
241.875		0.399934
242		0.399934
242.125		0.399934
242.25		0.399934
242.375		0.399934
242.5		0.399934
242.625		0.399934
242.75		0.399934
242.875		0.399934
243		0.399934
243.125		0.399934
243.25		0.399934
243.375		0.399934
243.5		0.399934
243.625		0.399934
243.75		0.399934
243.875		0.399934
244		0.399934
244.125		0.399934
244.25		0.399934
244.375		0.399934
244.5		0.399934
244.625		0.399934
244.75		0.399934
244.875		0.399934
245		0.399934
245.125		0.421432
245.25		0.421432
245.375		0.421432
245.5		0.421432
245.625		0.421432
245.75		0.421432
245.875		0.421432
246		0.421432
246.125		0.421432
246.25		0.421432
246.375		0.421432
246.5		0.421432
246.625		0.421432
246.75		0.421432
246.875		0.421432
247		0.421432
247.125		0.421432
247.25		0.421432
247.375		0.421432
247.5		0.421432
247.625		0.421432
247.75		0.421432
247.875		0.421432
248		0.421432
248.125		0.421432
248.25		0.421432
248.375		0.421432
248.5		0.421432
248.625		0.421432
248.75		0.421432
248.875		0.421432
249		0.421432
249.125		0.421432
249.25		0.421432
249.375		0.421432
249.5		0.421432
249.625		0.421432
249.75		0.421432
249.875		0.421432
250		0.421432
250.125		0.44084
250.25		0.44084
250.375		0.44084
250.5		0.44084
250.625		0.44084
250.75		0.44084
250.875		0.44084
251		0.44084
251.125		0.44084
251.25		0.44084
251.375		0.44084
251.5		0.44084
251.625		0.44084
251.75		0.44084
251.875		0.44084
252		0.44084
252.125		0.44084
252.25		0.44084
252.375		0.44084
252.5		0.44084
252.625		0.44084
252.75		0.44084
252.875		0.44084
253		0.44084
253.125		0.44084
253.25		0.44084
253.375		0.44084
253.5		0.44084
253.625		0.44084
253.75		0.44084
253.875		0.44084
254		0.44084
254.125		0.44084
254.25		0.44084
254.375		0.44084
254.5		0.44084
254.625		0.44084
254.75		0.44084
254.875		0.44084
255		0.44084
255.125		0.445404
255.25		0.445404
255.375		0.445404
255.5		0.445404
255.625		0.445404
255.75		0.445404
255.875		0.445404
256		0.445404
256.125		0.445404
256.25		0.445404
256.375		0.445404
256.5		0.445404
256.625		0.445404
256.75		0.445404
256.875		0.445404
257		0.445404
257.125		0.445404
257.25		0.445404
257.375		0.445404
257.5		0.445404
257.625		0.445404
257.75		0.445404
257.875		0.445404
258		0.445404
258.125		0.445404
258.25		0.445404
258.375		0.445404
258.5		0.445404
258.625		0.445404
258.75		0.445404
258.875		0.445404
259		0.445404
259.125		0.445404
259.25		0.445404
259.375		0.445404
259.5		0.445404
259.625		0.445404
259.75		0.445404
259.875		0.445404
260		0.445404
260.125		0.462338
260.25		0.462338
260.375		0.462338
260.5		0.462338
260.625		0.462338
260.75		0.462338
260.875		0.462338
261		0.462338
261.125		0.462338
261.25		0.462338
261.375		0.462338
261.5		0.462338
261.625		0.462338
261.75		0.462338
261.875		0.462338
262		0.462338
262.125		0.462338
262.25		0.462338
262.375		0.462338
262.5		0.462338
262.625		0.462338
262.75		0.462338
262.875		0.462338
263		0.462338
263.125		0.462338
263.25		0.462338
263.375		0.462338
263.5		0.462338
263.625		0.462338
263.75		0.462338
263.875		0.462338
264		0.462338
264.125		0.462338
264.25		0.462338
264.375		0.462338
264.5		0.462338
264.625		0.462338
264.75		0.462338
264.875		0.462338
265		0.462338
265.125		0.47152
265.25		0.47152
265.375		0.47152
265.5		0.47152
265.625		0.47152
265.75		0.47152
265.875		0.47152
266		0.47152
266.125		0.47152
266.25		0.47152
266.375		0.47152
266.5		0.47152
266.625		0.47152
266.75		0.47152
266.875		0.47152
267		0.47152
267.125		0.47152
267.25		0.47152
267.375		0.47152
267.5		0.47152
267.625		0.47152
267.75		0.47152
267.875		0.47152
268		0.47152
268.125		0.47152
268.25		0.47152
268.375		0.47152
268.5		0.47152
268.625		0.47152
268.75		0.47152
268.875		0.47152
269		0.47152
269.125		0.47152
269.25		0.47152
269.375		0.47152
269.5		0.47152
269.625		0.47152
269.75		0.47152
269.875		0.47152
270		0.47152
270.125		0.472564
270.25		0.472564
270.375		0.472564
270.5		0.472564
270.625		0.472564
270.75		0.472564
270.875		0.472564
271		0.472564
271.125		0.472564
271.25		0.472564
271.375		0.472564
271.5		0.472564
271.625		0.472564
271.75		0.472564
271.875		0.472564
272		0.472564
272.125		0.472564
272.25		0.472564
272.375		0.472564
272.5		0.472564
272.625		0.472564
272.75		0.472564
272.875		0.472564
273		0.472564
273.125		0.472564
273.25		0.472564
273.375		0.472564
273.5		0.472564
273.625		0.472564
273.75		0.472564
273.875		0.472564
274		0.472564
274.125		0.472564
274.25		0.472564
274.375		0.472564
274.5		0.472564
274.625		0.472564
274.75		0.472564
274.875		0.472564
275		0.472564
275.125		0.481251
275.25		0.481251
275.375		0.481251
275.5		0.481251
275.625		0.481251
275.75		0.481251
275.875		0.481251
276		0.481251
276.125		0.481251
276.25		0.481251
276.375		0.481251
276.5		0.481251
276.625		0.481251
276.75		0.481251
276.875		0.481251
277		0.481251
277.125		0.481251
277.25		0.481251
277.375		0.481251
277.5		0.481251
277.625		0.481251
277.75		0.481251
277.875		0.481251
278		0.481251
278.125		0.481251
278.25		0.481251
278.375		0.481251
278.5		0.481251
278.625		0.481251
278.75		0.481251
278.875		0.481251
279		0.481251
279.125		0.481251
279.25		0.481251
279.375		0.481251
279.5		0.481251
279.625		0.481251
279.75		0.481251
279.875		0.481251
280		0.481251
280.125		0.493732
280.25		0.493732
280.375		0.493732
280.5		0.493732
280.625		0.493732
280.75		0.493732
280.875		0.493732
281		0.493732
281.125		0.493732
281.25		0.493732
281.375		0.493732
281.5		0.493732
281.625		0.493732
281.75		0.493732
281.875		0.493732
282		0.493732
282.125		0.493732
282.25		0.493732
282.375		0.493732
282.5		0.493732
282.625		0.493732
282.75		0.493732
282.875		0.493732
283		0.493732
283.125		0.493732
283.25		0.493732
283.375		0.493732
283.5		0.493732
283.625		0.493732
283.75		0.493732
283.875		0.493732
284		0.493732
284.125		0.493732
284.25		0.493732
284.375		0.493732
284.5		0.493732
284.625		0.493732
284.75		0.493732
284.875		0.493732
285		0.493732
285.125		0.51512
285.25		0.51512
285.375		0.51512
285.5		0.51512
285.625		0.51512
285.75		0.51512
285.875		0.51512
286		0.51512
286.125		0.51512
286.25		0.51512
286.375		0.51512
286.5		0.51512
286.625		0.51512
286.75		0.51512
286.875		0.51512
287		0.51512
287.125		0.51512
287.25		0.51512
287.375		0.51512
287.5		0.51512
287.625		0.51512
287.75		0.51512
287.875		0.51512
288		0.51512
288.125		0.51512
288.25		0.51512
288.375		0.51512
288.5		0.51512
288.625		0.51512
288.75		0.51512
288.875		0.51512
289		0.51512
289.125		0.51512
289.25		0.51512
289.375		0.51512
289.5		0.51512
289.625		0.51512
289.75		0.51512
289.875		0.51512
290		0.51512
290.125		0.531889
290.25		0.531889
290.375		0.531889
290.5		0.531889
290.625		0.531889
290.75		0.531889
290.875		0.531889
291		0.531889
291.125		0.531889
291.25		0.531889
291.375		0.531889
291.5		0.531889
291.625		0.531889
291.75		0.531889
291.875		0.531889
292		0.531889
292.125		0.531889
292.25		0.531889
292.375		0.531889
292.5		0.531889
292.625		0.531889
292.75		0.531889
292.875		0.531889
293		0.531889
293.125		0.531889
293.25		0.531889
293.375		0.531889
293.5		0.531889
293.625		0.531889
293.75		0.531889
293.875		0.531889
294		0.531889
294.125		0.531889
294.25		0.531889
294.375		0.531889
294.5		0.531889
294.625		0.531889
294.75		0.531889
294.875		0.531889
295		0.531889
295.125		0.54349
295.25		0.54349
295.375		0.54349
295.5		0.54349
295.625		0.54349
295.75		0.54349
295.875		0.54349
296		0.54349
296.125		0.54349
296.25		0.54349
296.375		0.54349
296.5		0.54349
296.625		0.54349
296.75		0.54349
296.875		0.54349
297		0.54349
297.125		0.54349
297.25		0.54349
297.375		0.54349
297.5		0.54349
297.625		0.54349
297.75		0.54349
297.875		0.54349
298		0.54349
298.125		0.54349
298.25		0.54349
298.375		0.54349
298.5		0.54349
298.625		0.54349
298.75		0.54349
298.875		0.54349
299		0.54349
299.125		0.54349
299.25		0.54349
299.375		0.54349
299.5		0.54349
299.625		0.54349
299.75		0.54349
299.875		0.54349
300		0.54349
300.125		0.554596
300.25		0.554596
300.375		0.554596
300.5		0.554596
300.625		0.554596
300.75		0.554596
300.875		0.554596
301		0.554596
301.125		0.554596
301.25		0.554596
301.375		0.554596
301.5		0.554596
301.625		0.554596
301.75		0.554596
301.875		0.554596
302		0.554596
302.125		0.554596
302.25		0.554596
302.375		0.554596
302.5		0.554596
302.625		0.554596
302.75		0.554596
302.875		0.554596
303		0.554596
303.125		0.554596
303.25		0.554596
303.375		0.554596
303.5		0.554596
303.625		0.554596
303.75		0.554596
303.875		0.554596
304		0.554596
304.125		0.554596
304.25		0.554596
304.375		0.554596
304.5		0.554596
304.625		0.554596
304.75		0.554596
304.875		0.554596
305		0.554596
305.125		0.55894
305.25		0.55894
305.375		0.55894
305.5		0.55894
305.625		0.55894
305.75		0.55894
305.875		0.55894
306		0.55894
306.125		0.55894
306.25		0.55894
306.375		0.55894
306.5		0.55894
306.625		0.55894
306.75		0.55894
306.875		0.55894
307		0.55894
307.125		0.55894
307.25		0.55894
307.375		0.55894
307.5		0.55894
307.625		0.55894
307.75		0.55894
307.875		0.55894
308		0.55894
308.125		0.55894
308.25		0.55894
308.375		0.55894
308.5		0.55894
308.625		0.55894
308.75		0.55894
308.875		0.55894
309		0.55894
309.125		0.55894
309.25		0.55894
309.375		0.55894
309.5		0.55894
309.625		0.55894
309.75		0.55894
309.875		0.55894
310		0.55894
310.125		0.561964
310.25		0.561964
310.375		0.561964
310.5		0.561964
310.625		0.561964
310.75		0.561964
310.875		0.561964
311		0.561964
311.125		0.561964
311.25		0.561964
311.375		0.561964
311.5		0.561964
311.625		0.561964
311.75		0.561964
311.875		0.561964
312		0.561964
312.125		0.561964
312.25		0.561964
312.375		0.561964
312.5		0.561964
312.625		0.561964
312.75		0.561964
312.875		0.561964
313		0.561964
313.125		0.561964
313.25		0.561964
313.375		0.561964
313.5		0.561964
313.625		0.561964
313.75		0.561964
313.875		0.561964
314		0.561964
314.125		0.561964
314.25		0.561964
314.375		0.561964
314.5		0.561964
314.625		0.561964
314.75		0.561964
314.875		0.561964
315		0.561964
315.125		0.600231
315.25		0.600231
315.375		0.600231
315.5		0.600231
315.625		0.600231
315.75		0.600231
315.875		0.600231
316		0.600231
316.125		0.600231
316.25		0.600231
316.375		0.600231
316.5		0.600231
316.625		0.600231
316.75		0.600231
316.875		0.600231
317		0.600231
317.125		0.600231
317.25		0.600231
317.375		0.600231
317.5		0.600231
317.625		0.600231
317.75		0.600231
317.875		0.600231
318		0.600231
318.125		0.600231
318.25		0.600231
318.375		0.600231
318.5		0.600231
318.625		0.600231
318.75		0.600231
318.875		0.600231
319		0.600231
319.125		0.600231
319.25		0.600231
319.375		0.600231
319.5		0.600231
319.625		0.600231
319.75		0.600231
319.875		0.600231
320		0.600231
320.125		0.60188
320.25		0.60188
320.375		0.60188
320.5		0.60188
320.625		0.60188
320.75		0.60188
320.875		0.60188
321		0.60188
321.125		0.60188
321.25		0.60188
321.375		0.60188
321.5		0.60188
321.625		0.60188
321.75		0.60188
321.875		0.60188
322		0.60188
322.125		0.60188
322.25		0.60188
322.375		0.60188
322.5		0.60188
322.625		0.60188
322.75		0.60188
322.875		0.60188
323		0.60188
323.125		0.60188
323.25		0.60188
323.375		0.60188
323.5		0.60188
323.625		0.60188
323.75		0.60188
323.875		0.60188
324		0.60188
324.125		0.60188
324.25		0.60188
324.375		0.60188
324.5		0.60188
324.625		0.60188
324.75		0.60188
324.875		0.60188
325		0.60188
325.125		0.601935
325.25		0.601935
325.375		0.601935
325.5		0.601935
325.625		0.601935
325.75		0.601935
325.875		0.601935
326		0.601935
326.125		0.601935
326.25		0.601935
326.375		0.601935
326.5		0.601935
326.625		0.601935
326.75		0.601935
326.875		0.601935
327		0.601935
327.125		0.601935
327.25		0.601935
327.375		0.601935
327.5		0.601935
327.625		0.601935
327.75		0.601935
327.875		0.601935
328		0.601935
328.125		0.601935
328.25		0.601935
328.375		0.601935
328.5		0.601935
328.625		0.601935
328.75		0.601935
328.875		0.601935
329		0.601935
329.125		0.601935
329.25		0.601935
329.375		0.601935
329.5		0.601935
329.625		0.601935
329.75		0.601935
329.875		0.601935
330		0.601935
330.125		0.61645
330.25		0.61645
330.375		0.61645
330.5		0.61645
330.625		0.61645
330.75		0.61645
330.875		0.61645
331		0.61645
331.125		0.61645
331.25		0.61645
331.375		0.61645
331.5		0.61645
331.625		0.61645
331.75		0.61645
331.875		0.61645
332		0.61645
332.125		0.61645
332.25		0.61645
332.375		0.61645
332.5		0.61645
332.625		0.61645
332.75		0.61645
332.875		0.61645
333		0.61645
333.125		0.61645
333.25		0.61645
333.375		0.61645
333.5		0.61645
333.625		0.61645
333.75		0.61645
333.875		0.61645
334		0.61645
334.125		0.61645
334.25		0.61645
334.375		0.61645
334.5		0.61645
334.625		0.61645
334.75		0.61645
334.875		0.61645
335		0.61645
335.125		0.628106
335.25		0.628106
335.375		0.628106
335.5		0.628106
335.625		0.628106
335.75		0.628106
335.875		0.628106
336		0.628106
336.125		0.628106
336.25		0.628106
336.375		0.628106
336.5		0.628106
336.625		0.628106
336.75		0.628106
336.875		0.628106
337		0.628106
337.125		0.628106
337.25		0.628106
337.375		0.628106
337.5		0.628106
337.625		0.628106
337.75		0.628106
337.875		0.628106
338		0.628106
338.125		0.628106
338.25		0.628106
338.375		0.628106
338.5		0.628106
338.625		0.628106
338.75		0.628106
338.875		0.628106
339		0.628106
339.125		0.628106
339.25		0.628106
339.375		0.628106
339.5		0.628106
339.625		0.628106
339.75		0.628106
339.875		0.628106
340		0.628106
340.125		0.645645
340.25		0.645645
340.375		0.645645
340.5		0.645645
340.625		0.645645
340.75		0.645645
340.875		0.645645
341		0.645645
341.125		0.645645
341.25		0.645645
341.375		0.645645
341.5		0.645645
341.625		0.645645
341.75		0.645645
341.875		0.645645
342		0.645645
342.125		0.645645
342.25		0.645645
342.375		0.645645
342.5		0.645645
342.625		0.645645
342.75		0.645645
342.875		0.645645
343		0.645645
343.125		0.645645
343.25		0.645645
343.375		0.645645
343.5		0.645645
343.625		0.645645
343.75		0.645645
343.875		0.645645
344		0.645645
344.125		0.645645
344.25		0.645645
344.375		0.645645
344.5		0.645645
344.625		0.645645
344.75		0.645645
344.875		0.645645
345		0.645645
345.125		0.657247
345.25		0.657247
345.375		0.657247
345.5		0.657247
345.625		0.657247
345.75		0.657247
345.875		0.657247
346		0.657247
346.125		0.657247
346.25		0.657247
346.375		0.657247
346.5		0.657247
346.625		0.657247
346.75		0.657247
346.875		0.657247
347		0.657247
347.125		0.657247
347.25		0.657247
347.375		0.657247
347.5		0.657247
347.625		0.657247
347.75		0.657247
347.875		0.657247
348		0.657247
348.125		0.657247
348.25		0.657247
348.375		0.657247
348.5		0.657247
348.625		0.657247
348.75		0.657247
348.875		0.657247
349		0.657247
349.125		0.657247
349.25		0.657247
349.375		0.657247
349.5		0.657247
349.625		0.657247
349.75		0.657247
349.875		0.657247
350		0.657247
350.125		0.667803
350.25		0.667803
350.375		0.667803
350.5		0.667803
350.625		0.667803
350.75		0.667803
350.875		0.667803
351		0.667803
351.125		0.667803
351.25		0.667803
351.375		0.667803
351.5		0.667803
351.625		0.667803
351.75		0.667803
351.875		0.667803
352		0.667803
352.125		0.667803
352.25		0.667803
352.375		0.667803
352.5		0.667803
352.625		0.667803
352.75		0.667803
352.875		0.667803
353		0.667803
353.125		0.667803
353.25		0.667803
353.375		0.667803
353.5		0.667803
353.625		0.667803
353.75		0.667803
353.875		0.667803
354		0.667803
354.125		0.667803
354.25		0.667803
354.375		0.667803
354.5		0.667803
354.625		0.667803
354.75		0.667803
354.875		0.667803
355		0.667803
355.125		0.669507
355.25		0.669507
355.375		0.669507
355.5		0.669507
355.625		0.669507
355.75		0.669507
355.875		0.669507
356		0.669507
356.125		0.669507
356.25		0.669507
356.375		0.669507
356.5		0.669507
356.625		0.669507
356.75		0.669507
356.875		0.669507
357		0.669507
357.125		0.669507
357.25		0.669507
357.375		0.669507
357.5		0.669507
357.625		0.669507
357.75		0.669507
357.875		0.669507
358		0.669507
358.125		0.669507
358.25		0.669507
358.375		0.669507
358.5		0.669507
358.625		0.669507
358.75		0.669507
358.875		0.669507
359		0.669507
359.125		0.669507
359.25		0.669507
359.375		0.669507
359.5		0.669507
359.625		0.669507
359.75		0.669507
359.875		0.669507
360		0.669507
360.125		0.697328
360.25		0.697328
360.375		0.697328
360.5		0.697328
360.625		0.697328
360.75		0.697328
360.875		0.697328
361		0.697328
361.125		0.697328
361.25		0.697328
361.375		0.697328
361.5		0.697328
361.625		0.697328
361.75		0.697328
361.875		0.697328
362		0.697328
362.125		0.697328
362.25		0.697328
362.375		0.697328
362.5		0.697328
362.625		0.697328
362.75		0.697328
362.875		0.697328
363		0.697328
363.125		0.697328
363.25		0.697328
363.375		0.697328
363.5		0.697328
363.625		0.697328
363.75		0.697328
363.875		0.697328
364		0.697328
364.125		0.697328
364.25		0.697328
364.375		0.697328
364.5		0.697328
364.625		0.697328
364.75		0.697328
364.875		0.697328
365		0.697328
365.125		0.700132
365.25		0.700132
365.375		0.700132
365.5		0.700132
365.625		0.700132
365.75		0.700132
365.875		0.700132
366		0.700132
366.125		0.700132
366.25		0.700132
366.375		0.700132
366.5		0.700132
366.625		0.700132
366.75		0.700132
366.875		0.700132
367		0.700132
367.125		0.700132
367.25		0.700132
367.375		0.700132
367.5		0.700132
367.625		0.700132
367.75		0.700132
367.875		0.700132
368		0.700132
368.125		0.700132
368.25		0.700132
368.375		0.700132
368.5		0.700132
368.625		0.700132
368.75		0.700132
368.875		0.700132
369		0.700132
369.125		0.700132
369.25		0.700132
369.375		0.700132
369.5		0.700132
369.625		0.700132
369.75		0.700132
369.875		0.700132
370		0.700132
370.125		0.710688
370.25		0.710688
370.375		0.710688
370.5		0.710688
370.625		0.710688
370.75		0.710688
370.875		0.710688
371		0.710688
371.125		0.710688
371.25		0.710688
371.375		0.710688
371.5		0.710688
371.625		0.710688
371.75		0.710688
371.875		0.710688
372		0.710688
372.125		0.710688
372.25		0.710688
372.375		0.710688
372.5		0.710688
372.625		0.710688
372.75		0.710688
372.875		0.710688
373		0.710688
373.125		0.710688
373.25		0.710688
373.375		0.710688
373.5		0.710688
373.625		0.710688
373.75		0.710688
373.875		0.710688
374		0.710688
374.125		0.710688
374.25		0.710688
374.375		0.710688
374.5		0.710688
374.625		0.710688
374.75		0.710688
374.875		0.710688
375		0.710688
375.125		0.726358
375.25		0.726358
375.375		0.726358
375.5		0.726358
375.625		0.726358
375.75		0.726358
375.875		0.726358
376		0.726358
376.125		0.726358
376.25		0.726358
376.375		0.726358
376.5		0.726358
376.625		0.726358
376.75		0.726358
376.875		0.726358
377		0.726358
377.125		0.726358
377.25		0.726358
377.375		0.726358
377.5		0.726358
377.625		0.726358
377.75		0.726358
377.875		0.726358
378		0.726358
378.125		0.726358
378.25		0.726358
378.375		0.726358
378.5		0.726358
378.625		0.726358
378.75		0.726358
378.875		0.726358
379		0.726358
379.125		0.726358
379.25		0.726358
379.375		0.726358
379.5		0.726358
379.625		0.726358
379.75		0.726358
379.875		0.726358
380		0.726358
380.125		0.741588
380.25		0.741588
380.375		0.741588
380.5		0.741588
380.625		0.741588
380.75		0.741588
380.875		0.741588
381		0.741588
381.125		0.741588
381.25		0.741588
381.375		0.741588
381.5		0.741588
381.625		0.741588
381.75		0.741588
381.875		0.741588
382		0.741588
382.125		0.741588
382.25		0.741588
382.375		0.741588
382.5		0.741588
382.625		0.741588
382.75		0.741588
382.875		0.741588
383		0.741588
383.125		0.741588
383.25		0.741588
383.375		0.741588
383.5		0.741588
383.625		0.741588
383.75		0.741588
383.875		0.741588
384		0.741588
384.125		0.741588
384.25		0.741588
384.375		0.741588
384.5		0.741588
384.625		0.741588
384.75		0.741588
384.875		0.741588
385		0.741588
385.125		0.75099
385.25		0.75099
385.375		0.75099
385.5		0.75099
385.625		0.75099
385.75		0.75099
385.875		0.75099
386		0.75099
386.125		0.75099
386.25		0.75099
386.375		0.75099
386.5		0.75099
386.625		0.75099
386.75		0.75099
386.875		0.75099
387		0.75099
387.125		0.75099
387.25		0.75099
387.375		0.75099
387.5		0.75099
387.625		0.75099
387.75		0.75099
387.875		0.75099
388		0.75099
388.125		0.75099
388.25		0.75099
388.375		0.75099
388.5		0.75099
388.625		0.75099
388.75		0.75099
388.875		0.75099
389		0.75099
389.125		0.75099
389.25		0.75099
389.375		0.75099
389.5		0.75099
389.625		0.75099
389.75		0.75099
389.875		0.75099
390		0.75099
390.125		0.764295
390.25		0.764295
390.375		0.764295
390.5		0.764295
390.625		0.764295
390.75		0.764295
390.875		0.764295
391		0.764295
391.125		0.764295
391.25		0.764295
391.375		0.764295
391.5		0.764295
391.625		0.764295
391.75		0.764295
391.875		0.764295
392		0.764295
392.125		0.764295
392.25		0.764295
392.375		0.764295
392.5		0.764295
392.625		0.764295
392.75		0.764295
392.875		0.764295
393		0.764295
393.125		0.764295
393.25		0.764295
393.375		0.764295
393.5		0.764295
393.625		0.764295
393.75		0.764295
393.875		0.764295
394		0.764295
394.125		0.764295
394.25		0.764295
394.375		0.764295
394.5		0.764295
394.625		0.764295
394.75		0.764295
394.875		0.764295
395		0.764295
395.125		0.772377
395.25		0.772377
395.375		0.772377
395.5		0.772377
395.625		0.772377
395.75		0.772377
395.875		0.772377
396		0.772377
396.125		0.772377
396.25		0.772377
396.375		0.772377
396.5		0.772377
396.625		0.772377
396.75		0.772377
396.875		0.772377
397		0.772377
397.125		0.772377
397.25		0.772377
397.375		0.772377
397.5		0.772377
397.625		0.772377
397.75		0.772377
397.875		0.772377
398		0.772377
398.125		0.772377
398.25		0.772377
398.375		0.772377
398.5		0.772377
398.625		0.772377
398.75		0.772377
398.875		0.772377
399		0.772377
399.125		0.772377
399.25		0.772377
399.375		0.772377
399.5		0.772377
399.625		0.772377
399.75		0.772377
399.875		0.772377
400		0.772377
400.125		0.787662
400.25		0.787662
400.375		0.787662
400.5		0.787662
400.625		0.787662
400.75		0.787662
400.875		0.787662
401		0.787662
401.125		0.787662
401.25		0.787662
401.375		0.787662
401.5		0.787662
401.625		0.787662
401.75		0.787662
401.875		0.787662
402		0.787662
402.125		0.787662
402.25		0.787662
402.375		0.787662
402.5		0.787662
402.625		0.787662
402.75		0.787662
402.875		0.787662
403		0.787662
403.125		0.787662
403.25		0.787662
403.375		0.787662
403.5		0.787662
403.625		0.787662
403.75		0.787662
403.875		0.787662
404		0.787662
404.125		0.787662
404.25		0.787662
404.375		0.787662
404.5		0.787662
404.625		0.787662
404.75		0.787662
404.875		0.787662
405		0.787662
405.125		0.790081
405.25		0.790081
405.375		0.790081
405.5		0.790081
405.625		0.790081
405.75		0.790081
405.875		0.790081
406		0.790081
406.125		0.790081
406.25		0.790081
406.375		0.790081
406.5		0.790081
406.625		0.790081
406.75		0.790081
406.875		0.790081
407		0.790081
407.125		0.790081
407.25		0.790081
407.375		0.790081
407.5		0.790081
407.625		0.790081
407.75		0.790081
407.875		0.790081
408		0.790081
408.125		0.790081
408.25		0.790081
408.375		0.790081
408.5		0.790081
408.625		0.790081
408.75		0.790081
408.875		0.790081
409		0.790081
409.125		0.790081
409.25		0.790081
409.375		0.790081
409.5		0.790081
409.625		0.790081
409.75		0.790081
409.875		0.790081
410		0.790081
410.125		0.805476
410.25		0.805476
410.375		0.805476
410.5		0.805476
410.625		0.805476
410.75		0.805476
410.875		0.805476
411		0.805476
411.125		0.805476
411.25		0.805476
411.375		0.805476
411.5		0.805476
411.625		0.805476
411.75		0.805476
411.875		0.805476
412		0.805476
412.125		0.805476
412.25		0.805476
412.375		0.805476
412.5		0.805476
412.625		0.805476
412.75		0.805476
412.875		0.805476
413		0.805476
413.125		0.805476
413.25		0.805476
413.375		0.805476
413.5		0.805476
413.625		0.805476
413.75		0.805476
413.875		0.805476
414		0.805476
414.125		0.805476
414.25		0.805476
414.375		0.805476
414.5		0.805476
414.625		0.805476
414.75		0.805476
414.875		0.805476
415		0.805476
415.125		0.817517
415.25		0.817517
415.375		0.817517
415.5		0.817517
415.625		0.817517
415.75		0.817517
415.875		0.817517
416		0.817517
416.125		0.817517
416.25		0.817517
416.375		0.817517
416.5		0.817517
416.625		0.817517
416.75		0.817517
416.875		0.817517
417		0.817517
417.125		0.817517
417.25		0.817517
417.375		0.817517
417.5		0.817517
417.625		0.817517
417.75		0.817517
417.875		0.817517
418		0.817517
418.125		0.817517
418.25		0.817517
418.375		0.817517
418.5		0.817517
418.625		0.817517
418.75		0.817517
418.875		0.817517
419		0.817517
419.125		0.817517
419.25		0.817517
419.375		0.817517
419.5		0.817517
419.625		0.817517
419.75		0.817517
419.875		0.817517
420		0.817517
420.125		0.824115
420.25		0.824115
420.375		0.824115
420.5		0.824115
420.625		0.824115
420.75		0.824115
420.875		0.824115
421		0.824115
421.125		0.824115
421.25		0.824115
421.375		0.824115
421.5		0.824115
421.625		0.824115
421.75		0.824115
421.875		0.824115
422		0.824115
422.125		0.824115
422.25		0.824115
422.375		0.824115
422.5		0.824115
422.625		0.824115
422.75		0.824115
422.875		0.824115
423		0.824115
423.125		0.824115
423.25		0.824115
423.375		0.824115
423.5		0.824115
423.625		0.824115
423.75		0.824115
423.875		0.824115
424		0.824115
424.125		0.824115
424.25		0.824115
424.375		0.824115
424.5		0.824115
424.625		0.824115
424.75		0.824115
424.875		0.824115
425		0.824115
425.125		0.851331
425.25		0.851331
425.375		0.851331
425.5		0.851331
425.625		0.851331
425.75		0.851331
425.875		0.851331
426		0.851331
426.125		0.851331
426.25		0.851331
426.375		0.851331
426.5		0.851331
426.625		0.851331
426.75		0.851331
426.875		0.851331
427		0.851331
427.125		0.851331
427.25		0.851331
427.375		0.851331
427.5		0.851331
427.625		0.851331
427.75		0.851331
427.875		0.851331
428		0.851331
428.125		0.851331
428.25		0.851331
428.375		0.851331
428.5		0.851331
428.625		0.851331
428.75		0.851331
428.875		0.851331
429		0.851331
429.125		0.851331
429.25		0.851331
429.375		0.851331
429.5		0.851331
429.625		0.851331
429.75		0.851331
429.875		0.851331
430		0.851331
430.125		0.85254
430.25		0.85254
430.375		0.85254
430.5		0.85254
430.625		0.85254
430.75		0.85254
430.875		0.85254
431		0.85254
431.125		0.85254
431.25		0.85254
431.375		0.85254
431.5		0.85254
431.625		0.85254
431.75		0.85254
431.875		0.85254
432		0.85254
432.125		0.85254
432.25		0.85254
432.375		0.85254
432.5		0.85254
432.625		0.85254
432.75		0.85254
432.875		0.85254
433		0.85254
433.125		0.85254
433.25		0.85254
433.375		0.85254
433.5		0.85254
433.625		0.85254
433.75		0.85254
433.875		0.85254
434		0.85254
434.125		0.85254
434.25		0.85254
434.375		0.85254
434.5		0.85254
434.625		0.85254
434.75		0.85254
434.875		0.85254
435		0.85254
435.125		0.863591
435.25		0.863591
435.375		0.863591
435.5		0.863591
435.625		0.863591
435.75		0.863591
435.875		0.863591
436		0.863591
436.125		0.863591
436.25		0.863591
436.375		0.863591
436.5		0.863591
436.625		0.863591
436.75		0.863591
436.875		0.863591
437		0.863591
437.125		0.863591
437.25		0.863591
437.375		0.863591
437.5		0.863591
437.625		0.863591
437.75		0.863591
437.875		0.863591
438		0.863591
438.125		0.863591
438.25		0.863591
438.375		0.863591
438.5		0.863591
438.625		0.863591
438.75		0.863591
438.875		0.863591
439		0.863591
439.125		0.863591
439.25		0.863591
439.375		0.863591
439.5		0.863591
439.625		0.863591
439.75		0.863591
439.875		0.863591
440		0.863591
440.125		0.867935
440.25		0.867935
440.375		0.867935
440.5		0.867935
440.625		0.867935
440.75		0.867935
440.875		0.867935
441		0.867935
441.125		0.867935
441.25		0.867935
441.375		0.867935
441.5		0.867935
441.625		0.867935
441.75		0.867935
441.875		0.867935
442		0.867935
442.125		0.867935
442.25		0.867935
442.375		0.867935
442.5		0.867935
442.625		0.867935
442.75		0.867935
442.875		0.867935
443		0.867935
443.125		0.867935
443.25		0.867935
443.375		0.867935
443.5		0.867935
443.625		0.867935
443.75		0.867935
443.875		0.867935
444		0.867935
444.125		0.867935
444.25		0.867935
444.375		0.867935
444.5		0.867935
444.625		0.867935
444.75		0.867935
444.875		0.867935
445		0.867935
445.125		0.88113
445.25		0.88113
445.375		0.88113
445.5		0.88113
445.625		0.88113
445.75		0.88113
445.875		0.88113
446		0.88113
446.125		0.88113
446.25		0.88113
446.375		0.88113
446.5		0.88113
446.625		0.88113
446.75		0.88113
446.875		0.88113
447		0.88113
447.125		0.88113
447.25		0.88113
447.375		0.88113
447.5		0.88113
447.625		0.88113
447.75		0.88113
447.875		0.88113
448		0.88113
448.125		0.88113
448.25		0.88113
448.375		0.88113
448.5		0.88113
448.625		0.88113
448.75		0.88113
448.875		0.88113
449		0.88113
449.125		0.88113
449.25		0.88113
449.375		0.88113
449.5		0.88113
449.625		0.88113
449.75		0.88113
449.875		0.88113
450		0.88113
450.125		0.894491
450.25		0.894491
450.375		0.894491
450.5		0.894491
450.625		0.894491
450.75		0.894491
450.875		0.894491
451		0.894491
451.125		0.894491
451.25		0.894491
451.375		0.894491
451.5		0.894491
451.625		0.894491
451.75		0.894491
451.875		0.894491
452		0.894491
452.125		0.894491
452.25		0.894491
452.375		0.894491
452.5		0.894491
452.625		0.894491
452.75		0.894491
452.875		0.894491
453		0.894491
453.125		0.894491
453.25		0.894491
453.375		0.894491
453.5		0.894491
453.625		0.894491
453.75		0.894491
453.875		0.894491
454		0.894491
454.125		0.894491
454.25		0.894491
454.375		0.894491
454.5		0.894491
454.625		0.894491
454.75		0.894491
454.875		0.894491
455		0.894491
455.125		0.929404
455.25		0.929404
455.375		0.929404
455.5		0.929404
455.625		0.929404
455.75		0.929404
455.875		0.929404
456		0.929404
456.125		0.929404
456.25		0.929404
456.375		0.929404
456.5		0.929404
456.625		0.929404
456.75		0.929404
456.875		0.929404
457		0.929404
457.125		0.929404
457.25		0.929404
457.375		0.929404
457.5		0.929404
457.625		0.929404
457.75		0.929404
457.875		0.929404
458		0.929404
458.125		0.929404
458.25		0.929404
458.375		0.929404
458.5		0.929404
458.625		0.929404
458.75		0.929404
458.875		0.929404
459		0.929404
459.125		0.929404
459.25		0.929404
459.375		0.929404
459.5		0.929404
459.625		0.929404
459.75		0.929404
459.875		0.929404
460		0.929404
460.125		0.929899
460.25		0.929899
460.375		0.929899
460.5		0.929899
460.625		0.929899
460.75		0.929899
460.875		0.929899
461		0.929899
461.125		0.929899
461.25		0.929899
461.375		0.929899
461.5		0.929899
461.625		0.929899
461.75		0.929899
461.875		0.929899
462		0.929899
462.125		0.929899
462.25		0.929899
462.375		0.929899
462.5		0.929899
462.625		0.929899
462.75		0.929899
462.875		0.929899
463		0.929899
463.125		0.929899
463.25		0.929899
463.375		0.929899
463.5		0.929899
463.625		0.929899
463.75		0.929899
463.875		0.929899
464		0.929899
464.125		0.929899
464.25		0.929899
464.375		0.929899
464.5		0.929899
464.625		0.929899
464.75		0.929899
464.875		0.929899
465		0.929899
465.125		0.930174
465.25		0.930174
465.375		0.930174
465.5		0.930174
465.625		0.930174
465.75		0.930174
465.875		0.930174
466		0.930174
466.125		0.930174
466.25		0.930174
466.375		0.930174
466.5		0.930174
466.625		0.930174
466.75		0.930174
466.875		0.930174
467		0.930174
467.125		0.930174
467.25		0.930174
467.375		0.930174
467.5		0.930174
467.625		0.930174
467.75		0.930174
467.875		0.930174
468		0.930174
468.125		0.930174
468.25		0.930174
468.375		0.930174
468.5		0.930174
468.625		0.930174
468.75		0.930174
468.875		0.930174
469		0.930174
469.125		0.930174
469.25		0.930174
469.375		0.930174
469.5		0.930174
469.625		0.930174
469.75		0.930174
469.875		0.930174
470		0.930174
470.125		0.932483
470.25		0.932483
470.375		0.932483
470.5		0.932483
470.625		0.932483
470.75		0.932483
470.875		0.932483
471		0.932483
471.125		0.932483
471.25		0.932483
471.375		0.932483
471.5		0.932483
471.625		0.932483
471.75		0.932483
471.875		0.932483
472		0.932483
472.125		0.932483
472.25		0.932483
472.375		0.932483
472.5		0.932483
472.625		0.932483
472.75		0.932483
472.875		0.932483
473		0.932483
473.125		0.932483
473.25		0.932483
473.375		0.932483
473.5		0.932483
473.625		0.932483
473.75		0.932483
473.875		0.932483
474		0.932483
474.125		0.932483
474.25		0.932483
474.375		0.932483
474.5		0.932483
474.625		0.932483
474.75		0.932483
474.875		0.932483
475		0.932483
475.125		0.949582
475.25		0.949582
475.375		0.949582
475.5		0.949582
475.625		0.949582
475.75		0.949582
475.875		0.949582
476		0.949582
476.125		0.949582
476.25		0.949582
476.375		0.949582
476.5		0.949582
476.625		0.949582
476.75		0.949582
476.875		0.949582
477		0.949582
477.125		0.949582
477.25		0.949582
477.375		0.949582
477.5		0.949582
477.625		0.949582
477.75		0.949582
477.875		0.949582
478		0.949582
478.125		0.949582
478.25		0.949582
478.375		0.949582
478.5		0.949582
478.625		0.949582
478.75		0.949582
478.875		0.949582
479		0.949582
479.125		0.949582
479.25		0.949582
479.375		0.949582
479.5		0.949582
479.625		0.949582
479.75		0.949582
479.875		0.949582
480		0.949582
480.125		0.955355
480.25		0.955355
480.375		0.955355
480.5		0.955355
480.625		0.955355
480.75		0.955355
480.875		0.955355
481		0.955355
481.125		0.955355
481.25		0.955355
481.375		0.955355
481.5		0.955355
481.625		0.955355
481.75		0.955355
481.875		0.955355
482		0.955355
482.125		0.955355
482.25		0.955355
482.375		0.955355
482.5		0.955355
482.625		0.955355
482.75		0.955355
482.875		0.955355
483		0.955355
483.125		0.955355
483.25		0.955355
483.375		0.955355
483.5		0.955355
483.625		0.955355
483.75		0.955355
483.875		0.955355
484		0.955355
484.125		0.955355
484.25		0.955355
484.375		0.955355
484.5		0.955355
484.625		0.955355
484.75		0.955355
484.875		0.955355
485		0.955355
485.125		0.978942
485.25		0.978942
485.375		0.978942
485.5		0.978942
485.625		0.978942
485.75		0.978942
485.875		0.978942
486		0.978942
486.125		0.978942
486.25		0.978942
486.375		0.978942
486.5		0.978942
486.625		0.978942
486.75		0.978942
486.875		0.978942
487		0.978942
487.125		0.978942
487.25		0.978942
487.375		0.978942
487.5		0.978942
487.625		0.978942
487.75		0.978942
487.875		0.978942
488		0.978942
488.125		0.978942
488.25		0.978942
488.375		0.978942
488.5		0.978942
488.625		0.978942
488.75		0.978942
488.875		0.978942
489		0.978942
489.125		0.978942
489.25		0.978942
489.375		0.978942
489.5		0.978942
489.625		0.978942
489.75		0.978942
489.875		0.978942
490		0.978942
490.125		0.994117
490.25		0.994117
490.375		0.994117
490.5		0.994117
490.625		0.994117
490.75		0.994117
490.875		0.994117
491		0.994117
491.125		0.994117
491.25		0.994117
491.375		0.994117
491.5		0.994117
491.625		0.994117
491.75		0.994117
491.875		0.994117
492		0.994117
492.125		0.994117
492.25		0.994117
492.375		0.994117
492.5		0.994117
492.625		0.994117
492.75		0.994117
492.875		0.994117
493		0.994117
493.125		0.994117
493.25		0.994117
493.375		0.994117
493.5		0.994117
493.625		0.994117
493.75		0.994117
493.875		0.994117
494		0.994117
494.125		0.994117
494.25		0.994117
494.375		0.994117
494.5		0.994117
494.625		0.994117
494.75		0.994117
494.875		0.994117
495		0.994117
495.125		1
495.25		1
495.375		1
495.5		1
495.625		1
495.75		1
495.875		1
496		1
496.125		1
496.25		1
496.375		1
496.5		1
496.625		1
496.75		1
496.875		1
497		1
497.125		1
497.25		1
497.375		1
497.5		1
497.625		1
497.75		1
497.875		1
498		1
498.125		1
498.25		1
498.375		1
498.5		1
498.625		1
498.75		1
498.875		1
499		1
499.125		1
499.25		1
499.375		1
499.5		1
499.625		1
499.75		1
499.875		1
500		1
