FEE	Channel	   Offset	Peaks	       INL	Comment
1	1	  -173.532	9	0.00124446
1	2	  -3.14083	9	0.00144447
1	3	  -173.896	9	0.00128891
1	4	   -150.23	9	0.00106668
1	5	  -207.028	9	0.00200003
1	6	  -109.453	9	0.00108891
1	7	   132.662	10	0.00258186
1	8	   127.565	9	0.00128891
1	9	  -96.7102	9	0.00120002
1	10	  -228.508	9	0.00148891
1	11	   134.119	9	0.00135558
1	12	  -555.091	9	0.00182225
1	13	   -12.607	9	0.00126669
1	14	  -354.481	9	0.00133335
1	15	  -15.1556	9	 0.0015778
1	16	  -54.8407	9	0.00208892
1	17	   -51.928	9	0.00160002
1	18	  -101.443	9	0.00144447
1	19	   55.4766	9	0.00128891
1	20	  -125.473	9	0.00171114
1	21	   70.0399	9	0.00151113
1	22	  -146.226	9	 0.0015778
1	23	  -292.951	9	0.00182225
1	24	  -54.4766	9	 0.0013778
1	25	  -185.182	9	0.00166669
1	26	  -146.226	9	 0.0015778
1	27	  -19.5246	9	0.00111113
1	28	  -120.012	9	0.00151113
1	29	  -140.764	9	0.00124446
1	30	  -202.294	9	0.00175558
1	31	  -86.1518	9	0.00164447
1	32	   10.6943	9	0.00142224
1	33	  -69.7681	9	0.00124446
1	34	   14.6992	10	0.00240004
1	35	  -142.221	9	0.00108891
1	36	  -259.091	9	0.00135558
1	37	   75.8652	10	0.00234549
1	38	   23.0732	9	0.00124446
1	39	  -131.298	9	0.00208892
1	40	  -126.565	9	0.00151113
1	41	  -242.344	9	0.00197781
1	42	    -192.1	9	0.00151113
1	43	  -26.8062	9	0.00100002
1	44	  -125.109	9	0.00100002
1	45	   -12.607	9	0.00193336
1	46	   3.04858	9	0.00135558
1	47	  -126.565	9	0.00151113
1	48	   147.954	10	 0.0022364
1	49	  -227.416	9	0.00182225
1	50	  -258.727	9	0.00133891
1	51	  -2511.28	8	0.00208337
1	52	  -155.328	9	0.00135558
1	53	  -10331.1	5	0.00120002
1	54	   37.6365	9	0.00146669
1	55	  -158.968	9	0.00133335
1	56	  -1476.38	8	0.00100002
1	57	  -9.33025	10	0.00258186
1	58	  -310.063	9	 0.0015778
1	59	  -54.1125	9	0.00166669
1	60	  -28.2626	9	0.00151113
1	61	  -6471.08	6	0.00200003
1	62	  -3797.02	7	 0.0016786
1	63	  -71.2244	9	0.00111113
1	64	  -243.072	9	 0.0020667
2	1	  -152.687	9	0.00164447
2	2	  -159.968	9	0.00146669
2	3	    12.607	9	0.00160002
2	4	   225.596	10	0.00187276
2	5	   -351.84	9	0.00188892
2	6	  -87.1518	9	 0.0015778
2	7	  -275.747	9	0.00193336
2	8	  -153.779	9	0.00151113
2	9	  -275.383	9	0.00155558
2	10	   45.3745	9	0.00160002
2	11	  -30.7189	9	0.00135558
2	12	  -210.212	9	0.00160002
2	13	  -88.6082	9	0.00142224
2	14	  -77.6857	9	0.00175558
2	15	  -104.264	9	0.00166669
2	16	   -270.65	9	0.00197781
2	17	  -7.41758	9	0.00171114
2	18	  -236.426	9	 0.0018667
2	19	   -242.98	9	0.00160002
2	20	  -46.0104	9	0.00155558
2	21	   -242.98	9	0.00160002
2	22	   58.4815	9	0.00153336
2	23	  -105.356	9	0.00153336
2	24	  -125.381	9	0.00164447
2	25	  -405.361	9	0.00175558
2	26	  -113.366	9	 0.0017778
2	27	   -401.72	9	0.00197781
2	28	  -170.891	9	0.00153336
2	29	  -101.715	9	0.00142224
2	30	  -132.662	9	0.00166669
2	31	  -86.0596	9	 0.0017778
2	32	  -326.719	9	0.00182225
2	33	  -137.031	9	0.00133335
2	34	  -1311.59	8	0.00158336
2	35	  -105.356	9	0.00153336
2	36	  -29.9908	9	0.00173336
2	37	  -114.094	9	0.00133335
2	38	   131.662	10	0.00156366
2	39	    51.928	9	0.00160002
2	40	      -0.5	9	0.00166669
2	41	   -139.58	9	0.00197781
2	42	  -121.376	9	0.00142224
2	43	  -10.6943	9	0.00124446
2	44	  -104.264	9	0.00166669
2	45	  -181.814	9	0.00146669
2	46	   -201.11	9	0.00154447
2	47	   -234.97	9	0.00162225
2	48	   -79.142	9	0.00160002
2	49	  -32.1753	9	 0.0018667
2	50	  -169.435	9	0.00162225
2	51	  -2586.79	8	0.00225003
2	52	   13.6992	10	0.00203639
2	53	  -10050.3	5	0.00160002
2	54	    25.714	9	0.00153336
2	55	  -146.133	9	 0.0017778
2	56	   -1988.4	8	 0.0021667
2	57	   -17.976	9	0.00146669
2	58	  -252.446	9	0.00208892
2	59	  -340.918	9	0.00155558
2	60	  -343.466	9	0.00133335
2	61	  -6122.56	6	0.00146669
2	62	   -2531.4	8	0.00233337
2	63	   310.791	10	0.00136366
2	64	  -99.5307	9	0.00208892
3	1	  -59.5737	9	0.00100002
3	2	   33.6316	9	0.000622232
3	3	  -9.69433	9	0.000938903
3	4	  -90.1567	9	0.000466674
3	5	  -162.973	9	0.000622232
3	6	  -57.3893	9	0.000466674
3	7	  -171.711	9	0.000455563
3	8	  -266.373	9	0.000577787
3	9	   -34.452	9	0.000933348
3	10	  -75.9575	9	0.000666677
3	11	   82.0547	9	0.000711122
3	12	  -312.248	9	0.000844457
3	13	   -120.74	9	0.000800012
3	14	   25.6217	9	0.000933348
3	15	  -97.4384	9	0.000622232
3	16	  -149.502	9	0.000455563
3	17	    48.559	9	0.000666677
3	18	   8.50983	9	0.000688899
3	19	   -172.44	9	0.00077779
3	20	  -139.672	9	0.00077779
3	21	  -28.2626	9	0.00095557
3	22	  -156.784	9	0.000616676
3	23	   82.4188	10	0.00127275
3	24	  -64.6709	9	0.000622232
3	25	  -109.453	9	0.00108891
3	26	   -47.559	9	0.000616676
3	27	  -26.8063	9	0.00100002
3	28	   61.3019	9	0.000577787
3	29	   54.3843	9	0.000688899
3	30	  -369.045	9	0.00077779
3	31	  -82.8751	9	 0.0011778
3	32	    31.083	9	0.000933348
3	33	  -37.0006	9	0.000577787
3	34	  -231.057	9	0.000933348
3	35	   65.3068	9	0.00108891
3	36	  -125.473	9	0.00104446
3	37	  0.864083	9	0.000622232
3	38	  -173.532	9	0.000772234
3	39	  -172.076	9	0.000816679
3	40	  -108.361	9	0.00095557
3	41	   24.8936	9	0.00102224
3	42	  -270.378	9	0.000816679
3	43	  -168.071	9	0.000577787
3	44	   -65.035	9	0.00100002
3	45	  -173.896	9	0.00095557
3	46	   81.3265	9	0.000666677
3	47	   51.8357	10	0.00169093
3	48	  -148.774	9	0.000888902
3	49	  -174.988	9	0.000894458
3	50	   78.0498	9	0.00120002
3	51	  -2205.45	8	0.00150002
3	52	    185.09	10	0.00114547
#3	53	  -11818.7	4	0.000400006	Few peaks
3	54	  -64.6709	9	0.000622232
3	55	   126.109	10	0.00187276
3	56	  -1105.59	9	0.00135558
3	57	   78.0497	10	0.00156366
3	58	   30.7189	9	0.000977793
3	59	  -155.692	9	0.00106668
3	60	   78.4138	9	0.00115557
3	61	  -4448.86	7	0.00128573
3	62	  -4015.86	7	0.000785726
3	63	   12.5148	9	0.00120002
3	64	  -32.2675	9	0.00133335
4	1	  -310.699	9	0.00133335
4	2	  -283.757	9	0.00164447
4	3	  -299.048	9	0.00144447
4	4	   2.77675	9	0.00106668
4	5	  -438.128	9	0.00175558
4	6	  -199.654	9	0.00131113
4	7	   157.876	10	0.00184851
4	8	  -126.473	9	0.00120557
4	9	  -356.573	9	0.00133335
4	10	  -31.4471	9	0.00155558
4	11	  -277.932	9	0.00133335
4	12	  -184.362	9	 0.0017778
4	13	   -308.15	9	0.00155558
4	14	  -179.629	9	0.00133335
4	15	  -144.677	9	0.00160002
4	16	  -198.925	9	0.00155558
4	17	  -152.687	9	0.00164447
4	18	   19.1605	9	0.00160002
4	19	  -55.4766	9	0.00151113
4	20	  -225.504	9	0.00133335
4	21	  -51.4717	9	0.00155558
4	22	   26.8062	9	0.00166669
4	23	  -117.007	9	0.00155558
4	24	  -218.222	9	 0.0015778
4	25	   42.4618	9	0.00142224
4	26	   112.002	10	0.00216367
4	27	   76.6857	9	 0.0015778
4	28	  -219.678	9	0.00142224
4	29	  -4.50492	9	0.00128891
4	30	  -144.677	9	0.00160002
4	31	  -305.966	9	0.00162225
4	32	  -275.747	9	0.00160002
4	33	  -121.376	9	0.00142224
4	34	   15.8837	10	0.00225458
4	35	   240.887	10	0.00225458
4	36	  -252.446	9	0.00142224
4	37	  -138.124	9	0.00153336
4	38	   -52.928	9	0.00160002
4	39	  -99.5307	9	 0.0017778
4	40	  -235.334	9	0.00166669
4	41	   22.0732	9	0.00124446
4	42	  -121.376	9	0.00142224
4	43	   26.8062	9	0.00166669
4	44	  -51.8358	9	0.00193336
4	45	  -46.0104	9	0.00111113
4	46	  -138.123	9	0.00153336
4	47	  -110.817	9	 0.0018667
4	48	  -6.32533	9	 0.0013778
4	49	  -96.2539	9	0.00135558
4	50	  -112.274	9	0.00197781
4	51	  -1637.31	8	0.00161907
4	52	  -53.2921	9	 0.0017778
4	53	  -9847.13	5	0.00160002
4	54	  -179.629	9	0.00133335
4	55	  -261.184	9	0.00182225
4	56	  -2247.41	8	0.00150002
4	57	  -283.757	9	 0.0015778
4	58	  -345.651	9	 0.0018667
4	59	   -13.607	9	0.00193336
4	60	  -76.5934	9	0.00195559
4	61	  -6135.04	6	0.00157145
4	62	  -3843.66	7	0.00178574
4	63	  -169.799	9	0.00166669
4	64	   81.4188	10	0.00187276
5	1	   102.079	9	0.00106668
5	2	  -152.415	9	0.00166669
5	3	   31.4471	9	0.00155558
5	4	   -138.58	9	0.00133891
5	5	   145.769	10	0.00221822
5	6	  -15.1556	9	 0.0015778
5	7	   29.9907	10	 0.0024364
5	8	  -128.021	9	0.00135558
5	9	  -110.909	9	0.00126669
5	10	   38.3647	9	0.00104446
5	11	  -232.877	9	0.00128891
5	12	   64.9427	10	0.00210912
5	13	  -126.565	9	0.00151113
5	14	  -124.381	9	 0.0015778
5	15	  -232.877	9	0.00128891
5	16	   55.4766	9	0.00162225
5	17	  -123.652	9	0.00115557
5	18	   128.293	10	0.00198185
5	19	  -35.1802	9	0.00168891
5	20	  -215.401	9	0.00168891
5	21	   111.545	9	 0.0017778
5	22	     296.5	10	0.00156366
5	23	   51.8357	10	0.00254549
5	24	   -307.15	9	0.00155558
5	25	  -303.146	9	0.00140002
5	26	  -75.5934	9	0.00162225
5	27	   67.4913	9	0.00144447
5	28	  -42.4618	9	0.00124446
5	29	   4.50492	9	0.00151113
5	30	  -29.7189	9	0.00135558
5	31	   250.625	10	0.00252731
5	32	   206.935	10	 0.0019273
5	33	  -117.099	9	0.00168891
5	34	  -176.809	9	0.00197781
5	35	  -214.673	9	0.00193336
5	36	  -17.3401	9	 0.0011778
5	37	  -61.0301	9	0.00151113
5	38	   5.96125	9	0.00100002
5	39	  -271.834	9	0.00124446
5	40	   34.3598	9	0.00120002
5	41	   115.186	10	 0.0022364
5	42	  -148.046	9	0.00146669
5	43	  -511.037	9	 0.0017778
5	44	  -75.5934	9	0.00162225
5	45	  -37.7287	9	0.00133335
5	46	  -239.067	9	0.00124446
5	47	  -173.532	9	0.00124446
5	48	  -129.114	9	0.00182225
5	49	   43.4618	9	0.00142224
5	50	  -166.614	9	0.00173336
5	51	  -2326.38	8	0.00208337
5	52	  -275.111	9	0.00197781
5	53	  -10108.3	5	0.00160002
5	54	  -209.212	9	0.00126669
5	55	  -94.5257	9	0.00106668
5	56	  -2176.98	8	 0.0019167
5	57	   16.8838	10	0.00201821
5	58	   128.293	10	0.00198185
5	59	  -232.149	9	0.00140002
5	60	   34.7238	9	0.00182225
5	61	  -4597.48	7	0.00182146
5	62	  -2680.19	8	0.00166669
5	63	  -183.362	9	 0.0017778
5	64	  -192.464	9	0.00188892
6	1	  -63.1223	9	0.00124446
6	2	  -380.603	9	0.00160002
6	3	  -464.706	9	0.00166669
6	4	   -151.23	9	0.00160002
6	5	   50.8358	10	0.00180003
6	6	  -105.356	9	 0.0018667
6	7	  -186.911	9	0.00208892
6	8	  -599.287	8	 0.0014405
6	9	  -95.8898	9	0.00124446
6	10	  -443.954	9	0.00146669
6	11	  -100.623	9	 0.0012778
6	12	  -143.221	9	0.00175558
6	13	  -343.102	9	0.00162225
6	14	  -179.993	9	0.00131113
6	15	  -87.1518	9	0.00164447
6	16	  -380.967	9	 0.0017778
6	17	  -242.979	9	0.00160002
6	18	  -194.192	9	0.00133891
6	19	  -315.068	9	0.00160002
6	20	  -63.4864	9	0.00135558
6	21	   91.6131	9	0.00168891
6	22	  -27.8063	9	0.00133335
6	23	  -87.1518	9	 0.0015778
6	24	  -38.7287	9	0.00166669
6	25	  -77.6857	9	0.00175558
6	26	  -119.919	9	0.00224448
6	27	  -16.1556	9	0.00131113
6	28	    -282.3	9	0.00160002
6	29	  -327.083	9	 0.0018667
6	30	  -464.706	9	0.00166669
6	31	  -257.543	9	0.00171114
6	32	  -275.747	9	0.00160002
6	33	  -94.7976	9	0.00151113
6	34	  -111.181	9	0.00184447
6	35	  -88.2441	9	0.00151113
6	36	  -138.488	9	0.00171114
6	37	  -250.989	9	 0.0015778
6	38	   11.1507	9	 0.0015778
6	39	    164.43	10	0.00207276
6	40	   -234.97	9	0.00162225
6	41	   -13.607	9	0.00160002
6	42	  -182.542	9	0.00155558
6	43	   -242.98	9	0.00160002
6	44	  -462.158	9	0.00168891
6	45	  -23.0732	9	0.00142224
6	46	  -261.184	9	0.00144447
6	47	  -301.961	9	0.00213337
6	48	  -64.2146	9	0.00155558
6	49	   20.6168	9	0.00175558
6	50	  -143.221	9	0.00175558
6	51	  -2360.54	8	 0.0024167
6	52	   109.817	10	0.00252731
6	53	  -10187.9	5	0.00160002
6	54	   75.2293	9	0.00202225
6	55	  -235.334	9	0.00166669
6	56	  -1434.08	8	0.00175003
6	57	   85.7877	10	0.00210912
6	58	   160.061	10	0.00187276
6	59	  -141.764	9	0.00124446
6	60	  -260.091	9	0.00135558
6	61	  -6039.86	6	 0.0015905
6	62	  -2677.29	8	0.00208337
6	63	  -444.682	9	0.00155558
6	64	  -307.058	9	0.00175558
7	1	   41.2773	9	0.000688899
7	2	   72.5885	9	0.00120002
7	3	  -67.2195	9	0.000933348
7	4	  -29.3548	9	0.000977793
7	5	  -102.536	9	0.000577787
7	6	  -41.3696	9	0.000555564
7	7	  -148.774	9	0.000888902
7	8	  -288.946	9	0.00100002
7	9	   66.3991	9	0.000622232
7	10	    31.083	9	0.000483341
7	11	   101.715	9	0.000977793
7	12	   73.6807	10	0.00127275
7	13	  -204.843	9	0.000816679
7	14	  -43.9182	9	0.000688899
7	15	   24.8936	9	0.00102224
7	16	  -80.3265	9	0.000616676
7	17	    167.25	9	0.000461118
7	18	   318.345	10	0.00161821
7	19	  0.864083	9	0.000622232
7	20	  -31.9034	9	0.000622232
7	21	   47.1027	9	0.000455563
7	22	  -17.7042	9	0.000888902
7	23	  -141.857	9	0.000555564
7	24	   114.094	9	0.000666677
7	25	   73.6807	10	0.00161821
7	26	   51.8357	10	0.00147275
7	27	   150.138	10	0.000733345
7	28	   24.1654	9	0.00077779
7	29	   287.762	10	0.00149093
7	30	   12.5147	9	0.00120002
7	31	  -19.8887	9	0.000822235
7	32	   12.5148	9	0.00120002
7	33	  -252.538	9	0.000277782
7	34	  -151.323	9	0.00120002
7	35	  -59.5737	9	0.00100002
7	36	   46.7386	9	0.000711122
7	37	   25.6218	9	0.000933348
7	38	  -75.5934	9	0.00095557
7	39	  -11.1507	9	0.000688899
7	40	   152.323	10	0.00194548
7	41	   167.614	10	0.00105456
7	42	   8.14575	9	0.00106668
7	43	  -10.7866	9	0.000555564
7	44	   12.5147	10	0.00161821
7	45	  -59.5738	9	0.00100002
7	46	  -222.319	9	0.00120002
7	47	   71.4963	10	0.00123638
7	48	  -10.7866	9	0.000555564
7	49	  -133.847	9	0.00100002
7	50	   171.983	10	0.00069092
7	51	  -2334.18	8	0.00100002
7	52	  -165.522	9	0.000933348
#7	53	  -12349.6	4	0.000800012	Few peaks
7	54	   78.0498	9	0.00120002
7	55	   204.751	10	0.00161821
7	56	  -2070.48	8	0.00116668
7	57	   27.8063	10	 0.0012182
7	58	  -104.356	9	0.00105002
7	59	   24.1654	9	0.000555564
7	60	  -5.68942	9	0.000477785
7	61	   -4537.8	7	0.000857156
7	62	  -3753.72	7	0.00107144
7	63	   12.8788	9	0.000822235
7	64	  -212.125	9	0.00109446
8	1	   28.2626	9	0.00128891
8	2	  -30.3548	9	0.00133891
8	3	   225.596	10	0.00136366
8	4	   33.3597	9	 0.0018667
8	5	  -137.395	9	0.00204448
8	6	  -177.809	9	0.00191114
8	7	  -123.924	9	0.00173336
8	8	  -77.6857	9	0.00175558
8	9	  -317.981	9	0.00142224
8	10	  -195.649	9	0.00182225
8	11	  -161.061	9	0.00106668
8	12	  -130.114	9	0.00182225
8	13	  -258.271	9	0.00133335
8	14	    16.976	9	0.00133335
8	15	  -237.882	9	 0.0015778
8	16	  -447.594	9	 0.0015778
8	17	  -425.021	9	0.00144447
8	18	  -116.278	9	0.00146669
8	19	  -142.493	9	0.00166669
8	20	  -157.784	9	 0.0018667
8	21	   5.32533	9	0.00182225
8	22	  -267.737	9	0.00162225
8	23	   199.382	10	0.00212731
8	24	  -249.533	9	0.00160002
8	25	   -242.98	9	0.00160002
8	26	  -36.1802	9	0.00202225
8	27	  -225.868	9	0.00151113
8	28	   122.924	10	0.00216367
8	29	  -169.799	9	0.00166669
8	30	  -380.967	9	 0.0017778
8	31	  -214.581	9	0.00146669
8	32	  -55.4766	9	0.00151113
8	33	  -31.8112	9	0.00182225
8	34	  -229.873	9	0.00166669
8	35	  -102.807	9	0.00128891
8	36	  -6.32533	9	0.00204448
8	37	   -151.23	9	0.00160002
8	38	  -152.687	9	 0.0015778
8	39	  -195.649	9	0.00182225
8	40	  -202.202	9	0.00162225
8	41	  -31.8112	9	0.00182225
8	42	  -409.002	9	0.00133335
8	43	  -132.662	9	0.00166669
8	44	  -71.1322	9	0.00162225
8	45	   98.8947	10	0.00201821
8	46	  -185.818	9	0.00144447
8	47	  -268.465	9	0.00204448
8	48	  -162.881	9	0.00182225
8	49	  -101.715	9	0.00142224
8	50	   12.2429	9	 0.0017778
8	51	  -2644.53	8	0.00233337
8	52	  -326.719	9	0.00182225
8	53	  -10096.2	5	0.00120002
8	54	   9.69433	9	0.00142224
8	55	  -30.7189	9	0.00135558
8	56	   -1417.3	8	0.00166669
8	57	  -81.6906	9	 0.0015778
8	58	   50.8357	10	0.00238185
8	59	   44.2822	10	 0.0026364
8	60	  -31.8112	9	0.00182225
8	61	  -6069.51	6	0.00157145
8	62	  -2553.24	8	0.00208337
8	63	   -74.773	9	0.00140002
8	64	   129.478	10	 0.0022364
9	1	  -38.4569	9	0.00142224
9	2	   333.636	10	0.00829104
9	3	   128.293	10	0.00130911
9	4	   -65.035	9	0.00133335
9	5	  -790.289	9	0.00220003
9	6	  -67.2195	9	0.00126669
9	7	   139.216	10	0.00165457
9	8	     141.4	10	0.00187276
9	9	  -123.288	9	0.00077779
9	10	   224.411	10	0.00183639
9	11	   84.6033	10	 0.0029455
9	12	   71.4963	10	 0.0010182
9	13	   19.7964	9	0.00164447
9	14	   91.1567	10	0.00360005
9	15	   230.965	10	0.00180003
9	16	  -109.453	9	 0.0017278
9	17	  -142.585	9	0.000800012
9	18	   78.0497	10	0.00178185
9	19	  -98.8948	9	0.00113335
9	20	  -193.192	9	0.000888902
9	21	  -206.663	9	0.00095557
9	22	   99.8948	10	0.00247277
9	23	   211.304	10	0.00154548
9	24	  -118.191	9	0.000822235
9	25	   51.8357	10	0.00249095
9	26	  -286.762	9	0.000466674
9	27	   -176.08	9	0.00111113
9	28	  -52.6562	9	0.000822235
9	29	  -239.067	9	0.00124446
9	30	  -287.854	9	0.000616676
9	31	   49.6513	10	 0.0026364
9	32	  -41.3696	9	 0.0017778
9	33	  -17.7042	9	0.000888902
9	34	  -11.5148	10	0.00180003
9	35	   106.448	10	0.00252731
9	36	  -83.9673	9	0.000455563
9	37	   10.3302	10	0.00330914
9	38	  -197.197	9	0.000600009
9	39	   -34.452	9	0.000483341
9	40	  -165.522	9	0.000383339
9	41	   -122.56	9	0.000688899
9	42	  -111.638	9	0.000438896
9	43	  -19.8887	9	0.00077779
9	44	  -7.14575	10	0.00150911
9	45	  -26.8063	9	0.00100002
9	46	   119.555	10	0.00114547
9	47	  -48.6513	10	0.00412734
9	48	  -125.473	9	 0.0013778
9	49	  -157.876	9	0.00100002
9	50	  -78.8702	9	0.00077779
9	51	   -2459.4	8	0.000857156
9	52	  -68.3118	10	0.00287277
#9	53	  -12231.6	4	0.000600009	Few peaks
9	54	   115.186	10	0.000872741
9	55	  -162.609	9	0.000772234
#9	56	  -13417.8	2	2.77564e-17	Low INL Few peaks
9	57	   25.6217	10	 0.0014182
9	58	   246.256	10	0.000909105
9	59	   163.245	10	0.00200003
9	60	  -203.023	9	 0.0011778
9	61	  -6436.75	6	0.00118097
9	62	  -3995.96	7	0.00317862
9	63	   128.293	10	0.000563645
9	64	   84.6032	10	0.00103032
10	1	   113.458	9	0.00135558
10	2	   204.843	9	 0.0020667
10	3	  -21.6168	9	0.00131113
10	4	  -63.8505	9	0.00126669
10	5	   35.9083	9	0.00188892
10	6	   70.1322	9	0.00151113
10	7	  -151.231	9	0.00126669
10	8	    164.43	9	0.00146669
10	9	   18.7964	9	 0.0015778
10	10	   11.5147	9	0.00113335
10	11	  -185.454	9	0.00131113
10	12	  -190.916	9	0.00131113
10	13	  -22.7091	9	0.00122224
10	14	  -28.1703	9	0.00104446
10	15	     192.1	9	0.00095557
10	16	    227.78	10	0.00174548
10	17	  -138.123	9	0.00120002
10	18	   12.9711	9	0.00111113
10	19	  -61.3019	9	0.00135558
10	20	  -152.687	9	0.00164447
10	21	  -243.344	9	 0.0015778
10	22	  -70.0399	9	0.00154447
10	23	   280.208	10	 0.0014182
10	24	   -185.09	9	0.00113335
10	25	  -324.534	9	0.00155558
10	26	   -226.96	9	0.00124446
10	27	   249.625	10	 0.0019273
10	28	  -110.089	9	 0.0011778
10	29	  -285.941	9	 0.0013778
10	30	  -6.68942	9	0.00135558
10	31	    -44.19	9	0.00166669
10	32	  -316.524	9	0.00131113
#10	33	  -6816.14	4	 0.0145002	High INL Few peaks
#10	34	   1122.04	1	         0	Low INL Few peaks
#10	35	  -2860.63	7	 0.0203575	High INL
#10	36	         0	0	         0	Low INL Few peaks
#10	37	   1924.84	1	1.38782e-17	Low INL Few peaks
#10	38	   1695.47	1	         0	Low INL Few peaks
#10	39	  -11983.6	4	 0.0306005	High INL Few peaks
#10	40	   859.897	1	         0	Low INL Few peaks
#10	41	  -28420.8	3	 0.0616676	High INL Few peaks
#10	42	  -57917.1	2	1.22128e-15	Low INL Few peaks
#10	43	   1695.47	1	         0	Low INL Few peaks
#10	44	  -65912.3	2	5.99539e-15	Low INL Few peaks
#10	45	  -28912.4	3	 0.0596676	High INL Few peaks
#10	46	  -58736.2	2	1.22128e-15	Low INL Few peaks
#10	47	  -6220.86	6	 0.0243337	High INL
#10	48	  -59293.3	2	5.55128e-15	Low INL Few peaks
10	49	    217.95	9	0.00166669
10	50	   128.021	9	0.00131113
10	51	  -1249.96	8	0.00129764
10	52	   75.9575	9	0.00133335
10	53	  -9853.69	5	0.000600009
10	54	  -102.807	9	0.00128891
10	55	  -146.861	9	0.00133335
10	56	  -976.971	9	0.00200003
10	57	  -172.347	9	0.00164447
10	58	  -105.356	9	0.00153336
10	59	  -119.919	9	 0.0015778
10	60	   51.1998	9	0.00142224
10	61	  -4542.31	7	0.00117859
10	62	  -2473.28	8	0.00153574
10	63	   132.755	9	0.00160002
10	64	  -6.68942	9	0.00111113
11	1	  -116.007	9	0.000722233
11	2	   32.1752	9	0.000933348
11	3	   2.32042	9	0.000444451
11	4	   196.013	10	0.00203639
11	5	  -134.939	9	0.00133335
11	6	  -116.735	9	0.000727789
11	7	  -5.32533	9	0.000822235
11	8	  -30.8112	9	0.000588898
11	9	   35.0879	9	0.000444451
11	10	   206.935	10	0.000472734
11	11	  -212.489	9	0.000666677
11	12	   196.013	10	0.000745466
11	13	  -56.6611	9	0.000655566
11	14	  -157.148	9	0.000822235
11	15	   82.0547	9	0.000572231
11	16	   -34.452	9	0.000933348
11	17	   70.7681	9	0.000622232
11	18	   169.799	10	0.000727284
11	19	  -43.9182	9	0.000755567
11	20	   -122.56	9	0.000688899
11	21	   182.906	10	0.00174548
11	22	   189.459	10	0.00129093
11	23	   67.4913	9	0.000555564
11	24	  -0.59225	9	0.000600009
11	25	  -9.69433	9	0.000877791
11	26	   2.32042	9	0.00077779
11	27	   29.9908	9	0.000466674
11	28	  -23.8936	9	0.000755567
11	29	   96.9821	9	0.000444451
11	30	   196.013	10	0.000963651
11	31	  -64.6709	9	0.000622232
11	32	   132.662	10	0.000909105
11	33	  -278.024	9	0.000500008
11	34	   224.411	10	0.000818194
11	35	    165.43	10	0.00154548
11	36	   126.837	9	0.000577787
11	37	   65.3068	9	0.000455563
11	38	  -81.4187	9	         0	Low INL
11	39	  -131.298	9	0.000455563
11	40	   324.898	10	0.000618191
11	41	  -21.7091	9	0.000577787
11	42	   56.5688	9	0.000572231
11	43	   82.0547	9	0.000477785
11	44	   501.843	10	0.00118184
11	45	   28.1703	9	0.000555564
11	46	    -140.4	9	0.000400006
11	47	  -164.066	9	0.000438896
11	48	   19.0682	9	0.00043334
11	49	   202.566	10	0.00109093
11	50	  -30.4471	9	0.00077779
11	51	  -2361.88	8	0.00101192
11	52	   204.751	10	0.00126063
11	53	   312.544	10	0.000600009
11	54	   204.751	10	0.000460613
11	55	    316.16	10	0.00120002
11	56	   198.197	10	0.00220003
11	57	  -114.186	9	0.00100002
11	58	    209.12	10	0.000981833
11	59	   13.9711	9	0.000711122
11	60	  -129.114	9	0.000588898
11	61	  -4028.73	7	0.000714297
11	62	   -3703.4	7	0.000678582
11	63	   222.227	10	0.000763648
11	64	  -94.8898	9	 0.0007389
12	1	  -142.857	9	0.00151113
12	2	  -4.50492	9	0.00128891
12	3	  -168.342	9	0.00154447
12	4	   -226.96	9	0.00133891
12	5	   11.1507	9	 0.0015778
12	6	  -85.6955	9	0.00160002
12	7	  -1328.75	8	0.00125002
12	8	  -80.9624	9	0.00162225
12	9	   -167.25	9	0.00168891
12	10	  -186.911	9	0.00142224
12	11	   59.5738	9	0.00166669
12	12	   -111.91	9	0.00160002
12	13	  -219.314	9	 0.0013778
12	14	  -16.1556	9	0.00164447
12	15	  -232.421	9	0.00131113
12	16	  -224.047	9	0.000927792
12	17	   157.876	9	0.00133335
12	18	  -358.394	9	0.00135558
12	19	  -21.6168	9	 0.0015778
12	20	  -62.0301	9	0.00151113
12	21	  -137.031	9	0.00166669
12	22	   85.7877	10	0.00252731
12	23	    184.09	10	0.00210912
12	24	   18.7964	9	0.00142224
12	25	   8.60208	9	0.00188892
12	26	   45.0104	9	 0.0017778
12	27	  -41.2773	9	 0.0015778
12	28	  -38.3647	9	0.00162225
12	29	  -252.446	9	0.00142224
12	30	  -122.468	9	 0.0012778
12	31	  -27.8062	9	0.00133335
12	32	   -177.08	9	0.00111113
12	33	   10.0584	9	 0.0013778
12	34	  -292.495	9	0.00124446
12	35	  -102.807	9	0.00128891
12	36	   33.3598	9	0.00180003
12	37	   53.0203	10	0.00249095
12	38	  -38.3647	9	0.00162225
12	39	   162.245	10	0.00201821
12	40	   57.3892	10	 0.0029455
12	41	   -123.56	9	0.00175558
12	42	   129.478	9	0.00166669
12	43	  -301.961	9	0.00120002
12	44	   -139.58	9	 0.0015778
12	45	  -20.5246	9	0.00111113
12	46	   49.3794	9	 0.0015778
12	47	   9.33025	10	0.00230913
12	48	   234.334	10	0.00121214
12	49	   94.5258	10	0.00254549
12	50	   192.828	10	0.00220003
12	51	  -2390.97	8	0.00161907
12	52	   -217.13	9	 0.0017778
#12	53	  -11623.1	4	0.000400006	Few peaks
12	54	  -121.376	9	0.00208892
12	55	   142.585	10	0.00252731
12	56	  -2298.91	8	0.00164288
12	57	  -294.315	9	0.00253337
12	58	   247.441	10	0.00196367
12	59	  -153.051	9	0.00228892
12	60	  -263.732	9	0.00166669
12	61	  -4385.49	7	0.00160717
12	62	  -3826.11	7	0.00117859
12	63	   94.5257	10	0.00303641
12	64	  -63.4864	9	0.00135558
