0   0   0
0   1   0
0   2   17
0   3   18
0   4   20
0   5   19
0   6   22
0   7   21
0   8   24
0   9   23
0   10  26
0   11  25
0   12  28
0   13  27
0   14  30
0   15  29
1   0   32
1   1   31
1   2   34
1   3   33
1   4   36
1   5   35
1   6   38
1   7   37
1   8   40
1   9   39
1   10  42
1   11  41
1   12  44
1   13  43
1   14  46
1   15  45
2   0   48
2   1   47
2   2   49
2   3   -1
2   4   -1
2   5   -1
2   6   -1
2   7   -1
2   8   -1
2   9   -1
2   10  -1
2   11  -1
2   12  -1
2   13  -1
2   14  -1
2   15  -1
